Varroa Population Simulation - Nov 23,2015  02:35:42 PM
VarroaPop Version 3.2.5.8  June, 2015

                                        Capped  Capped                                                                      Prop           Conc          Conc                                     
            Colony  Adult  Adult         Drone   Wkr    Drone  Wkr    Drone  Wkr  Free   DBrood WBrood DMite  WMite  Mites  Mites  Colony Pollen Colony Nectar   Dead   Dead   Dead   Dead   Dead
     Date   Size   Drones   Wkr   Forgrs Brood  Brood   Larv   Larv    Eggs  Eggs Mites  Mites  Mites  /Cell  /Cell  Dying  Dying  Pollen  Pest  Nectar  Pest    DLarv  WLarv  DAdlt  WAdlt  Forgrs
Initial     10000      0   6363   3637      0      0      0      0      0      0      0      0      0   0.00   0.00      0   0.00    0.0  0.000    0.0  0.000      0      0      0      0      0
08/01/1990   9697      0   6060   3637      0      0      0      0      5    255      0      0      0   0.00   0.00      0   0.00    0.1  0.000    0.0  0.000      0      0      0      0      0
08/02/1990   9394      0   5757   3637      0      0      0      0     10    510      0      0      0   0.00   0.00      0   0.00    0.2  0.000    0.0  0.000      0      0      0      0      0
08/03/1990   9091      0   5454   3637      0      0      0      0     15    765      0      0      0   0.00   0.00      0   0.00    0.4  0.000    0.0  0.000      0      0      0      0      0
08/04/1990   8788      0   5151   3637      0      0      5    255     15    767      0      0      0   0.00   0.00      0   0.00    0.5  0.000    0.0  0.000      0      0      0      0      0
08/05/1990   8485      0   4848   3637      0      0     10    510     15    775      0      0      0   0.00   0.00      0   0.00    0.6  0.000    0.0  0.000      0      0      0      0      0
08/06/1990   8182      0   4545   3637      0      0     15    765     15    784      0      0      0   0.00   0.00      0   0.00    0.8  0.000    0.0  0.000      0      0      0      0      0
08/07/1990   7879      0   4242   3637      0      0     20   1022     15    791      0      0      0   0.00   0.00      0   0.00    0.9  0.000    0.0  0.000      0      0      0      0      0
08/08/1990   7576      0   3939   3637      0      0     25   1285     15    792      0      0      0   0.00   0.00      0   0.00    1.0  0.000    0.0  0.000      0      0      0      0      0
08/09/1990   7273      0   3636   3637      0    255     30   1294     15    792      0      0      0   0.00   0.00      0   0.00    1.2  0.000    0.0  0.000      0      0      0      0      0
08/10/1990   6970      0   3333   3637      0    510     35   1303     15    792      0      0      0   0.00   0.00      0   0.00    1.3  0.000    0.0  0.000      0      0      0      0      0
08/11/1990   2211      0   2211      0      5    765     31   1308     15    792      0      0      0   0.00   0.00      0   0.00    1.4  0.152    0.0  0.000      2      4      0    812   3634
08/12/1990   2010      0   2010      0      9   1019     32   1318     10    528      0      0      0   0.00   0.00      0   0.00    1.4  0.152    0.0  0.000      0      0      0      0    201
08/13/1990   1809      0   1809      0     13   1281     33   1320      5    264      0      0      0   0.00   0.00      0   0.00    1.4  0.152    0.0  0.000      0      0      0      0    201
08/14/1990   1608      0   1608      0     17   1545     34   1320      0      0      0      0      0   0.00   0.00      0   0.00    1.4  0.152    0.0  0.000      0      0      0      0    201
08/15/1990   1409      0   1407      2     21   1809     30   1056      0      0      0      0      0   0.00   0.00      0   0.00    1.4  0.152    0.0  0.000      0      0      0      0    199
08/16/1990   1212      0   1206      6     26   2073     25    792      0      0      0      0      0   0.00   0.00      0   0.00    1.4  0.152    0.0  0.000      0      0      0      0    197
08/17/1990   1021      0   1005     16     31   2337     20    528      0      0      0      0      0   0.00   0.00      0   0.00    1.4  0.152    0.0  0.000      0      0      0      0    191
08/18/1990    840      0    804     36     36   2601     15    264      0      1      0      0      0   0.00   0.00      0   0.00    1.4  0.153    0.0  0.000      0      0      0      0    181
08/19/1990    840      0    603    237     41   2865     10      0      0      6      0      0      0   0.00   0.00      0   0.00    1.4  0.152    0.0  0.000      0      0      0      0      0
08/20/1990    840      0    402    438     46   2865      5      0      0     38      0      0      0   0.00   0.00      0   0.00    1.4  0.150    0.0  0.000      0      0      0      0      0
08/21/1990    840      0    201    639     51   2865      0      1      0     92      0      0      0   0.00   0.00      0   0.00    1.5  0.147    0.0  0.000      0      0      0      0      0
08/22/1990   1095      0    255    840     51   2610      0      6      0    166      0      0      0   0.00   0.00      0   0.00    1.5  0.144    0.0  0.000      0      0      0      0      0
08/23/1990   1350      0    510    840     51   2355      0     38      1    233      0      0      0   0.00   0.00      0   0.00    1.5  0.140    0.0  0.000      0      0      0      0      0
08/24/1990   1605      0    765    840     51   2100      0     93      2    268      0      0      0   0.00   0.00      0   0.00    1.6  0.137    0.0  0.000      0      0      0      0      0
08/25/1990   1864      5   1019    840     46   1846      0    172      2    273      0      0      0   0.00   0.00      0   0.00    1.6  0.135    0.0  0.000      0      0      0      0      0
08/26/1990   2130      9   1281    840     42   1585      1    270      1    261      0      0      0   0.00   0.00      0   0.00    1.6  0.132    0.0  0.000      0      0      0      0      0
08/27/1990   2396     13   1545    838     38   1326      2    355      1    262      0      0      0   0.00   0.00      0   0.00    1.7  0.130    0.0  0.000      0      0      0      0      0
08/28/1990   2660     17   1809    834     34   1094      2    407      2    272      0      0      0   0.00   0.00      0   0.00    1.7  0.127    0.0  0.000      0      0      0      0      0
08/29/1990   2918     21   2073    824     30    885      2    439      3    282      0      0      0   0.00   0.00      0   0.00    1.7  0.125    0.0  0.000      0      0      0      0      0
08/30/1990   3167     26   2337    804     25    700      3    451      3    283      0      0      0   0.00   0.00      0   0.00    1.7  0.124    0.0  0.000      0      0      0      0      0
08/31/1990   3235     31   2601    603     20    535      4    446      3    279      0      0      0   0.00   0.00      0   0.00    1.7  0.123    0.0  0.000      0      0      0      0      0
09/01/1990   3303     36   2865    402     15    361      5    453      2    256      0      0      0   0.00   0.00      0   0.00    1.8  0.123    0.0  0.000      0      0      0      0      0
09/02/1990   3308     41   2865    402     11    445      5    461      1    217      0      0      0   0.00   0.00      0   0.00    1.7  0.123    0.0  0.000      0      0      0      0      0
09/03/1990   3112     46   2865    201      7    532      5    464      0    179      0      0      0   0.00   0.00      0   0.00    1.7  0.123    0.0  0.000      0      0      0      0      0
09/04/1990   2916     51   2865      0      2    623      5    447      0    133      0      0      0   0.00   0.00      0   0.00    1.7  0.123    0.0  0.000      0      0      0      0      0
09/05/1990   2916     51   2865      0      2    717      5    406      0     80      0      0      0   0.00   0.00      0   0.00    1.7  0.123    0.0  0.000      0      0      0      0      0
09/06/1990   2916     51   2865      0      3    814      4    361      0     28      0      0      0   0.00   0.00      0   0.00    1.7  0.123    0.0  0.000      0      0      0      0      0
09/07/1990   2916     51   2865      0      4    906      3    297      0      0      0      0      0   0.00   0.00      0   0.00    1.6  0.123    0.0  0.000      0      0      0      0      0
09/08/1990   2917     51   2866      0      5    995      2    207      0      0      0      0      0   0.00   0.00      0   0.00    1.6  0.123    0.0  0.000      0      0      0      0      0
09/09/1990   2922     51   2871      0      6   1064      1    133      0      0      0      0      0   0.00   0.00      0   0.00    1.6  0.123    0.0  0.000      0      0      0      0      0
09/10/1990   2954     51   2903      0      7   1085      0     80      0      0      0      0      0   0.00   0.00      0   0.00    1.6  0.122    0.0  0.000      0      0      0      0      0
09/11/1990   3009     51   2958      0      7   1082      0     28      0      0      0      0      0   0.00   0.00      0   0.00    1.5  0.122    0.0  0.000      0      0      0      0      0
09/12/1990   3088     51   2782    255      7   1031      0      0      0      0      0      0      0   0.00   0.00      0   0.00    1.5  0.122    0.0  0.000      0      0      0      0      0
09/13/1990   3187     51   2626    510      7    932      0      0      0     36      0      0      0   0.00   0.00      0   0.00    1.5  0.122    0.0  0.000      0      0      0      0      0
09/14/1990   3277     51   2461    765      7    842      0      0      0     97      0      0      0   0.00   0.00      0   0.00    1.6  0.121    0.0  0.000      0      0      0      0      0
09/15/1990   3356     46   2291   1019      7    758      0      0      0    181      0      0      0   0.00   0.00      0   0.00    1.6  0.119    0.0  0.000      0      0      0      0      0
09/16/1990   3440     43   2116   1281      6    671      0     36      1    248      0      0      0   0.00   0.00      0   0.00    1.6  0.116    0.0  0.000      0      0      0      0      0
09/17/1990   3528     40   1943   1545      5    580      0     97      2    311      0      0      0   0.00   0.00      0   0.00    1.7  0.112    0.0  0.000      0      0      0      0      0
09/18/1990   3618     36   1773   1809      5    486      0    181      4    364      0      0      0   0.00   0.00      0   0.00    1.8  0.107    0.0  0.000      0      0      0      0      0
09/19/1990   3711     32   1606   2073      5    389      1    284      5    411      0      0      0   0.00   0.00      0   0.00    1.8  0.102    0.0  0.000      0      0      0      0      0
09/20/1990   3799     28   1434   2337      4    297      2    408      7    459      0      0      0   0.00   0.00      0   0.00    1.9  0.097    0.0  0.000      0      0      0      0      0
09/21/1990   3885     24   1260   2601      3    243      4    509      9    508      0      0      0   0.00   0.00      0   0.00    2.0  0.092    0.0  0.000      0      0      0      0      0
09/22/1990   3955     20   1070   2865      2    230      6    598     11    544      0      0      0   0.00   0.00      0   0.00    2.2  0.087    0.0  0.000      0      0      0      0      0
09/23/1990   4004     16   1123   2865      1    261      9    686     12    556      0      0      0   0.00   0.00      0   0.00    2.3  0.082    0.0  0.000      0      0      0      0      0
09/24/1990   3797     12   1175   2610      0    312     13    769     13    564      0      0      0   0.00   0.00      0   0.00    2.4  0.078    0.0  0.000      0      0      0      0      0
09/25/1990   3565      7   1203   2355      0    408     17    831     13    561      0      0      0   0.00   0.00      0   0.00    2.5  0.075    0.0  0.000      0      0      0      0      0
09/26/1990   3310      7   1203   2100      1    545     20    878     13    549      0      0      0   0.00   0.00      0   0.00    2.6  0.073    0.0  0.000      0      0      0      0      0
09/27/1990   3056      7   1203   1846      2    695     24    922     11    517      0      0      0   0.00   0.00      0   0.00    2.7  0.071    0.0  0.000      0      0      0      0      0
09/28/1990   2794      7   1203   1584      4    867     26    933     10    487      0      0      0   0.00   0.00      0   0.00    2.7  0.069    0.0  0.000      0      0      0      0      0
09/29/1990   2530      7   1202   1321      6   1053     28    919      8    461      0      0      0   0.00   0.00      0   0.00    2.8  0.068    0.0  0.000      0      0      0      0      0
09/30/1990   2266      7   1197   1062      9   1239     28    895      7    432      0      0      0   0.00   0.00      0   0.00    2.8  0.067    0.0  0.000      0      0      0      0      0
10/01/1990   2002      7   1165    830     13   1423     27    864      6    393      0      0      0   0.00   0.00      0   0.00    2.8  0.066    0.0  0.000      0      0      0      0      0
10/02/1990   1738      7   1110    621     17   1617     25    816      5    337      0      0      0   0.00   0.00      0   0.00    2.9  0.066    0.0  0.000      0      0      0      0      0
10/03/1990   1474      7   1031    436     21   1800     23    766      4    276      0      0      0   0.00   0.00      0   0.00    2.9  0.066    0.0  0.000      0      0      0      0      0
10/04/1990   1246      7    968    271     26   1936     20    708      2    220      0      0      0   0.00   0.00      0   0.00    2.9  0.066    0.0  0.000      0      0      0      0      0
10/05/1990   1307      7    939    361     30   2037     17    636      1    165      0      0      0   0.00   0.00      0   0.00    2.9  0.066    0.0  0.000      0      0      0      0      0
10/06/1990   1391      7    939    445     34   2106     14    555      0    134      0      0      0   0.00   0.00      0   0.00    2.9  0.065    0.0  0.000      0      0      0      0      0
10/07/1990   1493      6    955    532     37   2149     11    467      0    121      0      0      0   0.00   0.00      0   0.00    2.9  0.065    0.0  0.000      0      0      0      0      0
10/08/1990   1616      5    988    623     40   2158      8    369      0    141      0      0      0   0.00   0.00      0   0.00    2.9  0.064    0.0  0.000      0      0      0      0      0
10/09/1990   1753      5   1031    717     42   2135      6    296      0    166      0      0      0   0.00   0.00      0   0.00    2.9  0.064    0.0  0.000      0      0      0      0      0
10/10/1990   1904      6   1084    814     43   2075      4    251      1    193      0      0      0   0.00   0.00      0   0.00    3.0  0.063    0.0  0.000      0      0      0      0      0
10/11/1990   2075      6   1164    905     44   1975      2    234      2    217      0      0      0   0.00   0.00      0   0.00    3.0  0.062    0.0  0.000      0      0      0      0      0
10/12/1990   2257      7   1260    990     43   1847      1    242      3    238      0      0      0   0.00   0.00      0   0.00    3.1  0.062    0.0  0.000      0      0      0      0      0
10/13/1990   2412      8   1372   1032     42   1696      1    279      3    258      0      0      0   0.00   0.00      0   0.00    3.1  0.061    0.0  0.000      0      0      0      0      0
10/14/1990   2543     10   1503   1030     39   1553      2    317      3    275      0      0      0   0.00   0.00      0   0.00    3.1  0.060    0.0  0.000      0      0      0      0      0
10/15/1990   2661     13   1645   1003     35   1404      3    359      3    285      0      0      0   0.00   0.00      0   0.00    3.2  0.059    0.0  0.000      0      0      0      0      0
10/16/1990   2749     17   1800    932     31   1276      4    396      3    287      0      0      0   0.00   0.00      0   0.00    3.2  0.059    0.0  0.000      0      0      0      0      0
10/17/1990   2835     21   1972    842     27   1170      5    426      3    279      0      0      0   0.00   0.00      0   0.00    3.2  0.058    0.0  0.000      0      0      0      0      0
10/18/1990   2918     26   2134    758     22   1080      6    451      3    266      0      0      0   0.00   0.00      0   0.00    3.2  0.058    0.0  0.000      0      0      0      0      0
10/19/1990   2988     30   2287    671     18   1006      7    466      3    240      0      0      0   0.00   0.00      0   0.00    3.3  0.058    0.0  0.000      0      0      0      0      0
10/20/1990   3047     34   2433    580     15    947      7    467      2    209      0      0      0   0.00   0.00      0   0.00    3.3  0.058    0.0  0.000      0      0      0      0      0
10/21/1990   3089     37   2566    486     13    906      7    459      1    181      0      0      0   0.00   0.00      0   0.00    3.3  0.057    0.0  0.000      0      0      0      0      0
10/22/1990   3109     40   2680    389     11    888      7    431      0    162      0      0      0   0.00   0.00      0   0.00    3.3  0.057    0.0  0.000      0      0      0      0      0
10/23/1990   3109     42   2770    297     10    895      6    391      0    146      0      0      0   0.00   0.00      0   0.00    3.3  0.057    0.0  0.000      0      0      0      0      0
10/24/1990   3093     44   2842    207      9    917      5    353      0    124      0      0      0   0.00   0.00      0   0.00    3.3  0.057    0.0  0.000      0      0      0      0      0
10/25/1990   3079     46   2864    169      8    947      4    314      0    100      0      0      0   0.00   0.00      0   0.00    3.2  0.057    0.0  0.000      0      0      0      0      0
10/26/1990   3062     47   2838    177      8    996      3    271      0     78      0      0      0   0.00   0.00      0   0.00    3.2  0.057    0.0  0.000      0      0      0      0      0
10/27/1990   3052     48   2795    209      8   1023      2    237      0     65      0      0      0   0.00   0.00      0   0.00    3.2  0.057    0.0  0.000      0      0      0      0      0
10/28/1990   3069     48   2737    284      9   1035      1    205      0     63      0      0      0   0.00   0.00      0   0.00    3.2  0.057    0.0  0.000      0      0      0      0      0
10/29/1990   3124     48   2668    408     10   1036      0    168      0     75      0      0      0   0.00   0.00      0   0.00    3.2  0.057    0.0  0.000      0      0      0      0      0
10/30/1990   3190     48   2597    545     10   1019      0    140      0     93      0      0      0   0.00   0.00      0   0.00    3.2  0.057    0.0  0.000      0      0      0      0      0
10/31/1990   3261     47   2519    695     10    988      0    122      0    117      0      0      0   0.00   0.00      0   0.00    3.2  0.057    0.0  0.000      0      0      0      0      0
11/01/1990   3331     46   2426    859     10    943      0    119      0    133      0      0      0   0.00   0.00      0   0.00    3.3  0.057    0.0  0.000      0      0      0      0      0
11/02/1990   3407     44   2327   1036     10    881      0    133      0    145      0      0      0   0.00   0.00      0   0.00    3.3  0.056    0.0  0.000      0      0      0      0      0
11/03/1990   3488     43   2233   1212      9    808      0    161      0    160      0      0      0   0.00   0.00      0   0.00    3.3  0.056    0.0  0.000      0      0      0      0      0
11/04/1990   3571     41   2145   1385      8    733      0    187      1    190      0      0      0   0.00   0.00      0   0.00    3.4  0.055    0.0  0.000      0      0      0      0      0
11/05/1990   3653     38   2048   1567      7    659      0    215      2    226      0      0      0   0.00   0.00      0   0.00    3.4  0.054    0.0  0.000      0      0      0      0      0
11/06/1990   3701     35   1959   1707      6    596      0    246      3    243      0      0      0   0.00   0.00      0   0.00    3.5  0.053    0.0  0.000      0      0      0      0      0
11/07/1990   3719     32   1875   1812      5    547      1    284      3    249      0      0      0   0.00   0.00      0   0.00    3.6  0.052    0.0  0.000      0      0      0      0      0
11/08/1990   3710     28   1797   1885      4    510      2    324      4    259      0      0      0   0.00   0.00      0   0.00    3.6  0.051    0.0  0.000      0      0      0      0      0
11/09/1990   3668     25   1712   1931      3    489      3    356      5    285      0      0      0   0.00   0.00      0   0.00    3.7  0.050    0.0  0.000      0      0      0      0      0
11/10/1990   3595     22   1623   1950      2    483      4    388      6    311      0      0      0   0.00   0.00      0   0.00    3.8  0.049    0.0  0.000      0      0      0      0      0
11/11/1990   3510     20   1546   1944      1    489      6    423      6    328      0      0      0   0.00   0.00      0   0.00    3.9  0.048    0.0  0.000      0      0      0      0      0
11/12/1990   3406     18   1481   1907      0    517      8    451      7    342      0      0      0   0.00   0.00      0   0.00    3.9  0.047    0.0  0.000      0      0      0      0      0
11/13/1990   3273     16   1432   1825      0    563     10    473      8    354      0      0      0   0.00   0.00      0   0.00    4.0  0.046    0.0  0.000      0      0      0      0      0
11/14/1990   3119     14   1394   1711      1    608     11    508      8    342      0      0      0   0.00   0.00      0   0.00    4.1  0.045    0.0  0.000      0      0      0      0      0
11/15/1990   2956     12   1361   1583      2    666     13    544      7    316      0      0      0   0.00   0.00      0   0.00    4.1  0.045    0.0  0.000      0      0      0      0      0
11/16/1990   2790     11   1345   1434      3    744     15    568      6    293      0      0      0   0.00   0.00      0   0.00    4.2  0.044    0.0  0.000      0      0      0      0      0
11/17/1990   2616     10   1325   1281      4    828     16    565      6    287      0      0      0   0.00   0.00      0   0.00    4.2  0.044    0.0  0.000      0      0      0      0      0
11/18/1990   2456     10   1303   1143      6    914     16    549      5    278      0      0      0   0.00   0.00      0   0.00    4.3  0.043    0.0  0.000      0      0      0      0      0
11/19/1990   2315     10   1279   1026      8    997     16    533      4    259      0      0      0   0.00   0.00      0   0.00    4.3  0.043    0.0  0.000      0      0      0      0      0
11/20/1990   2342     10   1252   1080     10   1077     16    510      2    217      0      0      0   0.00   0.00      0   0.00    4.4  0.042    0.0  0.000      0      0      0      0      0
11/21/1990   2228     10   1227    991     12   1151     15    473      1    182      0      0      0   0.00   0.00      0   0.00    4.4  0.042    0.0  0.000      0      0      0      0      0
11/22/1990   1989     10   1195    784     15   1206     13    450      0    152      0      0      0   0.00   0.00      0   0.00    4.4  0.042    0.0  0.000      0      0      0      0      0
11/23/1990   1907     10   1159    738     18   1248     10    411      0    139      0      0      0   0.00   0.00      0   0.00    4.4  0.042    0.0  0.000      0      0      0      0      0
11/24/1990   1854      9   1129    716     20   1284      8    362      0    130      0      0      0   0.00   0.00      0   0.00    4.5  0.041    0.0  0.000      0      0      0      0      0
11/25/1990   1918      8   1110    800     22   1303      6    315      0    125      0      0      0   0.00   0.00      0   0.00    4.5  0.041    0.0  0.000      0      0      0      0      0
11/26/1990   1992      7   1100    885     24   1300      4    272      0    116      0      0      0   0.00   0.00      0   0.00    4.4  0.041    0.0  0.000      0      0      0      0      0
11/27/1990   2058      6   1085    967     26   1300      2    233      0    106      0      0      0   0.00   0.00      0   0.00    4.4  0.041    0.0  0.000      0      0      0      0      0
11/28/1990   2129      6   1080   1043     26   1271      1    223      0    101      0      0      0   0.00   0.00      0   0.00    4.5  0.041    0.0  0.000      0      0      0      0      0
11/29/1990   2083      6   1093    984     26   1223      0    206      0    117      0      0      0   0.00   0.00      0   0.00    4.5  0.041    0.0  0.000      0      0      0      0      0
11/30/1990   2133      6   1130    997     25   1167      0    187      0    135      0      0      0   0.00   0.00      0   0.00    4.6  0.040    0.0  0.000      0      0      0      0      0
12/01/1990   2230      6   1182   1042     24   1099      0    185      0    135      0      0      0   0.00   0.00      0   0.00    4.6  0.040    0.0  0.000      0      0      0      0      0
12/02/1990   2333      7   1240   1086     22   1025      0    193      0    121      0      0      0   0.00   0.00      0   0.00    4.6  0.040    0.0  0.000      0      0      0      0      0
12/03/1990   2423      8   1310   1105     20    950      0    197      0    113      0      0      0   0.00   0.00      0   0.00    4.6  0.040    0.0  0.000      0      0      0      0      0
12/04/1990   2510     10   1390   1110     18    861      0    204      0    119      0      0      0   0.00   0.00      0   0.00    4.7  0.039    0.0  0.000      0      0      0      0      0
12/05/1990   2602     12   1458   1132     16    789      0    208      0    122      0      0      0   0.00   0.00      0   0.00    4.7  0.039    0.0  0.000      0      0      0      0      0
12/06/1990   2659     15   1526   1118     13    735      0    209      0    127      0      0      0   0.00   0.00      0   0.00    4.7  0.039    0.0  0.000      0      0      0      0      0
12/07/1990   2661     18   1605   1038     10    685      0    206      0    131      0      0      0   0.00   0.00      0   0.00    4.7  0.039    0.0  0.000      0      0      0      0      0
12/08/1990   2691     20   1680    991      8    637      0    195      0    139      0      0      0   0.00   0.00      0   0.00    4.8  0.038    0.0  0.000      0      0      0      0      0
12/09/1990   2703     22   1741    940      6    592      0    201      0    140      0      0      0   0.00   0.00      0   0.00    4.8  0.038    0.0  0.000      0      0      0      0      0
12/10/1990   2702     24   1789    889      4    547      0    216      1    148      0      0      0   0.00   0.00      0   0.00    4.8  0.038    0.0  0.000      0      0      0      0      0
12/11/1990   2384     26   1804    554      2    533      0    221      1    158      0      0      0   0.00   0.00      0   0.00    4.8  0.038    0.0  0.000      0      0      0      0      0
12/12/1990   2422     27   1806    589      1    529      0    222      1    146      0      0      0   0.00   0.00      0   0.00    4.8  0.038    0.0  0.000      0      0      0      0      0
12/13/1990   2460     28   1808    624      0    517      1    242      0    120      0      0      0   0.00   0.00      0   0.00    4.8  0.038    0.0  0.000      0      0      0      0      0
12/14/1990   2489     28   1798    663      0    521      1    252      0     80      0      0      0   0.00   0.00      0   0.00    4.8  0.038    0.0  0.000      0      0      0      0      0
12/15/1990   2517     28   1776    713      0    530      1    237      0     66      0      0      0   0.00   0.00      0   0.00    4.8  0.038    0.0  0.000      0      0      0      0      0
12/16/1990   2549     28   1743    778      0    531      1    223      0     54      0      0      0   0.00   0.00      0   0.00    4.8  0.038    0.0  0.000      0      0      0      0      0
12/17/1990   2569     28   1688    853      0    545      1    192      0     63      0      0      0   0.00   0.00      0   0.00    4.8  0.038    0.0  0.000      0      0      0      0      0
12/18/1990   2587     28   1639    920      0    572      1    155      0     71      0      0      0   0.00   0.00      0   0.00    4.8  0.038    0.0  0.000      0      0      0      0      0
12/19/1990   2613     27   1595    991      0    588      1    119      0     79      0      0      0   0.00   0.00      0   0.00    4.8  0.038    0.0  0.000      0      0      0      0      0
12/20/1990   2648     26   1546   1076      1    574      0    109      0     64      0      0      0   0.00   0.00      0   0.00    4.8  0.038    0.0  0.000      0      0      0      0      0
12/21/1990   2683     25   1489   1169      1    557      0    106      0     36      0      0      0   0.00   0.00      0   0.00    4.7  0.038    0.0  0.000      0      0      0      0      0
12/22/1990   2709     24   1419   1266      1    533      0    118      0      9      0      0      0   0.00   0.00      0   0.00    4.7  0.038    0.0  0.000      0      0      0      0      0
12/23/1990   2729     22   1339   1368      1    519      0    107      0      0      0      0      0   0.00   0.00      0   0.00    4.7  0.038    0.0  0.000      0      0      0      0      0
12/24/1990   2755     20   1260   1475      1    498      0     88      0      0      0      0      0   0.00   0.00      0   0.00    4.7  0.038    0.0  0.000      0      0      0      0      0
12/25/1990   2786     18   1184   1584      1    477      0     64      0      6      0      0      0   0.00   0.00      0   0.00    4.7  0.038    0.0  0.000      0      0      0      0      0
12/26/1990   2810     16   1119   1675      1    468      0     36      0     23      0      0      0   0.00   0.00      0   0.00    4.7  0.038    0.0  0.000      0      0      0      0      0
12/27/1990   2841     13   1071   1757      1    450      0      9      0     48      0      0      0   0.00   0.00      0   0.00    4.7  0.038    0.0  0.000      0      0      0      0      0
12/28/1990   2876     10   1022   1844      1    410      0      6      0     71      0      0      0   0.00   0.00      0   0.00    4.7  0.038    0.0  0.000      0      0      0      0      0
12/29/1990   2908      8    971   1929      1    365      0     23      0     67      0      0      0   0.00   0.00      0   0.00    4.7  0.038    0.0  0.000      0      0      0      0      0
12/30/1990   2941      6    933   2002      1    319      0     48      0     65      0      0      0   0.00   0.00      0   0.00    4.7  0.038    0.0  0.000      0      0      0      0      0
12/31/1990   2985      4    911   2070      1    262      0     77      0     61      0      0      0   0.00   0.00      0   0.00    4.7  0.038    0.0  0.000      0      0      0      0      0
