Varroa Population Simulation - Nov 24,2015  04:09:54 PM
VarroaPop Version 3.2.5.8  June, 2015

                                        Capped  Capped                                                                      Prop           Conc          Conc                                     
            Colony  Adult  Adult         Drone   Wkr    Drone  Wkr    Drone  Wkr  Free   DBrood WBrood DMite  WMite  Mites  Mites  Colony Pollen Colony Nectar   Dead   Dead   Dead   Dead   Dead
     Date   Size   Drones   Wkr   Forgrs Brood  Brood   Larv   Larv    Eggs  Eggs Mites  Mites  Mites  /Cell  /Cell  Dying  Dying  Pollen  Pest  Nectar  Pest    DLarv  WLarv  DAdlt  WAdlt  Forgrs
Initial     10000      0   6174   3826      0      0      0      0      0      0      0      0      0   0.00   0.00      0   0.00    0.0  0.000    0.0  0.000      0      0      0      0      0
05/01/1990   9706      0   5880   3826      0      0      0      0      3    526      0      0      0   0.00   0.00      0   0.00    0.1  0.000    0.0  0.000      0      0      0      0      0
05/02/1990   9412      0   5586   3826      0      0      0      0      6   1092      0      0      0   0.00   0.00      0   0.00    0.3  0.000    0.0  0.000      0      0      0      0      0
05/03/1990   9118      0   5292   3826      0      0      0      0      9   1709      0      0      0   0.00   0.00      0   0.00    0.4  0.000    0.0  0.000      0      0      0      0      0
05/04/1990   8824      0   4998   3826      0      0      3    526      9   1824      0      0      0   0.00   0.00      0   0.00    0.5  0.000    0.0  0.000      0      0      0      0      0
05/05/1990   8530      0   4704   3826      0      0      6   1092     10   1911      0      0      0   0.00   0.00      0   0.00    0.7  0.000    0.0  0.000      0      0      0      0      0
05/06/1990   8236      0   4410   3826      0      0      9   1709     10   1935      0      0      0   0.00   0.00      0   0.00    0.8  0.000    0.0  0.000      0      0      0      0      0
05/07/1990   7942      0   4116   3826      0      0     12   2350     10   1889      0      0      0   0.00   0.00      0   0.00    1.0  0.000    0.0  0.000      0      0      0      0      0
05/08/1990   7648      0   3822   3826      0      0     16   3003      9   1822      0      0      0   0.00   0.00      0   0.00    1.1  0.000    0.0  0.000      0      0      0      0      0
05/09/1990   7354      0   3528   3826      0    526     19   3118      9   1722      0      0      0   0.00   0.00      0   0.00    1.2  0.000    0.0  0.000      0      0      0      0      0
05/10/1990   7060      0   3234   3826      0   1092     22   3147      8   1592      0      0      0   0.00   0.00      0   0.00    1.4  0.000    0.0  0.000      0      0      0      0      0
05/11/1990   6766      0   2940   3826      3   1709     22   3116      7   1520      0      0      0   0.00   0.00      0   0.00    1.5  0.000    0.0  0.000      0      0      0      0      0
05/12/1990   6472      0   2646   3826      6   2350     22   3016      7   1511      0      0      0   0.00   0.00      0   0.00    1.7  0.000    0.0  0.000      0      0      0      0      0
05/13/1990   6174      0   2352   3822      9   3003     21   2828      8   1587      0      0      0   0.00   0.00      0   0.00    1.8  0.000    0.0  0.000      0      0      0      0      0
05/14/1990   5880      0   2058   3822     12   3644     20   2701      9   1612      0      0      0   0.00   0.00      0   0.00    2.0  0.000    0.0  0.000      0      0      0      0      0
05/15/1990   5586      0   1764   3822     16   4239     19   2638      8   1598      0      0      0   0.00   0.00      0   0.00    2.1  0.000    0.0  0.000      0      0      0      0      0
05/16/1990   5292      0   1470   3822     19   4825     19   2593      8   1637      0      0      0   0.00   0.00      0   0.00    2.3  0.000    0.0  0.000      0      0      0      0      0
05/17/1990   4998      0   1176   3822     22   5366     19   2591      8   1639      0      0      0   0.00   0.00      0   0.00    2.4  0.000    0.0  0.000      0      0      0      0      0
05/18/1990   4704      0    882   3822     25   5831     18   2644      8   1606      0      0      0   0.00   0.00      0   0.00    2.6  0.000    0.0  0.000      0      0      0      0      0
05/19/1990   4410      0    588   3822     28   6345     18   2710      7   1496      0      0      0   0.00   0.00      0   0.00    2.8  0.000    0.0  0.000      0      0      0      0      0
05/20/1990   4116      0    294   3822     30   6877     19   2719      7   1489      0      0      0   0.00   0.00      0   0.00    2.9  0.000    0.0  0.000      0      0      0      0      0
05/21/1990   3822      0      0   3822     32   7418     19   2663      8   1563      0      0      0   0.00   0.00      0   0.00    3.1  0.000    0.0  0.000      0      0      0      0      0
05/22/1990   4054      0    526   3528     35   7431     18   2594      9   1664      0      0      0   0.00   0.00      0   0.00    3.3  0.000    0.0  0.000      0      0      0      0      0
05/23/1990   4620      0   1092   3528     38   7383     18   2610      8   1583      0      0      0   0.00   0.00      0   0.00    3.3  0.000    0.0  0.000      0      0      0      0      0
05/24/1990   4943      0   1709   3234     41   7346     18   2589      7   1473      0      0      0   0.00   0.00      0   0.00    3.4  0.000    0.0  0.000      0      0      0      0      0
05/25/1990   5293      3   2350   2940     40   7246     19   2619      5   1387      0      0      0   0.00   0.00      0   0.00    3.5  0.000    0.0  0.000      0      0      0      0      0
05/26/1990   5655      6   3003   2646     40   7078     18   2587      4   1404      0      0      0   0.00   0.00      0   0.00    3.6  0.000    0.0  0.000      0      0      0      0      0
05/27/1990   6299      9   3644   2646     40   6907     17   2566      2   1345      0      0      0   0.00   0.00      0   0.00    3.6  0.000    0.0  0.000      0      0      0      0      0
05/28/1990   6897     12   4239   2646     39   6846     16   2517      1   1245      0      0      0   0.00   0.00      0   0.00    3.6  0.000    0.0  0.000      0      0      0      0      0
05/29/1990   7193     16   4825   2352     37   6819     15   2428      0   1188      0      0      0   0.00   0.00      0   0.00    3.6  0.000    0.0  0.000      0      0      0      0      0
05/30/1990   7443     19   5366   2058     37   6849     12   2247      0   1192      0      0      0   0.00   0.00      0   0.00    3.7  0.000    0.0  0.000      0      0      0      0      0
05/31/1990   7617     22   5831   1764     37   6837      9   2179      0   1155      0      0      0   0.00   0.00      0   0.00    3.8  0.000    0.0  0.000      0      0      0      0      0
06/01/1990   7840     25   6345   1470     37   6772      6   2143      0   1067      0      0      0   0.00   0.00      0   0.00    3.8  0.000    0.0  0.000      0      0      0      0      0
06/02/1990   8081     28   6877   1176     36   6725      4   2052      0   1005      0      0      0   0.00   0.00      0   0.00    3.8  0.000    0.0  0.000      0      0      0      0      0
06/03/1990   8330     30   7418    882     36   6654      2   1930      0    954      0      0      0   0.00   0.00      0   0.00    3.8  0.000    0.0  0.000      0      0      0      0      0
06/04/1990   8577     32   7957    588     35   6505      1   1865      0    872      0      0      0   0.00   0.00      0   0.00    3.8  0.000    0.0  0.000      0      0      0      0      0
06/05/1990   8804     35   8475    294     33   6372      0   1812      0    718      0      0      0   0.00   0.00      0   0.00    3.7  0.000    0.0  0.000      0      0      0      0      0
06/06/1990   9093     38   9055      0     30   6205      0   1696      0    522      0      0      0   0.00   0.00      0   0.00    3.7  0.000    0.0  0.000      0      0      0      0      0
06/07/1990   9637     41   9596      0     27   6058      0   1545      0    279      0      0      0   0.00   0.00      0   0.00    3.6  0.000    0.0  0.000      0      0      0      0      0
06/08/1990  10124     43  10081      0     25   5921      0   1375      0    101      0      0      0   0.00   0.00      0   0.00    3.5  0.000    0.0  0.000      0      0      0      0      0
06/09/1990  10597     46  10551      0     22   5776      0   1151      0      0      0      0      0   0.00   0.00      0   0.00    3.4  0.000    0.0  0.000      0      0      0      0      0
06/10/1990  11134     49  11085      0     19   5574      0    819      0      0      0      0      0   0.00   0.00      0   0.00    3.4  0.000    0.0  0.000      0      0      0      0      0
06/11/1990  11695     51  11644      0     17   5312      0    522      0      0      0      0      0   0.00   0.00      0   0.00    3.3  0.000    0.0  0.000      0      0      0      0      0
06/12/1990  12268     53  11689    526     15   4984      0    279      0      0      0      0      0   0.00   0.00      0   0.00    3.2  0.000    0.0  0.000      0      0      0      0      0
06/13/1990  12724     56  11576   1092     12   4709      0    101      0    147      0      0      0   0.00   0.00      0   0.00    3.2  0.000    0.0  0.000      0      0      0      0      0
06/14/1990  13176     59  11408   1709      9   4361      0      0      0    395      0      0      0   0.00   0.00      0   0.00    3.2  0.000    0.0  0.000      0      0      0      0      0
06/15/1990  13661     59  11252   2350      6   3876      0      0      0    741      0      0      0   0.00   0.00      0   0.00    3.2  0.000    0.0  0.000      0      0      0      0      0
06/16/1990  14130     58  11069   3003      4   3406      0    147      0   1045      0      0      0   0.00   0.00      0   0.00    3.3  0.000    0.0  0.000      0      0      0      0      0
06/17/1990  14519     57  10818   3644      2   3016      0    395      1   1341      0      0      0   0.00   0.00      0   0.00    3.4  0.000    0.0  0.000      0      0      0      0      0
06/18/1990  14902     55  10608   4239      1   2631      0    741      4   1568      0      0      0   0.00   0.00      0   0.00    3.5  0.000    0.0  0.000      0      0      0      0      0
06/19/1990  15312     52  10435   4825      0   2218      0   1192      8   1782      0      0      0   0.00   0.00      0   0.00    3.7  0.000    0.0  0.000      0      0      0      0      0
06/20/1990  15703     49  10288   5366      0   1824      1   1736     12   2002      0      0      0   0.00   0.00      0   0.00    3.8  0.000    0.0  0.000      0      0      0      0      0
06/21/1990  16048     46  10171   5831      0   1623      4   2162     15   2232      0      0      0   0.00   0.00      0   0.00    4.0  0.000    0.0  0.000      0      0      0      0      0
06/22/1990  16370     43   9982   6345      0   1546      8   2579     18   2344      0      0      0   0.00   0.00      0   0.00    4.2  0.000    0.0  0.000      0      0      0      0      0
06/23/1990  16699     40   9782   6877      0   1560     13   2997     20   2384      0      0      0   0.00   0.00      0   0.00    4.5  0.000    0.0  0.000      0      0      0      0      0
06/24/1990  16994     38   9538   7418      0   1714     19   3349     23   2428      0      0      0   0.00   0.00      0   0.00    4.7  0.000    0.0  0.000      0      0      0      0      0
06/25/1990  16709     36   9242   7431      0   2015     26   3582     26   2523      0      0      0   0.00   0.00      0   0.00    5.0  0.000    0.0  0.000      0      0      0      0      0
06/26/1990  16318     33   8902   7383      0   2410     33   3813     29   2601      0      0      0   0.00   0.00      0   0.00    5.3  0.000    0.0  0.000      0      0      0      0      0
06/27/1990  15799     30   8423   7346      1   2974     41   3995     29   2618      0      0      0   0.00   0.00      0   0.00    5.5  0.000    0.0  0.000      0      0      0      0      0
06/28/1990  15155     27   7882   7246      4   3738     48   4103     28   2595      0      0      0   0.00   0.00      0   0.00    5.8  0.000    0.0  0.000      0      0      0      0      0
06/29/1990  14500     25   7397   7078      8   4541     54   4182     28   2601      0      0      0   0.00   0.00      0   0.00    6.1  0.000    0.0  0.000      0      0      0      0      0
06/30/1990  13856     22   6927   6907     13   5318     58   4269     28   2622      0      0      0   0.00   0.00      0   0.00    6.3  0.000    0.0  0.000      0      0      0      0      0
07/01/1990  13258     19   6393   6846     19   6122     61   4314     28   2646      0      0      0   0.00   0.00      0   0.00    6.6  0.000    0.0  0.000      0      0      0      0      0
07/02/1990  12670     17   5834   6819     26   6969     64   4355     26   2595      0      0      0   0.00   0.00      0   0.00    6.8  0.000    0.0  0.000      0      0      0      0      0
07/03/1990  12127     15   5263   6849     33   7841     66   4368     25   2538      0      0      0   0.00   0.00      0   0.00    7.1  0.000    0.0  0.000      0      0      0      0      0
07/04/1990  11806     12   4957   6837     42   8576     66   4359     24   2465      0      0      0   0.00   0.00      0   0.00    7.4  0.000    0.0  0.000      0      0      0      0      0
07/05/1990  11537      9   4756   6772     52   9192     64   4332     24   2438      0      0      0   0.00   0.00      0   0.00    7.6  0.000    0.0  0.000      0      0      0      0      0
07/06/1990  11348      6   4617   6725     62   9695     62   4311     24   2419      0      0      0   0.00   0.00      0   0.00    7.9  0.000    0.0  0.000      0      0      0      0      0
07/07/1990  11256      4   4598   6654     71  10132     61   4223     24   2451      0      0      0   0.00   0.00      0   0.00    8.1  0.000    0.0  0.000      0      0      0      0      0
07/08/1990  11259      2   4752   6505     80  10473     60   4148     24   2477      0      0      0   0.00   0.00      0   0.00    8.4  0.000    0.0  0.000      0      0      0      0      0
07/09/1990  11313      1   4940   6372     90  10773     58   4084     24   2506      0      0      0   0.00   0.00      0   0.00    8.7  0.000    0.0  0.000      0      0      0      0      0
07/10/1990  11397      0   5192   6205     99  10945     57   4079     24   2535      0      0      0   0.00   0.00      0   0.00    8.9  0.000    0.0  0.000      0      0      0      0      0
07/11/1990  11621      1   5562   6058    107  11009     56   4087     24   2561      0      0      0   0.00   0.00      0   0.00    9.1  0.000    0.0  0.000      0      0      0      0      0
07/12/1990  11942      4   6017   5921    112  11006     56   4125     24   2578      0      0      0   0.00   0.00      0   0.00    9.4  0.000    0.0  0.000      0      0      0      0      0
07/13/1990  12253      8   6469   5776    116  11039     56   4176     23   2564      0      0      0   0.00   0.00      0   0.00    9.6  0.000    0.0  0.000      0      0      0      0      0
07/14/1990  12528     13   6941   5574    119  11044     56   4229     22   2540      0      0      0   0.00   0.00      0   0.00    9.8  0.000    0.0  0.000      0      0      0      0      0
07/15/1990  12822     19   7491   5312    121  11029     56   4252     21   2510      0      0      0   0.00   0.00      0   0.00   10.0  0.000    0.0  0.000      0      0      0      0      0
07/16/1990  13130     26   8120   4984    122  10993     55   4263     20   2448      0      0      0   0.00   0.00      0   0.00   10.2  0.000    0.0  0.000      0      0      0      0      0
07/17/1990  13566     33   8824   4709    123  10949     54   4263     18   2367      0      0      0   0.00   0.00      0   0.00   10.3  0.000    0.0  0.000      0      0      0      0      0
07/18/1990  13990     42   9587   4361    122  10946     53   4227     16   2293      0      0      0   0.00   0.00      0   0.00   10.5  0.000    0.0  0.000      0      0      0      0      0
07/19/1990  14364     52  10436   3876    120  10959     51   4150     15   2241      0      0      0   0.00   0.00      0   0.00   10.6  0.000    0.0  0.000      0      0      0      0      0
07/20/1990  14792     62  11324   3406    118  10926     48   4052     14   2180      0      0      0   0.00   0.00      0   0.00   10.6  0.000    0.0  0.000      0      0      0      0      0
07/21/1990  15296     71  12209   3016    117  10888     45   3956     12   2080      0      0      0   0.00   0.00      0   0.00   10.7  0.000    0.0  0.000      0      0      0      0      0
07/22/1990  15793     80  13082   2631    116  10853     42   3851      9   1957      0      0      0   0.00   0.00      0   0.00   10.7  0.000    0.0  0.000      0      0      0      0      0
07/23/1990  16227     90  13919   2218    113  10841     39   3722      6   1805      0      0      0   0.00   0.00      0   0.00   10.7  0.000    0.0  0.000      0      0      0      0      0
07/24/1990  16670     99  14747   1824    111  10798     35   3588      3   1623      0      0      0   0.00   0.00      0   0.00   10.7  0.000    0.0  0.000      0      0      0      0      0
07/25/1990  17131    108  15400   1623    109  10755     30   3441      1   1422      0      0      0   0.00   0.00      0   0.00   10.7  0.000    0.0  0.000      0      0      0      0      0
07/26/1990  17624    116  15962   1546    107  10696     25   3234      0   1269      0      0      0   0.00   0.00      0   0.00   10.6  0.000    0.0  0.000      0      0      0      0      0
07/27/1990  18109    124  16425   1560    104  10620     20   2970      0   1196      0      0      0   0.00   0.00      0   0.00   10.6  0.000    0.0  0.000      0      0      0      0      0
07/28/1990  18652    132  16806   1714    101  10484     15   2683      0   1192      0      0      0   0.00   0.00      0   0.00   10.6  0.000    0.0  0.000      0      0      0      0      0
07/29/1990  19253    140  17098   2015     98  10299     10   2423      0   1232      0      0      0   0.00   0.00      0   0.00   10.5  0.000    0.0  0.000      0      0      0      0      0
07/30/1990  19921    148  17363   2410     94  10071      6   2209      0   1312      0      0      0   0.00   0.00      0   0.00   10.5  0.000    0.0  0.000      0      0      0      0      0
07/31/1990  20689    156  17559   2974     89   9754      3   2070      0   1433      0      0      0   0.00   0.00      0   0.00   10.5  0.000    0.0  0.000      0      0      0      0      0
08/01/1990  21558    163  17657   3738     83   9361      1   2032      2   1590      0      0      0   0.00   0.00      0   0.00   10.6  0.000    0.0  0.000      0      0      0      0      0
08/02/1990  22418    168  17709   4541     76   8915      0   2099      5   1776      0      0      0   0.00   0.00      0   0.00   10.7  0.000    0.0  0.000      0      0      0      0      0
08/03/1990  23269    172  17779   5318     68   8459      0   2234     10   1975      0      0      0   0.00   0.00      0   0.00   10.8  0.000    0.0  0.000      0      0      0      0      0
08/04/1990  24110    175  17813   6122     60   8017      2   2426     14   2172      0      0      0   0.00   0.00      0   0.00   10.9  0.000    0.0  0.000      0      0      0      0      0
08/05/1990  24937    177  17791   6969     52   7597      5   2683     19   2365      0      0      0   0.00   0.00      0   0.00   11.1  0.000    0.0  0.000      0      0      0      0      0
08/06/1990  25722    177  17704   7841     45   7243     10   2977     24   2546      0      0      0   0.00   0.00      0   0.00   11.4  0.000    0.0  0.000      0      0      0      0      0
08/07/1990  26332    177  17579   8576     38   6962     16   3286     29   2713      0      0      0   0.00   0.00      0   0.00   11.6  0.000    0.0  0.000      0      0      0      0      0
08/08/1990  26833    175  17466   9192     31   6737     24   3615     32   2844      0      0      0   0.00   0.00      0   0.00   11.9  0.000    0.0  0.000      0      0      0      0      0
08/09/1990  27216    171  17350   9695     25   6592     34   3933     35   2950      0      0      0   0.00   0.00      0   0.00   12.2  0.000    0.0  0.000      0      0      0      0      0
08/10/1990  27456    166  17158  10132     20   6558     45   4223     37   3031      0      0      0   0.00   0.00      0   0.00   12.6  0.000    0.0  0.000      0      0      0      0      0
08/11/1990  27559    162  16924  10473     17   6632     54   4484     40   3095      0      0      0   0.00   0.00      0   0.00   12.9  0.000    0.0  0.000      0      0      0      0      0
08/12/1990  27592    158  16661  10773     15   6807     64   4711     42   3143      0      0      0   0.00   0.00      0   0.00   13.3  0.000    0.0  0.000      0      0      0      0      0
08/13/1990  27465    152  16368  10945     16   7118     72   4889     44   3155      0      0      0   0.00   0.00      0   0.00   13.7  0.000    0.0  0.000      0      0      0      0      0
08/14/1990  27164    146  16009  11009     19   7555     80   5033     44   3102      0      0      0   0.00   0.00      0   0.00   14.0  0.000    0.0  0.000      0      0      0      0      0
08/15/1990  26763    139  15618  11006     25   8098     87   5141     42   2970      0      0      0   0.00   0.00      0   0.00   14.4  0.000    0.0  0.000      0      0      0      0      0
08/16/1990  26370    132  15199  11039     34   8693     92   5200     40   2872      0      0      0   0.00   0.00      0   0.00   14.8  0.000    0.0  0.000      0      0      0      0      0
08/17/1990  25954    124  14786  11044     45   9309     95   5185     39   2841      0      0      0   0.00   0.00      0   0.00   15.2  0.000    0.0  0.000      0      0      0      0      0
08/18/1990  25504    116  14359  11029     56   9937     97   5080     38   2810      0      0      0   0.00   0.00      0   0.00   15.6  0.000    0.0  0.000      0      0      0      0      0
08/19/1990  11079     40   8429   2610     69  10556     97   4977     37   2757      0      0      0   0.00   0.00      0   0.00   16.0  0.009    0.0  0.000      0      0     51   5509   8380
08/20/1990  10870     38   8295   2537     82  11140     97   4883     25   2281      0      0      0   0.00   0.00      0   0.00   16.0  0.010    0.0  0.000      0      0      0    141    341
08/21/1990  10715     36   8207   2472     96  11659     95   4735     13   1874      0      0      0   0.00   0.00      0   0.00   16.1  0.011    0.0  0.000      0      0      0    145    333
08/22/1990  10625     34   8175   2416    111  12068     92   4632      1   1484      0      0      0   0.00   0.00      0   0.00   16.2  0.012    0.0  0.000      0      0      0    151    324
08/23/1990  10612     32   8211   2369    126  12334     78   4194      0   1503      0      0      0   0.00   0.00      0   0.00   16.2  0.012    0.0  0.000      0      0      0    157    315
08/24/1990  10828     30   8467   2331    140  12556     64   3737      0   1468      0      0      0   0.00   0.00      0   0.00   16.3  0.013    0.0  0.000      0      0      0      0    306
08/25/1990  11114     29   8783   2302    151  12737     51   3275      0   1380      0      0      0   0.00   0.00      0   0.00   16.3  0.013    0.0  0.000      0      0      1      0    297
08/26/1990  11480     29   9169   2282    161  12779     38   2887      0   1301      0      0      0   0.00   0.00      0   0.00   16.4  0.013    0.0  0.000      0      0      1      0    288
08/27/1990  12188     32   9606   2550    169  12767     25   2448      0   1298      0      0      0   0.00   0.00      0   0.00   16.4  0.013    0.0  0.000      0      0      0      0      0
08/28/1990  12943     36  10089   2818    175  12305     13   2374      0   1381      0      0      0   0.00   0.00      0   0.00   16.5  0.013    0.0  0.000      0      0      0      0      0
08/29/1990  13734     42  10606   3086    179  11809      1   2314      1   1495      0      0      0   0.00   0.00      0   0.00   16.6  0.013    0.0  0.000      0      0      0      0      0
08/30/1990  14553     50  11149   3354    170  11301      0   2262      3   1591      0      0      0   0.00   0.00      0   0.00   16.7  0.013    0.0  0.000      0      0      0      0      0
08/31/1990  15394     59  11830   3505    159  10777      0   2252      5   1659      0      0      0   0.00   0.00      0   0.00   16.7  0.013    0.0  0.000      0      0      0      0      0
09/01/1990  16255     68  12528   3659    148  10182      1   2341      7   1715      0      0      0   0.00   0.00      0   0.00   16.8  0.013    0.0  0.000      0      0      0      0      0
09/02/1990  17326     79  13236   4011    135   9538      3   2473      8   1784      0      0      0   0.00   0.00      0   0.00   16.8  0.013    0.0  0.000      0      0      0      0      0
09/03/1990  18254     90  13929   4235    122   8923      5   2610     10   1856      0      0      0   0.00   0.00      0   0.00   16.9  0.013    0.0  0.000      0      0      0      0      0
09/04/1990  19127    102  14574   4451    108   8378      8   2758     11   1909      0      0      0   0.00   0.00      0   0.00   17.0  0.013    0.0  0.000      0      0      0      0      0
09/05/1990  19923    115  15150   4658     93   7949     11   2876     13   1973      0      0      0   0.00   0.00      0   0.00   17.1  0.012    0.0  0.000      0      0      0      0      0
09/06/1990  20729    128  15745   4856     78   7546     15   2971     14   2035      0      0      0   0.00   0.00      0   0.00   17.2  0.012    0.0  0.000      0      0      0      0      0
09/07/1990  21544    140  16449   4955     64   7128     19   3076     15   2090      0      0      0   0.00   0.00      0   0.00   17.3  0.012    0.0  0.000      0      0      0      0      0
09/08/1990  22280    151  17084   5045     52   6798     23   3190     15   2115      0      0      0   0.00   0.00      0   0.00   17.4  0.012    0.0  0.000      0      0      0      0      0
09/09/1990  23006    164  17696   5146     41   6504     26   3291     15   2136      0      0      0   0.00   0.00      0   0.00   17.5  0.012    0.0  0.000      0      0      0      0      0
09/10/1990  23040    177  17851   5012     30   6631     29   3382     15   2185      0      0      0   0.00   0.00      0   0.00   17.6  0.012    0.0  0.000      0      0      0      0      0
09/11/1990  23073    189  17960   4924     21   6780     31   3449     15   2204      0      0      0   0.00   0.00      0   0.00   17.7  0.012    0.0  0.000      0      0      0      0      0
09/12/1990  23120    201  18027   4892     12   6929     33   3518     15   2194      0      0      0   0.00   0.00      0   0.00   17.8  0.012    0.0  0.000      0      0      0      0      0
09/13/1990  23161    202  18031   4928     15   7101     34   3594     15   2145      0      0      0   0.00   0.00      0   0.00   17.9  0.012    0.0  0.000      0      0      0      0      0
09/14/1990  23264    202  17761   5301     19   7347     35   3618     15   2080      0      0      0   0.00   0.00      0   0.00   18.0  0.012    0.0  0.000      0      0      0      0      0
09/15/1990  22975    201  17392   5382     24   7639     35   3622     15   2044      0      0      0   0.00   0.00      0   0.00   18.1  0.012    0.0  0.000      0      0      0      0      0
09/16/1990  23051    199  16967   5885     29   7915     35   3624     15   2016      0      0      0   0.00   0.00      0   0.00   18.3  0.012    0.0  0.000      0      0      0      0      0
09/17/1990  23146    194  16513   6439     34   8185     35   3562     16   2079      0      0      0   0.00   0.00      0   0.00   18.4  0.012    0.0  0.000      0      0      0      0      0
09/18/1990  23287    188  16060   7039     39   8443     35   3481     18   2140      0      0      0   0.00   0.00      0   0.00   18.6  0.011    0.0  0.000      0      0      0      0      0
09/19/1990  23471    180  15618   7673     44   8624     35   3436     21   2215      0      0      0   0.00   0.00      0   0.00   18.9  0.011    0.0  0.000      0      0      0      0      0
09/20/1990  23747    170  15154   8423     49   8788     36   3447     24   2320      0      0      0   0.00   0.00      0   0.00   19.1  0.011    0.0  0.000      0      0      0      0      0
09/21/1990  24041    159  14688   9194     54   8929     38   3476     28   2448      0      0      0   0.00   0.00      0   0.00   19.4  0.011    0.0  0.000      0      0      0      0      0
09/22/1990  24349    149  14238   9962     58   8989     41   3571     31   2534      0      0      0   0.00   0.00      0   0.00   19.8  0.011    0.0  0.000      0      0      0      0      0
09/23/1990  24620    138  13795  10687     61   9048     45   3723     33   2522      0      0      0   0.00   0.00      0   0.00   20.2  0.011    0.0  0.000      0      0      0      0      0
09/24/1990  24867    127  13389  11351     64   9089     51   3908     34   2541      0      0      0   0.00   0.00      0   0.00   20.6  0.010    0.0  0.000      0      0      0      0      0
09/25/1990  25072    116  13045  11911     66   9159     57   4026     35   2597      0      0      0   0.00   0.00      0   0.00   21.0  0.010    0.0  0.000      0      0      0      0      0
09/26/1990  25236    104  12798  12334     68   9215     63   4105     37   2690      0      0      0   0.00   0.00      0   0.00   21.5  0.010    0.0  0.000      0      0      0      0      0
09/27/1990  25201     93  12552  12556     70   9269     69   4234     39   2729      0      0      0   0.00   0.00      0   0.00   22.0  0.010    0.0  0.000      0      0      0      0      0
09/28/1990  25114     83  12294  12737     73   9389     74   4303     41   2782      0      0      0   0.00   0.00      0   0.00   22.5  0.009    0.0  0.000      0      0      0      0      0
09/29/1990  24957     75  12103  12779     76   9548     79   4347     43   2872      0      0      0   0.00   0.00      0   0.00   23.0  0.009    0.0  0.000      0      0      0      0      0
09/30/1990  24765     67  11931  12767     80   9667     84   4429     45   2976      0      0      0   0.00   0.00      0   0.00   23.5  0.009    0.0  0.000      0      0      0      0      0
10/01/1990  24562     59  12198  12305     86   9726     87   4563     47   3062      0      0      0   0.00   0.00      0   0.00   23.9  0.009    0.0  0.000      0      0      0      0      0
10/02/1990  24294     52  12433  11809     92   9885     91   4678     46   3018      0      0      0   0.00   0.00      0   0.00   24.4  0.009    0.0  0.000      0      0      0      0      0
10/03/1990  23987     45  12641  11301     98  10070     96   4808     44   2939      0      0      0   0.00   0.00      0   0.00   24.8  0.009    0.0  0.000      0      0      0      0      0
10/04/1990  23666     49  12840  10777    105  10271    100   4935     43   2914      0      0      0   0.00   0.00      0   0.00   25.2  0.008    0.0  0.000      0      0      0      0      0
10/05/1990  23281     54  13045  10182    112  10534    102   4967     41   2875      0      0      0   0.00   0.00      0   0.00   25.6  0.008    0.0  0.000      0      0      0      0      0
10/06/1990  22902     59  13305   9538    120  10808    103   4965     38   2746      0      0      0   0.00   0.00      0   0.00   25.9  0.008    0.0  0.000      0      0      0      0      0
10/07/1990  22542     64  13555   8923    129  11127    104   4977     32   2473      0      0      0   0.00   0.00      0   0.00   26.2  0.008    0.0  0.000      0      0      0      0      0
10/08/1990  22273     69  13826   8378    138  11431    102   4866     29   2290      0      0      0   0.00   0.00      0   0.00   26.5  0.008    0.0  0.000      0      0      0      0      0
10/09/1990  22087     74  14064   7949    148  11730     98   4649     27   2233      0      0      0   0.00   0.00      0   0.00   26.7  0.008    0.0  0.000      0      0      0      0      0
10/10/1990  21900     79  14275   7546    159  11930     91   4432     26   2224      0      0      0   0.00   0.00      0   0.00   27.0  0.008    0.0  0.000      0      0      0      0      0
10/11/1990  21768     85  14555   7128    169  12050     84   4217     25   2206      0      0      0   0.00   0.00      0   0.00   27.2  0.008    0.0  0.000      0      0      0      0      0
10/12/1990  21743     92  14853   6798    176  12196     79   3968     23   2153      0      0      0   0.00   0.00      0   0.00   27.4  0.008    0.0  0.000      0      0      0      0      0
10/13/1990  21697     99  15094   6504    182  12271     73   3781     21   2110      0      0      0   0.00   0.00      0   0.00   27.6  0.008    0.0  0.000      0      0      0      0      0
10/14/1990  22030    106  15293   6631    188  12274     66   3677     19   2077      0      0      0   0.00   0.00      0   0.00   27.8  0.008    0.0  0.000      0      0      0      0      0
10/15/1990  22433    115  15538   6780    189  12128     61   3648     18   2065      0      0      0   0.00   0.00      0   0.00   28.0  0.008    0.0  0.000      0      0      0      0      0
10/16/1990  22834    123  15782   6929    189  11964     56   3601     18   2069      0      0      0   0.00   0.00      0   0.00   28.2  0.008    0.0  0.000      0      0      0      0      0
10/17/1990  23242    131  16010   7101    187  11817     53   3521     19   2079      0      0      0   0.00   0.00      0   0.00   28.4  0.007    0.0  0.000      0      0      0      0      0
10/18/1990  23718    139  16232   7347    184  11623     50   3489     20   2096      0      0      0   0.00   0.00      0   0.00   28.6  0.007    0.0  0.000      0      0      0      0      0
10/19/1990  24260    147  16474   7639    181  11388     47   3464     20   2049      0      0      0   0.00   0.00      0   0.00   28.8  0.007    0.0  0.000      0      0      0      0      0
10/20/1990  24837    155  16767   7915    176  11098     46   3447     19   1958      0      0      0   0.00   0.00      0   0.00   29.1  0.007    0.0  0.000      0      0      0      0      0
10/21/1990  25421    164  17072   8185    170  10757     45   3475     19   1915      0      0      0   0.00   0.00      0   0.00   29.3  0.007    0.0  0.000      0      0      0      0      0
10/22/1990  25967    173  17351   8443    163  10403     44   3436     21   1957      0      0      0   0.00   0.00      0   0.00   29.6  0.007    0.0  0.000      0      0      0      0      0
10/23/1990  26388    183  17581   8624    154  10145     44   3340     23   2066      0      0      0   0.00   0.00      0   0.00   29.9  0.007    0.0  0.000      0      0      0      0      0
10/24/1990  26799    194  17817   8788    144   9887     45   3321     25   2148      0      0      0   0.00   0.00      0   0.00   30.1  0.007    0.0  0.000      0      0      0      0      0
10/25/1990  27254    205  18120   8929    134   9568     47   3314     26   2234      0      0      0   0.00   0.00      0   0.00   30.4  0.007    0.0  0.000      0      0      0      0      0
10/26/1990  27579    214  18376   8989    126   9366     49   3310     27   2240      0      0      0   0.00   0.00      0   0.00   30.7  0.007    0.0  0.000      0      0      0      0      0
10/27/1990  27790    223  18519   9048    119   9190     51   3420     27   2235      0      0      0   0.00   0.00      0   0.00   31.0  0.007    0.0  0.000      0      0      0      0      0
10/28/1990  27899    233  18577   9089    111   9053     53   3590     27   2186      0      0      0   0.00   0.00      0   0.00   31.3  0.007    0.0  0.000      0      0      0      0      0
10/29/1990  27986    240  18587   9159    105   8991     56   3635     27   2182      0      0      0   0.00   0.00      0   0.00   31.5  0.007    0.0  0.000      0      0      0      0      0
10/30/1990  28073    246  18612   9215    100   8914     59   3698     26   2094      0      0      0   0.00   0.00      0   0.00   31.8  0.007    0.0  0.000      0      0      0      0      0
10/31/1990  28105    250  18586   9269     98   8895     61   3710     25   2005      0      0      0   0.00   0.00      0   0.00   32.1  0.007    0.0  0.000      0      0      0      0      0
11/01/1990  28102    253  18473   9376     97   8933     62   3669     22   1811      0      0      0   0.00   0.00      0   0.00   32.4  0.007    0.0  0.000      0      0      0      0      0
11/02/1990  28095    255  18317   9523     96   8995     62   3558     19   1634      0      0      0   0.00   0.00      0   0.00   32.7  0.007    0.0  0.000      0      0      0      0      0
11/03/1990  28048    255  18162   9631     97   9025     61   3475     17   1516      0      0      0   0.00   0.00      0   0.00   33.0  0.006    0.0  0.000      0      0      0      0      0
11/04/1990  27962    254  18028   9680     98   9091     58   3245     18   1570      0      0      0   0.00   0.00      0   0.00   33.3  0.006    0.0  0.000      0      0      0      0      0
11/05/1990  27921    250  17841   9830    100   9116     54   3006     20   1677      0      0      0   0.00   0.00      0   0.00   33.6  0.006    0.0  0.000      0      0      0      0      0
11/06/1990  27886    245  17634  10007    103   9138     51   2809     20   1660      0      0      0   0.00   0.00      0   0.00   34.0  0.006    0.0  0.000      0      0      0      0      0
11/07/1990  27858    240  17417  10201    106   9106     49   2721     19   1582      0      0      0   0.00   0.00      0   0.00   34.3  0.006    0.0  0.000      0      0      0      0      0
11/08/1990  27900    234  17208  10458    109   9025     47   2678     19   1558      0      0      0   0.00   0.00      0   0.00   34.6  0.006    0.0  0.000      0      0      0      0      0
11/09/1990  27856    228  16901  10727    111   8900     45   2658     21   1660      0      0      0   0.00   0.00      0   0.00   35.0  0.006    0.0  0.000      0      0      0      0      0
11/10/1990  27767    222  16503  11042    112   8782     43   2669     23   1786      0      0      0   0.00   0.00      0   0.00   35.4  0.006    0.0  0.000      0      0      0      0      0
11/11/1990  27705    215  16147  11343    111   8626     44   2720     25   1871      0      0      0   0.00   0.00      0   0.00   35.8  0.006    0.0  0.000      0      0      0      0      0
11/12/1990  27643    207  15796  11640    110   8513     47   2748     27   1959      0      0      0   0.00   0.00      0   0.00   36.2  0.006    0.0  0.000      0      0      0      0      0
11/13/1990  27588    198  15551  11839    110   8393     49   2778     29   2058      0      0      0   0.00   0.00      0   0.00   36.6  0.006    0.0  0.000      0      0      0      0      0
11/14/1990  27504    189  15356  11959    110   8138     51   2931     29   2033      0      0      0   0.00   0.00      0   0.00   37.1  0.006    0.0  0.000      0      0      0      0      0
11/15/1990  27402    181  15116  12105    109   7861     54   3125     27   1943      0      0      0   0.00   0.00      0   0.00   37.5  0.006    0.0  0.000      0      0      0      0      0
11/16/1990  27271    175  14916  12180    107   7711     58   3278     27   1884      0      0      0   0.00   0.00      0   0.00   37.9  0.006    0.0  0.000      0      0      0      0      0
11/17/1990  27198    170  14845  12183    104   7563     61   3304     28   1953      0      0      0   0.00   0.00      0   0.00   38.4  0.006    0.0  0.000      0      0      0      0      0
11/18/1990  27030    164  14829  12037    102   7461     62   3282     29   2002      0      0      0   0.00   0.00      0   0.00   38.8  0.005    0.0  0.000      0      0      0      0      0
11/19/1990  26842    161  14808  11873    101   7400     64   3291     29   2000      0      0      0   0.00   0.00      0   0.00   39.3  0.005    0.0  0.000      0      0      0      0      0
11/20/1990  27487    159  14706  12622    100   7428     66   3298     25   1787      0      0      0   0.00   0.00      0   0.00   39.7  0.005    0.0  0.000      0      0      0      0      0
11/21/1990  27212    159  14610  12443    100   7514     66   3226     22   1570      0      0      0   0.00   0.00      0   0.00   40.2  0.005    0.0  0.000      0      0      0      0      0
11/22/1990  25871    159  14413  11299    101   7622     66   3258     18   1372      0      0      0   0.00   0.00      0   0.00   40.6  0.005    0.0  0.000      0      0      0      0      0
11/23/1990  25354    158  14187  11009    103   7737     62   3142     17   1339      0      0      0   0.00   0.00      0   0.00   41.0  0.005    0.0  0.000      0      0      0      0      0
11/24/1990  24842    158  14016  10668    104   7882     59   2912     16   1362      0      0      0   0.00   0.00      0   0.00   41.4  0.005    0.0  0.000      0      0      0      0      0
11/25/1990  25399    156  13906  11337    106   8005     57   2677     16   1401      0      0      0   0.00   0.00      0   0.00   41.3  0.005    0.0  0.000      0      0      0      0      0
11/26/1990  25973    154  13799  12020    111   8062     52   2479     16   1296      0      0      0   0.00   0.00      0   0.00   41.2  0.005    0.0  0.000      0      0      0      0      0
11/27/1990  26457    154  13607  12696    115   8222     47   2274     15   1157      0      0      0   0.00   0.00      0   0.00   41.1  0.005    0.0  0.000      0      0      0      0      0
11/28/1990  26938    155  13409  13374    117   8210     44   2291     14   1034      0      0      0   0.00   0.00      0   0.00   41.6  0.005    0.0  0.000      0      0      0      0      0
11/29/1990  25533    156  13261  12116    120   8074     39   2205     15   1138      0      0      0   0.00   0.00      0   0.00   42.0  0.005    0.0  0.000      0      0      0      0      0
11/30/1990  25187    156  13218  11813    120   7934     37   2059     17   1270      0      0      0   0.00   0.00      0   0.00   42.5  0.005    0.0  0.000      0      0      0      0      0
12/01/1990  25792    155  13237  12400    120   7763     36   1986     17   1261      0      0      0   0.00   0.00      0   0.00   42.9  0.005    0.0  0.000      0      0      0      0      0
12/02/1990  26429    155  13217  13057    119   7565     36   1981     15   1130      0      0      0   0.00   0.00      0   0.00   42.9  0.005    0.0  0.000      0      0      0      0      0
12/03/1990  26112    157  13220  12735    116   7376     37   1928     14   1049      0      0      0   0.00   0.00      0   0.00   43.3  0.005    0.0  0.000      0      0      0      0      0
12/04/1990  25921    159  13229  12533    113   7001     37   1951     14   1081      0      0      0   0.00   0.00      0   0.00   43.8  0.005    0.0  0.000      0      0      0      0      0
12/05/1990  26535    161  13102  13272    110   6689     35   1954     15   1086      0      0      0   0.00   0.00      0   0.00   43.7  0.005    0.0  0.000      0      0      0      0      0
12/06/1990  26321    163  12929  13229    105   6467     35   1943     15   1117      0      0      0   0.00   0.00      0   0.00   44.2  0.005    0.0  0.000      0      0      0      0      0
12/07/1990  25535    165  12873  12497     99   6255     36   1894     16   1145      0      0      0   0.00   0.00      0   0.00   44.7  0.005    0.0  0.000      0      0      0      0      0
12/08/1990  25471    165  12820  12486     95   6006     36   1770     16   1237      0      0      0   0.00   0.00      0   0.00   45.2  0.005    0.0  0.000      0      0      0      0      0
12/09/1990  25391    164  12745  12482     93   5726     35   1799     17   1272      0      0      0   0.00   0.00      0   0.00   45.7  0.005    0.0  0.000      0      0      0      0      0
12/10/1990  25339    165  12691  12483     89   5385     35   1909     19   1408      0      0      0   0.00   0.00      0   0.00   46.1  0.005    0.0  0.000      0      0      0      0      0
12/11/1990  25117    166  12513  12438     84   5268     35   1958     22   1553      0      0      0   0.00   0.00      0   0.00   46.6  0.005    0.0  0.000      0      0      0      0      0
12/12/1990  25533    166  12310  13057     79   5237     37   1990     23   1630      0      0      0   0.00   0.00      0   0.00   46.5  0.005    0.0  0.000      0      0      0      0      0
12/13/1990  25980    167  12252  13561     74   5099     40   2231     21   1519      0      0      0   0.00   0.00      0   0.00   47.0  0.004    0.0  0.000      0      0      0      0      0
12/14/1990  26412    165  12218  14029     73   5046     43   2394     16   1169      0      0      0   0.00   0.00      0   0.00   47.0  0.004    0.0  0.000      0      0      0      0      0
12/15/1990  26848    163  12156  14529     72   5020     45   2475     13    929      0      0      0   0.00   0.00      0   0.00   46.9  0.004    0.0  0.000      0      0      0      0      0
12/16/1990  27332    163  12083  15086     71   4935     46   2513     10    722      0      0      0   0.00   0.00      0   0.00   46.8  0.004    0.0  0.000      0      0      0      0      0
12/17/1990  27660    163  11837  15660     72   5022     43   2291     11    798      0      0      0   0.00   0.00      0   0.00   46.7  0.004    0.0  0.000      0      0      0      0      0
12/18/1990  27957    162  11653  16142     72   5271     42   1996     12    855      0      0      0   0.00   0.00      0   0.00   46.6  0.004    0.0  0.000      0      0      0      0      0
12/19/1990  28316    161  11535  16620     72   5454     39   1682     14    895      0      0      0   0.00   0.00      0   0.00   46.5  0.004    0.0  0.000      0      0      0      0      0
12/20/1990  28745    159  11417  17169     75   5514     35   1459     11    706      0      0      0   0.00   0.00      0   0.00   46.5  0.004    0.0  0.000      0      0      0      0      0
12/21/1990  29172    157  11263  17752     79   5520     32   1332      6    381      0      0      0   0.00   0.00      0   0.00   46.4  0.004    0.0  0.000      0      0      0      0      0
12/22/1990  29520    156  11010  18354     81   5362     30   1408      1     96      0      0      0   0.00   0.00      0   0.00   46.3  0.004    0.0  0.000      0      0      0      0      0
12/23/1990  29818    155  10676  18987     81   5313     25   1236      0      0      0      0      0   0.00   0.00      0   0.00   46.2  0.004    0.0  0.000      0      0      0      0      0
12/24/1990  30163    153  10353  19657     78   5193     22    991      0      0      0      0      0   0.00   0.00      0   0.00   46.1  0.004    0.0  0.000      0      0      0      0      0
12/25/1990  30540    150  10033  20357     77   5079     18    706      0     58      0      0      0   0.00   0.00      0   0.00   46.1  0.004    0.0  0.000      0      0      0      0      0
12/26/1990  30838    145   9729  20964     76   5082     15    381      2    198      0      0      0   0.00   0.00      0   0.00   46.0  0.004    0.0  0.000      0      0      0      0      0
12/27/1990  31209    140   9527  21542     75   4971     11     96      5    395      0      0      0   0.00   0.00      0   0.00   45.9  0.004    0.0  0.000      0      0      0      0      0
12/28/1990  31611    135   9294  22182     75   4640      6     58      9    565      0      0      0   0.00   0.00      0   0.00   45.9  0.004    0.0  0.000      0      0      0      0      0
12/29/1990  32000    131   9013  22856     75   4226      3    198      8    524      0      0      0   0.00   0.00      0   0.00   45.8  0.004    0.0  0.000      0      0      0      0      0
12/30/1990  32407    128   8797  23482     71   3795      5    395      8    497      0      0      0   0.00   0.00      0   0.00   45.8  0.004    0.0  0.000      0      0      0      0      0
12/31/1990  32945    124   8702  24119     65   3232      9    623      7    447      0      0      0   0.00   0.00      0   0.00   45.7  0.004    0.0  0.000      0      0      0      0      0
