Varroa Population Simulation - Nov 23,2015  02:34:48 PM
VarroaPop Version 3.2.5.8  June, 2015

                                        Capped  Capped                                                                      Prop           Conc          Conc                                     
            Colony  Adult  Adult         Drone   Wkr    Drone  Wkr    Drone  Wkr  Free   DBrood WBrood DMite  WMite  Mites  Mites  Colony Pollen Colony Nectar   Dead   Dead   Dead   Dead   Dead
     Date   Size   Drones   Wkr   Forgrs Brood  Brood   Larv   Larv    Eggs  Eggs Mites  Mites  Mites  /Cell  /Cell  Dying  Dying  Pollen  Pest  Nectar  Pest    DLarv  WLarv  DAdlt  WAdlt  Forgrs
Initial     10000      0   7770   2230      0      0      0      0      0      0      0      0      0   0.00   0.00      0   0.00    0.0  0.000    0.0  0.000      0      0      0      0      0
08/01/1990   9630      0   7400   2230      0      0      0      0      0    299      0      0      0   0.00   0.00      0   0.00    0.1  0.000    0.0  0.000      0      0      0      0      0
08/02/1990   9260      0   7030   2230      0      0      0      0      0    598      0      0      0   0.00   0.00      0   0.00    0.1  0.000    0.0  0.000      0      0      0      0      0
08/03/1990   8890      0   6660   2230      0      0      0      0      0    896      0      0      0   0.00   0.00      0   0.00    0.2  0.000    0.0  0.000      0      0      0      0      0
08/04/1990   8520      0   6290   2230      0      0      0    299      0    897      0      0      0   0.00   0.00      0   0.00    0.2  0.000    0.0  0.000      0      0      0      0      0
08/05/1990   8150      0   5920   2230      0      0      0    598      0    905      0      0      0   0.00   0.00      0   0.00    0.3  0.000    0.0  0.000      0      0      0      0      0
08/06/1990   7770      0   5550   2220      0      0      0    896      0    916      0      0      0   0.00   0.00      0   0.00    0.3  0.000    0.0  0.000      0      0      0      0      0
08/07/1990   7400      0   5180   2220      0      0      0   1196      0    924      0      0      0   0.00   0.00      0   0.00    0.4  0.000    0.0  0.000      0      0      0      0      0
08/08/1990   7030      0   4810   2220      0      0      0   1503      0    925      0      0      0   0.00   0.00      0   0.00    0.5  0.000    0.0  0.000      0      0      0      0      0
08/09/1990   6660      0   4440   2220      0    299      0   1513      0    924      0      0      0   0.00   0.00      0   0.00    0.5  0.000    0.0  0.000      0      0      0      0      0
08/10/1990   6290      0   4070   2220      0    598      0   1522      0    924      0      0      0   0.00   0.00      0   0.00    0.6  0.000    0.0  0.000      0      0      0      0      0
08/11/1990   4801      0   3685   1116      0    896      0   1532      0    924      0      0      0   0.00   0.00      0   0.00    0.6  0.031    0.0  0.000      0      0      0      9   1103
08/12/1990   4453      0   3350   1103      0   1196      0   1540      0    813      0      0      0   0.00   0.00      0   0.00    0.7  0.040    0.0  0.000      0      0      0      0    162
08/13/1990   4110      0   3015   1095      0   1503      0   1541      0    696      0      0      0   0.00   0.00      0   0.00    0.7  0.047    0.0  0.000      0      0      0      0    157
08/14/1990   3771      0   2680   1091      0   1812      0   1540      0    568      0      0      0   0.00   0.00      0   0.00    0.7  0.052    0.0  0.000      0      0      0      0    153
08/15/1990   3437      0   2345   1092      0   2120      0   1429      0    538      0      0      0   0.00   0.00      0   0.00    0.8  0.057    0.0  0.000      0      0      0      0    148
08/16/1990   3107      0   2010   1097      0   2428      0   1312      0    517      0      0      0   0.00   0.00      0   0.00    0.8  0.060    0.0  0.000      0      0      0      0    144
08/17/1990   2782      0   1675   1107      0   2736      0   1184      0    511      0      0      0   0.00   0.00      0   0.00    0.9  0.062    0.0  0.000      0      0      0      0    139
08/18/1990   2474      0   1340   1134      0   3044      0   1043      0    507      0      0      0   0.00   0.00      0   0.00    0.9  0.063    0.0  0.000      0      0      0      0    135
08/19/1990   2296      0   1005   1291      0   3352      0    905      0    502      0      0      0   0.00   0.00      0   0.00    1.0  0.060    0.0  0.000      0      0      0      0      0
08/20/1990   2114      0    670   1444      0   3549      0    882      0    518      0      0      0   0.00   0.00      0   0.00    1.0  0.056    0.0  0.000      0      0      0      0      0
08/21/1990   1927      0    335   1592      0   3740      0    854      0    563      0      0      0   0.00   0.00      0   0.00    1.1  0.053    0.0  0.000      0      0      0      0      0
08/22/1990   2035      0    299   1736      0   3621      0    839      0    630      0      0      0   0.00   0.00      0   0.00    1.2  0.049    0.0  0.000      0      0      0      0      0
08/23/1990   2138      0    598   1540      0   3489      0    862      0    690      0      0      0   0.00   0.00      0   0.00    1.2  0.047    0.0  0.000      0      0      0      0      0
08/24/1990   2236      0    896   1340      0   3361      0    900      0    691      0      0      0   0.00   0.00      0   0.00    1.3  0.045    0.0  0.000      0      0      0      0      0
08/25/1990   2201      0   1196   1005      0   3235      0    958      0    635      0      0      0   0.00   0.00      0   0.00    1.3  0.043    0.0  0.000      0      0      0      0      0
08/26/1990   2173      0   1503    670      0   3091      0   1045      0    535      0      0      0   0.00   0.00      0   0.00    1.3  0.043    0.0  0.000      0      0      0      0      0
08/27/1990   2147      0   1812    335      0   2947      0   1089      0    443      0      0      0   0.00   0.00      0   0.00    1.3  0.043    0.0  0.000      0      0      0      0      0
08/28/1990   2120      0   2120      0      0   2829      0   1075      0    335      0      0      0   0.00   0.00      0   0.00    1.3  0.043    0.0  0.000      0      0      0      0      0
08/29/1990   2428      0   2428      0      0   2729      0   1017      0    185      0      0      0   0.00   0.00      0   0.00    1.3  0.043    0.0  0.000      0      0      0      0      0
08/30/1990   2736      0   2736      0      0   2653      0    902      0     68      0      0      0   0.00   0.00      0   0.00    1.3  0.043    0.0  0.000      0      0      0      0      0
08/31/1990   3044      0   3044      0      0   2595      0    720      0      0      0      0      0   0.00   0.00      0   0.00    1.3  0.043    0.0  0.000      0      0      0      0      0
09/01/1990   3352      0   3352      0      0   2496      0    511      0      0      0      0      0   0.00   0.00      0   0.00    1.3  0.042    0.0  0.000      0      0      0      0      0
09/02/1990   3549      0   3549      0      0   2475      0    335      0      0      0      0      0   0.00   0.00      0   0.00    1.2  0.042    0.0  0.000      0      0      0      0      0
09/03/1990   3740      0   3740      0      0   2434      0    185      0      0      0      0      0   0.00   0.00      0   0.00    1.2  0.042    0.0  0.000      0      0      0      0      0
09/04/1990   3920      0   3920      0      0   2371      0     68      0      0      0      0      0   0.00   0.00      0   0.00    1.2  0.042    0.0  0.000      0      0      0      0      0
09/05/1990   4087      0   4087      0      0   2272      0      0      0      0      0      0      0   0.00   0.00      0   0.00    1.2  0.042    0.0  0.000      0      0      0      0      0
09/06/1990   4257      0   4257      0      0   2102      0      0      0      0      0      0      0   0.00   0.00      0   0.00    1.1  0.042    0.0  0.000      0      0      0      0      0
09/07/1990   4431      0   4431      0      0   1928      0      0      0      0      0      0      0   0.00   0.00      0   0.00    1.1  0.042    0.0  0.000      0      0      0      0      0
09/08/1990   4594      0   4594      0      0   1765      0      0      0      0      0      0      0   0.00   0.00      0   0.00    1.1  0.042    0.0  0.000      0      0      0      0      0
09/09/1990   4759      0   4759      0      0   1600      0      0      0      0      0      0      0   0.00   0.00      0   0.00    1.0  0.042    0.0  0.000      0      0      0      0      0
09/10/1990   4949      0   4949      0      0   1410      0      0      0      0      0      0      0   0.00   0.00      0   0.00    1.0  0.042    0.0  0.000      0      0      0      0      0
09/11/1990   5157      0   5157      0      0   1202      0      0      0      0      0      0      0   0.00   0.00      0   0.00    1.0  0.042    0.0  0.000      0      0      0      0      0
09/12/1990   5389      0   5090    299      0    970      0      0      0      0      0      0      0   0.00   0.00      0   0.00    1.0  0.042    0.0  0.000      0      0      0      0      0
09/13/1990   5639      0   5041    598      0    720      0      0      0     62      0      0      0   0.00   0.00      0   0.00    0.9  0.042    0.0  0.000      0      0      0      0      0
09/14/1990   5848      0   4952    896      0    511      0      0      0    167      0      0      0   0.00   0.00      0   0.00    1.0  0.042    0.0  0.000      0      0      0      0      0
09/15/1990   6024      0   4828   1196      0    335      0      0      0    309      0      0      0   0.00   0.00      0   0.00    1.0  0.041    0.0  0.000      0      0      0      0      0
09/16/1990   6174      0   4671   1503      0    185      0     62      0    422      0      0      0   0.00   0.00      0   0.00    1.0  0.040    0.0  0.000      0      0      0      0      0
09/17/1990   6291      0   4479   1812      0     68      0    167      0    526      0      0      0   0.00   0.00      0   0.00    1.1  0.038    0.0  0.000      0      0      0      0      0
09/18/1990   6060      0   4239   1821      0      0      0    309      0    616      0      0      0   0.00   0.00      0   0.00    1.1  0.036    0.0  0.000      0      0      0      0      0
09/19/1990   5761      0   3931   1830      0      0      0    484      0    670      0      0      0   0.00   0.00      0   0.00    1.2  0.034    0.0  0.000      0      0      0      0      0
09/20/1990   5463      0   3623   1840      0      0      0    693      0    704      0      0      0   0.00   0.00      0   0.00    1.2  0.032    0.0  0.000      0      0      0      0      0
09/21/1990   5163      0   3315   1848      0     62      0    863      0    718      0      0      0   0.00   0.00      0   0.00    1.3  0.031    0.0  0.000      0      0      0      0      0
09/22/1990   4856      0   3007   1849      0    167      0    987      0    721      0      0      0   0.00   0.00      0   0.00    1.3  0.030    0.0  0.000      0      0      0      0      0
09/23/1990   4547      0   2810   1737      0    309      0   1088      0    696      0      0      0   0.00   0.00      0   0.00    1.4  0.028    0.0  0.000      0      0      0      0      0
09/24/1990   4239      0   2619   1620      0    484      0   1159      0    671      0      0      0   0.00   0.00      0   0.00    1.5  0.027    0.0  0.000      0      0      0      0      0
09/25/1990   3931      0   2439   1492      0    693      0   1182      0    649      0      0      0   0.00   0.00      0   0.00    1.5  0.027    0.0  0.000      0      0      0      0      0
09/26/1990   3623      0   2272   1351      0    925      0   1168      0    629      0      0      0   0.00   0.00      0   0.00    1.5  0.026    0.0  0.000      0      0      0      0      0
09/27/1990   3315      0   2102   1213      0   1154      0   1160      0    595      0      0      0   0.00   0.00      0   0.00    1.6  0.025    0.0  0.000      0      0      0      0      0
09/28/1990   3007      0   1928   1079      0   1397      0   1127      0    562      0      0      0   0.00   0.00      0   0.00    1.6  0.025    0.0  0.000      0      0      0      0      0
09/29/1990   2810      0   1765   1045      0   1643      0   1079      0    535      0      0      0   0.00   0.00      0   0.00    1.6  0.024    0.0  0.000      0      0      0      0      0
09/30/1990   2619      0   1600   1019      0   1875      0   1034      0    520      0      0      0   0.00   0.00      0   0.00    1.7  0.024    0.0  0.000      0      0      0      0      0
10/01/1990   2439      0   1410   1029      0   2093      0    993      0    513      0      0      0   0.00   0.00      0   0.00    1.7  0.023    0.0  0.000      0      0      0      0      0
10/02/1990   2272      0   1202   1070      0   2314      0    943      0    502      0      0      0   0.00   0.00      0   0.00    1.7  0.023    0.0  0.000      0      0      0      0      0
10/03/1990   2102      0    970   1132      0   2524      0    905      0    496      0      0      0   0.00   0.00      0   0.00    1.8  0.022    0.0  0.000      0      0      0      0      0
10/04/1990   1990      0    782   1208      0   2660      0    877      0    513      0      0      0   0.00   0.00      0   0.00    1.8  0.022    0.0  0.000      0      0      0      0      0
10/05/1990   1932      0    678   1254      0   2742      0    850      0    534      0      0      0   0.00   0.00      0   0.00    1.9  0.021    0.0  0.000      0      0      0      0      0
10/06/1990   1909      0    644   1265      0   2777      0    839      0    537      0      0      0   0.00   0.00      0   0.00    1.9  0.020    0.0  0.000      0      0      0      0      0
10/07/1990   1894      0    669   1225      0   2773      0    855      0    507      0      0      0   0.00   0.00      0   0.00    2.0  0.020    0.0  0.000      0      0      0      0      0
10/08/1990   1895      0    761   1134      0   2736      0    864      0    482      0      0      0   0.00   0.00      0   0.00    2.0  0.020    0.0  0.000      0      0      0      0      0
10/09/1990   1895      0    925    970      0   2674      0    863      0    471      0      0      0   0.00   0.00      0   0.00    2.1  0.019    0.0  0.000      0      0      0      0      0
10/10/1990   1874      0   1154    720      0   2605      0    860      0    452      0      0      0   0.00   0.00      0   0.00    2.1  0.019    0.0  0.000      0      0      0      0      0
10/11/1990   1908      0   1397    511      0   2528      0    850      0    406      0      0      0   0.00   0.00      0   0.00    2.1  0.019    0.0  0.000      0      0      0      0      0
10/12/1990   1978      0   1643    335      0   2469      0    821      0    333      0      0      0   0.00   0.00      0   0.00    2.1  0.019    0.0  0.000      0      0      0      0      0
10/13/1990   2060      0   1875    185      0   2418      0    778      0    253      0      0      0   0.00   0.00      0   0.00    2.1  0.019    0.0  0.000      0      0      0      0      0
10/14/1990   2161      0   2093     68      0   2369      0    719      0    177      0      0      0   0.00   0.00      0   0.00    2.1  0.019    0.0  0.000      0      0      0      0      0
10/15/1990   2314      0   2314      0      0   2305      0    647      0    105      0      0      0   0.00   0.00      0   0.00    2.1  0.019    0.0  0.000      0      0      0      0      0
10/16/1990   2524      0   2524      0      0   2251      0    549      0     47      0      0      0   0.00   0.00      0   0.00    2.1  0.019    0.0  0.000      0      0      0      0      0
10/17/1990   2722      0   2722      0      0   2211      0    425      0     13      0      0      0   0.00   0.00      0   0.00    2.1  0.019    0.0  0.000      0      0      0      0      0
10/18/1990   2909      0   2909      0      0   2162      0    300      0      0      0      0      0   0.00   0.00      0   0.00    2.1  0.019    0.0  0.000      0      0      0      0      0
10/19/1990   3086      0   3086      0      0   2095      0    190      0      0      0      0      0   0.00   0.00      0   0.00    2.0  0.019    0.0  0.000      0      0      0      0      0
10/20/1990   3257      0   3257      0      0   2009      0    105      0      0      0      0      0   0.00   0.00      0   0.00    2.0  0.019    0.0  0.000      0      0      0      0      0
10/21/1990   3429      0   3429      0      0   1895      0     47      0      0      0      0      0   0.00   0.00      0   0.00    2.0  0.019    0.0  0.000      0      0      0      0      0
10/22/1990   3599      0   3599      0      0   1759      0     13      0      0      0      0      0   0.00   0.00      0   0.00    2.0  0.019    0.0  0.000      0      0      0      0      0
10/23/1990   3759      0   3759      0      0   1612      0      0      0      0      0      0      0   0.00   0.00      0   0.00    1.9  0.019    0.0  0.000      0      0      0      0      0
10/24/1990   3925      0   3925      0      0   1446      0      0      0      0      0      0      0   0.00   0.00      0   0.00    1.9  0.019    0.0  0.000      0      0      0      0      0
10/25/1990   4112      0   4050     62      0   1259      0      0      0      0      0      0      0   0.00   0.00      0   0.00    1.9  0.019    0.0  0.000      0      0      0      0      0
10/26/1990   4293      0   4126    167      0   1078      0      0      0     11      0      0      0   0.00   0.00      0   0.00    1.9  0.019    0.0  0.000      0      0      0      0      0
10/27/1990   4462      0   4153    309      0    909      0      0      0     41      0      0      0   0.00   0.00      0   0.00    1.9  0.019    0.0  0.000      0      0      0      0      0
10/28/1990   4619      0   4135    484      0    752      0      0      0     92      0      0      0   0.00   0.00      0   0.00    1.8  0.019    0.0  0.000      0      0      0      0      0
10/29/1990   4775      0   4082    693      0    596      0     11      0    155      0      0      0   0.00   0.00      0   0.00    1.8  0.019    0.0  0.000      0      0      0      0      0
10/30/1990   4933      0   4008    925      0    438      0     41      0    217      0      0      0   0.00   0.00      0   0.00    1.9  0.019    0.0  0.000      0      0      0      0      0
10/31/1990   5009      0   3917   1092      0    300      0     92      0    275      0      0      0   0.00   0.00      0   0.00    1.9  0.018    0.0  0.000      0      0      0      0      0
11/01/1990   5008      0   3784   1224      0    190      0    166      0    302      0      0      0   0.00   0.00      0   0.00    1.9  0.018    0.0  0.000      0      0      0      0      0
11/02/1990   4946      0   3623   1323      0    105      0    258      0    312      0      0      0   0.00   0.00      0   0.00    1.9  0.018    0.0  0.000      0      0      0      0      0
11/03/1990   4825      0   3449   1376      0     58      0    356      0    316      0      0      0   0.00   0.00      0   0.00    2.0  0.017    0.0  0.000      0      0      0      0      0
11/04/1990   4647      0   3265   1382      0     54      0    427      0    344      0      0      0   0.00   0.00      0   0.00    2.0  0.017    0.0  0.000      0      0      0      0      0
11/05/1990   4426      0   3057   1369      0     92      0    478      0    375      0      0      0   0.00   0.00      0   0.00    2.1  0.017    0.0  0.000      0      0      0      0      0
11/06/1990   4196      0   2847   1349      0    166      0    517      0    373      0      0      0   0.00   0.00      0   0.00    2.1  0.016    0.0  0.000      0      0      0      0      0
11/07/1990   3953      0   2649   1304      0    258      0    554      0    352      0      0      0   0.00   0.00      0   0.00    2.1  0.016    0.0  0.000      0      0      0      0      0
11/08/1990   3707      0   2462   1245      0    367      0    578      0    339      0      0      0   0.00   0.00      0   0.00    2.2  0.016    0.0  0.000      0      0      0      0      0
11/09/1990   3475      0   2285   1190      0    468      0    588      0    351      0      0      0   0.00   0.00      0   0.00    2.2  0.016    0.0  0.000      0      0      0      0      0
11/10/1990   3257      0   2114   1143      0    570      0    594      0    364      0      0      0   0.00   0.00      0   0.00    2.3  0.015    0.0  0.000      0      0      0      0      0
11/11/1990   3036      0   1942   1094      0    683      0    601      0    367      0      0      0   0.00   0.00      0   0.00    2.3  0.015    0.0  0.000      0      0      0      0      0
11/12/1990   2826      0   1772   1054      0    812      0    595      0    368      0      0      0   0.00   0.00      0   0.00    2.3  0.015    0.0  0.000      0      0      0      0      0
11/13/1990   2628      0   1612   1016      0    945      0    583      0    372      0      0      0   0.00   0.00      0   0.00    2.3  0.015    0.0  0.000      0      0      0      0      0
11/14/1990   2441      0   1446    995      0   1056      0    595      0    355      0      0      0   0.00   0.00      0   0.00    2.4  0.014    0.0  0.000      0      0      0      0      0
11/15/1990   2264      0   1259   1005      0   1164      0    611      0    330      0      0      0   0.00   0.00      0   0.00    2.4  0.014    0.0  0.000      0      0      0      0      0
11/16/1990   2104      0   1089   1015      0   1273      0    616      0    315      0      0      0   0.00   0.00      0   0.00    2.5  0.014    0.0  0.000      0      0      0      0      0
11/17/1990   1962      0    950   1012      0   1366      0    599      0    325      0      0      0   0.00   0.00      0   0.00    2.5  0.014    0.0  0.000      0      0      0      0      0
11/18/1990   1843      0    844    999      0   1436      0    577      0    334      0      0      0   0.00   0.00      0   0.00    2.5  0.014    0.0  0.000      0      0      0      0      0
11/19/1990   1757      0    762    995      0   1485      0    564      0    333      0      0      0   0.00   0.00      0   0.00    2.6  0.013    0.0  0.000      0      0      0      0      0
11/20/1990   1843      0    696   1147      0   1517      0    556      0    297      0      0      0   0.00   0.00      0   0.00    2.6  0.013    0.0  0.000      0      0      0      0      0
11/21/1990   1787      0    667   1120      0   1533      0    539      0    267      0      0      0   0.00   0.00      0   0.00    2.7  0.013    0.0  0.000      0      0      0      0      0
11/22/1990   1527      0    658    869      0   1538      0    542      0    240      0      0      0   0.00   0.00      0   0.00    2.7  0.013    0.0  0.000      0      0      0      0      0
11/23/1990   1460      0    675    785      0   1535      0    523      0    228      0      0      0   0.00   0.00      0   0.00    2.7  0.013    0.0  0.000      0      0      0      0      0
11/24/1990   1416      0    730    686      0   1532      0    491      0    215      0      0      0   0.00   0.00      0   0.00    2.8  0.013    0.0  0.000      0      0      0      0      0
11/25/1990   1539      0    825    714      0   1519      0    457      0    198      0      0      0   0.00   0.00      0   0.00    2.8  0.013    0.0  0.000      0      0      0      0      0
11/26/1990   1666      0    945    721      0   1494      0    417      0    175      0      0      0   0.00   0.00      0   0.00    2.7  0.013    0.0  0.000      0      0      0      0      0
11/27/1990   1771      0   1056    715      0   1492      0    373      0    150      0      0      0   0.00   0.00      0   0.00    2.7  0.013    0.0  0.000      0      0      0      0      0
11/28/1990   1873      0   1164    709      0   1464      0    358      0    132      0      0      0   0.00   0.00      0   0.00    2.8  0.012    0.0  0.000      0      0      0      0      0
11/29/1990   1693      0   1284    409      0   1422      0    325      0    143      0      0      0   0.00   0.00      0   0.00    2.8  0.012    0.0  0.000      0      0      0      0      0
11/30/1990   1683      0   1407    276      0   1381      0    283      0    139      0      0      0   0.00   0.00      0   0.00    2.8  0.012    0.0  0.000      0      0      0      0      0
12/01/1990   1801      0   1528    273      0   1328      0    262      0    113      0      0      0   0.00   0.00      0   0.00    2.8  0.012    0.0  0.000      0      0      0      0      0
12/02/1990   1921      0   1651    270      0   1270      0    253      0     74      0      0      0   0.00   0.00      0   0.00    2.8  0.012    0.0  0.000      0      0      0      0      0
12/03/1990   1944      0   1775    169      0   1211      0    224      0     58      0      0      0   0.00   0.00      0   0.00    2.8  0.012    0.0  0.000      0      0      0      0      0
12/04/1990   1994      0   1900     94      0   1131      0    200      0     51      0      0      0   0.00   0.00      0   0.00    2.8  0.012    0.0  0.000      0      0      0      0      0
12/05/1990   2099      0   2006     93      0   1065      0    177      0     40      0      0      0   0.00   0.00      0   0.00    2.7  0.012    0.0  0.000      0      0      0      0      0
12/06/1990   2105      0   2105      0      0   1013      0    150      0     27      0      0      0   0.00   0.00      0   0.00    2.7  0.012    0.0  0.000      0      0      0      0      0
12/07/1990   2214      0   2204     10      0    959      0    108      0     13      0      0      0   0.00   0.00      0   0.00    2.7  0.012    0.0  0.000      0      0      0      0      0
12/08/1990   2328      0   2290     38      0    879      0     78      0      7      0      0      0   0.00   0.00      0   0.00    2.7  0.012    0.0  0.000      0      0      0      0      0
12/09/1990   2433      0   2347     86      0    792      0     64      0      3      0      0      0   0.00   0.00      0   0.00    2.7  0.012    0.0  0.000      0      0      0      0      0
12/10/1990   2538      0   2382    156      0    700      0     47      0     14      0      0      0   0.00   0.00      0   0.00    2.7  0.012    0.0  0.000      0      0      0      0      0
12/11/1990   2613      0   2370    243      0    640      0     27      0     32      0      0      0   0.00   0.00      0   0.00    2.7  0.012    0.0  0.000      0      0      0      0      0
12/12/1990   2686      0   2339    347      0    576      0     16      0     55      0      0      0   0.00   0.00      0   0.00    2.7  0.012    0.0  0.000      0      0      0      0      0
12/13/1990   2763      0   2320    443      0    500      0     21      0     75      0      0      0   0.00   0.00      0   0.00    2.7  0.012    0.0  0.000      0      0      0      0      0
12/14/1990   2826      0   2286    540      0    439      0     32      0     74      0      0      0   0.00   0.00      0   0.00    2.7  0.012    0.0  0.000      0      0      0      0      0
12/15/1990   2886      0   2238    648      0    374      0     58      0     74      0      0      0   0.00   0.00      0   0.00    2.6  0.012    0.0  0.000      0      0      0      0      0
12/16/1990   2946      0   2174    772      0    309      0     89      0     70      0      0      0   0.00   0.00      0   0.00    2.6  0.012    0.0  0.000      0      0      0      0      0
12/17/1990   2986      0   2086    900      0    267      0    103      0     89      0      0      0   0.00   0.00      0   0.00    2.6  0.012    0.0  0.000      0      0      0      0      0
12/18/1990   3022      0   2015   1007      0    238      0    118      0    108      0      0      0   0.00   0.00      0   0.00    2.6  0.012    0.0  0.000      0      0      0      0      0
12/19/1990   3065      0   1954   1111      0    209      0    127      0    124      0      0      0   0.00   0.00      0   0.00    2.6  0.012    0.0  0.000      0      0      0      0      0
12/20/1990   3117      0   1890   1227      0    179      0    137      0    103      0      0      0   0.00   0.00      0   0.00    2.6  0.012    0.0  0.000      0      0      0      0      0
12/21/1990   3149      0   1803   1346      0    174      0    151      0     58      0      0      0   0.00   0.00      0   0.00    2.6  0.012    0.0  0.000      0      0      0      0      0
12/22/1990   3166      0   1703   1463      0    170      0    177      0     15      0      0      0   0.00   0.00      0   0.00    2.5  0.012    0.0  0.000      0      0      0      0      0
12/23/1990   3179      0   1597   1582      0    179      0    166      0      0      0      0      0   0.00   0.00      0   0.00    2.5  0.012    0.0  0.000      0      0      0      0      0
12/24/1990   3195      0   1493   1702      0    186      0    139      0      0      0      0      0   0.00   0.00      0   0.00    2.5  0.012    0.0  0.000      0      0      0      0      0
12/25/1990   3204      0   1382   1822      0    208      0    103      0     11      0      0      0   0.00   0.00      0   0.00    2.5  0.012    0.0  0.000      0      0      0      0      0
12/26/1990   3205      0   1282   1923      0    247      0     58      0     40      0      0      0   0.00   0.00      0   0.00    2.5  0.012    0.0  0.000      0      0      0      0      0
12/27/1990   3207      0   1190   2017      0    283      0     15      0     82      0      0      0   0.00   0.00      0   0.00    2.5  0.012    0.0  0.000      0      0      0      0      0
12/28/1990   3202      0   1080   2122      0    298      0     11      0    121      0      0      0   0.00   0.00      0   0.00    2.5  0.012    0.0  0.000      0      0      0      0      0
12/29/1990   3197      0    964   2233      0    298      0     40      0    114      0      0      0   0.00   0.00      0   0.00    2.5  0.012    0.0  0.000      0      0      0      0      0
12/30/1990   3195      0    859   2336      0    295      0     82      0    111      0      0      0   0.00   0.00      0   0.00    2.5  0.012    0.0  0.000      0      0      0      0      0
12/31/1990   3201      0    761   2440      0    284      0    132      0    102      0      0      0   0.00   0.00      0   0.00    2.5  0.012    0.0  0.000      0      0      0      0      0
