Varroa Population Simulation - Nov 23,2015  02:36:03 PM
VarroaPop Version 3.2.5.8  June, 2015

                                        Capped  Capped                                                                      Prop           Conc          Conc                                     
            Colony  Adult  Adult         Drone   Wkr    Drone  Wkr    Drone  Wkr  Free   DBrood WBrood DMite  WMite  Mites  Mites  Colony Pollen Colony Nectar   Dead   Dead   Dead   Dead   Dead
     Date   Size   Drones   Wkr   Forgrs Brood  Brood   Larv   Larv    Eggs  Eggs Mites  Mites  Mites  /Cell  /Cell  Dying  Dying  Pollen  Pest  Nectar  Pest    DLarv  WLarv  DAdlt  WAdlt  Forgrs
Initial     10000      0   7770   2230      0      0      0      0      0      0      0      0      0   0.00   0.00      0   0.00    0.0  0.000    0.0  0.000      0      0      0      0      0
08/01/1990   9630      0   7400   2230      0      0      0      0      0    398      0      0      0   0.00   0.00      0   0.00    0.1  0.000    0.0  0.000      0      0      0      0      0
08/02/1990   9260      0   7030   2230      0      0      0      0      0    795      0      0      0   0.00   0.00      0   0.00    0.1  0.000    0.0  0.000      0      0      0      0      0
08/03/1990   8890      0   6660   2230      0      0      0      0      0   1192      0      0      0   0.00   0.00      0   0.00    0.2  0.000    0.0  0.000      0      0      0      0      0
08/04/1990   8520      0   6290   2230      0      0      0    398      0   1194      0      0      0   0.00   0.00      0   0.00    0.2  0.000    0.0  0.000      0      0      0      0      0
08/05/1990   8150      0   5920   2230      0      0      0    795      0   1206      0      0      0   0.00   0.00      0   0.00    0.3  0.000    0.0  0.000      0      0      0      0      0
08/06/1990   7770      0   5550   2220      0      0      0   1192      0   1220      0      0      0   0.00   0.00      0   0.00    0.3  0.000    0.0  0.000      0      0      0      0      0
08/07/1990   7400      0   5180   2220      0      0      0   1592      0   1230      0      0      0   0.00   0.00      0   0.00    0.4  0.000    0.0  0.000      0      0      0      0      0
08/08/1990   7030      0   4810   2220      0      0      0   2001      0   1231      0      0      0   0.00   0.00      0   0.00    0.5  0.000    0.0  0.000      0      0      0      0      0
08/09/1990   6660      0   4440   2220      0    398      0   2014      0   1230      0      0      0   0.00   0.00      0   0.00    0.5  0.000    0.0  0.000      0      0      0      0      0
08/10/1990   6290      0   4070   2220      0    795      0   2027      0   1230      0      0      0   0.00   0.00      0   0.00    0.6  0.000    0.0  0.000      0      0      0      0      0
08/11/1990    803      0    803      0      0   1192      0   1710      0   1231      0      0      0   0.00   0.00      0   0.00    0.6  1.091    0.0  0.000      0    330      0   2888   2220
08/12/1990    730      0    730      0      0   1390      0   1894      0    821      0      0      0   0.00   0.00      0   0.00    0.6  1.090    0.0  0.000      0     28      0      0     73
08/13/1990    657      0    657      0      0   1671      0   2000      0    411      0      0      0   0.00   0.00      0   0.00    0.6  1.090    0.0  0.000      0     23      0      0     73
08/14/1990    584      0    584      0      0   2054      0   2007      0      0      0      0      0   0.00   0.00      0   0.00    0.6  1.090    0.0  0.000      0     21      0      0     73
08/15/1990    511      0    511      0      0   2441      0   1601      0      0      0      0      0   0.00   0.00      0   0.00    0.6  1.090    0.0  0.000      0     19      0      0     73
08/16/1990    438      0    438      0      0   2830      0   1195      0      0      0      0      0   0.00   0.00      0   0.00    0.6  1.090    0.0  0.000      0     17      0      0     73
08/17/1990    365      0    365      0      0   3221      0    789      0      0      0      0      0   0.00   0.00      0   0.00    0.6  1.090    0.0  0.000      0     15      0      0     73
08/18/1990    292      0    292      0      0   3614      0    396      0      0      0      0      0   0.00   0.00      0   0.00    0.6  1.090    0.0  0.000      0      0      0      0     73
08/19/1990    292      0    219     73      0   4010      0      0      0      0      0      0      0   0.00   0.00      0   0.00    0.6  1.087    0.0  0.000      0      0      0      0      0
08/20/1990    292      0    146    146      0   4010      0      0      0     21      0      0      0   0.00   0.00      0   0.00    0.6  1.077    0.0  0.000      0      0      0      0      0
08/21/1990    292      0     73    219      0   4010      0      0      0     62      0      0      0   0.00   0.00      0   0.00    0.6  1.060    0.0  0.000      0      0      0      0      0
08/22/1990    690      0    398    292      0   3612      0      0      0    125      0      0      0   0.00   0.00      0   0.00    0.7  1.042    0.0  0.000      0      0      0      0      0
08/23/1990   1087      0    795    292      0   3215      0     21      0    189      0      0      0   0.00   0.00      0   0.00    0.7  1.028    0.0  0.000      0      0      0      0      0
08/24/1990   1484      0   1192    292      0   2818      0     62      0    224      0      0      0   0.00   0.00      0   0.00    0.7  1.017    0.0  0.000      0      0      0      0      0
08/25/1990   1609      0   1390    219      0   2620      0    125      0    231      0      0      0   0.00   0.00      0   0.00    0.7  1.013    0.0  0.000      0      0      0      0      0
08/26/1990   1817      0   1671    146      0   2339      0    210      0    202      0      0      0   0.00   0.00      0   0.00    0.7  1.013    0.0  0.000      0      0      0      0      0
08/27/1990   2127      0   2054     73      0   1956      0    286      0    166      0      0      0   0.00   0.00      0   0.00    0.7  1.012    0.0  0.000      0      0      0      0      0
08/28/1990   2441      0   2441      0      0   1590      0    335      0    118      0      0      0   0.00   0.00      0   0.00    0.7  1.012    0.0  0.000      0      0      0      0      0
08/29/1990   2830      0   2830      0      0   1242      0    350      0     62      0      0      0   0.00   0.00      0   0.00    0.6  1.012    0.0  0.000      0      0      0      0      0
08/30/1990   3221      0   3221      0      0    914      0    327      0     22      0      0      0   0.00   0.00      0   0.00    0.6  1.011    0.0  0.000      0      0      0      0      0
08/31/1990   3614      0   3614      0      0    606      0    264      0      0      0      0      0   0.00   0.00      0   0.00    0.6  1.010    0.0  0.000      0      0      0      0      0
09/01/1990   4010      0   4010      0      0    286      0    188      0      0      0      0      0   0.00   0.00      0   0.00    0.6  1.008    0.0  0.000      0      0      0      0      0
09/02/1990   4010      0   4010      0      0    356      0    118      0      0      0      0      0   0.00   0.00      0   0.00    0.6  1.007    0.0  0.000      0      0      0      0      0
09/03/1990   4010      0   4010      0      0    412      0     62      0      0      0      0      0   0.00   0.00      0   0.00    0.5  1.004    0.0  0.000      0      0      0      0      0
09/04/1990   4010      0   4010      0      0    452      0     22      0      0      0      0      0   0.00   0.00      0   0.00    0.5  1.002    0.0  0.000      0      0      0      0      0
09/05/1990   4010      0   4010      0      0    474      0      0      0      0      0      0      0   0.00   0.00      0   0.00    0.5  0.999    0.0  0.000      0      0      0      0      0
09/06/1990   4010      0   4010      0      0    474      0      0      0      0      0      0      0   0.00   0.00      0   0.00    0.5  0.995    0.0  0.000      0      0      0      0      0
09/07/1990   4010      0   4010      0      0    474      0      0      0      0      0      0      0   0.00   0.00      0   0.00    0.4  0.990    0.0  0.000      0      0      0      0      0
09/08/1990   4010      0   4010      0      0    474      0      0      0      0      0      0      0   0.00   0.00      0   0.00    0.4  0.984    0.0  0.000      0      0      0      0      0
09/09/1990   4010      0   4010      0      0    474      0      0      0      0      0      0      0   0.00   0.00      0   0.00    0.4  0.975    0.0  0.000      0      0      0      0      0
09/10/1990   4031      0   4031      0      0    453      0      0      0      0      0      0      0   0.00   0.00      0   0.00    0.3  0.964    0.0  0.000      0      0      0      0      0
09/11/1990   4072      0   4072      0      0    412      0      0      0      0      0      0      0   0.00   0.00      0   0.00    0.3  0.952    0.0  0.000      0      0      0      0      0
09/12/1990   4135      0   3737    398      0    349      0      0      0      0      0      0      0   0.00   0.00      0   0.00    0.3  0.950    0.0  0.000      0      0      0      0      0
09/13/1990   4220      0   3425    795      0    264      0      0      0    107      0      0      0   0.00   0.00      0   0.00    0.3  0.919    0.0  0.000      0      0      0      0      0
09/14/1990   4296      0   3104   1192      0    188      0      0      0    282      0      0      0   0.00   0.00      0   0.00    0.3  0.836    0.0  0.000      0      0      0      0      0
09/15/1990   4366      0   2976   1390      0    118      0      0      0    515      0      0      0   0.00   0.00      0   0.00    0.4  0.743    0.0  0.000      0      0      0      0      0
09/16/1990   4422      0   2751   1671      0     62      0    107      0    667      0      0      0   0.00   0.00      0   0.00    0.4  0.643    0.0  0.000      0      0      0      0      0
09/17/1990   4462      0   2408   2054      0     22      0    282      0    791      0      0      0   0.00   0.00      0   0.00    0.5  0.543    0.0  0.000      0      0      0      0      0
09/18/1990   4086      0   2043   2043      0      0      0    515      0    891      0      0      0   0.00   0.00      0   0.00    0.6  0.467    0.0  0.000      0      0      0      0      0
09/19/1990   3689      0   1654   2035      0      0      0    774      0    960      0      0      0   0.00   0.00      0   0.00    0.6  0.408    0.0  0.000      0      0      0      0      0
09/20/1990   3292      0   1263   2029      0      0      0   1073      0   1006      0      0      0   0.00   0.00      0   0.00    0.7  0.361    0.0  0.000      0      0      0      0      0
09/21/1990   3094      0    870   2224      0    107      0   1299      0   1021      0      0      0   0.00   0.00      0   0.00    0.8  0.319    0.0  0.000      0      0      0      0      0
09/22/1990   2813      0    474   2339      0    282      0   1452      0   1038      0      0      0   0.00   0.00      0   0.00    0.9  0.285    0.0  0.000      0      0      0      0      0
09/23/1990   2430      0    474   1956      0    515      0   1564      0   1027      0      0      0   0.00   0.00      0   0.00    1.0  0.261    0.0  0.000      0      0      0      0      0
09/24/1990   2043      0    474   1569      0    774      0   1653      0    997      0      0      0   0.00   0.00      0   0.00    1.1  0.246    0.0  0.000      0      0      0      0      0
09/25/1990   1654      0    474   1180      0   1073      0   1699      0    926      0      0      0   0.00   0.00      0   0.00    1.1  0.235    0.0  0.000      0      0      0      0      0
09/26/1990   1263      0    474    789      0   1406      0   1700      0    818      0      0      0   0.00   0.00      0   0.00    1.2  0.229    0.0  0.000      0      0      0      0      0
09/27/1990    870      0    474    396      0   1734      0   1690      0    669      0      0      0   0.00   0.00      0   0.00    1.2  0.227    0.0  0.000      0      0      0      0      0
09/28/1990    474      0    474      0      0   2079      0   1619      0    494      0      0      0   0.00   0.00      0   0.00    1.2  0.227    0.0  0.000      0      0      0      0      0
09/29/1990    474      0    474      0      0   2427      0   1497      0    268      0      0      0   0.00   0.00      0   0.00    1.2  0.227    0.0  0.000      0      0      0      0      0
09/30/1990    474      0    474      0      0   2772      0   1321      0     99      0      0      0   0.00   0.00      0   0.00    1.1  0.227    0.0  0.000      0      0      0      0      0
10/01/1990    474      0    453     21      0   3106      0   1086      0      0      0      0      0   0.00   0.00      0   0.00    1.1  0.227    0.0  0.000      0      0      0      0      0
10/02/1990    474      0    412     62      0   3424      0    768      0      0      0      0      0   0.00   0.00      0   0.00    1.1  0.227    0.0  0.000      0      0      0      0      0
10/03/1990    474      0    349    125      0   3698      0    494      0     17      0      0      0   0.00   0.00      0   0.00    1.1  0.226    0.0  0.000      0      0      0      0      0
10/04/1990    581      0    371    210      0   3817      0    268      0     55      0      0      0   0.00   0.00      0   0.00    1.2  0.225    0.0  0.000      0      0      0      0      0
10/05/1990    756      0    470    286      0   3811      0     99      0    112      0      0      0   0.00   0.00      0   0.00    1.2  0.223    0.0  0.000      0      0      0      0      0
10/06/1990    989      0    633    356      0   3677      0     17      0    164      0      0      0   0.00   0.00      0   0.00    1.2  0.221    0.0  0.000      0      0      0      0      0
10/07/1990   1227      0    836    391      0   3418      0     55      0    203      0      0      0   0.00   0.00      0   0.00    1.2  0.218    0.0  0.000      0      0      0      0      0
10/08/1990   1485      0   1095    390      0   3119      0    112      0    231      0      0      0   0.00   0.00      0   0.00    1.2  0.216    0.0  0.000      0      0      0      0      0
10/09/1990   1755      0   1406    349      0   2786      0    181      0    252      0      0      0   0.00   0.00      0   0.00    1.2  0.214    0.0  0.000      0      0      0      0      0
10/10/1990   1998      0   1734    264      0   2458      0    258      0    255      0      0      0   0.00   0.00      0   0.00    1.2  0.214    0.0  0.000      0      0      0      0      0
10/11/1990   2267      0   2079    188      0   2130      0    326      0    233      0      0      0   0.00   0.00      0   0.00    1.2  0.214    0.0  0.000      0      0      0      0      0
10/12/1990   2545      0   2427    118      0   1820      0    378      0    190      0      0      0   0.00   0.00      0   0.00    1.2  0.214    0.0  0.000      0      0      0      0      0
10/13/1990   2834      0   2772     62      0   1532      0    401      0    139      0      0      0   0.00   0.00      0   0.00    1.2  0.214    0.0  0.000      0      0      0      0      0
10/14/1990   3128      0   3106     22      0   1267      0    395      0     92      0      0      0   0.00   0.00      0   0.00    1.2  0.214    0.0  0.000      0      0      0      0      0
10/15/1990   3424      0   3424      0      0   1026      0    365      0     50      0      0      0   0.00   0.00      0   0.00    1.2  0.214    0.0  0.000      0      0      0      0      0
10/16/1990   3698      0   3698      0      0    837      0    309      0     21      0      0      0   0.00   0.00      0   0.00    1.1  0.214    0.0  0.000      0      0      0      0      0
10/17/1990   3924      0   3924      0      0    701      0    235      0      5      0      0      0   0.00   0.00      0   0.00    1.1  0.214    0.0  0.000      0      0      0      0      0
10/18/1990   4093      0   4093      0      0    612      0    160      0      0      0      0      0   0.00   0.00      0   0.00    1.1  0.214    0.0  0.000      0      0      0      0      0
10/19/1990   4192      0   4192      0      0    576      0     97      0      0      0      0      0   0.00   0.00      0   0.00    1.1  0.213    0.0  0.000      0      0      0      0      0
10/20/1990   4192      0   4192      0      0    623      0     50      0      0      0      0      0   0.00   0.00      0   0.00    1.0  0.213    0.0  0.000      0      0      0      0      0
10/21/1990   4192      0   4192      0      0    652      0     21      0      0      0      0      0   0.00   0.00      0   0.00    1.0  0.213    0.0  0.000      0      0      0      0      0
10/22/1990   4192      0   4192      0      0    668      0      5      0      0      0      0      0   0.00   0.00      0   0.00    1.0  0.213    0.0  0.000      0      0      0      0      0
10/23/1990   4192      0   4192      0      0    673      0      0      0      0      0      0      0   0.00   0.00      0   0.00    0.9  0.213    0.0  0.000      0      0      0      0      0
10/24/1990   4209      0   4209      0      0    656      0      0      0      0      0      0      0   0.00   0.00      0   0.00    0.9  0.212    0.0  0.000      0      0      0      0      0
10/25/1990   4247      0   4140    107      0    618      0      0      0      0      0      0      0   0.00   0.00      0   0.00    0.9  0.212    0.0  0.000      0      0      0      0      0
10/26/1990   4304      0   4022    282      0    561      0      0      0     25      0      0      0   0.00   0.00      0   0.00    0.9  0.212    0.0  0.000      0      0      0      0      0
10/27/1990   4373      0   3858    515      0    492      0      0      0     91      0      0      0   0.00   0.00      0   0.00    0.9  0.212    0.0  0.000      0      0      0      0      0
10/28/1990   4450      0   3676    774      0    415      0      0      0    197      0      0      0   0.00   0.00      0   0.00    0.9  0.211    0.0  0.000      0      0      0      0      0
10/29/1990   4535      0   3462   1073      0    330      0     25      0    316      0      0      0   0.00   0.00      0   0.00    0.9  0.205    0.0  0.000      0      0      0      0      0
10/30/1990   4625      0   3219   1406      0    240      0     91      0    420      0      0      0   0.00   0.00      0   0.00    0.9  0.197    0.0  0.000      0      0      0      0      0
10/31/1990   4598      0   2971   1627      0    160      0    197      0    510      0      0      0   0.00   0.00      0   0.00    1.0  0.186    0.0  0.000      0      0      0      0      0
11/01/1990   4480      0   2689   1791      0     97      0    341      0    541      0      0      0   0.00   0.00      0   0.00    1.0  0.175    0.0  0.000      0      0      0      0      0
11/02/1990   4289      0   2388   1901      0     50      0    511      0    545      0      0      0   0.00   0.00      0   0.00    1.1  0.164    0.0  0.000      0      0      0      0      0
11/03/1990   4055      0   2072   1983      0     46      0    682      0    541      0      0      0   0.00   0.00      0   0.00    1.2  0.154    0.0  0.000      0      0      0      0      0
11/04/1990   3769      0   1754   2015      0     96      0    791      0    583      0      0      0   0.00   0.00      0   0.00    1.3  0.144    0.0  0.000      0      0      0      0      0
11/05/1990   3439      0   1441   1998      0    197      0    859      0    635      0      0      0   0.00   0.00      0   0.00    1.3  0.135    0.0  0.000      0      0      0      0      0
11/06/1990   3110      0   1167   1943      0    341      0    907      0    631      0      0      0   0.00   0.00      0   0.00    1.4  0.128    0.0  0.000      0      0      0      0      0
11/07/1990   2765      0    941   1824      0    511      0    954      0    596      0      0      0   0.00   0.00      0   0.00    1.5  0.121    0.0  0.000      0      0      0      0      0
11/08/1990   2417      0    772   1645      0    707      0    984      0    569      0      0      0   0.00   0.00      0   0.00    1.6  0.116    0.0  0.000      0      0      0      0      0
11/09/1990   2072      0    673   1399      0    882      0    997      0    578      0      0      0   0.00   0.00      0   0.00    1.6  0.112    0.0  0.000      0      0      0      0      0
11/10/1990   1739      0    673   1066      0   1056      0   1005      0    577      0      0      0   0.00   0.00      0   0.00    1.7  0.109    0.0  0.000      0      0      0      0      0
11/11/1990   1423      0    673    750      0   1248      0   1012      0    534      0      0      0   0.00   0.00      0   0.00    1.7  0.107    0.0  0.000      0      0      0      0      0
11/12/1990   1152      0    673    479      0   1465      0    992      0    462      0      0      0   0.00   0.00      0   0.00    1.7  0.106    0.0  0.000      0      0      0      0      0
11/13/1990    930      0    673    257      0   1691      0    947      0    371      0      0      0   0.00   0.00      0   0.00    1.7  0.106    0.0  0.000      0      0      0      0      0
11/14/1990    765      0    656    109      0   1879      0    915      0    260      0      0      0   0.00   0.00      0   0.00    1.7  0.106    0.0  0.000      0      0      0      0      0
11/15/1990    670      0    618     52      0   2061      0    858      0    154      0      0      0   0.00   0.00      0   0.00    1.7  0.106    0.0  0.000      0      0      0      0      0
11/16/1990    692      0    586    106      0   2235      0    749      0     74      0      0      0   0.00   0.00      0   0.00    1.7  0.106    0.0  0.000      0      0      0      0      0
11/17/1990    754      0    583    171      0   2366      0    597      0     51      0      0      0   0.00   0.00      0   0.00    1.7  0.106    0.0  0.000      0      0      0      0      0
11/18/1990    855      0    612    243      0   2441      0    435      0     64      0      0      0   0.00   0.00      0   0.00    1.7  0.106    0.0  0.000      0      0      0      0      0
11/19/1990    993      0    671    322      0   2453      0    289      0     99      0      0      0   0.00   0.00      0   0.00    1.7  0.105    0.0  0.000      0      0      0      0      0
11/20/1990   1157      0    751    406      0   2408      0    186      0    120      0      0      0   0.00   0.00      0   0.00    1.7  0.104    0.0  0.000      0      0      0      0      0
11/21/1990   1337      0    867    470      0   2302      0    128      0    133      0      0      0   0.00   0.00      0   0.00    1.8  0.103    0.0  0.000      0      0      0      0      0
11/22/1990   1424      0    979    445      0   2172      0    128      0    144      0      0      0   0.00   0.00      0   0.00    1.8  0.102    0.0  0.000      0      0      0      0      0
11/23/1990   1529      0   1106    423      0   2017      0    152      0    155      0      0      0   0.00   0.00      0   0.00    1.8  0.101    0.0  0.000      0      0      0      0      0
11/24/1990   1644      0   1269    375      0   1835      0    187      0    162      0      0      0   0.00   0.00      0   0.00    1.8  0.101    0.0  0.000      0      0      0      0      0
11/25/1990   1855      0   1470    385      0   1640      0    221      0    159      0      0      0   0.00   0.00      0   0.00    1.8  0.101    0.0  0.000      0      0      0      0      0
11/26/1990   2075      0   1691    384      0   1446      0    243      0    141      0      0      0   0.00   0.00      0   0.00    1.8  0.101    0.0  0.000      0      0      0      0      0
11/27/1990   2257      0   1879    378      0   1303      0    250      0    121      0      0      0   0.00   0.00      0   0.00    1.8  0.101    0.0  0.000      0      0      0      0      0
11/28/1990   2433      0   2061    372      0   1164      0    260      0    105      0      0      0   0.00   0.00      0   0.00    1.8  0.101    0.0  0.000      0      0      0      0      0
11/29/1990   2471      0   2260    211      0   1010      0    251      0    112      0      0      0   0.00   0.00      0   0.00    1.8  0.101    0.0  0.000      0      0      0      0      0
11/30/1990   2593      0   2457    136      0    869      0    227      0    107      0      0      0   0.00   0.00      0   0.00    1.8  0.101    0.0  0.000      0      0      0      0      0
12/01/1990   2771      0   2638    133      0    742      0    210      0     84      0      0      0   0.00   0.00      0   0.00    1.7  0.101    0.0  0.000      0      0      0      0      0
12/02/1990   2924      0   2794    130      0    638      0    201      0     52      0      0      0   0.00   0.00      0   0.00    1.7  0.101    0.0  0.000      0      0      0      0      0
12/03/1990   2995      0   2919     76      0    566      0    175      0     38      0      0      0   0.00   0.00      0   0.00    1.7  0.101    0.0  0.000      0      0      0      0      0
12/04/1990   3048      0   3009     39      0    512      0    153      0     32      0      0      0   0.00   0.00      0   0.00    1.7  0.101    0.0  0.000      0      0      0      0      0
12/05/1990   3092      0   3054     38      0    499      0    132      0     24      0      0      0   0.00   0.00      0   0.00    1.7  0.101    0.0  0.000      0      0      0      0      0
12/06/1990   3073      0   3073      0      0    517      0    108      0     15      0      0      0   0.00   0.00      0   0.00    1.7  0.101    0.0  0.000      0      0      0      0      0
12/07/1990   3082      0   3058     24      0    550      0     73      0      7      0      0      0   0.00   0.00      0   0.00    1.6  0.100    0.0  0.000      0      0      0      0      0
12/08/1990   3102      0   3014     88      0    555      0     49      0      6      0      0      0   0.00   0.00      0   0.00    1.6  0.100    0.0  0.000      0      0      0      0      0
12/09/1990   3131      0   2940    191      0    537      0     39      0     13      0      0      0   0.00   0.00      0   0.00    1.6  0.100    0.0  0.000      0      0      0      0      0
12/10/1990   3172      0   2841    331      0    503      0     28      0     43      0      0      0   0.00   0.00      0   0.00    1.6  0.100    0.0  0.000      0      0      0      0      0
12/11/1990   3210      0   2714    496      0    473      0     17      0     92      0      0      0   0.00   0.00      0   0.00    1.6  0.100    0.0  0.000      0      0      0      0      0
12/12/1990   3250      0   2563    687      0    436      0     20      0    146      0      0      0   0.00   0.00      0   0.00    1.6  0.100    0.0  0.000      0      0      0      0      0
12/13/1990   3301      0   2444    857      0    383      0     47      0    189      0      0      0   0.00   0.00      0   0.00    1.6  0.099    0.0  0.000      0      0      0      0      0
12/14/1990   3350      0   2324   1026      0    333      0     94      0    177      0      0      0   0.00   0.00      0   0.00    1.6  0.099    0.0  0.000      0      0      0      0      0
12/15/1990   3397      0   2184   1213      0    281      0    159      0    169      0      0      0   0.00   0.00      0   0.00    1.6  0.099    0.0  0.000      0      0      0      0      0
12/16/1990   3445      0   2020   1425      0    230      0    230      0    154      0      0      0   0.00   0.00      0   0.00    1.5  0.099    0.0  0.000      0      0      0      0      0
12/17/1990   3476      0   1830   1646      0    205      0    258      0    190      0      0      0   0.00   0.00      0   0.00    1.5  0.099    0.0  0.000      0      0      0      0      0
12/18/1990   3503      0   1674   1829      0    203      0    285      0    226      0      0      0   0.00   0.00      0   0.00    1.5  0.099    0.0  0.000      0      0      0      0      0
12/19/1990   3534      0   1529   2005      0    217      0    292      0    254      0      0      0   0.00   0.00      0   0.00    1.5  0.099    0.0  0.000      0      0      0      0      0
12/20/1990   3571      0   1373   2198      0    239      0    302      0    209      0      0      0   0.00   0.00      0   0.00    1.5  0.099    0.0  0.000      0      0      0      0      0
12/21/1990   3592      0   1203   2389      0    285      0    322      0    116      0      0      0   0.00   0.00      0   0.00    1.5  0.099    0.0  0.000      0      0      0      0      0
12/22/1990   3600      0   1036   2564      0    310      0    369      0     30      0      0      0   0.00   0.00      0   0.00    1.5  0.099    0.0  0.000      0      0      0      0      0
12/23/1990   3605      0    891   2714      0    356      0    342      0      0      0      0      0   0.00   0.00      0   0.00    1.5  0.099    0.0  0.000      0      0      0      0      0
12/24/1990   3612      0    779   2833      0    401      0    284      0      0      0      0      0   0.00   0.00      0   0.00    1.5  0.099    0.0  0.000      0      0      0      0      0
12/25/1990   3614      0    697   2917      0    468      0    209      0     21      0      0      0   0.00   0.00      0   0.00    1.5  0.099    0.0  0.000      0      0      0      0      0
12/26/1990   3611      0    655   2956      0    558      0    116      0     72      0      0      0   0.00   0.00      0   0.00    1.5  0.099    0.0  0.000      0      0      0      0      0
12/27/1990   3609      0    640   2969      0    640      0     30      0    145      0      0      0   0.00   0.00      0   0.00    1.5  0.099    0.0  0.000      0      0      0      0      0
12/28/1990   3603      0    630   2973      0    670      0     21      0    208      0      0      0   0.00   0.00      0   0.00    1.5  0.099    0.0  0.000      0      0      0      0      0
12/29/1990   3599      0    610   2989      0    668      0     72      0    192      0      0      0   0.00   0.00      0   0.00    1.4  0.099    0.0  0.000      0      0      0      0      0
12/30/1990   3604      0    589   3015      0    657      0    145      0    181      0      0      0   0.00   0.00      0   0.00    1.4  0.099    0.0  0.000      0      0      0      0      0
12/31/1990   3628      0    574   3054      0    627      0    229      0    161      0      0      0   0.00   0.00      0   0.00    1.4  0.099    0.0  0.000      0      0      0      0      0
