Varroa Population Simulation - Nov 24,2015  04:08:30 PM
VarroaPop Version 3.2.5.8  June, 2015

                                        Capped  Capped                                                                      Prop           Conc          Conc                                     
            Colony  Adult  Adult         Drone   Wkr    Drone  Wkr    Drone  Wkr  Free   DBrood WBrood DMite  WMite  Mites  Mites  Colony Pollen Colony Nectar   Dead   Dead   Dead   Dead   Dead
     Date   Size   Drones   Wkr   Forgrs Brood  Brood   Larv   Larv    Eggs  Eggs Mites  Mites  Mites  /Cell  /Cell  Dying  Dying  Pollen  Pest  Nectar  Pest    DLarv  WLarv  DAdlt  WAdlt  Forgrs
Initial     10000      0   8064   1936      0      0      0      0      0      0      0      0      0   0.00   0.00      0   0.00    0.0  0.000    0.0  0.000      0      0      0      0      0
05/01/1990   9616      0   7680   1936      0      0      0      0      0    289      0      0      0   0.00   0.00      0   0.00    0.0  0.000    0.0  0.000      0      0      0      0      0
05/02/1990   9232      0   7296   1936      0      0      0      0      0    600      0      0      0   0.00   0.00      0   0.00    0.1  0.000    0.0  0.000      0      0      0      0      0
05/03/1990   8848      0   6912   1936      0      0      0      0      0    939      0      0      0   0.00   0.00      0   0.00    0.1  0.000    0.0  0.000      0      0      0      0      0
05/04/1990   8464      0   6528   1936      0      0      0    289      0   1002      0      0      0   0.00   0.00      0   0.00    0.2  0.000    0.0  0.000      0      0      0      0      0
05/05/1990   8064      0   6144   1920      0      0      0    600      0   1051      0      0      0   0.00   0.00      0   0.00    0.2  0.000    0.0  0.000      0      0      0      0      0
05/06/1990   7680      0   5760   1920      0      0      0    939      0   1063      0      0      0   0.00   0.00      0   0.00    0.2  0.000    0.0  0.000      0      0      0      0      0
05/07/1990   7296      0   5376   1920      0      0      0   1291      0   1037      0      0      0   0.00   0.00      0   0.00    0.3  0.000    0.0  0.000      0      0      0      0      0
05/08/1990   6912      0   4992   1920      0      0      0   1651      0    998      0      0      0   0.00   0.00      0   0.00    0.3  0.000    0.0  0.000      0      0      0      0      0
05/09/1990   6528      0   4608   1920      0    289      0   1713      0    943      0      0      0   0.00   0.00      0   0.00    0.4  0.000    0.0  0.000      0      0      0      0      0
05/10/1990   6144      0   4224   1920      0    600      0   1728      0    872      0      0      0   0.00   0.00      0   0.00    0.4  0.000    0.0  0.000      0      0      0      0      0
05/11/1990   5760      0   3840   1920      0    939      0   1710      0    832      0      0      0   0.00   0.00      0   0.00    0.5  0.000    0.0  0.000      0      0      0      0      0
05/12/1990   5376      0   3456   1920      0   1291      0   1654      0    827      0      0      0   0.00   0.00      0   0.00    0.5  0.000    0.0  0.000      0      0      0      0      0
05/13/1990   4992      0   3072   1920      0   1651      0   1549      0    868      0      0      0   0.00   0.00      0   0.00    0.6  0.000    0.0  0.000      0      0      0      0      0
05/14/1990   4608      0   2688   1920      0   2002      0   1479      0    882      0      0      0   0.00   0.00      0   0.00    0.7  0.000    0.0  0.000      0      0      0      0      0
05/15/1990   4224      0   2304   1920      0   2328      0   1444      0    874      0      0      0   0.00   0.00      0   0.00    0.7  0.000    0.0  0.000      0      0      0      0      0
05/16/1990   3840      0   1920   1920      0   2649      0   1419      0    895      0      0      0   0.00   0.00      0   0.00    0.8  0.000    0.0  0.000      0      0      0      0      0
05/17/1990   3456      0   1536   1920      0   2945      0   1418      0    896      0      0      0   0.00   0.00      0   0.00    0.9  0.000    0.0  0.000      0      0      0      0      0
05/18/1990   3072      0   1152   1920      0   3200      0   1446      0    879      0      0      0   0.00   0.00      0   0.00    1.0  0.000    0.0  0.000      0      0      0      0      0
05/19/1990   2688      0    768   1920      0   3481      0   1482      0    819      0      0      0   0.00   0.00      0   0.00    1.0  0.000    0.0  0.000      0      0      0      0      0
05/20/1990   2304      0    384   1920      0   3772      0   1487      0    816      0      0      0   0.00   0.00      0   0.00    1.1  0.000    0.0  0.000      0      0      0      0      0
05/21/1990   1920      0      0   1920      0   4068      0   1457      0    856      0      0      0   0.00   0.00      0   0.00    1.2  0.000    0.0  0.000      0      0      0      0      0
05/22/1990   1825      0    289   1536      0   4074      0   1419      0    911      0      0      0   0.00   0.00      0   0.00    1.3  0.000    0.0  0.000      0      0      0      0      0
05/23/1990   2136      0    600   1536      0   4046      0   1429      0    843      0      0      0   0.00   0.00      0   0.00    1.3  0.000    0.0  0.000      0      0      0      0      0
05/24/1990   2091      0    939   1152      0   4024      0   1418      0    759      0      0      0   0.00   0.00      0   0.00    1.3  0.000    0.0  0.000      0      0      0      0      0
05/25/1990   2059      0   1291    768      0   3968      0   1434      0    653      0      0      0   0.00   0.00      0   0.00    1.3  0.000    0.0  0.000      0      0      0      0      0
05/26/1990   2035      0   1651    384      0   3874      0   1393      0    585      0      0      0   0.00   0.00      0   0.00    1.3  0.000    0.0  0.000      0      0      0      0      0
05/27/1990   2386      0   2002    384      0   3780      0   1358      0    441      0      0      0   0.00   0.00      0   0.00    1.3  0.000    0.0  0.000      0      0      0      0      0
05/28/1990   2712      0   2328    384      0   3747      0   1271      0    312      0      0      0   0.00   0.00      0   0.00    1.3  0.000    0.0  0.000      0      0      0      0      0
05/29/1990   2649      0   2649      0      0   3732      0   1122      0    238      0      0      0   0.00   0.00      0   0.00    1.3  0.000    0.0  0.000      0      0      0      0      0
05/30/1990   2945      0   2945      0      0   3748      0    888      0    160      0      0      0   0.00   0.00      0   0.00    1.3  0.000    0.0  0.000      0      0      0      0      0
05/31/1990   3200      0   3200      0      0   3718      0    740      0     83      0      0      0   0.00   0.00      0   0.00    1.3  0.000    0.0  0.000      0      0      0      0      0
06/01/1990   3481      0   3481      0      0   3659      0    601      0      0      0      0      0   0.00   0.00      0   0.00    1.3  0.000    0.0  0.000      0      0      0      0      0
06/02/1990   3772      0   3772      0      0   3574      0    395      0      0      0      0      0   0.00   0.00      0   0.00    1.2  0.000    0.0  0.000      0      0      0      0      0
06/03/1990   4068      0   4068      0      0   3435      0    238      0      0      0      0      0   0.00   0.00      0   0.00    1.2  0.000    0.0  0.000      0      0      0      0      0
06/04/1990   4363      0   4363      0      0   3218      0    160      0      0      0      0      0   0.00   0.00      0   0.00    1.2  0.000    0.0  0.000      0      0      0      0      0
06/05/1990   4646      0   4646      0      0   3012      0     83      0      0      0      0      0   0.00   0.00      0   0.00    1.1  0.000    0.0  0.000      0      0      0      0      0
06/06/1990   4963      0   4963      0      0   2778      0      0      0      0      0      0      0   0.00   0.00      0   0.00    1.1  0.000    0.0  0.000      0      0      0      0      0
06/07/1990   5259      0   5259      0      0   2482      0      0      0      0      0      0      0   0.00   0.00      0   0.00    1.1  0.000    0.0  0.000      0      0      0      0      0
06/08/1990   5525      0   5525      0      0   2216      0      0      0      0      0      0      0   0.00   0.00      0   0.00    1.0  0.000    0.0  0.000      0      0      0      0      0
06/09/1990   5782      0   5782      0      0   1959      0      0      0      0      0      0      0   0.00   0.00      0   0.00    1.0  0.000    0.0  0.000      0      0      0      0      0
06/10/1990   6075      0   6075      0      0   1666      0      0      0      0      0      0      0   0.00   0.00      0   0.00    1.0  0.000    0.0  0.000      0      0      0      0      0
06/11/1990   6381      0   6381      0      0   1360      0      0      0      0      0      0      0   0.00   0.00      0   0.00    0.9  0.000    0.0  0.000      0      0      0      0      0
06/12/1990   6693      0   6404    289      0   1048      0      0      0      0      0      0      0   0.00   0.00      0   0.00    0.9  0.000    0.0  0.000      0      0      0      0      0
06/13/1990   6918      0   6318    600      0    823      0      0      0     70      0      0      0   0.00   0.00      0   0.00    0.9  0.000    0.0  0.000      0      0      0      0      0
06/14/1990   7140      0   6201    939      0    601      0      0      0    196      0      0      0   0.00   0.00      0   0.00    0.9  0.000    0.0  0.000      0      0      0      0      0
06/15/1990   7346      0   6055   1291      0    395      0      0      0    380      0      0      0   0.00   0.00      0   0.00    0.9  0.000    0.0  0.000      0      0      0      0      0
06/16/1990   7503      0   5852   1651      0    238      0     70      0    558      0      0      0   0.00   0.00      0   0.00    0.9  0.000    0.0  0.000      0      0      0      0      0
06/17/1990   7292      0   5579   1713      0    160      0    196      0    739      0      0      0   0.00   0.00      0   0.00    1.0  0.000    0.0  0.000      0      0      0      0      0
06/18/1990   7058      0   5330   1728      0     83      0    380      0    855      0      0      0   0.00   0.00      0   0.00    1.0  0.000    0.0  0.000      0      0      0      0      0
06/19/1990   6802      0   5092   1710      0      0      0    628      0    931      0      0      0   0.00   0.00      0   0.00    1.0  0.000    0.0  0.000      0      0      0      0      0
06/20/1990   6450      0   4796   1654      0      0      0    935      0    972      0      0      0   0.00   0.00      0   0.00    1.1  0.000    0.0  0.000      0      0      0      0      0
06/21/1990   6090      0   4541   1549      0     70      0   1165      0   1013      0      0      0   0.00   0.00      0   0.00    1.1  0.000    0.0  0.000      0      0      0      0      0
06/22/1990   5739      0   4260   1479      0    196      0   1363      0    995      0      0      0   0.00   0.00      0   0.00    1.2  0.000    0.0  0.000      0      0      0      0      0
06/23/1990   5413      0   3969   1444      0    380      0   1527      0    942      0      0      0   0.00   0.00      0   0.00    1.2  0.000    0.0  0.000      0      0      0      0      0
06/24/1990   5092      0   3673   1419      0    628      0   1620      0    897      0      0      0   0.00   0.00      0   0.00    1.2  0.000    0.0  0.000      0      0      0      0      0
06/25/1990   4796      0   3378   1418      0    935      0   1619      0    884      0      0      0   0.00   0.00      0   0.00    1.3  0.000    0.0  0.000      0      0      0      0      0
06/26/1990   4541      0   3095   1446      0   1235      0   1614      0    884      0      0      0   0.00   0.00      0   0.00    1.3  0.000    0.0  0.000      0      0      0      0      0
06/27/1990   4260      0   2778   1482      0   1559      0   1586      0    882      0      0      0   0.00   0.00      0   0.00    1.3  0.000    0.0  0.000      0      0      0      0      0
06/28/1990   3969      0   2482   1487      0   1907      0   1531      0    883      0      0      0   0.00   0.00      0   0.00    1.4  0.000    0.0  0.000      0      0      0      0      0
06/29/1990   3673      0   2216   1457      0   2248      0   1485      0    898      0      0      0   0.00   0.00      0   0.00    1.4  0.000    0.0  0.000      0      0      0      0      0
06/30/1990   3378      0   1959   1419      0   2554      0   1473      0    912      0      0      0   0.00   0.00      0   0.00    1.5  0.000    0.0  0.000      0      0      0      0      0
07/01/1990   3095      0   1666   1429      0   2849      0   1472      0    919      0      0      0   0.00   0.00      0   0.00    1.5  0.000    0.0  0.000      0      0      0      0      0
07/02/1990   2778      0   1360   1418      0   3145      0   1486      0    900      0      0      0   0.00   0.00      0   0.00    1.6  0.000    0.0  0.000      0      0      0      0      0
07/03/1990   2482      0   1048   1434      0   3438      0   1501      0    880      0      0      0   0.00   0.00      0   0.00    1.6  0.000    0.0  0.000      0      0      0      0      0
07/04/1990   2286      0    893   1393      0   3663      0   1507      0    858      0      0      0   0.00   0.00      0   0.00    1.7  0.000    0.0  0.000      0      0      0      0      0
07/05/1990   2155      0    797   1358      0   3831      0   1504      0    844      0      0      0   0.00   0.00      0   0.00    1.7  0.000    0.0  0.000      0      0      0      0      0
07/06/1990   2046      0    775   1271      0   3941      0   1498      0    829      0      0      0   0.00   0.00      0   0.00    1.8  0.000    0.0  0.000      0      0      0      0      0
07/07/1990   1988      0    866   1122      0   4003      0   1467      0    820      0      0      0   0.00   0.00      0   0.00    1.8  0.000    0.0  0.000      0      0      0      0      0
07/08/1990   1983      0   1095    888      0   4004      0   1436      0    792      0      0      0   0.00   0.00      0   0.00    1.9  0.000    0.0  0.000      0      0      0      0      0
07/09/1990   2058      0   1318    740      0   4005      0   1408      0    732      0      0      0   0.00   0.00      0   0.00    1.9  0.000    0.0  0.000      0      0      0      0      0
07/10/1990   2160      0   1559    601      0   3972      0   1387      0    654      0      0      0   0.00   0.00      0   0.00    1.9  0.000    0.0  0.000      0      0      0      0      0
07/11/1990   2302      0   1907    395      0   3912      0   1348      0    570      0      0      0   0.00   0.00      0   0.00    1.9  0.000    0.0  0.000      0      0      0      0      0
07/12/1990   2486      0   2248    238      0   3850      0   1282      0    474      0      0      0   0.00   0.00      0   0.00    1.9  0.000    0.0  0.000      0      0      0      0      0
07/13/1990   2714      0   2554    160      0   3821      0   1197      0    357      0      0      0   0.00   0.00      0   0.00    1.9  0.000    0.0  0.000      0      0      0      0      0
07/14/1990   2932      0   2849     83      0   3799      0   1089      0    243      0      0      0   0.00   0.00      0   0.00    1.9  0.000    0.0  0.000      0      0      0      0      0
07/15/1990   3145      0   3145      0      0   3773      0    936      0    154      0      0      0   0.00   0.00      0   0.00    1.9  0.000    0.0  0.000      0      0      0      0      0
07/16/1990   3438      0   3438      0      0   3729      0    762      0     79      0      0      0   0.00   0.00      0   0.00    1.9  0.000    0.0  0.000      0      0      0      0      0
07/17/1990   3733      0   3733      0      0   3647      0    600      0     28      0      0      0   0.00   0.00      0   0.00    1.8  0.000    0.0  0.000      0      0      0      0      0
07/18/1990   4027      0   4027      0      0   3545      0    436      0      0      0      0      0   0.00   0.00      0   0.00    1.8  0.000    0.0  0.000      0      0      0      0      0
07/19/1990   4321      0   4321      0      0   3416      0    271      0      0      0      0      0   0.00   0.00      0   0.00    1.8  0.000    0.0  0.000      0      0      0      0      0
07/20/1990   4631      0   4631      0      0   3223      0    154      0      0      0      0      0   0.00   0.00      0   0.00    1.8  0.000    0.0  0.000      0      0      0      0      0
07/21/1990   4939      0   4939      0      0   2990      0     79      0      0      0      0      0   0.00   0.00      0   0.00    1.7  0.000    0.0  0.000      0      0      0      0      0
07/22/1990   5240      0   5240      0      0   2740      0     28      0      0      0      0      0   0.00   0.00      0   0.00    1.7  0.000    0.0  0.000      0      0      0      0      0
07/23/1990   5531      0   5531      0      0   2477      0      0      0      0      0      0      0   0.00   0.00      0   0.00    1.7  0.000    0.0  0.000      0      0      0      0      0
07/24/1990   5819      0   5819      0      0   2189      0      0      0      0      0      0      0   0.00   0.00      0   0.00    1.6  0.000    0.0  0.000      0      0      0      0      0
07/25/1990   6098      0   6028     70      0   1910      0      0      0      0      0      0      0   0.00   0.00      0   0.00    1.6  0.000    0.0  0.000      0      0      0      0      0
07/26/1990   6375      0   6179    196      0   1633      0      0      0     21      0      0      0   0.00   0.00      0   0.00    1.5  0.000    0.0  0.000      0      0      0      0      0
07/27/1990   6648      0   6268    380      0   1360      0      0      0     81      0      0      0   0.00   0.00      0   0.00    1.5  0.000    0.0  0.000      0      0      0      0      0
07/28/1990   6918      0   6290    628      0   1090      0      0      0    192      0      0      0   0.00   0.00      0   0.00    1.5  0.000    0.0  0.000      0      0      0      0      0
07/29/1990   7167      0   6232    935      0    841      0     21      0    339      0      0      0   0.00   0.00      0   0.00    1.5  0.000    0.0  0.000      0      0      0      0      0
07/30/1990   7310      0   6145   1165      0    628      0     81      0    507      0      0      0   0.00   0.00      0   0.00    1.5  0.000    0.0  0.000      0      0      0      0      0
07/31/1990   7376      0   6013   1363      0    436      0    192      0    662      0      0      0   0.00   0.00      0   0.00    1.5  0.000    0.0  0.000      0      0      0      0      0
08/01/1990   7357      0   5830   1527      0    271      0    360      0    788      0      0      0   0.00   0.00      0   0.00    1.6  0.000    0.0  0.000      0      0      0      0      0
08/02/1990   7226      0   5606   1620      0    154      0    588      0    877      0      0      0   0.00   0.00      0   0.00    1.6  0.000    0.0  0.000      0      0      0      0      0
08/03/1990   6994      0   5375   1619      0    100      0    833      0    939      0      0      0   0.00   0.00      0   0.00    1.6  0.000    0.0  0.000      0      0      0      0      0
08/04/1990   6745      0   5131   1614      0    109      0   1067      0    976      0      0      0   0.00   0.00      0   0.00    1.7  0.000    0.0  0.000      0      0      0      0      0
08/05/1990   6449      0   4863   1586      0    192      0   1273      0    997      0      0      0   0.00   0.00      0   0.00    1.7  0.000    0.0  0.000      0      0      0      0      0
08/06/1990   6101      0   4570   1531      0    360      0   1433      0   1004      0      0      0   0.00   0.00      0   0.00    1.7  0.000    0.0  0.000      0      0      0      0      0
08/07/1990   5760      0   4275   1485      0    588      0   1536      0   1001      0      0      0   0.00   0.00      0   0.00    1.8  0.000    0.0  0.000      0      0      0      0      0
08/08/1990   5454      0   3981   1473      0    854      0   1608      0    985      0      0      0   0.00   0.00      0   0.00    1.8  0.000    0.0  0.000      0      0      0      0      0
08/09/1990   5159      0   3687   1472      0   1148      0   1649      0    970      0      0      0   0.00   0.00      0   0.00    1.8  0.000    0.0  0.000      0      0      0      0      0
08/10/1990   4863      0   3377   1486      0   1465      0   1660      0    961      0      0      0   0.00   0.00      0   0.00    1.9  0.000    0.0  0.000      0      0      0      0      0
08/11/1990   4570      0   3069   1501      0   1793      0   1654      0    961      0      0      0   0.00   0.00      0   0.00    1.9  0.000    0.0  0.000      0      0      0      0      0
08/12/1990   4275      0   2768   1507      0   2124      0   1643      0    964      0      0      0   0.00   0.00      0   0.00    2.0  0.000    0.0  0.000      0      0      0      0      0
08/13/1990   3981      0   2477   1504      0   2462      0   1624      0    961      0      0      0   0.00   0.00      0   0.00    2.0  0.000    0.0  0.000      0      0      0      0      0
08/14/1990   3687      0   2189   1498      0   2797      0   1611      0    938      0      0      0   0.00   0.00      0   0.00    2.1  0.000    0.0  0.000      0      0      0      0      0
08/15/1990   3377      0   1910   1467      0   3125      0   1606      0    892      0      0      0   0.00   0.00      0   0.00    2.1  0.000    0.0  0.000      0      0      0      0      0
08/16/1990   3090      0   1654   1436      0   3426      0   1600      0    855      0      0      0   0.00   0.00      0   0.00    2.2  0.000    0.0  0.000      0      0      0      0      0
08/17/1990   2849      0   1441   1408      0   3686      0   1579      0    836      0      0      0   0.00   0.00      0   0.00    2.2  0.000    0.0  0.000      0      0      0      0      0
08/18/1990   2669      0   1282   1387      0   3894      0   1537      0    815      0      0      0   0.00   0.00      0   0.00    2.3  0.000    0.0  0.000      0      0      0      0      0
08/19/1990      0      0      0      0      0   4048      0   1233      0    790      0      0      0   0.00   0.00      0   0.00    2.3  0.247    0.0  0.000      0    261      0   1201   1348
08/20/1990    227      0    227      0      0   3982      0   1351      0    510      0      0      0   0.00   0.00      0   0.00    2.3  0.247    0.0  0.000      0      0      0      1      0
08/21/1990    492      0    492      0      0   3932      0   1391      0    254      0      0      0   0.00   0.00      0   0.00    2.3  0.247    0.0  0.000      0      0      0      1      0
08/22/1990    785      0    785      0      0   3937      0   1346      0      0      0      0      0   0.00   0.00      0   0.00    2.3  0.247    0.0  0.000      0      0      0      1      0
08/23/1990   1101      0   1101      0      0   3897      0   1069      0      0      0      0      0   0.00   0.00      0   0.00    2.3  0.247    0.0  0.000      0      0      0      1      0
08/24/1990   1428      0   1428      0      0   3848      0    790      0      0      0      0      0   0.00   0.00      0   0.00    2.3  0.247    0.0  0.000      0      0      0      1      0
08/25/1990   1758      0   1758      0      0   3797      0    510      0      0      0      0      0   0.00   0.00      0   0.00    2.3  0.247    0.0  0.000      0      0      0      1      0
08/26/1990   2095      0   2095      0      0   3715      0    254      0      0      0      0      0   0.00   0.00      0   0.00    2.3  0.247    0.0  0.000      0      0      0      1      0
08/27/1990   2429      0   2429      0      0   3634      0      0      0      0      0      0      0   0.00   0.00      0   0.00    2.3  0.247    0.0  0.000      0      0      0      1      0
08/28/1990   2756      0   2756      0      0   3306      0      0      0      0      0      0      0   0.00   0.00      0   0.00    2.2  0.247    0.0  0.000      0      0      0      1      0
08/29/1990   3077      0   3077      0      0   2984      0      0      0      0      0      0      0   0.00   0.00      0   0.00    2.2  0.247    0.0  0.000      0      0      0      1      0
08/30/1990   3396      0   3396      0      0   2664      0      0      0      0      0      0      0   0.00   0.00      0   0.00    2.2  0.247    0.0  0.000      0      0      0      1      0
08/31/1990   3714      0   3714      0      0   2345      0      0      0      0      0      0      0   0.00   0.00      0   0.00    2.2  0.246    0.0  0.000      0      0      0      1      0
09/01/1990   4035      0   4035      0      0   2023      0      0      0      0      0      0      0   0.00   0.00      0   0.00    2.2  0.246    0.0  0.000      0      0      0      1      0
09/02/1990   4196      0   4196      0      0   1861      0      0      0      0      0      0      0   0.00   0.00      0   0.00    2.1  0.246    0.0  0.000      0      0      0      1      0
09/03/1990   4411      0   4411      0      0   1645      0      0      0      0      0      0      0   0.00   0.00      0   0.00    2.1  0.246    0.0  0.000      0      0      0      1      0
09/04/1990   4709      0   4709      0      0   1346      0      0      0      0      0      0      0   0.00   0.00      0   0.00    2.1  0.246    0.0  0.000      0      0      0      1      0
09/05/1990   4985      0   4985      0      0   1069      0      0      0      0      0      0      0   0.00   0.00      0   0.00    2.1  0.246    0.0  0.000      0      0      0      1      0
09/06/1990   5263      0   5263      0      0    790      0      0      0      0      0      0      0   0.00   0.00      0   0.00    2.0  0.246    0.0  0.000      0      0      0      1      0
09/07/1990   5542      0   5542      0      0    510      0      0      0      0      0      0      0   0.00   0.00      0   0.00    2.0  0.246    0.0  0.000      0      0      0      1      0
09/08/1990   5797      0   5797      0      0    254      0      0      0      0      0      0      0   0.00   0.00      0   0.00    1.9  0.246    0.0  0.000      0      0      0      1      0
09/09/1990   6050      0   6050      0      0      0      0      0      0      0      0      0      0   0.00   0.00      0   0.00    1.9  0.246    0.0  0.000      0      0      0      1      0
09/10/1990   6050      0   5823    227      0      0      0      0      0      0      0      0      0   0.00   0.00      0   0.00    1.9  0.246    0.0  0.000      0      0      0      0      0
09/11/1990   6050      0   5558    492      0      0      0      0      0     66      0      0      0   0.00   0.00      0   0.00    1.8  0.246    0.0  0.000      0      0      0      0      0
09/12/1990   6050      0   5265    785      0      0      0      0      0    195      0      0      0   0.00   0.00      0   0.00    1.8  0.246    0.0  0.000      0      0      0      0      0
09/13/1990   6050      0   4949   1101      0      0      0      0      0    382      0      0      0   0.00   0.00      0   0.00    1.9  0.244    0.0  0.000      0      0      0      0      0
09/14/1990   6050      0   4622   1428      0      0      0     66      0    537      0      0      0   0.00   0.00      0   0.00    1.9  0.240    0.0  0.000      0      0      0      0      0
09/15/1990   5823      0   4292   1531      0      0      0    195      0    670      0      0      0   0.00   0.00      0   0.00    1.9  0.235    0.0  0.000      0      0      0      0      0
09/16/1990   5558      0   3955   1603      0      0      0    382      0    758      0      0      0   0.00   0.00      0   0.00    2.0  0.230    0.0  0.000      0      0      0      0      0
09/17/1990   5265      0   3621   1644      0      0      0    603      0    826      0      0      0   0.00   0.00      0   0.00    2.0  0.225    0.0  0.000      0      0      0      0      0
09/18/1990   4949      0   3294   1655      0      0      0    865      0    853      0      0      0   0.00   0.00      0   0.00    2.1  0.220    0.0  0.000      0      0      0      0      0
09/19/1990   4622      0   2973   1649      0     66      0   1074      0    864      0      0      0   0.00   0.00      0   0.00    2.1  0.214    0.0  0.000      0      0      0      0      0
09/20/1990   4292      0   2654   1638      0    195      0   1234      0    876      0      0      0   0.00   0.00      0   0.00    2.2  0.209    0.0  0.000      0      0      0      0      0
09/21/1990   3955      0   2336   1619      0    382      0   1336      0    889      0      0      0   0.00   0.00      0   0.00    2.2  0.204    0.0  0.000      0      0      0      0      0
09/22/1990   3621      0   2015   1606      0    603      0   1401      0    886      0      0      0   0.00   0.00      0   0.00    2.3  0.200    0.0  0.000      0      0      0      0      0
09/23/1990   3294      0   1854   1440      0    865      0   1440      0    849      0      0      0   0.00   0.00      0   0.00    2.3  0.195    0.0  0.000      0      0      0      0      0
09/24/1990   2973      0   1639   1334      0   1140      0   1467      0    807      0      0      0   0.00   0.00      0   0.00    2.4  0.192    0.0  0.000      0      0      0      0      0
09/25/1990   2654      0   1341   1313      0   1429      0   1461      0    768      0      0      0   0.00   0.00      0   0.00    2.4  0.188    0.0  0.000      0      0      0      0      0
09/26/1990   2336      0   1065   1271      0   1718      0   1436      0    745      0      0      0   0.00   0.00      0   0.00    2.5  0.184    0.0  0.000      0      0      0      0      0
09/27/1990   2015      0    787   1228      0   2004      0   1410      0    722      0      0      0   0.00   0.00      0   0.00    2.5  0.180    0.0  0.000      0      0      0      0      0
09/28/1990   1854      0    508   1346      0   2305      0   1353      0    715      0      0      0   0.00   0.00      0   0.00    2.6  0.176    0.0  0.000      0      0      0      0      0
09/29/1990   1639      0    253   1386      0   2607      0   1292      0    737      0      0      0   0.00   0.00      0   0.00    2.6  0.172    0.0  0.000      0      0      0      0      0
09/30/1990   1341      0      0   1341      0   2890      0   1246      0    776      0      0      0   0.00   0.00      0   0.00    2.7  0.169    0.0  0.000      0      0      0      0      0
10/01/1990   1065      0      0   1065      0   3154      0   1219      0    811      0      0      0   0.00   0.00      0   0.00    2.7  0.166    0.0  0.000      0      0      0      0      0
10/02/1990    853      0     66    787      0   3348      0   1222      0    764      0      0      0   0.00   0.00      0   0.00    2.8  0.164    0.0  0.000      0      0      0      0      0
10/03/1990    703      0    195    508      0   3463      0   1254      0    663      0      0      0   0.00   0.00      0   0.00    2.8  0.163    0.0  0.000      0      0      0      0      0
10/04/1990    635      0    382    253      0   3517      0   1285      0    525      0      0      0   0.00   0.00      0   0.00    2.8  0.162    0.0  0.000      0      0      0      0      0
10/05/1990    603      0    603      0      0   3533      0   1264      0    309      0      0      0   0.00   0.00      0   0.00    2.8  0.162    0.0  0.000      0      0      0      0      0
10/06/1990    865      0    865      0      0   3508      0   1202      0    134      0      0      0   0.00   0.00      0   0.00    2.8  0.162    0.0  0.000      0      0      0      0      0
10/07/1990   1140      0   1140      0      0   3496      0   1073      0      0      0      0      0   0.00   0.00      0   0.00    2.8  0.162    0.0  0.000      0      0      0      0      0
10/08/1990   1429      0   1429      0      0   3483      0    797      0      0      0      0      0   0.00   0.00      0   0.00    2.8  0.162    0.0  0.000      0      0      0      0      0
10/09/1990   1718      0   1718      0      0   3466      0    525      0      0      0      0      0   0.00   0.00      0   0.00    2.8  0.162    0.0  0.000      0      0      0      0      0
10/10/1990   2004      0   2004      0      0   3396      0    309      0      0      0      0      0   0.00   0.00      0   0.00    2.8  0.162    0.0  0.000      0      0      0      0      0
10/11/1990   2305      0   2305      0      0   3270      0    134      0      0      0      0      0   0.00   0.00      0   0.00    2.7  0.162    0.0  0.000      0      0      0      0      0
10/12/1990   2607      0   2607      0      0   3102      0      0      0      0      0      0      0   0.00   0.00      0   0.00    2.7  0.162    0.0  0.000      0      0      0      0      0
10/13/1990   2890      0   2890      0      0   2819      0      0      0      0      0      0      0   0.00   0.00      0   0.00    2.7  0.162    0.0  0.000      0      0      0      0      0
10/14/1990   3154      0   3154      0      0   2555      0      0      0      0      0      0      0   0.00   0.00      0   0.00    2.7  0.162    0.0  0.000      0      0      0      0      0
10/15/1990   3414      0   3414      0      0   2295      0      0      0      0      0      0      0   0.00   0.00      0   0.00    2.7  0.162    0.0  0.000      0      0      0      0      0
10/16/1990   3658      0   3658      0      0   2051      0      0      0      0      0      0      0   0.00   0.00      0   0.00    2.7  0.162    0.0  0.000      0      0      0      0      0
10/17/1990   3899      0   3899      0      0   1810      0      0      0      0      0      0      0   0.00   0.00      0   0.00    2.6  0.162    0.0  0.000      0      0      0      0      0
10/18/1990   4136      0   4136      0      0   1573      0      0      0      0      0      0      0   0.00   0.00      0   0.00    2.6  0.162    0.0  0.000      0      0      0      0      0
10/19/1990   4373      0   4373      0      0   1336      0      0      0      0      0      0      0   0.00   0.00      0   0.00    2.6  0.162    0.0  0.000      0      0      0      0      0
10/20/1990   4636      0   4636      0      0   1073      0      0      0      0      0      0      0   0.00   0.00      0   0.00    2.5  0.162    0.0  0.000      0      0      0      0      0
10/21/1990   4912      0   4912      0      0    797      0      0      0      0      0      0      0   0.00   0.00      0   0.00    2.5  0.162    0.0  0.000      0      0      0      0      0
10/22/1990   5184      0   5184      0      0    525      0      0      0      0      0      0      0   0.00   0.00      0   0.00    2.5  0.162    0.0  0.000      0      0      0      0      0
10/23/1990   5400      0   5334     66      0    309      0      0      0      0      0      0      0   0.00   0.00      0   0.00    2.4  0.162    0.0  0.000      0      0      0      0      0
10/24/1990   5575      0   5380    195      0    134      0      0      0     17      0      0      0   0.00   0.00      0   0.00    2.4  0.162    0.0  0.000      0      0      0      0      0
10/25/1990   5709      0   5327    382      0      0      0      0      0     65      0      0      0   0.00   0.00      0   0.00    2.4  0.162    0.0  0.000      0      0      0      0      0
10/26/1990   5709      0   5106    603      0      0      0      0      0    146      0      0      0   0.00   0.00      0   0.00    2.4  0.162    0.0  0.000      0      0      0      0      0
10/27/1990   5709      0   4844    865      0      0      0     17      0    253      0      0      0   0.00   0.00      0   0.00    2.4  0.161    0.0  0.000      0      0      0      0      0
10/28/1990   5643      0   4569   1074      0      0      0     65      0    362      0      0      0   0.00   0.00      0   0.00    2.4  0.160    0.0  0.000      0      0      0      0      0
10/29/1990   5514      0   4280   1234      0      0      0    146      0    462      0      0      0   0.00   0.00      0   0.00    2.4  0.159    0.0  0.000      0      0      0      0      0
10/30/1990   5327      0   3991   1336      0      0      0    270      0    523      0      0      0   0.00   0.00      0   0.00    2.5  0.157    0.0  0.000      0      0      0      0      0
10/31/1990   5106      0   3705   1401      0      0      0    427      0    553      0      0      0   0.00   0.00      0   0.00    2.5  0.155    0.0  0.000      0      0      0      0      0
11/01/1990   4839      0   3404   1435      0     17      0    591      0    529      0      0      0   0.00   0.00      0   0.00    2.5  0.152    0.0  0.000      0      0      0      0      0
11/02/1990   4560      0   3102   1458      0     65      0    728      0    492      0      0      0   0.00   0.00      0   0.00    2.6  0.150    0.0  0.000      0      0      0      0      0
11/03/1990   4268      0   2819   1449      0    146      0    834      0    463      0      0      0   0.00   0.00      0   0.00    2.6  0.147    0.0  0.000      0      0      0      0      0
11/04/1990   3977      0   2555   1422      0    270      0    867      0    481      0      0      0   0.00   0.00      0   0.00    2.7  0.145    0.0  0.000      0      0      0      0      0
11/05/1990   3690      0   2295   1395      0    427      0    858      0    511      0      0      0   0.00   0.00      0   0.00    2.7  0.143    0.0  0.000      0      0      0      0      0
11/06/1990   3389      0   2051   1338      0    608      0    835      0    500      0      0      0   0.00   0.00      0   0.00    2.7  0.140    0.0  0.000      0      0      0      0      0
11/07/1990   3087      0   1810   1277      0    793      0    825      0    466      0      0      0   0.00   0.00      0   0.00    2.8  0.138    0.0  0.000      0      0      0      0      0
11/08/1990   2804      0   1573   1231      0    980      0    816      0    443      0      0      0   0.00   0.00      0   0.00    2.8  0.136    0.0  0.000      0      0      0      0      0
11/09/1990   2540      0   1336   1204      0   1137      0    806      0    455      0      0      0   0.00   0.00      0   0.00    2.9  0.134    0.0  0.000      0      0      0      0      0
11/10/1990   2280      0   1073   1207      0   1285      0    799      0    474      0      0      0   0.00   0.00      0   0.00    2.9  0.132    0.0  0.000      0      0      0      0      0
11/11/1990   2036      0    797   1239      0   1443      0    796      0    486      0      0      0   0.00   0.00      0   0.00    3.0  0.130    0.0  0.000      0      0      0      0      0
11/12/1990   1795      0    525   1270      0   1618      0    780      0    505      0      0      0   0.00   0.00      0   0.00    3.0  0.128    0.0  0.000      0      0      0      0      0
11/13/1990   1558      0    309   1249      0   1796      0    762      0    532      0      0      0   0.00   0.00      0   0.00    3.1  0.125    0.0  0.000      0      0      0      0      0
11/14/1990   1338      0    151   1187      0   1926      0    782      0    525      0      0      0   0.00   0.00      0   0.00    3.1  0.123    0.0  0.000      0      0      0      0      0
11/15/1990   1123      0     65   1058      0   2019      0    819      0    494      0      0      0   0.00   0.00      0   0.00    3.2  0.121    0.0  0.000      0      0      0      0      0
11/16/1990    929      0    146    783      0   2093      0    851      0    456      0      0      0   0.00   0.00      0   0.00    3.2  0.120    0.0  0.000      0      0      0      0      0
11/17/1990    783      0    270    513      0   2128      0    852      0    421      0      0      0   0.00   0.00      0   0.00    3.2  0.119    0.0  0.000      0      0      0      0      0
11/18/1990    727      0    427    300      0   2131      0    839      0    358      0      0      0   0.00   0.00      0   0.00    3.2  0.119    0.0  0.000      0      0      0      0      0
11/19/1990    737      0    608    129      0   2117      0    821      0    263      0      0      0   0.00   0.00      0   0.00    3.2  0.119    0.0  0.000      0      0      0      0      0
11/20/1990    921      0    793    128      0   2110      0    768      0    155      0      0      0   0.00   0.00      0   0.00    3.2  0.119    0.0  0.000      0      0      0      0      0
11/21/1990    980      0    980      0      0   2110      0    665      0     86      0      0      0   0.00   0.00      0   0.00    3.2  0.119    0.0  0.000      0      0      0      0      0
11/22/1990   1137      0   1137      0      0   2113      0    559      0     32      0      0      0   0.00   0.00      0   0.00    3.2  0.119    0.0  0.000      0      0      0      0      0
11/23/1990   1285      0   1285      0      0   2112      0    429      0     15      0      0      0   0.00   0.00      0   0.00    3.2  0.119    0.0  0.000      0      0      0      0      0
11/24/1990   1443      0   1443      0      0   2103      0    295      0      0      0      0      0   0.00   0.00      0   0.00    3.2  0.119    0.0  0.000      0      0      0      0      0
11/25/1990   1618      0   1618      0      0   2053      0    170      0      0      0      0      0   0.00   0.00      0   0.00    3.2  0.119    0.0  0.000      0      0      0      0      0
11/26/1990   1796      0   1796      0      0   1959      0     86      0      0      0      0      0   0.00   0.00      0   0.00    3.2  0.119    0.0  0.000      0      0      0      0      0
11/27/1990   1943      0   1943      0      0   1866      0     32      0      0      0      0      0   0.00   0.00      0   0.00    3.2  0.119    0.0  0.000      0      0      0      0      0
11/28/1990   2084      0   2084      0      0   1742      0     15      0      0      0      0      0   0.00   0.00      0   0.00    3.2  0.119    0.0  0.000      0      0      0      0      0
11/29/1990   2239      0   2239      0      0   1602      0      0      0      0      0      0      0   0.00   0.00      0   0.00    3.2  0.119    0.0  0.000      0      0      0      0      0
11/30/1990   2398      0   2398      0      0   1443      0      0      0      0      0      0      0   0.00   0.00      0   0.00    3.1  0.119    0.0  0.000      0      0      0      0      0
12/01/1990   2558      0   2558      0      0   1283      0      0      0      0      0      0      0   0.00   0.00      0   0.00    3.1  0.119    0.0  0.000      0      0      0      0      0
12/02/1990   2725      0   2725      0      0   1116      0      0      0      0      0      0      0   0.00   0.00      0   0.00    3.1  0.119    0.0  0.000      0      0      0      0      0
12/03/1990   2903      0   2903      0      0    938      0      0      0      0      0      0      0   0.00   0.00      0   0.00    3.1  0.119    0.0  0.000      0      0      0      0      0
12/04/1990   3090      0   3090      0      0    751      0      0      0      0      0      0      0   0.00   0.00      0   0.00    3.1  0.119    0.0  0.000      0      0      0      0      0
12/05/1990   3249      0   3233     16      0    591      0      0      0      0      0      0      0   0.00   0.00      0   0.00    3.1  0.119    0.0  0.000      0      0      0      0      0
12/06/1990   3395      0   3332     63      0    444      0      0      0      1      0      0      0   0.00   0.00      0   0.00    3.0  0.119    0.0  0.000      0      0      0      0      0
12/07/1990   3541      0   3400    141      0    295      0      0      0      8      0      0      0   0.00   0.00      0   0.00    3.0  0.119    0.0  0.000      0      0      0      0      0
12/08/1990   3662      0   3401    261      0    170      0      0      0     24      0      0      0   0.00   0.00      0   0.00    3.0  0.119    0.0  0.000      0      0      0      0      0
12/09/1990   3729      0   3328    401      0     86      0      1      0     53      0      0      0   0.00   0.00      0   0.00    3.0  0.119    0.0  0.000      0      0      0      0      0
12/10/1990   3778      0   3201    577      0     32      0      8      0    104      0      0      0   0.00   0.00      0   0.00    3.0  0.119    0.0  0.000      0      0      0      0      0
12/11/1990   3746      0   3033    713      0     15      0     24      0    167      0      0      0   0.00   0.00      0   0.00    3.0  0.118    0.0  0.000      0      0      0      0      0
12/12/1990   3756      0   2861    895      0      0      0     54      0    222      0      0      0   0.00   0.00      0   0.00    3.0  0.118    0.0  0.000      0      0      0      0      0
12/13/1990   3751      0   2704   1047      0      0      0    112      0    251      0      0      0   0.00   0.00      0   0.00    3.0  0.117    0.0  0.000      0      0      0      0      0
12/14/1990   3746      0   2556   1190      0      1      0    190      0    217      0      0      0   0.00   0.00      0   0.00    3.0  0.117    0.0  0.000      0      0      0      0      0
12/15/1990   3741      0   2398   1343      0      8      0    268      0    194      0      0      0   0.00   0.00      0   0.00    3.0  0.117    0.0  0.000      0      0      0      0      0
12/16/1990   3736      0   2223   1513      0     24      0    339      0    168      0      0      0   0.00   0.00      0   0.00    3.0  0.117    0.0  0.000      0      0      0      0      0
12/17/1990   3731      0   2045   1686      0     54      0    354      0    199      0      0      0   0.00   0.00      0   0.00    3.0  0.117    0.0  0.000      0      0      0      0      0
12/18/1990   3726      0   1898   1828      0    112      0    358      0    228      0      0      0   0.00   0.00      0   0.00    2.9  0.117    0.0  0.000      0      0      0      0      0
12/19/1990   3721      0   1757   1964      0    191      0    340      0    251      0      0      0   0.00   0.00      0   0.00    2.9  0.117    0.0  0.000      0      0      0      0      0
12/20/1990   3716      0   1602   2114      0    276      0    331      0    204      0      0      0   0.00   0.00      0   0.00    2.9  0.117    0.0  0.000      0      0      0      0      0
12/21/1990   3710      0   1443   2267      0    363      0    335      0    113      0      0      0   0.00   0.00      0   0.00    2.9  0.117    0.0  0.000      0      0      0      0      0
12/22/1990   3704      0   1283   2421      0    408      0    374      0     29      0      0      0   0.00   0.00      0   0.00    2.9  0.117    0.0  0.000      0      0      0      0      0
12/23/1990   3698      0   1116   2582      0    470      0    341      0      0      0      0      0   0.00   0.00      0   0.00    2.9  0.117    0.0  0.000      0      0      0      0      0
12/24/1990   3692      0    938   2754      0    531      0    280      0      0      0      0      0   0.00   0.00      0   0.00    2.9  0.117    0.0  0.000      0      0      0      0      0
12/25/1990   3686      0    751   2935      0    607      0    204      0     20      0      0      0   0.00   0.00      0   0.00    2.9  0.117    0.0  0.000      0      0      0      0      0
12/26/1990   3680      0    591   3089      0    698      0    113      0     70      0      0      0   0.00   0.00      0   0.00    2.9  0.117    0.0  0.000      0      0      0      0      0
12/27/1990   3675      0    445   3230      0    781      0     29      0    142      0      0      0   0.00   0.00      0   0.00    2.9  0.117    0.0  0.000      0      0      0      0      0
12/28/1990   3676      0    303   3373      0    803      0     20      0    207      0      0      0   0.00   0.00      0   0.00    2.9  0.117    0.0  0.000      0      0      0      0      0
12/29/1990   3686      0    194   3492      0    787      0     70      0    194      0      0      0   0.00   0.00      0   0.00    2.9  0.117    0.0  0.000      0      0      0      0      0
12/30/1990   3710      0    140   3570      0    757      0    142      0    187      0      0      0   0.00   0.00      0   0.00    2.9  0.117    0.0  0.000      0      0      0      0      0
12/31/1990   3762      0    144   3618      0    699      0    227      0    170      0      0      0   0.00   0.00      0   0.00    2.9  0.117    0.0  0.000      0      0      0      0      0
