Varroa Population Simulation - Nov 23,2015  02:38:13 PM
VarroaPop Version 3.2.5.8  June, 2015

                                        Capped  Capped                                                                      Prop           Conc          Conc                                     
            Colony  Adult  Adult         Drone   Wkr    Drone  Wkr    Drone  Wkr  Free   DBrood WBrood DMite  WMite  Mites  Mites  Colony Pollen Colony Nectar   Dead   Dead   Dead   Dead   Dead
     Date   Size   Drones   Wkr   Forgrs Brood  Brood   Larv   Larv    Eggs  Eggs Mites  Mites  Mites  /Cell  /Cell  Dying  Dying  Pollen  Pest  Nectar  Pest    DLarv  WLarv  DAdlt  WAdlt  Forgrs
Initial     10000      0   6552   3448      0      0      0      0      0      0      0      0      0   0.00   0.00      0   0.00    0.0  0.000    0.0  0.000      0      0      0      0      0
08/01/1990   9688      0   6240   3448      0      0      0      0      5    249      0      0      0   0.00   0.00      0   0.00    0.1  0.000    0.0  0.000      0      0      0      0      0
08/02/1990   9376      0   5928   3448      0      0      0      0     10    498      0      0      0   0.00   0.00      0   0.00    0.2  0.000    0.0  0.000      0      0      0      0      0
08/03/1990   9064      0   5616   3448      0      0      0      0     15    746      0      0      0   0.00   0.00      0   0.00    0.3  0.000    0.0  0.000      0      0      0      0      0
08/04/1990   8752      0   5304   3448      0      0      5    249     15    746      0      0      0   0.00   0.00      0   0.00    0.5  0.000    0.0  0.000      0      0      0      0      0
08/05/1990   8440      0   4992   3448      0      0     10    498     15    753      0      0      0   0.00   0.00      0   0.00    0.6  0.000    0.0  0.000      0      0      0      0      0
08/06/1990   8128      0   4680   3448      0      0     15    746     15    762      0      0      0   0.00   0.00      0   0.00    0.7  0.000    0.0  0.000      0      0      0      0      0
08/07/1990   7816      0   4368   3448      0      0     20    995     15    770      0      0      0   0.00   0.00      0   0.00    0.8  0.000    0.0  0.000      0      0      0      0      0
08/08/1990   7504      0   4056   3448      0      0     25   1251     15    771      0      0      0   0.00   0.00      0   0.00    0.9  0.000    0.0  0.000      0      0      0      0      0
08/09/1990   7192      0   3744   3448      0    249     30   1259     15    770      0      0      0   0.00   0.00      0   0.00    1.1  0.000    0.0  0.000      0      0      0      0      0
08/10/1990   6880      0   3432   3448      0    498     35   1267     15    769      0      0      0   0.00   0.00      0   0.00    1.2  0.000    0.0  0.000      0      0      0      0      0
08/11/1990   6501      0   3113   3388      5    746     35   1276     15    769      0      0      0   0.00   0.00      0   0.00    1.3  0.008    0.0  0.000      0      0      0      3     38
08/12/1990   6192      0   2830   3362     10    995     35   1283     15    767      0      0      0   0.00   0.00      0   0.00    1.4  0.011    0.0  0.000      0      0      0      0      1
08/13/1990   5883      0   2547   3336     15   1251     35   1283     15    758      0      0      0   0.00   0.00      0   0.00    1.6  0.013    0.0  0.000      0      0      0      0      1
08/14/1990   5574      0   2264   3310     20   1508     35   1283     15    734      0      0      0   0.00   0.00      0   0.00    1.7  0.013    0.0  0.000      0      0      0      0      1
08/15/1990   5266      0   1981   3285     25   1765     35   1280     15    695      0      0      0   0.00   0.00      0   0.00    1.8  0.012    0.0  0.000      0      0      0      0      0
08/16/1990   4958      0   1698   3260     30   2022     35   1270     15    668      0      0      0   0.00   0.00      0   0.00    2.0  0.012    0.0  0.000      0      0      0      0      0
08/17/1990   4650      0   1415   3235     35   2278     35   1247     15    658      0      0      0   0.00   0.00      0   0.00    2.1  0.011    0.0  0.000      0      0      0      0      0
08/18/1990   4342      0   1132   3210     40   2534     35   1206     15    648      0      0      0   0.00   0.00      0   0.00    2.2  0.011    0.0  0.000      0      0      0      0      0
08/19/1990   4034      0    849   3185     45   2791     35   1169     15    632      0      0      0   0.00   0.00      0   0.00    2.4  0.010    0.0  0.000      0      0      0      0      0
08/20/1990   3726      0    566   3160     50   3045     35   1138     15    624      0      0      0   0.00   0.00      0   0.00    2.5  0.010    0.0  0.000      0      0      0      0      0
08/21/1990   3418      0    283   3135     55   3292     35   1096     15    635      0      0      0   0.00   0.00      0   0.00    2.7  0.009    0.0  0.000      0      0      0      0      0
08/22/1990   3359      0    249   3110     60   3276     35   1067     15    656      0      0      0   0.00   0.00      0   0.00    2.8  0.009    0.0  0.000      0      0      0      0      0
08/23/1990   3326      0    498   2828     65   3242     35   1067     15    670      0      0      0   0.00   0.00      0   0.00    2.9  0.008    0.0  0.000      0      0      0      0      0
08/24/1990   3292      0    746   2546     70   3214     35   1063     15    651      0      0      0   0.00   0.00      0   0.00    3.0  0.008    0.0  0.000      0      0      0      0      0
08/25/1990   3264      5    995   2264     70   3188     35   1065     14    597      0      0      0   0.00   0.00      0   0.00    3.1  0.008    0.0  0.000      0      0      0      0      0
08/26/1990   3242     10   1251   1981     70   3137     35   1089     12    536      0      0      0   0.00   0.00      0   0.00    3.2  0.007    0.0  0.000      0      0      0      0      0
08/27/1990   3221     15   1508   1698     70   3084     35   1082     10    503      0      0      0   0.00   0.00      0   0.00    3.3  0.007    0.0  0.000      0      0      0      0      0
08/28/1990   3200     20   1765   1415     70   3042     34   1038      9    485      0      0      0   0.00   0.00      0   0.00    3.3  0.007    0.0  0.000      0      0      0      0      0
08/29/1990   3179     25   2022   1132     70   3001     32    990      8    458      0      0      0   0.00   0.00      0   0.00    3.4  0.007    0.0  0.000      0      0      0      0      0
08/30/1990   3157     30   2278    849     70   2970     30    929      7    410      0      0      0   0.00   0.00      0   0.00    3.4  0.007    0.0  0.000      0      0      0      0      0
08/31/1990   3135     35   2534    566     70   2943     28    853      5    350      0      0      0   0.00   0.00      0   0.00    3.4  0.007    0.0  0.000      0      0      0      0      0
09/01/1990   3114     40   2791    283     70   2883     25    797      3    280      0      0      0   0.00   0.00      0   0.00    3.4  0.007    0.0  0.000      0      0      0      0      0
09/02/1990   3373     45   3045    283     70   2800     22    742      1    203      0      0      0   0.00   0.00      0   0.00    3.4  0.007    0.0  0.000      0      0      0      0      0
09/03/1990   3342     50   3292      0     70   2721     18    667      0    149      0      0      0   0.00   0.00      0   0.00    3.4  0.007    0.0  0.000      0      0      0      0      0
09/04/1990   3580     55   3525      0     69   2652     14    574      0     78      0      0      0   0.00   0.00      0   0.00    3.3  0.007    0.0  0.000      0      0      0      0      0
09/05/1990   3800     60   3740      0     67   2590     11    460      0     39      0      0      0   0.00   0.00      0   0.00    3.3  0.007    0.0  0.000      0      0      0      0      0
09/06/1990   4025     65   3960      0     65   2511      8    358      0      0      0      0      0   0.00   0.00      0   0.00    3.3  0.007    0.0  0.000      0      0      0      0      0
09/07/1990   4253     70   4183      0     63   2404      5    242      0      0      0      0      0   0.00   0.00      0   0.00    3.3  0.007    0.0  0.000      0      0      0      0      0
09/08/1990   4463     75   4388      0     60   2292      3    149      0      0      0      0      0   0.00   0.00      0   0.00    3.2  0.007    0.0  0.000      0      0      0      0      0
09/09/1990   4672     80   4592      0     57   2159      1     78      0      0      0      0      0   0.00   0.00      0   0.00    3.2  0.007    0.0  0.000      0      0      0      0      0
09/10/1990   4892     85   4807      0     53   1983      0     39      0      0      0      0      0   0.00   0.00      0   0.00    3.2  0.007    0.0  0.000      0      0      0      0      0
09/11/1990   5113     90   5023      0     48   1806      0      0      0      0      0      0      0   0.00   0.00      0   0.00    3.1  0.007    0.0  0.000      0      0      0      0      0
09/12/1990   5343     95   4999    249     43   1581      0      0      0      0      0      0      0   0.00   0.00      0   0.00    3.1  0.007    0.0  0.000      0      0      0      0      0
09/13/1990   5577    100   4979    498     38   1352      0      0      0     35      0      0      0   0.00   0.00      0   0.00    3.1  0.007    0.0  0.000      0      0      0      0      0
09/14/1990   5779    105   4928    746     33   1155      0      0      0     94      0      0      0   0.00   0.00      0   0.00    3.1  0.007    0.0  0.000      0      0      0      0      0
09/15/1990   5950    105   4850    995     28    984      0      0      1    175      0      0      0   0.00   0.00      0   0.00    3.1  0.007    0.0  0.000      0      0      0      0      0
09/16/1990   6118    105   4762   1251     23    816      0     35      2    241      0      0      0   0.00   0.00      0   0.00    3.1  0.007    0.0  0.000      0      0      0      0      0
09/17/1990   6282    105   4669   1508     18    652      0     94      4    303      0      0      0   0.00   0.00      0   0.00    3.2  0.007    0.0  0.000      0      0      0      0      0
09/18/1990   6434    104   4565   1765     14    499      1    175      5    357      0      0      0   0.00   0.00      0   0.00    3.2  0.007    0.0  0.000      0      0      0      0      0
09/19/1990   6573    102   4449   2022     11    358      2    276      7    403      0      0      0   0.00   0.00      0   0.00    3.3  0.007    0.0  0.000      0      0      0      0      0
09/20/1990   6687    100   4309   2278      8    242      4    397      9    451      0      0      0   0.00   0.00      0   0.00    3.3  0.007    0.0  0.000      0      0      0      0      0
09/21/1990   6778     98   4146   2534      5    184      6    497     11    499      0      0      0   0.00   0.00      0   0.00    3.4  0.006    0.0  0.000      0      0      0      0      0
09/22/1990   6846     95   3960   2791      3    172      9    585     13    534      0      0      0   0.00   0.00      0   0.00    3.5  0.006    0.0  0.000      0      0      0      0      0
09/23/1990   6633     92   3745   2796      1    214     13    673     14    546      0      0      0   0.00   0.00      0   0.00    3.6  0.006    0.0  0.000      0      0      0      0      0
09/24/1990   6419     88   3537   2794      0    276     17    755     15    555      0      0      0   0.00   0.00      0   0.00    3.7  0.006    0.0  0.000      0      0      0      0      0
09/25/1990   6166     83   3304   2779      1    397     21    816     15    563      0      0      0   0.00   0.00      0   0.00    3.8  0.006    0.0  0.000      0      0      0      0      0
09/26/1990   5912     78   3089   2745      2    532     25    862     15    571      0      0      0   0.00   0.00      0   0.00    3.9  0.006    0.0  0.000      0      0      0      0      0
09/27/1990   5651     73   2869   2709      4    679     28    907     15    567      0      0      0   0.00   0.00      0   0.00    4.0  0.005    0.0  0.000      0      0      0      0      0
09/28/1990   5389     68   2646   2675      6    848     31    928     15    568      0      0      0   0.00   0.00      0   0.00    4.1  0.005    0.0  0.000      0      0      0      0      0
09/29/1990   5127     63   2441   2623      9   1031     33    934     15    577      0      0      0   0.00   0.00      0   0.00    4.2  0.005    0.0  0.000      0      0      0      0      0
09/30/1990   4865     58   2237   2570     13   1213     34    940     15    590      0      0      0   0.00   0.00      0   0.00    4.3  0.005    0.0  0.000      0      0      0      0      0
10/01/1990   4604     53   2022   2529     17   1394     35    950     15    600      0      0      0   0.00   0.00      0   0.00    4.4  0.005    0.0  0.000      0      0      0      0      0
10/02/1990   4343     48   1806   2489     22   1586     35    956     15    588      0      0      0   0.00   0.00      0   0.00    4.5  0.005    0.0  0.000      0      0      0      0      0
10/03/1990   4081     43   1581   2457     27   1776     35    967     15    573      0      0      0   0.00   0.00      0   0.00    4.6  0.005    0.0  0.000      0      0      0      0      0
10/04/1990   3857     38   1387   2432     32   1930     35    979     15    571      0      0      0   0.00   0.00      0   0.00    4.7  0.005    0.0  0.000      0      0      0      0      0
10/05/1990   3664     33   1249   2382     37   2059     35    977     15    568      0      0      0   0.00   0.00      0   0.00    4.8  0.005    0.0  0.000      0      0      0      0      0
10/06/1990   3507     28   1159   2320     42   2169     35    972     15    546      0      0      0   0.00   0.00      0   0.00    4.9  0.004    0.0  0.000      0      0      0      0      0
10/07/1990   3388     23   1092   2273     47   2266     35    973     14    497      0      0      0   0.00   0.00      0   0.00    5.0  0.004    0.0  0.000      0      0      0      0      0
10/08/1990   3284     18   1049   2217     52   2346     35    955     13    465      0      0      0   0.00   0.00      0   0.00    5.1  0.004    0.0  0.000      0      0      0      0      0
10/09/1990   3193     15   1031   2147     56   2412     35    918     13    459      0      0      0   0.00   0.00      0   0.00    5.2  0.004    0.0  0.000      0      0      0      0      0
10/10/1990   3133     13   1037   2083     60   2451     34    882     13    461      0      0      0   0.00   0.00      0   0.00    5.3  0.004    0.0  0.000      0      0      0      0      0
10/11/1990   3097     12   1090   1995     63   2468     33    847     13    460      0      0      0   0.00   0.00      0   0.00    5.3  0.004    0.0  0.000      0      0      0      0      0
10/12/1990   3064     11   1180   1873     66   2484     33    806     12    449      0      0      0   0.00   0.00      0   0.00    5.4  0.004    0.0  0.000      0      0      0      0      0
10/13/1990   3031     12   1291   1728     68   2485     32    775     12    437      0      0      0   0.00   0.00      0   0.00    5.5  0.004    0.0  0.000      0      0      0      0      0
10/14/1990   2989     14   1433   1542     69   2468     31    761     12    422      0      0      0   0.00   0.00      0   0.00    5.6  0.004    0.0  0.000      0      0      0      0      0
10/15/1990   2955     17   1586   1352     70   2426     30    758     11    403      0      0      0   0.00   0.00      0   0.00    5.6  0.004    0.0  0.000      0      0      0      0      0
10/16/1990   2953     22   1776   1155     70   2387     29    747     10    377      0      0      0   0.00   0.00      0   0.00    5.6  0.004    0.0  0.000      0      0      0      0      0
10/17/1990   2976     27   1965    984     69   2356     29    724      8    344      0      0      0   0.00   0.00      0   0.00    5.7  0.004    0.0  0.000      0      0      0      0      0
10/18/1990   3001     32   2153    816     68   2320     28    700      7    309      0      0      0   0.00   0.00      0   0.00    5.7  0.004    0.0  0.000      0      0      0      0      0
10/19/1990   3033     37   2344    652     68   2279     26    664      5    267      0      0      0   0.00   0.00      0   0.00    5.7  0.004    0.0  0.000      0      0      0      0      0
10/20/1990   3083     42   2542    499     67   2228     24    619      4    221      0      0      0   0.00   0.00      0   0.00    5.7  0.004    0.0  0.000      0      0      0      0      0
10/21/1990   3148     47   2743    358     66   2167     22    572      2    178      0      0      0   0.00   0.00      0   0.00    5.7  0.004    0.0  0.000      0      0      0      0      0
10/22/1990   3238     52   2944    242     65   2101     19    509      1    143      0      0      0   0.00   0.00      0   0.00    5.7  0.004    0.0  0.000      0      0      0      0      0
10/23/1990   3336     57   3130    149     64   2043     16    437      0    114      0      0      0   0.00   0.00      0   0.00    5.7  0.004    0.0  0.000      0      0      0      0      0
10/24/1990   3456     62   3316     78     63   1971     12    373      0     82      0      0      0   0.00   0.00      0   0.00    5.7  0.004    0.0  0.000      0      0      0      0      0
10/25/1990   3621     67   3480     74     61   1874      9    308      0     55      0      0      0   0.00   0.00      0   0.00    5.7  0.004    0.0  0.000      0      0      0      0      0
10/26/1990   3770     72   3604     94     59   1784      6    242      0     36      0      0      0   0.00   0.00      0   0.00    5.6  0.004    0.0  0.000      0      0      0      0      0
10/27/1990   3939     77   3687    175     56   1692      4    188      0     29      0      0      0   0.00   0.00      0   0.00    5.6  0.004    0.0  0.000      0      0      0      0      0
10/28/1990   4094     82   3736    276     53   1598      2    142      0     39      0      0      0   0.00   0.00      0   0.00    5.6  0.004    0.0  0.000      0      0      0      0      0
10/29/1990   4250     87   3766    397     49   1497      1    100      0     60      0      0      0   0.00   0.00      0   0.00    5.6  0.004    0.0  0.000      0      0      0      0      0
10/30/1990   4412     91   3789    532     45   1376      0     74      0     87      0      0      0   0.00   0.00      0   0.00    5.6  0.004    0.0  0.000      0      0      0      0      0
10/31/1990   4567     94   3794    679     41   1251      0     67      0    113      0      0      0   0.00   0.00      0   0.00    5.6  0.004    0.0  0.000      0      0      0      0      0
11/01/1990   4711     96   3775    840     37   1119      0     78      0    130      0      0      0   0.00   0.00      0   0.00    5.6  0.004    0.0  0.000      0      0      0      0      0
11/02/1990   4852     99   3739   1014     32    982      0    106      0    143      0      0      0   0.00   0.00      0   0.00    5.6  0.004    0.0  0.000      0      0      0      0      0
11/03/1990   4983    100   3697   1186     28    850      0    144      1    158      0      0      0   0.00   0.00      0   0.00    5.7  0.004    0.0  0.000      0      0      0      0      0
11/04/1990   5107    100   3651   1356     24    726      0    179      2    188      0      0      0   0.00   0.00      0   0.00    5.7  0.004    0.0  0.000      0      0      0      0      0
11/05/1990   5193    100   3587   1506     20    618      0    210      4    222      0      0      0   0.00   0.00      0   0.00    5.7  0.004    0.0  0.000      0      0      0      0      0
11/06/1990   5241     99   3511   1631     16    533      1    242      5    237      0      0      0   0.00   0.00      0   0.00    5.8  0.004    0.0  0.000      0      0      0      0      0
11/07/1990   5256     98   3424   1734     12    469      2    280      6    240      0      0      0   0.00   0.00      0   0.00    5.8  0.004    0.0  0.000      0      0      0      0      0
11/08/1990   5242     96   3329   1817      9    422      4    319      6    249      0      0      0   0.00   0.00      0   0.00    5.9  0.004    0.0  0.000      0      0      0      0      0
11/09/1990   5188     94   3210   1884      6    396      6    349      7    275      0      0      0   0.00   0.00      0   0.00    6.0  0.004    0.0  0.000      0      0      0      0      0
11/10/1990   5104     91   3068   1945      4    391      8    377      8    303      0      0      0   0.00   0.00      0   0.00    6.0  0.004    0.0  0.000      0      0      0      0      0
11/11/1990   5003     88   2917   1998      2    402     10    410      9    322      0      0      0   0.00   0.00      0   0.00    6.1  0.003    0.0  0.000      0      0      0      0      0
11/12/1990   4867     84   2753   2030      1    441     13    436     10    340      0      0      0   0.00   0.00      0   0.00    6.2  0.003    0.0  0.000      0      0      0      0      0
11/13/1990   4707     80   2594   2033      1    499     15    458     11    358      0      0      0   0.00   0.00      0   0.00    6.2  0.003    0.0  0.000      0      0      0      0      0
11/14/1990   4538     75   2426   2037      2    557     17    495     11    354      0      0      0   0.00   0.00      0   0.00    6.3  0.003    0.0  0.000      0      0      0      0      0
11/15/1990   4362     70   2237   2055      4    626     19    536     10    337      0      0      0   0.00   0.00      0   0.00    6.4  0.003    0.0  0.000      0      0      0      0      0
11/16/1990   4173     65   2062   2046      6    712     21    567     10    326      0      0      0   0.00   0.00      0   0.00    6.5  0.003    0.0  0.000      0      0      0      0      0
11/17/1990   3989     60   1909   2020      8    803     22    574     11    336      0      0      0   0.00   0.00      0   0.00    6.5  0.003    0.0  0.000      0      0      0      0      0
11/18/1990   3815     55   1779   1981     10    890     23    570     11    344      0      0      0   0.00   0.00      0   0.00    6.6  0.003    0.0  0.000      0      0      0      0      0
11/19/1990   3651     50   1657   1944     13    974     24    571     10    343      0      0      0   0.00   0.00      0   0.00    6.7  0.003    0.0  0.000      0      0      0      0      0
11/20/1990   3673     45   1537   2091     16   1056     25    570      8    305      0      0      0   0.00   0.00      0   0.00    6.8  0.003    0.0  0.000      0      0      0      0      0
11/21/1990   3525     41   1431   2053     19   1135     25    556      7    268      0      0      0   0.00   0.00      0   0.00    6.9  0.003    0.0  0.000      0      0      0      0      0
11/22/1990   3180     37   1327   1816     23   1198     24    560      6    234      0      0      0   0.00   0.00      0   0.00    6.9  0.003    0.0  0.000      0      0      0      0      0
11/23/1990   3025     32   1231   1762     27   1250     22    538      6    226      0      0      0   0.00   0.00      0   0.00    7.0  0.003    0.0  0.000      0      0      0      0      0
11/24/1990   2896     28   1152   1716     30   1303     21    498      6    225      0      0      0   0.00   0.00      0   0.00    7.1  0.003    0.0  0.000      0      0      0      0      0
11/25/1990   2957     24   1093   1840     33   1346     20    458      6    227      0      0      0   0.00   0.00      0   0.00    7.1  0.003    0.0  0.000      0      0      0      0      0
11/26/1990   3027     20   1050   1957     37   1372     18    420      5    210      0      0      0   0.00   0.00      0   0.00    7.1  0.003    0.0  0.000      0      0      0      0      0
11/27/1990   3089     17   1012   2060     40   1409     16    380      4    189      0      0      0   0.00   0.00      0   0.00    7.0  0.003    0.0  0.000      0      0      0      0      0
11/28/1990   3154     14    989   2151     42   1411     15    380      3    172      0      0      0   0.00   0.00      0   0.00    7.1  0.003    0.0  0.000      0      0      0      0      0
11/29/1990   2880     13    990   1877     43   1391     13    362      4    193      0      0      0   0.00   0.00      0   0.00    7.2  0.003    0.0  0.000      0      0      0      0      0
11/30/1990   2801     12   1020   1769     43   1368     12    335      5    214      0      0      0   0.00   0.00      0   0.00    7.3  0.003    0.0  0.000      0      0      0      0      0
12/01/1990   2897     12   1071   1814     43   1334     11    326      5    208      0      0      0   0.00   0.00      0   0.00    7.4  0.003    0.0  0.000      0      0      0      0      0
12/02/1990   2999     12   1134   1853     43   1294     11    330      4    181      0      0      0   0.00   0.00      0   0.00    7.4  0.003    0.0  0.000      0      0      0      0      0
12/03/1990   2962     14   1217   1731     42   1255     11    322      3    166      0      0      0   0.00   0.00      0   0.00    7.4  0.003    0.0  0.000      0      0      0      0      0
12/04/1990   2944     16   1315   1613     41   1186     10    324      3    170      0      0      0   0.00   0.00      0   0.00    7.5  0.003    0.0  0.000      0      0      0      0      0
12/05/1990   3045     19   1406   1620     40   1129      9    322      3    167      0      0      0   0.00   0.00      0   0.00    7.5  0.003    0.0  0.000      0      0      0      0      0
12/06/1990   3007     23   1499   1485     37   1090      9    316      3    166      0      0      0   0.00   0.00      0   0.00    7.5  0.003    0.0  0.000      0      0      0      0      0
12/07/1990   2835     27   1605   1203     34   1053      9    301      3    162      0      0      0   0.00   0.00      0   0.00    7.6  0.003    0.0  0.000      0      0      0      0      0
12/08/1990   2812     30   1713   1069     32   1007      9    275      3    165      0      0      0   0.00   0.00      0   0.00    7.6  0.003    0.0  0.000      0      0      0      0      0
12/09/1990   2784     33   1804    947     31    954      8    274      3    156      0      0      0   0.00   0.00      0   0.00    7.7  0.003    0.0  0.000      0      0      0      0      0
12/10/1990   2389     37   1888    464     29    891      7    282      3    155      0      0      0   0.00   0.00      0   0.00    7.7  0.003    0.0  0.000      0      0      0      0      0
12/11/1990   2373     41   1931    401     26    868      7    274      2    138      0      0      0   0.00   0.00      0   0.00    7.7  0.003    0.0  0.000      0      0      0      0      0
12/12/1990   2439     44   1959    436     24    856      7    260      1    116      0      0      0   0.00   0.00      0   0.00    7.7  0.003    0.0  0.000      0      0      0      0      0
12/13/1990   2510     47   1992    471     22    824      7    270      0     83      0      0      0   0.00   0.00      0   0.00    7.7  0.003    0.0  0.000      0      0      0      0      0
12/14/1990   2574     49   2014    511     21    808      6    246      0     61      0      0      0   0.00   0.00      0   0.00    7.6  0.003    0.0  0.000      0      0      0      0      0
12/15/1990   2639     51   2026    562     20    793      5    214      0     52      0      0      0   0.00   0.00      0   0.00    7.6  0.003    0.0  0.000      0      0      0      0      0
12/16/1990   2712     53   2031    628     19    762      4    188      0     44      0      0      0   0.00   0.00      0   0.00    7.6  0.003    0.0  0.000      0      0      0      0      0
12/17/1990   2761     55   2002    704     18    754      3    151      0     53      0      0      0   0.00   0.00      0   0.00    7.6  0.003    0.0  0.000      0      0      0      0      0
12/18/1990   2805     56   1978    771     17    759      2    111      0     60      0      0      0   0.00   0.00      0   0.00    7.6  0.003    0.0  0.000      0      0      0      0      0
12/19/1990   2862     57   1963    842     16    728      1     94      0     66      0      0      0   0.00   0.00      0   0.00    7.6  0.003    0.0  0.000      0      0      0      0      0
12/20/1990   2930     56   1946    928     16    677      0     88      0     54      0      0      0   0.00   0.00      0   0.00    7.6  0.003    0.0  0.000      0      0      0      0      0
12/21/1990   2994     55   1917   1022     15    628      0     88      0     30      0      0      0   0.00   0.00      0   0.00    7.5  0.003    0.0  0.000      0      0      0      0      0
12/22/1990   3043     54   1868   1121     14    581      0     99      0      8      0      0      0   0.00   0.00      0   0.00    7.5  0.003    0.0  0.000      0      0      0      0      0
12/23/1990   3085     54   1805   1226     12    548      0     90      0      0      0      0      0   0.00   0.00      0   0.00    7.5  0.003    0.0  0.000      0      0      0      0      0
12/24/1990   3134     53   1743   1338     10    506      0     74      0      0      0      0      0   0.00   0.00      0   0.00    7.5  0.003    0.0  0.000      0      0      0      0      0
12/25/1990   3186     51   1680   1455      9    464      0     54      0      6      0      0      0   0.00   0.00      0   0.00    7.5  0.003    0.0  0.000      0      0      0      0      0
12/26/1990   3223     49   1618   1556      8    441      0     30      0     23      0      0      0   0.00   0.00      0   0.00    7.5  0.003    0.0  0.000      0      0      0      0      0
12/27/1990   3269     46   1572   1651      7    406      0      8      0     46      0      0      0   0.00   0.00      0   0.00    7.5  0.003    0.0  0.000      0      0      0      0      0
12/28/1990   3316     43   1516   1757      6    356      0      6      0     68      0      0      0   0.00   0.00      0   0.00    7.5  0.003    0.0  0.000      0      0      0      0      0
12/29/1990   3356     41   1447   1868      5    306      0     23      0     63      0      0      0   0.00   0.00      0   0.00    7.5  0.003    0.0  0.000      0      0      0      0      0
12/30/1990   3394     39   1384   1971      4    258      0     46      0     62      0      0      0   0.00   0.00      0   0.00    7.4  0.003    0.0  0.000      0      0      0      0      0
12/31/1990   3440     36   1328   2076      3    201      0     74      0     57      0      0      0   0.00   0.00      0   0.00    7.4  0.003    0.0  0.000      0      0      0      0      0
