Varroa Population Simulation - Nov 24,2015  04:08:38 PM
VarroaPop Version 3.2.5.8  June, 2015

                                        Capped  Capped                                                                      Prop           Conc          Conc                                     
            Colony  Adult  Adult         Drone   Wkr    Drone  Wkr    Drone  Wkr  Free   DBrood WBrood DMite  WMite  Mites  Mites  Colony Pollen Colony Nectar   Dead   Dead   Dead   Dead   Dead
     Date   Size   Drones   Wkr   Forgrs Brood  Brood   Larv   Larv    Eggs  Eggs Mites  Mites  Mites  /Cell  /Cell  Dying  Dying  Pollen  Pest  Nectar  Pest    DLarv  WLarv  DAdlt  WAdlt  Forgrs
Initial     10000      0   7770   2230      0      0      0      0      0      0      0      0      0   0.00   0.00      0   0.00    0.0  0.000    0.0  0.000      0      0      0      0      0
05/01/1990   9630      0   7400   2230      0      0      0      0      0    472      0      0      0   0.00   0.00      0   0.00    0.1  0.000    0.0  0.000      0      0      0      0      0
05/02/1990   9260      0   7030   2230      0      0      0      0      0    980      0      0      0   0.00   0.00      0   0.00    0.1  0.000    0.0  0.000      0      0      0      0      0
05/03/1990   8890      0   6660   2230      0      0      0      0      0   1533      0      0      0   0.00   0.00      0   0.00    0.2  0.000    0.0  0.000      0      0      0      0      0
05/04/1990   8520      0   6290   2230      0      0      0    472      0   1636      0      0      0   0.00   0.00      0   0.00    0.2  0.000    0.0  0.000      0      0      0      0      0
05/05/1990   8150      0   5920   2230      0      0      0    980      0   1715      0      0      0   0.00   0.00      0   0.00    0.3  0.000    0.0  0.000      0      0      0      0      0
05/06/1990   7770      0   5550   2220      0      0      0   1533      0   1737      0      0      0   0.00   0.00      0   0.00    0.3  0.000    0.0  0.000      0      0      0      0      0
05/07/1990   7400      0   5180   2220      0      0      0   2108      0   1694      0      0      0   0.00   0.00      0   0.00    0.4  0.000    0.0  0.000      0      0      0      0      0
05/08/1990   7030      0   4810   2220      0      0      0   2695      0   1631      0      0      0   0.00   0.00      0   0.00    0.4  0.000    0.0  0.000      0      0      0      0      0
05/09/1990   6660      0   4440   2220      0    472      0   2798      0   1540      0      0      0   0.00   0.00      0   0.00    0.5  0.000    0.0  0.000      0      0      0      0      0
05/10/1990   6290      0   4070   2220      0    980      0   2822      0   1424      0      0      0   0.00   0.00      0   0.00    0.6  0.000    0.0  0.000      0      0      0      0      0
05/11/1990   5920      0   3700   2220      0   1533      0   2793      0   1359      0      0      0   0.00   0.00      0   0.00    0.6  0.000    0.0  0.000      0      0      0      0      0
05/12/1990   5550      0   3330   2220      0   2108      0   2702      0   1351      0      0      0   0.00   0.00      0   0.00    0.7  0.000    0.0  0.000      0      0      0      0      0
05/13/1990   5180      0   2960   2220      0   2695      0   2531      0   1419      0      0      0   0.00   0.00      0   0.00    0.8  0.000    0.0  0.000      0      0      0      0      0
05/14/1990   4810      0   2590   2220      0   3270      0   2415      0   1442      0      0      0   0.00   0.00      0   0.00    0.9  0.000    0.0  0.000      0      0      0      0      0
05/15/1990   4440      0   2220   2220      0   3802      0   2359      0   1429      0      0      0   0.00   0.00      0   0.00    0.9  0.000    0.0  0.000      0      0      0      0      0
05/16/1990   4070      0   1850   2220      0   4326      0   2319      0   1464      0      0      0   0.00   0.00      0   0.00    1.0  0.000    0.0  0.000      0      0      0      0      0
05/17/1990   3700      0   1480   2220      0   4810      0   2317      0   1466      0      0      0   0.00   0.00      0   0.00    1.1  0.000    0.0  0.000      0      0      0      0      0
05/18/1990   3330      0   1110   2220      0   5226      0   2364      0   1436      0      0      0   0.00   0.00      0   0.00    1.2  0.000    0.0  0.000      0      0      0      0      0
05/19/1990   2960      0    740   2220      0   5685      0   2424      0   1337      0      0      0   0.00   0.00      0   0.00    1.3  0.000    0.0  0.000      0      0      0      0      0
05/20/1990   2590      0    370   2220      0   6161      0   2432      0   1331      0      0      0   0.00   0.00      0   0.00    1.4  0.000    0.0  0.000      0      0      0      0      0
05/21/1990   2220      0      0   2220      0   6645      0   2381      0   1398      0      0      0   0.00   0.00      0   0.00    1.5  0.000    0.0  0.000      0      0      0      0      0
05/22/1990   2322      0    472   1850      0   6655      0   2319      0   1488      0      0      0   0.00   0.00      0   0.00    1.6  0.000    0.0  0.000      0      0      0      0      0
05/23/1990   2830      0    980   1850      0   6610      0   2334      0   1389      0      0      0   0.00   0.00      0   0.00    1.6  0.000    0.0  0.000      0      0      0      0      0
05/24/1990   3013      0   1533   1480      0   6576      0   2315      0   1265      0      0      0   0.00   0.00      0   0.00    1.6  0.000    0.0  0.000      0      0      0      0      0
05/25/1990   3218      0   2108   1110      0   6485      0   2341      0   1122      0      0      0   0.00   0.00      0   0.00    1.7  0.000    0.0  0.000      0      0      0      0      0
05/26/1990   3435      0   2695    740      0   6331      0   2287      0   1051      0      0      0   0.00   0.00      0   0.00    1.7  0.000    0.0  0.000      0      0      0      0      0
05/27/1990   4010      0   3270    740      0   6176      0   2243      0    875      0      0      0   0.00   0.00      0   0.00    1.7  0.000    0.0  0.000      0      0      0      0      0
05/28/1990   4542      0   3802    740      0   6122      0   2132      0    706      0      0      0   0.00   0.00      0   0.00    1.6  0.000    0.0  0.000      0      0      0      0      0
05/29/1990   4696      0   4326    370      0   6098      0   1940      0    610      0      0      0   0.00   0.00      0   0.00    1.6  0.000    0.0  0.000      0      0      0      0      0
05/30/1990   4810      0   4810      0      0   6124      0   1630      0    533      0      0      0   0.00   0.00      0   0.00    1.6  0.000    0.0  0.000      0      0      0      0      0
05/31/1990   5226      0   5226      0      0   6087      0   1449      0    335      0      0      0   0.00   0.00      0   0.00    1.6  0.000    0.0  0.000      0      0      0      0      0
06/01/1990   5685      0   5685      0      0   6004      0   1285      0    123      0      0      0   0.00   0.00      0   0.00    1.5  0.000    0.0  0.000      0      0      0      0      0
06/02/1990   6161      0   6161      0      0   5895      0   1041      0      0      0      0      0   0.00   0.00      0   0.00    1.5  0.000    0.0  0.000      0      0      0      0      0
06/03/1990   6645      0   6645      0      0   5719      0    733      0      0      0      0      0   0.00   0.00      0   0.00    1.5  0.000    0.0  0.000      0      0      0      0      0
06/04/1990   7127      0   7127      0      0   5437      0    533      0      0      0      0      0   0.00   0.00      0   0.00    1.4  0.000    0.0  0.000      0      0      0      0      0
06/05/1990   7590      0   7590      0      0   5172      0    335      0      0      0      0      0   0.00   0.00      0   0.00    1.4  0.000    0.0  0.000      0      0      0      0      0
06/06/1990   8109      0   8109      0      0   4865      0    123      0      0      0      0      0   0.00   0.00      0   0.00    1.3  0.000    0.0  0.000      0      0      0      0      0
06/07/1990   8593      0   8593      0      0   4504      0      0      0      0      0      0      0   0.00   0.00      0   0.00    1.3  0.000    0.0  0.000      0      0      0      0      0
06/08/1990   9026      0   9026      0      0   4071      0      0      0      0      0      0      0   0.00   0.00      0   0.00    1.2  0.000    0.0  0.000      0      0      0      0      0
06/09/1990   9446      0   9446      0      0   3651      0      0      0      0      0      0      0   0.00   0.00      0   0.00    1.1  0.000    0.0  0.000      0      0      0      0      0
06/10/1990   9924      0   9924      0      0   3173      0      0      0      0      0      0      0   0.00   0.00      0   0.00    1.1  0.000    0.0  0.000      0      0      0      0      0
06/11/1990  10424      0  10424      0      0   2673      0      0      0      0      0      0      0   0.00   0.00      0   0.00    1.0  0.000    0.0  0.000      0      0      0      0      0
06/12/1990  10934      0  10462    472      0   2163      0      0      0      0      0      0      0   0.00   0.00      0   0.00    0.9  0.000    0.0  0.000      0      0      0      0      0
06/13/1990  11313      0  10333    980      0   1784      0      0      0    161      0      0      0   0.00   0.00      0   0.00    0.9  0.000    0.0  0.000      0      0      0      0      0
06/14/1990  11689      0  10156   1533      0   1408      0      0      0    436      0      0      0   0.00   0.00      0   0.00    0.9  0.000    0.0  0.000      0      0      0      0      0
06/15/1990  12056      0   9948   2108      0   1041      0      0      0    824      0      0      0   0.00   0.00      0   0.00    0.9  0.000    0.0  0.000      0      0      0      0      0
06/16/1990  12364      0   9669   2695      0    733      0    161      0   1170      0      0      0   0.00   0.00      0   0.00    1.0  0.000    0.0  0.000      0      0      0      0      0
06/17/1990  12564      0   9294   3270      0    533      0    436      1   1510      0      0      0   0.00   0.00      0   0.00    1.1  0.000    0.0  0.000      0      0      0      0      0
06/18/1990  12290      0   8960   3330      0    335      0    824      4   1773      0      0      0   0.00   0.00      0   0.00    1.2  0.000    0.0  0.000      0      0      0      0      0
06/19/1990  11994      0   8648   3346      0    123      0   1331      7   1973      0      0      0   0.00   0.00      0   0.00    1.3  0.000    0.0  0.000      0      0      0      0      0
06/20/1990  11564      0   8287   3277      0      0      1   1946      9   2124      0      0      0   0.00   0.00      0   0.00    1.3  0.000    0.0  0.000      0      0      0      0      0
06/21/1990  10989      0   7871   3118      0    161      4   2436      9   2232      0      0      0   0.00   0.00      0   0.00    1.4  0.000    0.0  0.000      0      0      0      0      0
06/22/1990  10402      0   7412   2990      0    436      7   2868      8   2216      0      0      0   0.00   0.00      0   0.00    1.5  0.000    0.0  0.000      0      0      0      0      0
06/23/1990   9827      0   6936   2891      0    824     10   3246      7   2122      0      0      0   0.00   0.00      0   0.00    1.6  0.000    0.0  0.000      0      0      0      0      0
06/24/1990   9295      0   6452   2843      0   1331     13   3498      6   2036      0      0      0   0.00   0.00      0   0.00    1.7  0.000    0.0  0.000      0      0      0      0      0
06/25/1990   8771      0   5970   2801      0   1946     15   3574      6   2010      0      0      0   0.00   0.00      0   0.00    1.7  0.000    0.0  0.000      0      0      0      0      0
06/26/1990   8287      0   5507   2780      0   2597     17   3595      6   2006      0      0      0   0.00   0.00      0   0.00    1.8  0.000    0.0  0.000      0      0      0      0      0
06/27/1990   7871      0   4988   2883      1   3304     18   3561      6   1985      0      0      0   0.00   0.00      0   0.00    1.9  0.000    0.0  0.000      0      0      0      0      0
06/28/1990   7412      0   4504   2908      4   4070     17   3460      6   1975      0      0      0   0.00   0.00      0   0.00    2.0  0.000    0.0  0.000      0      0      0      0      0
06/29/1990   6936      0   4071   2865      7   4829     16   3369      6   2000      0      0      0   0.00   0.00      0   0.00    2.1  0.000    0.0  0.000      0      0      0      0      0
06/30/1990   6452      0   3651   2801     10   5520     15   3330      6   2039      0      0      0   0.00   0.00      0   0.00    2.2  0.000    0.0  0.000      0      0      0      0      0
07/01/1990   5970      0   3173   2797     13   6192     14   3313      6   2065      0      0      0   0.00   0.00      0   0.00    2.3  0.000    0.0  0.000      0      0      0      0      0
07/02/1990   5507      0   2673   2834     15   6865     14   3333      6   2025      0      0      0   0.00   0.00      0   0.00    2.4  0.000    0.0  0.000      0      0      0      0      0
07/03/1990   4988      0   2163   2825     17   7530     14   3359      6   1987      0      0      0   0.00   0.00      0   0.00    2.5  0.000    0.0  0.000      0      0      0      0      0
07/04/1990   4665      0   1945   2720     19   8037     14   3372      6   1935      0      0      0   0.00   0.00      0   0.00    2.6  0.000    0.0  0.000      0      0      0      0      0
07/05/1990   4507      0   1844   2663     21   8414     14   3373      5   1906      0      0      0   0.00   0.00      0   0.00    2.7  0.000    0.0  0.000      0      0      0      0      0
07/06/1990   4475      0   1865   2610     23   8681     14   3371      4   1871      0      0      0   0.00   0.00      0   0.00    2.8  0.000    0.0  0.000      0      0      0      0      0
07/07/1990   4504      0   2064   2440     25   8867     14   3307      3   1872      0      0      0   0.00   0.00      0   0.00    2.9  0.000    0.0  0.000      0      0      0      0      0
07/08/1990   4619      0   2479   2140     27   8943     13   3240      3   1860      0      0      0   0.00   0.00      0   0.00    3.0  0.000    0.0  0.000      0      0      0      0      0
07/09/1990   4760      0   2932   1828     29   8973     12   3177      2   1817      0      0      0   0.00   0.00      0   0.00    3.0  0.000    0.0  0.000      0      0      0      0      0
07/10/1990   5088      0   3427   1661     31   8919     11   3154      1   1730      0      0      0   0.00   0.00      0   0.00    3.1  0.000    0.0  0.000      0      0      0      0      0
07/11/1990   5479      1   4070   1408     32   8806     10   3113      0   1635      0      0      0   0.00   0.00      0   0.00    3.1  0.000    0.0  0.000      0      0      0      0      0
07/12/1990   5874      4   4829   1041     31   8676      8   3059      0   1525      0      0      0   0.00   0.00      0   0.00    3.2  0.000    0.0  0.000      0      0      0      0      0
07/13/1990   6260      7   5520    733     30   8609      6   2978      0   1360      0      0      0   0.00   0.00      0   0.00    3.2  0.000    0.0  0.000      0      0      0      0      0
07/14/1990   6735     10   6192    533     29   8555      4   2877      0   1134      0      0      0   0.00   0.00      0   0.00    3.1  0.000    0.0  0.000      0      0      0      0      0
07/15/1990   7213     13   6865    335     27   8512      3   2712      0    895      0      0      0   0.00   0.00      0   0.00    3.1  0.000    0.0  0.000      0      0      0      0      0
07/16/1990   7668     15   7530    123     26   8459      2   2478      0    665      0      0      0   0.00   0.00      0   0.00    3.1  0.000    0.0  0.000      0      0      0      0      0
07/17/1990   8215     17   8198      0     25   8366      1   2194      0    432      0      0      0   0.00   0.00      0   0.00    3.0  0.000    0.0  0.000      0      0      0      0      0
07/18/1990   8869     19   8850      0     24   8257      0   1877      0    206      0      0      0   0.00   0.00      0   0.00    3.0  0.000    0.0  0.000      0      0      0      0      0
07/19/1990   9526     21   9505      0     22   8119      0   1508      0     58      0      0      0   0.00   0.00      0   0.00    2.9  0.000    0.0  0.000      0      0      0      0      0
07/20/1990  10221     23  10198      0     20   7891      0   1101      0      0      0      0      0   0.00   0.00      0   0.00    2.9  0.000    0.0  0.000      0      0      0      0      0
07/21/1990  10914     25  10889      0     18   7578      0    723      0      0      0      0      0   0.00   0.00      0   0.00    2.8  0.000    0.0  0.000      0      0      0      0      0
07/22/1990  11597     27  11570      0     16   7188      0    432      0      0      0      0      0   0.00   0.00      0   0.00    2.7  0.000    0.0  0.000      0      0      0      0      0
07/23/1990  12252     29  12223      0     14   6761      0    206      0      0      0      0      0   0.00   0.00      0   0.00    2.6  0.000    0.0  0.000      0      0      0      0      0
07/24/1990  12907     31  12876      0     12   6256      0     58      0      0      0      0      0   0.00   0.00      0   0.00    2.5  0.000    0.0  0.000      0      0      0      0      0
07/25/1990  13538     33  13344    161     10   5685      0      0      0      0      0      0      0   0.00   0.00      0   0.00    2.4  0.000    0.0  0.000      0      0      0      0      0
07/26/1990  14164     35  13693    436      8   5061      0      0      0     72      0      0      0   0.00   0.00      0   0.00    2.4  0.000    0.0  0.000      0      0      0      0      0
07/27/1990  14784     37  13923    824      6   4443      0      0      0    255      0      0      0   0.00   0.00      0   0.00    2.3  0.000    0.0  0.000      0      0      0      0      0
07/28/1990  15416     39  14046   1331      4   3813      0      0      0    566      0      0      0   0.00   0.00      0   0.00    2.3  0.000    0.0  0.000      0      0      0      0      0
07/29/1990  16029     40  14043   1946      3   3201      0     72      0    932      0      0      0   0.00   0.00      0   0.00    2.3  0.000    0.0  0.000      0      0      0      0      0
07/30/1990  16605     41  13967   2597      2   2626      0    255      0   1309      0      0      0   0.00   0.00      0   0.00    2.3  0.000    0.0  0.000      0      0      0      0      0
07/31/1990  16988     42  13803   3143      1   2083      0    566      1   1655      0      0      0   0.00   0.00      0   0.00    2.3  0.000    0.0  0.000      0      0      0      0      0
08/01/1990  17230     42  13554   3634      0   1566      0   1004      4   1943      0      0      0   0.00   0.00      0   0.00    2.4  0.000    0.0  0.000      0      0      0      0      0
08/02/1990  17304     39  13260   4005      0   1101      0   1564      8   2165      0      0      0   0.00   0.00      0   0.00    2.5  0.000    0.0  0.000      0      0      0      0      0
08/03/1990  17172     36  12947   4189      0    795      1   2149     12   2327      0      0      0   0.00   0.00      0   0.00    2.6  0.000    0.0  0.000      0      0      0      0      0
08/04/1990  16845     33  12566   4246      0    687      4   2692     14   2443      0      0      0   0.00   0.00      0   0.00    2.7  0.000    0.0  0.000      0      0      0      0      0
08/05/1990  16417     30  12119   4268      0    772      8   3163     15   2529      0      0      0   0.00   0.00      0   0.00    2.8  0.000    0.0  0.000      0      0      0      0      0
08/06/1990  15856     28  11602   4226      0   1062     13   3544     15   2584      0      0      0   0.00   0.00      0   0.00    2.9  0.000    0.0  0.000      0      0      0      0      0
08/07/1990  15146     26  10992   4128      0   1564     18   3826     15   2612      0      0      0   0.00   0.00      0   0.00    3.0  0.000    0.0  0.000      0      0      0      0      0
08/08/1990  14385     24  10340   4021      0   2221     23   4037     15   2604      0      0      0   0.00   0.00      0   0.00    3.1  0.000    0.0  0.000      0      0      0      0      0
08/09/1990  13692     22   9685   3985      0   2947     28   4185     15   2580      0      0      0   0.00   0.00      0   0.00    3.2  0.000    0.0  0.000      0      0      0      0      0
08/10/1990  13018     20   8992   4006      1   3729     32   4273     15   2555      0      0      0   0.00   0.00      0   0.00    3.3  0.000    0.0  0.000      0      0      0      0      0
08/11/1990  12343     18   8301   4024      4   4548     34   4314     15   2543      0      0      0   0.00   0.00      0   0.00    3.5  0.000    0.0  0.000      0      0      0      0      0
08/12/1990  11676     16   7620   4040      8   5390     35   4322     15   2541      0      0      0   0.00   0.00      0   0.00    3.6  0.000    0.0  0.000      0      0      0      0      0
08/13/1990  11006     14   6967   4025     13   6258     35   4299     15   2524      0      0      0   0.00   0.00      0   0.00    3.7  0.000    0.0  0.000      0      0      0      0      0
08/14/1990  10352     12   6314   4026     18   7132     35   4273     15   2459      0      0      0   0.00   0.00      0   0.00    3.8  0.000    0.0  0.000      0      0      0      0      0
08/15/1990   9695     10   5685   4000     23   8002     35   4251     14   2340      0      0      0   0.00   0.00      0   0.00    4.0  0.000    0.0  0.000      0      0      0      0      0
08/16/1990   9072      8   5133   3931     28   8790     35   4219     13   2254      0      0      0   0.00   0.00      0   0.00    4.1  0.000    0.0  0.000      0      0      0      0      0
08/17/1990   8562      6   4698   3858     33   9457     35   4152     12   2220      0      0      0   0.00   0.00      0   0.00    4.2  0.000    0.0  0.000      0      0      0      0      0
08/18/1990   8190      4   4379   3807     38   9991     34   4036     12   2179      0      0      0   0.00   0.00      0   0.00    4.4  0.000    0.0  0.000      0      0      0      0      0
08/19/1990   5356      0   4067   1289     43  10401     29   3923     12   2119      0      0      0   0.00   0.00      0   0.00    4.5  0.043    0.0  0.000      2      7      1    132   2474
08/20/1990   5618      0   4347   1271     47  10683     28   3830      8   1750      0      0      0   0.00   0.00      0   0.00    4.5  0.048    0.0  0.000      1      0      0      1     81
08/21/1990   6030      0   4725   1305     51  10853     28   3691      4   1444      0      0      0   0.00   0.00      0   0.00    4.5  0.052    0.0  0.000      0      0      0      0     29
08/22/1990   6531      0   5172   1359     55  10910     28   3590      0   1169      0      0      0   0.00   0.00      0   0.00    4.6  0.054    0.0  0.000      0      0      0      0      9
08/23/1990   7093      0   5675   1418     59  10857     24   3241      0   1215      0      0      0   0.00   0.00      0   0.00    4.6  0.056    0.0  0.000      0      0      0      0      4
08/24/1990   7694      0   6215   1479     62  10780     20   2881      0   1230      0      0      0   0.00   0.00      0   0.00    4.6  0.057    0.0  0.000      0      0      1      0      2
08/25/1990   8329      3   6778   1548     63  10687     16   2539      0   1200      0      0      0   0.00   0.00      0   0.00    4.6  0.057    0.0  0.000      0      0      0      0      1
08/26/1990   9002      7   7367   1628     63  10507     12   2277      0   1178      0      0      0   0.00   0.00      0   0.00    4.7  0.058    0.0  0.000      0      0      0      0      1
08/27/1990   9631     12   7962   1657     62  10315      8   1992      0   1223      0      0      0   0.00   0.00      0   0.00    4.7  0.057    0.0  0.000      0      0      0      0      0
08/28/1990  10236     17   8553   1666     61   9825      4   1989      0   1309      0      0      0   0.00   0.00      0   0.00    4.7  0.057    0.0  0.000      0      0      0      0      0
08/29/1990  10826     22   9134   1670     60   9347      0   2011      0   1384      0      0      0   0.00   0.00      0   0.00    4.8  0.057    0.0  0.000      0      0      0      0      0
08/30/1990  11404     27   9705   1672     55   8904      0   2046      0   1402      0      0      0   0.00   0.00      0   0.00    4.8  0.057    0.0  0.000      0      0      0      0      0
08/31/1990  11976     32  10540   1404     50   8485      0   2083      0   1396      0      0      0   0.00   0.00      0   0.00    4.8  0.057    0.0  0.000      0      0      0      0      0
09/01/1990  12551     37  11378   1136     45   8034      0   2165      0   1338      0      0      0   0.00   0.00      0   0.00    4.8  0.057    0.0  0.000      0      0      0      0      0
09/02/1990  13398     42  12210   1146     40   7569      0   2248      0   1245      0      0      0   0.00   0.00      0   0.00    4.7  0.056    0.0  0.000      0      0      0      0      0
09/03/1990  13950     46  13027    877     36   7146      0   2301      0   1153      0      0      0   0.00   0.00      0   0.00    4.6  0.056    0.0  0.000      0      0      0      0      0
09/04/1990  14458     50  13800    608     32   6805      0   2280      0   1032      0      0      0   0.00   0.00      0   0.00    4.6  0.056    0.0  0.000      0      0      0      0      0
09/05/1990  14912     54  14519    339     28   6539      0   2184      0    895      0      0      0   0.00   0.00      0   0.00    4.5  0.056    0.0  0.000      0      0      0      0      0
09/06/1990  15379     58  15251     70     24   6276      0   2070      0    671      0      0      0   0.00   0.00      0   0.00    4.4  0.056    0.0  0.000      0      0      0      0      0
09/07/1990  16122     62  15754    306     20   5987      0   1910      0    403      0      0      0   0.00   0.00      0   0.00    4.3  0.056    0.0  0.000      0      0      0      0      0
09/08/1990  16794     66  16196    532     16   5756      0   1683      0    300      0      0      0   0.00   0.00      0   0.00    4.2  0.056    0.0  0.000      0      0      0      0      0
09/09/1990  17470     70  16442    958     12   5495      0   1403      0    365      0      0      0   0.00   0.00      0   0.00    4.1  0.056    0.0  0.000      0      0      0      0      0
09/10/1990  17844     74  16263   1507      8   5482      0   1068      0    671      0      0      0   0.00   0.00      0   0.00    4.1  0.056    0.0  0.000      0      0      0      0      0
09/11/1990  18220     78  15988   2154      4   5465      0    830      0    993      0      0      0   0.00   0.00      0   0.00    4.1  0.056    0.0  0.000      0      0      0      0      0
09/12/1990  18621     82  15669   2870      0   5358      0    736      0   1342      0      0      0   0.00   0.00      0   0.00    4.1  0.056    0.0  0.000      0      0      0      0      0
09/13/1990  18801     82  15313   3406      0   5162      0    844      2   1655      0      0      0   0.00   0.00      0   0.00    4.1  0.055    0.0  0.000      0      0      0      0      0
09/14/1990  18952     82  14891   3979      0   4906      0   1152      5   1867      0      0      0   0.00   0.00      0   0.00    4.2  0.054    0.0  0.000      0      0      0      0      0
09/15/1990  18890     79  14426   4385      0   4561      0   1675      9   2021      0      0      0   0.00   0.00      0   0.00    4.3  0.053    0.0  0.000      0      0      0      0      0
09/16/1990  18731     75  13962   4694      0   4284      2   2199     12   2113      0      0      0   0.00   0.00      0   0.00    4.4  0.052    0.0  0.000      0      0      0      0      0
09/17/1990  18511     70  13530   4911      0   4048      5   2654     14   2236      0      0      0   0.00   0.00      0   0.00    4.5  0.051    0.0  0.000      0      0      0      0      0
09/18/1990  18243     65  13123   5055      0   3923      9   3025     15   2313      0      0      0   0.00   0.00      0   0.00    4.7  0.049    0.0  0.000      0      0      0      0      0
09/19/1990  17935     60  12742   5133      0   3893     14   3319     16   2355      0      0      0   0.00   0.00      0   0.00    4.8  0.048    0.0  0.000      0      0      0      0      0
09/20/1990  17571     55  12352   5164      0   3988     19   3548     17   2408      0      0      0   0.00   0.00      0   0.00    4.9  0.046    0.0  0.000      0      0      0      0      0
09/21/1990  17181     50  11964   5167      0   4182     24   3683     18   2467      0      0      0   0.00   0.00      0   0.00    5.1  0.045    0.0  0.000      0      0      0      0      0
09/22/1990  16729     45  11537   5147      0   4422     30   3807     18   2476      0      0      0   0.00   0.00      0   0.00    5.2  0.044    0.0  0.000      0      0      0      0      0
09/23/1990  16217     40  11062   5115      2   4764     34   3935     17   2386      0      0      0   0.00   0.00      0   0.00    5.4  0.043    0.0  0.000      0      0      0      0      0
09/24/1990  15708     36  10600   5072      5   5142     37   4037     17   2328      0      0      0   0.00   0.00      0   0.00    5.5  0.041    0.0  0.000      0      0      0      0      0
09/25/1990  15144     32  10117   4995      9   5626     39   4047     16   2311      0      0      0   0.00   0.00      0   0.00    5.7  0.040    0.0  0.000      0      0      0      0      0
09/26/1990  14520     28   9618   4874     14   6182     39   4008     16   2333      0      0      0   0.00   0.00      0   0.00    5.9  0.039    0.0  0.000      0      0      0      0      0
09/27/1990  13812     24   9017   4771     19   6826     40   4010     15   2309      0      0      0   0.00   0.00      0   0.00    6.0  0.038    0.0  0.000      0      0      0      0      0
09/28/1990  12992     20   8300   4672     24   7631     40   3950     15   2304      0      0      0   0.00   0.00      0   0.00    6.2  0.037    0.0  0.000      0      0      0      0      0
09/29/1990  12273     16   7739   4518     30   8349     39   3874     15   2335      0      0      0   0.00   0.00      0   0.00    6.3  0.036    0.0  0.000      0      0      0      0      0
09/30/1990  11648     12   7263   4373     36   8937     38   3843     15   2382      0      0      0   0.00   0.00      0   0.00    6.4  0.036    0.0  0.000      0      0      0      0      0
10/01/1990  11199      8   7221   3970     42   9346     37   3868     15   2413      0      0      0   0.00   0.00      0   0.00    6.6  0.035    0.0  0.000      0      0      0      0      0
10/02/1990  10915      4   7288   3623     48   9684     36   3881     14   2330      0      0      0   0.00   0.00      0   0.00    6.7  0.034    0.0  0.000      0      0      0      0      0
10/03/1990  10724      0   7436   3288     53   9906     36   3914     12   2210      0      0      0   0.00   0.00      0   0.00    6.8  0.034    0.0  0.000      0      0      0      0      0
10/04/1990  10626      0   7661   2965     59  10024     35   3948     10   2118      0      0      0   0.00   0.00      0   0.00    6.8  0.034    0.0  0.000      0      0      0      0      0
10/05/1990  10599      0   7925   2674     64  10126     34   3902      8   2020      0      0      0   0.00   0.00      0   0.00    6.9  0.033    0.0  0.000      0      0      0      0      0
10/06/1990  10626      0   8257   2369     69  10189     32   3820      6   1865      0      0      0   0.00   0.00      0   0.00    6.9  0.033    0.0  0.000      0      0      0      0      0
10/07/1990  10991      2   8596   2393     72  10246     30   3731      3   1615      0      0      0   0.00   0.00      0   0.00    7.0  0.033    0.0  0.000      0      0      0      0      0
10/08/1990  11396      5   8938   2453     74  10272     27   3540      1   1469      0      0      0   0.00   0.00      0   0.00    7.0  0.033    0.0  0.000      0      0      0      0      0
10/09/1990  11779      9   9261   2509     75  10289     23   3272      0   1445      0      0      0   0.00   0.00      0   0.00    7.1  0.032    0.0  0.000      0      0      0      0      0
10/10/1990  12143     14   9567   2562     75  10221     18   3016      0   1490      0      0      0   0.00   0.00      0   0.00    7.2  0.032    0.0  0.000      0      0      0      0      0
10/11/1990  12588     19   9944   2625     75  10074     13   2799      1   1530      0      0      0   0.00   0.00      0   0.00    7.2  0.032    0.0  0.000      0      0      0      0      0
10/12/1990  13061     24  10332   2705     74   9940      9   2599      2   1546      0      0      0   0.00   0.00      0   0.00    7.3  0.032    0.0  0.000      0      0      0      0      0
10/13/1990  13457     30  10705   2722     71   9765      6   2486      3   1568      0      0      0   0.00   0.00      0   0.00    7.3  0.031    0.0  0.000      0      0      0      0      0
10/14/1990  13768     36  11085   2647     68   9553      4   2464      3   1593      0      0      0   0.00   0.00      0   0.00    7.4  0.031    0.0  0.000      0      0      0      0      0
10/15/1990  14098     42  11507   2549     64   9227      3   2530      3   1602      0      0      0   0.00   0.00      0   0.00    7.4  0.031    0.0  0.000      0      0      0      0      0
10/16/1990  14402     48  11984   2370     59   8923      3   2585      3   1589      0      0      0   0.00   0.00      0   0.00    7.4  0.031    0.0  0.000      0      0      0      0      0
10/17/1990  14716     53  12523   2140     54   8665      4   2612      2   1544      0      0      0   0.00   0.00      0   0.00    7.5  0.031    0.0  0.000      0      0      0      0      0
10/18/1990  15028     59  13145   1824     48   8408      5   2642      1   1481      0      0      0   0.00   0.00      0   0.00    7.5  0.031    0.0  0.000      0      0      0      0      0
10/19/1990  15384     64  13885   1435     43   8149      6   2644      0   1347      0      0      0   0.00   0.00      0   0.00    7.4  0.031    0.0  0.000      0      0      0      0      0
10/20/1990  15822     69  14558   1195     38   7876      6   2610      0   1155      0      0      0   0.00   0.00      0   0.00    7.4  0.031    0.0  0.000      0      0      0      0      0
10/21/1990  16272     74  15162   1036     34   7594      5   2555      0    974      0      0      0   0.00   0.00      0   0.00    7.3  0.031    0.0  0.000      0      0      0      0      0
10/22/1990  16780     79  15627   1074     30   7329      4   2398      0    859      0      0      0   0.00   0.00      0   0.00    7.3  0.031    0.0  0.000      0      0      0      0      0
10/23/1990  17272     84  15895   1293     26   7148      3   2163      0    838      0      0      0   0.00   0.00      0   0.00    7.2  0.031    0.0  0.000      0      0      0      0      0
10/24/1990  17826     89  16030   1707     22   6973      2   1940      0    881      0      0      0   0.00   0.00      0   0.00    7.2  0.031    0.0  0.000      0      0      0      0      0
10/25/1990  18510     94  16090   2326     18   6755      1   1713      0   1024      0      0      0   0.00   0.00      0   0.00    7.2  0.031    0.0  0.000      0      0      0      0      0
10/26/1990  19006     98  16048   2860     15   6609      0   1520      0   1199      0      0      0   0.00   0.00      0   0.00    7.2  0.031    0.0  0.000      0      0      0      0      0
10/27/1990  19338    101  15874   3363     12   6455      0   1474      1   1396      0      0      0   0.00   0.00      0   0.00    7.2  0.030    0.0  0.000      0      0      0      0      0
10/28/1990  19462    102  15592   3768      9   6295      0   1582      3   1546      0      0      0   0.00   0.00      0   0.00    7.3  0.030    0.0  0.000      0      0      0      0      0
10/29/1990  19485    101  15281   4103      7   6114      0   1745      6   1673      0      0      0   0.00   0.00      0   0.00    7.4  0.030    0.0  0.000      0      0      0      0      0
10/30/1990  19438     98  15006   4334      6   5869      1   2011      8   1702      0      0      0   0.00   0.00      0   0.00    7.5  0.030    0.0  0.000      0      0      0      0      0
10/31/1990  19288     93  14727   4468      6   5643      3   2290      9   1694      0      0      0   0.00   0.00      0   0.00    7.6  0.029    0.0  0.000      0      0      0      0      0
11/01/1990  19129     88  14403   4638      6   5465      6   2537      9   1568      0      0      0   0.00   0.00      0   0.00    7.7  0.029    0.0  0.000      0      0      0      0      0
11/02/1990  18937     83  14085   4769      6   5347      9   2689      9   1438      0      0      0   0.00   0.00      0   0.00    7.8  0.028    0.0  0.000      0      0      0      0      0
11/03/1990  18712     77  13819   4816      6   5274     12   2785      9   1351      0      0      0   0.00   0.00      0   0.00    7.9  0.028    0.0  0.000      0      0      0      0      0
11/04/1990  18458     72  13610   4776      5   5268     15   2709     10   1409      0      0      0   0.00   0.00      0   0.00    8.0  0.027    0.0  0.000      0      0      0      0      0
11/05/1990  18201     67  13359   4775      4   5291     18   2581     11   1506      0      0      0   0.00   0.00      0   0.00    8.1  0.027    0.0  0.000      0      0      0      0      0
11/06/1990  17925     62  13097   4766      4   5358     20   2463     11   1485      0      0      0   0.00   0.00      0   0.00    8.3  0.027    0.0  0.000      0      0      0      0      0
11/07/1990  17577     58  12821   4698      5   5426     22   2416     10   1407      0      0      0   0.00   0.00      0   0.00    8.4  0.026    0.0  0.000      0      0      0      0      0
11/08/1990  17200     53  12531   4616      7   5504     23   2393      9   1372      0      0      0   0.00   0.00      0   0.00    8.5  0.026    0.0  0.000      0      0      0      0      0
11/09/1990  16783     49  12140   4594      9   5579     23   2380      9   1443      0      0      0   0.00   0.00      0   0.00    8.6  0.026    0.0  0.000      0      0      0      0      0
11/10/1990  16332     44  11641   4647     12   5709     23   2385      9   1532      0      0      0   0.00   0.00      0   0.00    8.7  0.025    0.0  0.000      0      0      0      0      0
11/11/1990  15832     39  11123   4670     15   5881     23   2414     10   1587      0      0      0   0.00   0.00      0   0.00    8.9  0.025    0.0  0.000      0      0      0      0      0
11/12/1990  15316     34  10586   4696     18   6129     23   2414     11   1648      0      0      0   0.00   0.00      0   0.00    9.0  0.024    0.0  0.000      0      0      0      0      0
11/13/1990  14822     29  10149   4644     21   6377     23   2411     12   1720      0      0      0   0.00   0.00      0   0.00    9.1  0.024    0.0  0.000      0      0      0      0      0
11/14/1990  14389     24   9794   4571     25   6485     23   2516     11   1687      0      0      0   0.00   0.00      0   0.00    9.3  0.024    0.0  0.000      0      0      0      0      0
11/15/1990  14021     19   9492   4510     29   6512     23   2655     10   1598      0      0      0   0.00   0.00      0   0.00    9.4  0.023    0.0  0.000      0      0      0      0      0
11/16/1990  13672     15   9328   4329     32   6550     24   2759      9   1532      0      0      0   0.00   0.00      0   0.00    9.5  0.023    0.0  0.000      0      0      0      0      0
11/17/1990  13391     12   9325   4054     35   6532     24   2760      9   1563      0      0      0   0.00   0.00      0   0.00    9.7  0.023    0.0  0.000      0      0      0      0      0
11/18/1990  13144      9   9423   3712     38   6498     24   2721      9   1570      0      0      0   0.00   0.00      0   0.00    9.8  0.023    0.0  0.000      0      0      0      0      0
11/19/1990  13007      7   9532   3468     41   6464     24   2704      8   1521      0      0      0   0.00   0.00      0   0.00    9.8  0.022    0.0  0.000      0      0      0      0      0
11/20/1990  13562      7   9582   3973     43   6478     24   2675      6   1318      0      0      0   0.00   0.00      0   0.00   10.0  0.022    0.0  0.000      0      0      0      0      0
11/21/1990  13426      9   9627   3790     45   6524     23   2571      4   1147      0      0      0   0.00   0.00      0   0.00   10.1  0.022    0.0  0.000      0      0      0      0      0
11/22/1990  12562     12   9570   2980     46   6583     21   2538      3   1001      0      0      0   0.00   0.00      0   0.00   10.1  0.022    0.0  0.000      0      0      0      0      0
11/23/1990  12461     15   9474   2972     47   6638     18   2395      2    958      0      0      0   0.00   0.00      0   0.00   10.2  0.022    0.0  0.000      0      0      0      0      0
11/24/1990  12467     18   9410   3039     47   6705     16   2186      1    942      0      0      0   0.00   0.00      0   0.00   10.3  0.021    0.0  0.000      0      0      0      0      0
11/25/1990  12977     20   9386   3571     47   6737     14   1976      0    951      0      0      0   0.00   0.00      0   0.00   10.2  0.021    0.0  0.000      0      0      0      0      0
11/26/1990  13500     22   9378   4100     47   6702     11   1783      0    904      0      0      0   0.00   0.00      0   0.00   10.2  0.021    0.0  0.000      0      0      0      0      0
11/27/1990  13938     24   9306   4608     47   6741      8   1607      1    839      0      0      0   0.00   0.00      0   0.00   10.1  0.021    0.0  0.000      0      0      0      0      0
11/28/1990  14370     27   9249   5094     46   6648      5   1609      2    794      0      0      0   0.00   0.00      0   0.00   10.3  0.021    0.0  0.000      0      0      0      0      0
11/29/1990  13893     30   9269   4594     44   6477      3   1540      4    909      0      0      0   0.00   0.00      0   0.00   10.4  0.021    0.0  0.000      0      0      0      0      0
11/30/1990  13904     32   9402   4470     42   6299      3   1445      5   1030      0      0      0   0.00   0.00      0   0.00   10.5  0.021    0.0  0.000      0      0      0      0      0
12/01/1990  14425     35   9626   4764     40   6074      3   1445      5   1026      0      0      0   0.00   0.00      0   0.00   10.7  0.020    0.0  0.000      0      0      0      0      0
12/02/1990  14969     38   9882   5049     38   5832      4   1507      4    917      0      0      0   0.00   0.00      0   0.00   10.6  0.020    0.0  0.000      0      0      0      0      0
12/03/1990  15038     41  10191   4806     35   5602      6   1524      4    856      0      0      0   0.00   0.00      0   0.00   10.8  0.020    0.0  0.000      0      0      0      0      0
12/04/1990  15115     44  10508   4563     32   5258      7   1567      5    884      0      0      0   0.00   0.00      0   0.00   10.9  0.020    0.0  0.000      0      0      0      0      0
12/05/1990  15627     48  10688   4891     28   4984      8   1585      5    882      0      0      0   0.00   0.00      0   0.00   10.8  0.020    0.0  0.000      0      0      0      0      0
12/06/1990  14016     52  10765   3199     24   4798     10   1586      5    900      0      0      0   0.00   0.00      0   0.00   10.9  0.020    0.0  0.000      0      0      0      0      0
12/07/1990  13595     56  10841   2698     21   4635     11   1542      3    857      0      0      0   0.00   0.00      0   0.00   10.9  0.020    0.0  0.000      0      0      0      0      0
12/08/1990  13473     59  10855   2559     19   4451     11   1437      2    853      0      0      0   0.00   0.00      0   0.00   11.0  0.019    0.0  0.000      0      0      0      0      0
12/09/1990  13668     62  10789   2817     18   4254     11   1460      0    790      0      0      0   0.00   0.00      0   0.00   11.0  0.019    0.0  0.000      0      0      0      0      0
12/10/1990  13552     65  10689   2798     17   4031      9   1482      0    862      0      0      0   0.00   0.00      0   0.00   11.1  0.019    0.0  0.000      0      0      0      0      0
12/11/1990  13616     67  10471   3078     15   3989      8   1434      0    958      0      0      0   0.00   0.00      0   0.00   11.2  0.019    0.0  0.000      0      0      0      0      0
12/12/1990  13933     68  10242   3623     13   3991      7   1366      0   1036      0      0      0   0.00   0.00      0   0.00   11.1  0.019    0.0  0.000      0      0      0      0      0
12/13/1990  14262     67  10122   4073     13   3912      5   1462      1   1000      0      0      0   0.00   0.00      0   0.00   11.2  0.019    0.0  0.000      0      0      0      0      0
12/14/1990  14553     65   9991   4497     14   3931      3   1492      1    804      0      0      0   0.00   0.00      0   0.00   11.1  0.019    0.0  0.000      0      0      0      0      0
12/15/1990  14850     63   9833   4954     14   3906      2   1545      1    675      0      0      0   0.00   0.00      0   0.00   11.1  0.019    0.0  0.000      0      0      0      0      0
12/16/1990  15186     61   9664   5461     15   3814      1   1609      0    552      0      0      0   0.00   0.00      0   0.00   11.0  0.019    0.0  0.000      0      0      0      0      0
12/17/1990  15429     58   9389   5982     15   3817      1   1506      1    631      0      0      0   0.00   0.00      0   0.00   10.9  0.019    0.0  0.000      0      0      0      0      0
12/18/1990  15659     55   9187   6417     15   3929      1   1358      3    698      0      0      0   0.00   0.00      0   0.00   10.9  0.019    0.0  0.000      0      0      0      0      0
12/19/1990  15947     51   9051   6845     15   3978      1   1203      5    748      0      0      0   0.00   0.00      0   0.00   10.8  0.019    0.0  0.000      0      0      0      0      0
12/20/1990  16303     47   8926   7330     15   3944      2   1101      4    600      0      0      0   0.00   0.00      0   0.00   10.7  0.019    0.0  0.000      0      0      0      0      0
12/21/1990  16654     45   8774   7835     14   3899      4   1056      2    328      0      0      0   0.00   0.00      0   0.00   10.7  0.019    0.0  0.000      0      0      0      0      0
12/22/1990  16939     43   8545   8351     13   3756      6   1147      0     84      0      0      0   0.00   0.00      0   0.00   10.6  0.019    0.0  0.000      0      0      0      0      0
12/23/1990  17188     42   8256   8890     12   3702      5   1026      0      0      0      0      0   0.00   0.00      0   0.00   10.5  0.019    0.0  0.000      0      0      0      0      0
12/24/1990  17478     41   7982   9455     10   3595      5    832      0      0      0      0      0   0.00   0.00      0   0.00   10.5  0.019    0.0  0.000      0      0      0      0      0
12/25/1990  17790     39   7709  10042      9   3503      5    600      0     55      0      0      0   0.00   0.00      0   0.00   10.4  0.019    0.0  0.000      0      0      0      0      0
12/26/1990  18033     36   7451  10546      8   3518      5    328      1    188      0      0      0   0.00   0.00      0   0.00   10.4  0.019    0.0  0.000      0      0      0      0      0
12/27/1990  18339     34   7284  11021      7   3443      4     84      3    376      0      0      0   0.00   0.00      0   0.00   10.3  0.019    0.0  0.000      0      0      0      0      0
12/28/1990  18607     32   7034  11541      7   3246      2     55      5    542      0      0      0   0.00   0.00      0   0.00   10.3  0.019    0.0  0.000      0      0      0      0      0
12/29/1990  18846     30   6741  12075      8   2993      1    188      4    505      0      0      0   0.00   0.00      0   0.00   10.2  0.019    0.0  0.000      0      0      0      0      0
12/30/1990  19089     29   6504  12556      6   2737      3    376      4    484      0      0      0   0.00   0.00      0   0.00   10.2  0.019    0.0  0.000      0      0      0      0      0
12/31/1990  19427     26   6375  13026      6   2384      5    597      4    438      0      0      0   0.00   0.00      0   0.00   10.2  0.019    0.0  0.000      0      0      0      0      0
