Varroa Population Simulation - Nov 24,2015  04:12:00 PM
VarroaPop Version 3.2.5.8  June, 2015

                                        Capped  Capped                                                                      Prop           Conc          Conc                                     
            Colony  Adult  Adult         Drone   Wkr    Drone  Wkr    Drone  Wkr  Free   DBrood WBrood DMite  WMite  Mites  Mites  Colony Pollen Colony Nectar   Dead   Dead   Dead   Dead   Dead
     Date   Size   Drones   Wkr   Forgrs Brood  Brood   Larv   Larv    Eggs  Eggs Mites  Mites  Mites  /Cell  /Cell  Dying  Dying  Pollen  Pest  Nectar  Pest    DLarv  WLarv  DAdlt  WAdlt  Forgrs
Initial     10000      0   8064   1936      0      0      0      0      0      0      0      0      0   0.00   0.00      0   0.00    0.0  0.000    0.0  0.000      0      0      0      0      0
05/01/1990   9616      0   7680   1936      0      0      0      0      0    434      0      0      0   0.00   0.00      0   0.00    0.0  0.000    0.0  0.000      0      0      0      0      0
05/02/1990   9232      0   7296   1936      0      0      0      0      0    901      0      0      0   0.00   0.00      0   0.00    0.1  0.000    0.0  0.000      0      0      0      0      0
05/03/1990   8848      0   6912   1936      0      0      0      0      0   1410      0      0      0   0.00   0.00      0   0.00    0.1  0.000    0.0  0.000      0      0      0      0      0
05/04/1990   8464      0   6528   1936      0      0      0    434      0   1505      0      0      0   0.00   0.00      0   0.00    0.2  0.000    0.0  0.000      0      0      0      0      0
05/05/1990   8064      0   6144   1920      0      0      0    901      0   1578      0      0      0   0.00   0.00      0   0.00    0.2  0.000    0.0  0.000      0      0      0      0      0
05/06/1990   7680      0   5760   1920      0      0      0   1410      0   1596      0      0      0   0.00   0.00      0   0.00    0.2  0.000    0.0  0.000      0      0      0      0      0
05/07/1990   7296      0   5376   1920      0      0      0   1939      0   1555      0      0      0   0.00   0.00      0   0.00    0.3  0.000    0.0  0.000      0      0      0      0      0
05/08/1990   6912      0   4992   1920      0      0      0   2479      0   1496      0      0      0   0.00   0.00      0   0.00    0.3  0.000    0.0  0.000      0      0      0      0      0
05/09/1990   6528      0   4608   1920      0    434      0   2572      0   1413      0      0      0   0.00   0.00      0   0.00    0.4  0.000    0.0  0.000      0      0      0      0      0
05/10/1990   6144      0   4224   1920      0    901      0   2593      0   1307      0      0      0   0.00   0.00      0   0.00    0.4  0.000    0.0  0.000      0      0      0      0      0
05/11/1990   5760      0   3840   1920      0   1410      0   2565      0   1248      0      0      0   0.00   0.00      0   0.00    0.5  0.000    0.0  0.000      0      0      0      0      0
05/12/1990   5376      0   3456   1920      0   1939      0   2480      0   1241      0      0      0   0.00   0.00      0   0.00    0.5  0.000    0.0  0.000      0      0      0      0      0
05/13/1990   4992      0   3072   1920      0   2479      0   2322      0   1303      0      0      0   0.00   0.00      0   0.00    0.6  0.000    0.0  0.000      0      0      0      0      0
05/14/1990   4608      0   2688   1920      0   3006      0   2217      0   1324      0      0      0   0.00   0.00      0   0.00    0.7  0.000    0.0  0.000      0      0      0      0      0
05/15/1990   4224      0   2304   1920      0   3494      0   2166      0   1312      0      0      0   0.00   0.00      0   0.00    0.7  0.000    0.0  0.000      0      0      0      0      0
05/16/1990   3840      0   1920   1920      0   3975      0   2129      0   1344      0      0      0   0.00   0.00      0   0.00    0.8  0.000    0.0  0.000      0      0      0      0      0
05/17/1990   3456      0   1536   1920      0   4419      0   2128      0   1346      0      0      0   0.00   0.00      0   0.00    0.9  0.000    0.0  0.000      0      0      0      0      0
05/18/1990   3072      0   1152   1920      0   4801      0   2171      0   1319      0      0      0   0.00   0.00      0   0.00    0.9  0.000    0.0  0.000      0      0      0      0      0
05/19/1990   2688      0    768   1920      0   5223      0   2225      0   1229      0      0      0   0.00   0.00      0   0.00    1.0  0.000    0.0  0.000      0      0      0      0      0
05/20/1990   2304      0    384   1920      0   5660      0   2233      0   1223      0      0      0   0.00   0.00      0   0.00    1.1  0.000    0.0  0.000      0      0      0      0      0
05/21/1990   1920      0      0   1920      0   6104      0   2187      0   1284      0      0      0   0.00   0.00      0   0.00    1.2  0.000    0.0  0.000      0      0      0      0      0
05/22/1990   1970      0    434   1536      0   6113      0   2130      0   1367      0      0      0   0.00   0.00      0   0.00    1.3  0.000    0.0  0.000      0      0      0      0      0
05/23/1990   2437      0    901   1536      0   6071      0   2144      0   1265      0      0      0   0.00   0.00      0   0.00    1.2  0.000    0.0  0.000      0      0      0      0      0
05/24/1990   2562      0   1410   1152      0   6038      0   2127      0   1140      0      0      0   0.00   0.00      0   0.00    1.3  0.000    0.0  0.000      0      0      0      0      0
05/25/1990   2707      0   1939    768      0   5954      0   2151      0    981      0      0      0   0.00   0.00      0   0.00    1.3  0.000    0.0  0.000      0      0      0      0      0
05/26/1990   2863      0   2479    384      0   5812      0   2090      0    879      0      0      0   0.00   0.00      0   0.00    1.3  0.000    0.0  0.000      0      0      0      0      0
05/27/1990   3390      0   3006    384      0   5671      0   2038      0    662      0      0      0   0.00   0.00      0   0.00    1.3  0.000    0.0  0.000      0      0      0      0      0
05/28/1990   3878      0   3494    384      0   5622      0   1909      0    467      0      0      0   0.00   0.00      0   0.00    1.3  0.000    0.0  0.000      0      0      0      0      0
05/29/1990   3975      0   3975      0      0   5600      0   1685      0    356      0      0      0   0.00   0.00      0   0.00    1.3  0.000    0.0  0.000      0      0      0      0      0
05/30/1990   4419      0   4419      0      0   5625      0   1333      0    239      0      0      0   0.00   0.00      0   0.00    1.2  0.000    0.0  0.000      0      0      0      0      0
05/31/1990   4801      0   4801      0      0   5580      0   1111      0    124      0      0      0   0.00   0.00      0   0.00    1.2  0.000    0.0  0.000      0      0      0      0      0
06/01/1990   5223      0   5223      0      0   5492      0    901      0      0      0      0      0   0.00   0.00      0   0.00    1.2  0.000    0.0  0.000      0      0      0      0      0
06/02/1990   5660      0   5660      0      0   5365      0    591      0      0      0      0      0   0.00   0.00      0   0.00    1.1  0.000    0.0  0.000      0      0      0      0      0
06/03/1990   6104      0   6104      0      0   5156      0    356      0      0      0      0      0   0.00   0.00      0   0.00    1.1  0.000    0.0  0.000      0      0      0      0      0
06/04/1990   6547      0   6547      0      0   4830      0    239      0      0      0      0      0   0.00   0.00      0   0.00    1.1  0.000    0.0  0.000      0      0      0      0      0
06/05/1990   6972      0   6972      0      0   4520      0    124      0      0      0      0      0   0.00   0.00      0   0.00    1.0  0.000    0.0  0.000      0      0      0      0      0
06/06/1990   7448      0   7448      0      0   4168      0      0      0      0      0      0      0   0.00   0.00      0   0.00    1.0  0.000    0.0  0.000      0      0      0      0      0
06/07/1990   7893      0   7893      0      0   3723      0      0      0      0      0      0      0   0.00   0.00      0   0.00    0.9  0.000    0.0  0.000      0      0      0      0      0
06/08/1990   8291      0   8291      0      0   3325      0      0      0      0      0      0      0   0.00   0.00      0   0.00    0.9  0.000    0.0  0.000      0      0      0      0      0
06/09/1990   8677      0   8677      0      0   2939      0      0      0      0      0      0      0   0.00   0.00      0   0.00    0.8  0.000    0.0  0.000      0      0      0      0      0
06/10/1990   9116      0   9116      0      0   2500      0      0      0      0      0      0      0   0.00   0.00      0   0.00    0.7  0.000    0.0  0.000      0      0      0      0      0
06/11/1990   9575      0   9575      0      0   2041      0      0      0      0      0      0      0   0.00   0.00      0   0.00    0.7  0.000    0.0  0.000      0      0      0      0      0
06/12/1990  10044      0   9610    434      0   1572      0      0      0      0      0      0      0   0.00   0.00      0   0.00    0.6  0.000    0.0  0.000      0      0      0      0      0
06/13/1990  10381      0   9480    901      0   1235      0      0      0    150      0      0      0   0.00   0.00      0   0.00    0.6  0.000    0.0  0.000      0      0      0      0      0
06/14/1990  10715      0   9305   1410      0    901      0      0      0    409      0      0      0   0.00   0.00      0   0.00    0.6  0.000    0.0  0.000      0      0      0      0      0
06/15/1990  11025      0   9086   1939      0    591      0      0      0    776      0      0      0   0.00   0.00      0   0.00    0.6  0.000    0.0  0.000      0      0      0      0      0
06/16/1990  11260      0   8781   2479      0    356      0    150      0   1109      0      0      0   0.00   0.00      0   0.00    0.7  0.000    0.0  0.000      0      0      0      0      0
06/17/1990  10943      0   8371   2572      0    239      0    409      1   1437      0      0      0   0.00   0.00      0   0.00    0.7  0.000    0.0  0.000      0      0      0      0      0
06/18/1990  10591      0   7998   2593      0    124      0    776      2   1642      0      0      0   0.00   0.00      0   0.00    0.8  0.000    0.0  0.000      0      0      0      0      0
06/19/1990  10206      0   7641   2565      0      0      0   1259      3   1777      0      0      0   0.00   0.00      0   0.00    0.9  0.000    0.0  0.000      0      0      0      0      0
06/20/1990   9677      0   7197   2480      0      0      1   1846      3   1854      0      0      0   0.00   0.00      0   0.00    0.9  0.000    0.0  0.000      0      0      0      0      0
06/21/1990   9137      0   6815   2322      0    150      2   2268      3   1934      0      0      0   0.00   0.00      0   0.00    1.0  0.000    0.0  0.000      0      0      0      0      0
06/22/1990   8610      0   6393   2217      0    409      3   2627      2   1903      0      0      0   0.00   0.00      0   0.00    1.0  0.000    0.0  0.000      0      0      0      0      0
06/23/1990   8122      0   5956   2166      0    776      4   2924      1   1808      0      0      0   0.00   0.00      0   0.00    1.1  0.000    0.0  0.000      0      0      0      0      0
06/24/1990   7641      0   5512   2129      0   1259      5   3093      0   1728      0      0      0   0.00   0.00      0   0.00    1.1  0.000    0.0  0.000      0      0      0      0      0
06/25/1990   7197      0   5069   2128      0   1846      5   3093      0   1706      0      0      0   0.00   0.00      0   0.00    1.2  0.000    0.0  0.000      0      0      0      0      0
06/26/1990   6815      0   4644   2171      0   2418      5   3090      0   1708      0      0      0   0.00   0.00      0   0.00    1.2  0.000    0.0  0.000      0      0      0      0      0
06/27/1990   6393      0   4168   2225      1   3036      4   3044      0   1703      0      0      0   0.00   0.00      0   0.00    1.3  0.000    0.0  0.000      0      0      0      0      0
06/28/1990   5956      0   3723   2233      2   3700      3   2945      0   1704      0      0      0   0.00   0.00      0   0.00    1.4  0.000    0.0  0.000      0      0      0      0      0
06/29/1990   5512      0   3325   2187      3   4352      2   2864      0   1731      0      0      0   0.00   0.00      0   0.00    1.4  0.000    0.0  0.000      0      0      0      0      0
06/30/1990   5069      0   2939   2130      4   4939      1   2844      0   1759      0      0      0   0.00   0.00      0   0.00    1.5  0.000    0.0  0.000      0      0      0      0      0
07/01/1990   4644      0   2500   2144      5   5508      0   2841      0   1776      0      0      0   0.00   0.00      0   0.00    1.6  0.000    0.0  0.000      0      0      0      0      0
07/02/1990   4168      0   2041   2127      5   6080      0   2867      0   1740      0      0      0   0.00   0.00      0   0.00    1.7  0.000    0.0  0.000      0      0      0      0      0
07/03/1990   3723      0   1572   2151      5   6645      0   2897      0   1700      0      0      0   0.00   0.00      0   0.00    1.7  0.000    0.0  0.000      0      0      0      0      0
07/04/1990   3475      0   1385   2090      5   7066      0   2909      0   1655      0      0      0   0.00   0.00      0   0.00    1.8  0.000    0.0  0.000      0      0      0      0      0
07/05/1990   3348      0   1310   2038      5   7374      0   2904      0   1630      0      0      0   0.00   0.00      0   0.00    1.9  0.000    0.0  0.000      0      0      0      0      0
07/06/1990   3276      0   1367   1909      5   7573      0   2893      0   1606      0      0      0   0.00   0.00      0   0.00    2.0  0.000    0.0  0.000      0      0      0      0      0
07/07/1990   3300      0   1615   1685      5   7688      0   2833      0   1594      0      0      0   0.00   0.00      0   0.00    2.0  0.000    0.0  0.000      0      0      0      0      0
07/08/1990   3418      0   2085   1333      5   7696      0   2775      0   1548      0      0      0   0.00   0.00      0   0.00    2.1  0.000    0.0  0.000      0      0      0      0      0
07/09/1990   3653      0   2542   1111      5   7707      0   2723      0   1443      0      0      0   0.00   0.00      0   0.00    2.1  0.000    0.0  0.000      0      0      0      0      0
07/10/1990   3937      0   3036    901      5   7651      0   2687      0   1307      0      0      0   0.00   0.00      0   0.00    2.2  0.000    0.0  0.000      0      0      0      0      0
07/11/1990   4292      1   3700    591      4   7542      0   2623      0   1156      0      0      0   0.00   0.00      0   0.00    2.2  0.000    0.0  0.000      0      0      0      0      0
07/12/1990   4710      2   4352    356      3   7428      0   2511      0    975      0      0      0   0.00   0.00      0   0.00    2.1  0.000    0.0  0.000      0      0      0      0      0
07/13/1990   5181      3   4939    239      2   7378      0   2364      0    746      0      0      0   0.00   0.00      0   0.00    2.1  0.000    0.0  0.000      0      0      0      0      0
07/14/1990   5636      4   5508    124      1   7340      0   2173      0    519      0      0      0   0.00   0.00      0   0.00    2.1  0.000    0.0  0.000      0      0      0      0      0
07/15/1990   6085      5   6080      0      0   7294      0   1892      0    335      0      0      0   0.00   0.00      0   0.00    2.1  0.000    0.0  0.000      0      0      0      0      0
07/16/1990   6650      5   6645      0      0   7220      0   1562      0    174      0      0      0   0.00   0.00      0   0.00    2.0  0.000    0.0  0.000      0      0      0      0      0
07/17/1990   7221      5   7216      0      0   7075      0   1249      0     61      0      0      0   0.00   0.00      0   0.00    2.0  0.000    0.0  0.000      0      0      0      0      0
07/18/1990   7788      5   7783      0      0   6898      0    920      0      0      0      0      0   0.00   0.00      0   0.00    1.9  0.000    0.0  0.000      0      0      0      0      0
07/19/1990   8354      5   8349      0      0   6672      0    580      0      0      0      0      0   0.00   0.00      0   0.00    1.9  0.000    0.0  0.000      0      0      0      0      0
07/20/1990   8952      5   8947      0      0   6319      0    335      0      0      0      0      0   0.00   0.00      0   0.00    1.8  0.000    0.0  0.000      0      0      0      0      0
07/21/1990   9547      5   9542      0      0   5885      0    174      0      0      0      0      0   0.00   0.00      0   0.00    1.8  0.000    0.0  0.000      0      0      0      0      0
07/22/1990  10130      5  10125      0      0   5415      0     61      0      0      0      0      0   0.00   0.00      0   0.00    1.7  0.000    0.0  0.000      0      0      0      0      0
07/23/1990  10692      5  10687      0      0   4914      0      0      0      0      0      0      0   0.00   0.00      0   0.00    1.6  0.000    0.0  0.000      0      0      0      0      0
07/24/1990  11247      5  11242      0      0   4359      0      0      0      0      0      0      0   0.00   0.00      0   0.00    1.6  0.000    0.0  0.000      0      0      0      0      0
07/25/1990  11785      5  11630    150      0   3821      0      0      0      0      0      0      0   0.00   0.00      0   0.00    1.5  0.000    0.0  0.000      0      0      0      0      0
07/26/1990  12322      5  11908    409      0   3284      0      0      0     68      0      0      0   0.00   0.00      0   0.00    1.4  0.000    0.0  0.000      0      0      0      0      0
07/27/1990  12853      5  12072    776      0   2753      0      0      0    242      0      0      0   0.00   0.00      0   0.00    1.4  0.000    0.0  0.000      0      0      0      0      0
07/28/1990  13379      5  12115   1259      0   2227      0      0      0    538      0      0      0   0.00   0.00      0   0.00    1.3  0.000    0.0  0.000      0      0      0      0      0
07/29/1990  13870      5  12019   1846      0   1736      0     68      0    892      0      0      0   0.00   0.00      0   0.00    1.3  0.000    0.0  0.000      0      0      0      0      0
07/30/1990  14146      5  11873   2268      0   1310      0    242      0   1260      0      0      0   0.00   0.00      0   0.00    1.4  0.000    0.0  0.000      0      0      0      0      0
07/31/1990  14277      5  11645   2627      0    920      0    538      0   1573      0      0      0   0.00   0.00      0   0.00    1.4  0.000    0.0  0.000      0      0      0      0      0
08/01/1990  14249      4  11321   2924      0    580      0    960      1   1811      0      0      0   0.00   0.00      0   0.00    1.5  0.000    0.0  0.000      0      0      0      0      0
08/02/1990  14010      3  10914   3093      0    335      0   1502      3   1967      0      0      0   0.00   0.00      0   0.00    1.5  0.000    0.0  0.000      0      0      0      0      0
08/03/1990  13583      2  10488   3093      0    242      0   2043      6   2076      0      0      0   0.00   0.00      0   0.00    1.6  0.000    0.0  0.000      0      0      0      0      0
08/04/1990  13123      1  10032   3090      0    303      1   2529      8   2138      0      0      0   0.00   0.00      0   0.00    1.7  0.000    0.0  0.000      0      0      0      0      0
08/05/1990  12565      0   9521   3044      0    538      3   2931      9   2179      0      0      0   0.00   0.00      0   0.00    1.7  0.000    0.0  0.000      0      0      0      0      0
08/06/1990  11901      0   8956   2945      0    960      6   3227      9   2197      0      0      0   0.00   0.00      0   0.00    1.8  0.000    0.0  0.000      0      0      0      0      0
08/07/1990  11249      0   8385   2864      0   1502      9   3407      8   2199      0      0      0   0.00   0.00      0   0.00    1.9  0.000    0.0  0.000      0      0      0      0      0
08/08/1990  10662      0   7818   2844      0   2111     12   3537      7   2173      0      0      0   0.00   0.00      0   0.00    1.9  0.000    0.0  0.000      0      0      0      0      0
08/09/1990  10093      0   7252   2841      0   2771     15   3613      6   2147      0      0      0   0.00   0.00      0   0.00    2.0  0.000    0.0  0.000      0      0      0      0      0
08/10/1990   9521      0   6654   2867      0   3469     17   3639      6   2133      0      0      0   0.00   0.00      0   0.00    2.1  0.000    0.0  0.000      0      0      0      0      0
08/11/1990   8956      0   6059   2897      1   4187     18   3634      6   2134      0      0      0   0.00   0.00      0   0.00    2.1  0.000    0.0  0.000      0      0      0      0      0
08/12/1990   8385      0   5476   2909      3   4909     18   3622      6   2140      0      0      0   0.00   0.00      0   0.00    2.2  0.000    0.0  0.000      0      0      0      0      0
08/13/1990   7818      0   4914   2904      6   5648     17   3593      6   2130      0      0      0   0.00   0.00      0   0.00    2.3  0.000    0.0  0.000      0      0      0      0      0
08/14/1990   7252      0   4359   2893      9   6384     16   3571      6   2079      0      0      0   0.00   0.00      0   0.00    2.4  0.000    0.0  0.000      0      0      0      0      0
08/15/1990   6654      0   3821   2833     12   7108     15   3563      6   1978      0      0      0   0.00   0.00      0   0.00    2.5  0.000    0.0  0.000      0      0      0      0      0
08/16/1990   6127      0   3352   2775     15   7753     14   3550      6   1898      0      0      0   0.00   0.00      0   0.00    2.6  0.000    0.0  0.000      0      0      0      0      0
08/17/1990   5718      0   2995   2723     17   8289     14   3503      5   1860      0      0      0   0.00   0.00      0   0.00    2.7  0.000    0.0  0.000      0      0      0      0      0
08/18/1990   5452      0   2765   2687     19   8703     14   3408      4   1819      0      0      0   0.00   0.00      0   0.00    2.8  0.000    0.0  0.000      0      0      0      0      0
08/19/1990   1331      0   1120    211     21   8995      6   1942      3   1767      0      0      0   0.00   0.00      0   0.00    2.9  0.110    0.0  0.000      8   1372      0   1563   2412
08/20/1990   1727      0   1547    180     21   8462      5   2149      2   1229      0      0      0   0.00   0.00      0   0.00    2.9  0.110    0.0  0.000      2    409      0     65     38
08/21/1990   2229      0   2075    154     21   7888      4   2505      1    731      0      0      0   0.00   0.00      0   0.00    2.9  0.110    0.0  0.000      2    183      0     31     33
08/22/1990   2802      0   2670    132     21   7482      4   2755      0    232      0      0      0   0.00   0.00      0   0.00    2.9  0.110    0.0  0.000      1     64      0     15     29
08/23/1990   3430      0   3318    112     21   7216      3   2389      0    206      0      0      0   0.00   0.00      0   0.00    2.9  0.110    0.0  0.000      1     21      0      0     27
08/24/1990   4083      0   3986     97     21   7054      2   1902      0    177      0      0      0   0.00   0.00      0   0.00    2.8  0.110    0.0  0.000      1      7      0      0     26
08/25/1990   4768      1   4658    109     20   6936      1   1363      0    146      0      0      0   0.00   0.00      0   0.00    2.8  0.110    0.0  0.000      1      4      0      0     26
08/26/1990   5467      3   5347    117     19   6764      0    856      0    129      0      0      0   0.00   0.00      0   0.00    2.8  0.110    0.0  0.000      0      1      0      0     25
08/27/1990   6185      6   6033    146     16   6592      0    339      0    132      0      0      0   0.00   0.00      0   0.00    2.8  0.110    0.0  0.000      0      0      0      0      0
08/28/1990   6889      9   6707    173     13   5954      0    291      0    158      0      0      0   0.00   0.00      0   0.00    2.7  0.110    0.0  0.000      0      0      0      0      0
08/29/1990   7581     12   7370    199     10   5317      0    259      0    191      0      0      0   0.00   0.00      0   0.00    2.7  0.110    0.0  0.000      0      0      0      0      0
08/30/1990   8270     15   8030    225      7   4676      0    240      0    226      0      0      0   0.00   0.00      0   0.00    2.7  0.110    0.0  0.000      0      0      0      0      0
08/31/1990   8957     17   8735    205      5   4027      0    243      0    256      0      0      0   0.00   0.00      0   0.00    2.6  0.110    0.0  0.000      0      0      0      0      0
09/01/1990   9623     19   9444    160      3   3360      0    273      0    268      0      0      0   0.00   0.00      0   0.00    2.6  0.110    0.0  0.000      0      0      0      0      0
09/02/1990   9634     21   9448    165      1   3389      0    320      0    254      0      0      0   0.00   0.00      0   0.00    2.5  0.110    0.0  0.000      0      0      0      0      0
09/03/1990   9619     21   9478    120      1   3398      0    370      0    233      0      0      0   0.00   0.00      0   0.00    2.5  0.110    0.0  0.000      0      0      0      0      0
09/04/1990   9823     21   9727     75      1   3194      0    409      0    197      0      0      0   0.00   0.00      0   0.00    2.4  0.109    0.0  0.000      0      0      0      0      0
09/05/1990  10205     21  10154     30      1   2826      0    416      0    160      0      0      0   0.00   0.00      0   0.00    2.3  0.109    0.0  0.000      0      0      0      0      0
09/06/1990  10756     21  10705     30      1   2347      0    412      0    101      0      0      0   0.00   0.00      0   0.00    2.3  0.109    0.0  0.000      0      0      0      0      0
09/07/1990  11350     21  11168    161      1   1828      0    380      0     61      0      0      0   0.00   0.00      0   0.00    2.2  0.109    0.0  0.000      0      0      0      0      0
09/08/1990  11912     21  11594    297      1   1355      0    320      0     98      0      0      0   0.00   0.00      0   0.00    2.1  0.109    0.0  0.000      0      0      0      0      0
09/09/1990  12472     22  11905    545      0    880      0    245      0    209      0      0      0   0.00   0.00      0   0.00    2.1  0.109    0.0  0.000      0      0      0      0      0
09/10/1990  12553     22  11514   1017      0    865      0    187      0    415      0      0      0   0.00   0.00      0   0.00    2.0  0.109    0.0  0.000      0      0      0      0      0
09/11/1990  12624     22  11012   1590      0    862      0    185      0    687      0      0      0   0.00   0.00      0   0.00    2.0  0.109    0.0  0.000      0      0      0      0      0
09/12/1990  12552     22  10436   2094      0    846      0    257      0   1022      0      0      0   0.00   0.00      0   0.00    2.0  0.108    0.0  0.000      0      0      0      0      0
09/13/1990  12472     22   9799   2651      0    819      0    442      0   1347      0      0      0   0.00   0.00      0   0.00    2.1  0.105    0.0  0.000      0      0      0      0      0
09/14/1990  12266     22   9128   3116      0    786      0    771      1   1582      0      0      0   0.00   0.00      0   0.00    2.2  0.101    0.0  0.000      0      0      0      0      0
09/15/1990  11826     21   8444   3361      0    761      0   1218      3   1748      0      0      0   0.00   0.00      0   0.00    2.3  0.097    0.0  0.000      0      0      0      0      0
09/16/1990  11290     19   7749   3522      0    788      0   1691      6   1855      0      0      0   0.00   0.00      0   0.00    2.4  0.093    0.0  0.000      0      0      0      0      0
09/17/1990  10692     16   7063   3613      0    863      1   2144      8   1958      0      0      0   0.00   0.00      0   0.00    2.5  0.089    0.0  0.000      0      0      0      0      0
09/18/1990  10055     13   6403   3639      0   1018      3   2551      9   2010      0      0      0   0.00   0.00      0   0.00    2.6  0.085    0.0  0.000      0      0      0      0      0
09/19/1990   9411     10   5767   3634      0   1284      6   2859      9   2030      0      0      0   0.00   0.00      0   0.00    2.7  0.081    0.0  0.000      0      0      0      0      0
09/20/1990   8771      7   5142   3622      0   1659      9   3080     10   2058      0      0      0   0.00   0.00      0   0.00    2.8  0.078    0.0  0.000      0      0      0      0      0
09/21/1990   8124      5   4526   3593      0   2109     12   3214     11   2093      0      0      0   0.00   0.00      0   0.00    2.9  0.074    0.0  0.000      0      0      0      0      0
09/22/1990   7475      3   3901   3571      0   2598     15   3307     11   2090      0      0      0   0.00   0.00      0   0.00    3.1  0.071    0.0  0.000      0      0      0      0      0
09/23/1990   6820      1   3963   2856      0   3153     19   3390     10   2008      0      0      0   0.00   0.00      0   0.00    3.2  0.069    0.0  0.000      0      0      0      0      0
09/24/1990   6180      1   4001   2178      1   3731     22   3452      7   1884      0      0      0   0.00   0.00      0   0.00    3.2  0.068    0.0  0.000      0      0      0      0      0
09/25/1990   5523      1   3800   1722      3   4359     23   3439      4   1717      0      0      0   0.00   0.00      0   0.00    3.3  0.067    0.0  0.000      0      0      0      0      0
09/26/1990   4847      1   3402   1444      6   5003     23   3388      1   1523      0      0      0   0.00   0.00      0   0.00    3.3  0.066    0.0  0.000      0      0      0      0      0
09/27/1990   4147      1   2860   1286      9   5660     21   3306      0   1321      0      0      0   0.00   0.00      0   0.00    3.3  0.065    0.0  0.000      0      0      0      0      0
09/28/1990   4151      1   2269   1881     12   6356     18   3098      0   1187      0      0      0   0.00   0.00      0   0.00    3.4  0.064    0.0  0.000      0      0      0      0      0
09/29/1990   4187      1   1773   2413     15   6998     15   2818      0   1245      0      0      0   0.00   0.00      0   0.00    3.5  0.062    0.0  0.000      0      0      0      0      0
09/30/1990   4057      0   1334   2723     19   7541     11   2537      0   1443      0      0      0   0.00   0.00      0   0.00    3.6  0.060    0.0  0.000      0      0      0      0      0
10/01/1990   3844      0   1467   2377     23   7949      7   2277      1   1707      0      0      0   0.00   0.00      0   0.00    3.7  0.059    0.0  0.000      0      0      0      0      0
10/02/1990   3631      0   1734   1897     26   8195      4   2179      1   1762      0      0      0   0.00   0.00      0   0.00    3.8  0.058    0.0  0.000      0      0      0      0      0
10/03/1990   3487      0   2125   1362     29   8236      1   2263      1   1658      0      0      0   0.00   0.00      0   0.00    3.8  0.057    0.0  0.000      0      0      0      0      0
10/04/1990   3464      0   2608    856     30   8125      1   2461      0   1448      0      0      0   0.00   0.00      0   0.00    3.9  0.057    0.0  0.000      0      0      0      0      0
10/05/1990   3478      0   3139    339     30   7934      1   2620      0   1181      0      0      0   0.00   0.00      0   0.00    3.8  0.057    0.0  0.000      0      0      0      0      0
10/06/1990   4018      0   3727    291     30   7675      1   2734      0    819      0      0      0   0.00   0.00      0   0.00    3.8  0.057    0.0  0.000      0      0      0      0      0
10/07/1990   4593      0   4334    259     30   7515      1   2664      0    494      0      0      0   0.00   0.00      0   0.00    3.8  0.057    0.0  0.000      0      0      0      0      0
10/08/1990   5206      1   4965    240     29   7419      1   2358      0    304      0      0      0   0.00   0.00      0   0.00    3.8  0.057    0.0  0.000      0      0      0      0      0
10/09/1990   5825      3   5579    243     27   7372      1   1846      0    273      0      0      0   0.00   0.00      0   0.00    3.8  0.057    0.0  0.000      0      0      0      0      0
10/10/1990   6452      6   6173    273     24   7247      1   1396      0    264      0      0      0   0.00   0.00      0   0.00    3.8  0.057    0.0  0.000      0      0      0      0      0
10/11/1990   7126      9   6797    320     22   7019      0   1004      0    272      0      0      0   0.00   0.00      0   0.00    3.7  0.057    0.0  0.000      0      0      0      0      0
10/12/1990   7798     12   7416    370     19   6727      0    671      0    297      0      0      0   0.00   0.00      0   0.00    3.7  0.057    0.0  0.000      0      0      0      0      0
10/13/1990   8419     15   7995    409     16   6338      0    479      0    337      0      0      0   0.00   0.00      0   0.00    3.7  0.057    0.0  0.000      0      0      0      0      0
10/14/1990   8986     19   8551    416     12   5830      0    457      0    380      0      0      0   0.00   0.00      0   0.00    3.6  0.057    0.0  0.000      0      0      0      0      0
10/15/1990   9502     23   9067    412      8   5337      0    474      0    411      0      0      0   0.00   0.00      0   0.00    3.6  0.057    0.0  0.000      0      0      0      0      0
10/16/1990   9921     26   9515    380      5   4925      0    512      0    424      0      0      0   0.00   0.00      0   0.00    3.6  0.057    0.0  0.000      0      0      0      0      0
10/17/1990  10263     29   9914    320      2   4580      0    564      0    414      0      0      0   0.00   0.00      0   0.00    3.5  0.057    0.0  0.000      0      0      0      0      0
10/18/1990  10562     30  10287    245      1   4280      0    621      0    384      0      0      0   0.00   0.00      0   0.00    3.5  0.057    0.0  0.000      0      0      0      0      0
10/19/1990  10858     30  10641    187      1   4010      0    664      0    323      0      0      0   0.00   0.00      0   0.00    3.4  0.057    0.0  0.000      0      0      0      0      0
10/20/1990  11276     30  11061    185      1   3632      0    681      0    250      0      0      0   0.00   0.00      0   0.00    3.3  0.057    0.0  0.000      0      0      0      0      0
10/21/1990  11808     30  11521    257      1   3174      0    668      0    198      0      0      0   0.00   0.00      0   0.00    3.3  0.057    0.0  0.000      0      0      0      0      0
10/22/1990  12405     30  11933    442      1   2683      0    607      0    204      0      0      0   0.00   0.00      0   0.00    3.2  0.057    0.0  0.000      0      0      0      0      0
10/23/1990  12937     30  12136    771      1   2281      0    520      0    287      0      0      0   0.00   0.00      0   0.00    3.1  0.057    0.0  0.000      0      0      0      0      0
10/24/1990  13405     30  12157   1218      1   1940      0    442      0    456      0      0      0   0.00   0.00      0   0.00    3.1  0.057    0.0  0.000      0      0      0      0      0
10/25/1990  13756     31  12034   1691      0   1649      0    397      0    698      0      0      0   0.00   0.00      0   0.00    3.1  0.057    0.0  0.000      0      0      0      0      0
10/26/1990  13910     31  11735   2144      0   1484      0    423      0    933      0      0      0   0.00   0.00      0   0.00    3.1  0.056    0.0  0.000      0      0      0      0      0
10/27/1990  13810     31  11228   2551      0   1444      0    575      0   1154      0      0      0   0.00   0.00      0   0.00    3.2  0.056    0.0  0.000      0      0      0      0      0
10/28/1990  13563     31  10673   2859      0   1405      0    845      0   1308      0      0      0   0.00   0.00      0   0.00    3.2  0.055    0.0  0.000      0      0      0      0      0
10/29/1990  13191     30  10081   3080      0   1378      0   1158      1   1437      0      0      0   0.00   0.00      0   0.00    3.3  0.054    0.0  0.000      0      0      0      0      0
10/30/1990  12733     28   9491   3214      0   1375      0   1525      2   1470      0      0      0   0.00   0.00      0   0.00    3.4  0.052    0.0  0.000      0      0      0      0      0
10/31/1990  12239     25   8907   3307      0   1428      0   1866      3   1464      0      0      0   0.00   0.00      0   0.00    3.4  0.051    0.0  0.000      0      0      0      0      0
11/01/1990  11702     22   8295   3385      0   1562      1   2139      3   1353      0      0      0   0.00   0.00      0   0.00    3.5  0.050    0.0  0.000      0      0      0      0      0
11/02/1990  11157     19   7695   3443      0   1776      2   2297      3   1237      0      0      0   0.00   0.00      0   0.00    3.6  0.048    0.0  0.000      0      0      0      0      0
11/03/1990  10597     16   7154   3427      0   2024      3   2397      3   1158      0      0      0   0.00   0.00      0   0.00    3.7  0.047    0.0  0.000      0      0      0      0      0
11/04/1990  10053     12   6667   3374      0   2336      4   2338      3   1201      0      0      0   0.00   0.00      0   0.00    3.8  0.046    0.0  0.000      0      0      0      0      0
11/05/1990   9521      8   6222   3291      0   2673      5   2226      3   1278      0      0      0   0.00   0.00      0   0.00    3.9  0.045    0.0  0.000      0      0      0      0      0
11/06/1990   8949      5   5861   3083      0   3037      6   2118      3   1251      0      0      0   0.00   0.00      0   0.00    4.0  0.044    0.0  0.000      0      0      0      0      0
11/07/1990   8363      2   5558   2803      0   3392      7   2069      2   1167      0      0      0   0.00   0.00      0   0.00    4.1  0.043    0.0  0.000      0      0      0      0      0
11/08/1990   7808      1   5285   2522      1   3753      7   2040      1   1100      0      0      0   0.00   0.00      0   0.00    4.2  0.042    0.0  0.000      0      0      0      0      0
11/09/1990   7260      1   4997   2262      2   4067      7   2016      0   1107      0      0      0   0.00   0.00      0   0.00    4.2  0.042    0.0  0.000      0      0      0      0      0
11/10/1990   6728      1   4563   2164      3   4379      6   1999      0   1117      0      0      0   0.00   0.00      0   0.00    4.3  0.041    0.0  0.000      0      0      0      0      0
11/11/1990   6289      1   4040   2248      4   4713      5   1982      0   1105      0      0      0   0.00   0.00      0   0.00    4.4  0.040    0.0  0.000      0      0      0      0      0
11/12/1990   5941      1   3494   2446      5   5064      4   1922      0   1121      0      0      0   0.00   0.00      0   0.00    4.5  0.039    0.0  0.000      0      0      0      0      0
11/13/1990   5694      1   3088   2605      6   5370      3   1838      0   1185      0      0      0   0.00   0.00      0   0.00    4.6  0.039    0.0  0.000      0      0      0      0      0
11/14/1990   5558      1   2838   2719      7   5508      2   1836      0   1201      0      0      0   0.00   0.00      0   0.00    4.7  0.038    0.0  0.000      0      0      0      0      0
11/15/1990   5393      0   2744   2649      8   5533      1   1876      0   1182      0      0      0   0.00   0.00      0   0.00    4.8  0.037    0.0  0.000      0      0      0      0      0
11/16/1990   5183      0   2840   2343      9   5537      0   1923      0   1160      0      0      0   0.00   0.00      0   0.00    4.8  0.036    0.0  0.000      0      0      0      0      0
11/17/1990   5004      0   3173   1831      9   5461      0   1930      0   1173      0      0      0   0.00   0.00      0   0.00    4.9  0.036    0.0  0.000      0      0      0      0      0
11/18/1990   4939      0   3558   1381      9   5342      0   1941      0   1118      0      0      0   0.00   0.00      0   0.00    4.9  0.036    0.0  0.000      0      0      0      0      0
11/19/1990   4962      0   3973    989      9   5205      0   1978      0    985      0      0      0   0.00   0.00      0   0.00    5.0  0.035    0.0  0.000      0      0      0      0      0
11/20/1990   5442      0   4370   1072      9   5112      0   1982      0    747      0      0      0   0.00   0.00      0   0.00    5.0  0.035    0.0  0.000      0      0      0      0      0
11/21/1990   5497      0   4758    739      9   5063      0   1874      0    576      0      0      0   0.00   0.00      0   0.00    5.0  0.035    0.0  0.000      0      0      0      0      0
11/22/1990   5499      1   5054    444      8   5053      0   1762      0    424      0      0      0   0.00   0.00      0   0.00    5.0  0.035    0.0  0.000      0      0      0      0      0
11/23/1990   5773      2   5310    461      7   5057      0   1547      0    345      0      0      0   0.00   0.00      0   0.00    5.0  0.035    0.0  0.000      0      0      0      0      0
11/24/1990   6081      3   5579    499      6   5065      0   1290      0    282      0      0      0   0.00   0.00      0   0.00    4.9  0.035    0.0  0.000      0      0      0      0      0
11/25/1990   6513      4   5875    634      5   5025      0   1013      0    263      0      0      0   0.00   0.00      0   0.00    4.9  0.035    0.0  0.000      0      0      0      0      0
11/26/1990   6955      5   6177    773      4   4897      0    774      0    265      0      0      0   0.00   0.00      0   0.00    4.9  0.035    0.0  0.000      0      0      0      0      0
11/27/1990   7320      6   6406    908      3   4799      0    587      0    266      0      0      0   0.00   0.00      0   0.00    4.8  0.035    0.0  0.000      0      0      0      0      0
11/28/1990   7668      7   6628   1033      2   4605      0    529      0    279      0      0      0   0.00   0.00      0   0.00    4.8  0.035    0.0  0.000      0      0      0      0      0
11/29/1990   7883      8   6893    982      1   4373      0    463      0    343      0      0      0   0.00   0.00      0   0.00    4.8  0.035    0.0  0.000      0      0      0      0      0
11/30/1990   8166      9   7190    967      0   4116      0    429      0    402      0      0      0   0.00   0.00      0   0.00    4.8  0.035    0.0  0.000      0      0      0      0      0
12/01/1990   8523      9   7495   1019      0   3833      0    463      0    407      0      0      0   0.00   0.00      0   0.00    4.8  0.035    0.0  0.000      0      0      0      0      0
12/02/1990   8885      9   7800   1076      0   3550      0    524      0    366      0      0      0   0.00   0.00      0   0.00    4.8  0.035    0.0  0.000      0      0      0      0      0
12/03/1990   9169      9   8107   1053      0   3258      0    568      0    345      0      0      0   0.00   0.00      0   0.00    4.8  0.035    0.0  0.000      0      0      0      0      0
12/04/1990   9049      9   8393    647      0   2913      0    605      0    360      0      0      0   0.00   0.00      0   0.00    4.7  0.035    0.0  0.000      0      0      0      0      0
12/05/1990   9427      9   8545    873      0   2615      0    624      0    330      0      0      0   0.00   0.00      0   0.00    4.7  0.035    0.0  0.000      0      0      0      0      0
12/06/1990   9672      9   8591   1072      0   2355      0    634      0    320      0      0      0   0.00   0.00      0   0.00    4.7  0.035    0.0  0.000      0      0      0      0      0
12/07/1990   9831      9   8620   1202      0   2096      0    622      0    329      0      0      0   0.00   0.00      0   0.00    4.7  0.035    0.0  0.000      0      0      0      0      0
12/08/1990  10170      9   8564   1597      0   1844      0    552      0    408      0      0      0   0.00   0.00      0   0.00    4.7  0.035    0.0  0.000      0      0      0      0      0
12/09/1990  10172      9   8401   1762      0   1644      0    547      0    488      0      0      0   0.00   0.00      0   0.00    4.7  0.035    0.0  0.000      0      0      0      0      0
12/10/1990  10302      9   8168   2125      0   1477      0    585      0    614      0      0      0   0.00   0.00      0   0.00    4.7  0.035    0.0  0.000      0      0      0      0      0
12/11/1990  10132      9   7841   2282      0   1442      0    615      0    760      0      0      0   0.00   0.00      0   0.00    4.8  0.034    0.0  0.000      0      0      0      0      0
12/12/1990  10274      9   7513   2752      0   1428      0    675      0    850      0      0      0   0.00   0.00      0   0.00    4.7  0.034    0.0  0.000      0      0      0      0      0
12/13/1990  10387      8   7239   3140      0   1383      0    869      0    857      0      0      0   0.00   0.00      0   0.00    4.8  0.034    0.0  0.000      0      0      0      0      0
12/14/1990  10460      7   6949   3504      0   1417      0   1055      0    693      0      0      0   0.00   0.00      0   0.00    4.8  0.034    0.0  0.000      0      0      0      0      0
12/15/1990  10537      6   6637   3894      0   1475      0   1196      0    591      0      0      0   0.00   0.00      0   0.00    4.7  0.034    0.0  0.000      0      0      0      0      0
12/16/1990  10630      5   6301   4324      0   1528      0   1318      0    488      0      0      0   0.00   0.00      0   0.00    4.7  0.034    0.0  0.000      0      0      0      0      0
12/17/1990  10704      4   5936   4764      0   1640      0   1260      0    562      0      0      0   0.00   0.00      0   0.00    4.6  0.034    0.0  0.000      0      0      0      0      0
12/18/1990  10782      3   5652   5127      0   1823      0   1173      1    627      0      0      0   0.00   0.00      0   0.00    4.6  0.034    0.0  0.000      0      0      0      0      0
12/19/1990  10887      2   5413   5472      0   2009      0   1046      2    676      0      0      0   0.00   0.00      0   0.00    4.5  0.034    0.0  0.000      0      0      0      0      0
12/20/1990  11024      1   5179   5844      0   2147      0    972      2    544      0      0      0   0.00   0.00      0   0.00    4.5  0.034    0.0  0.000      0      0      0      0      0
12/21/1990  11160      0   4947   6213      0   2278      1    943      1    298      0      0      0   0.00   0.00      0   0.00    4.5  0.034    0.0  0.000      0      0      0      0      0
12/22/1990  11271      0   4703   6568      0   2295      2   1029      0     77      0      0      0   0.00   0.00      0   0.00    4.4  0.034    0.0  0.000      0      0      0      0      0
12/23/1990  11367      0   4440   6927      0   2372      2    925      0      0      0      0      0   0.00   0.00      0   0.00    4.4  0.034    0.0  0.000      0      0      0      0      0
12/24/1990  11482      0   4171   7311      0   2421      2    753      0      0      0      0      0   0.00   0.00      0   0.00    4.4  0.034    0.0  0.000      0      0      0      0      0
12/25/1990  11607      0   3878   7729      0   2497      2    544      0     50      0      0      0   0.00   0.00      0   0.00    4.3  0.034    0.0  0.000      0      0      0      0      0
12/26/1990  11673      0   3569   8104      0   2669      2    298      0    170      0      0      0   0.00   0.00      0   0.00    4.3  0.034    0.0  0.000      0      0      0      0      0
12/27/1990  11777      0   3309   8468      0   2777      2     77      1    340      0      0      0   0.00   0.00      0   0.00    4.3  0.034    0.0  0.000      0      0      0      0      0
12/28/1990  11910      0   3047   8863      1   2712      1     50      3    490      0      0      0   0.00   0.00      0   0.00    4.3  0.034    0.0  0.000      0      0      0      0      0
12/29/1990  12054      0   2804   9250      2   2559      0    170      3    457      0      0      0   0.00   0.00      0   0.00    4.3  0.034    0.0  0.000      0      0      0      0      0
12/30/1990  12238      0   2679   9559      2   2366      1    340      3    439      0      0      0   0.00   0.00      0   0.00    4.2  0.034    0.0  0.000      0      0      0      0      0
12/31/1990  12496      0   2676   9820      2   2098      3    540      2    398      0      0      0   0.00   0.00      0   0.00    4.2  0.034    0.0  0.000      0      0      0      0      0
