Varroa Population Simulation - Nov 23,2015  02:36:08 PM
VarroaPop Version 3.2.5.8  June, 2015

                                        Capped  Capped                                                                      Prop           Conc          Conc                                     
            Colony  Adult  Adult         Drone   Wkr    Drone  Wkr    Drone  Wkr  Free   DBrood WBrood DMite  WMite  Mites  Mites  Colony Pollen Colony Nectar   Dead   Dead   Dead   Dead   Dead
     Date   Size   Drones   Wkr   Forgrs Brood  Brood   Larv   Larv    Eggs  Eggs Mites  Mites  Mites  /Cell  /Cell  Dying  Dying  Pollen  Pest  Nectar  Pest    DLarv  WLarv  DAdlt  WAdlt  Forgrs
Initial     10000      0   6363   3637      0      0      0      0      0      0      0      0      0   0.00   0.00      0   0.00    0.0  0.000    0.0  0.000      0      0      0      0      0
08/01/1990   9697      0   6060   3637      0      0      0      0      1    390      0      0      0   0.00   0.00      0   0.00    0.1  0.000    0.0  0.000      0      0      0      0      0
08/02/1990   9394      0   5757   3637      0      0      0      0      2    780      0      0      0   0.00   0.00      0   0.00    0.2  0.000    0.0  0.000      0      0      0      0      0
08/03/1990   9091      0   5454   3637      0      0      0      0      3   1169      0      0      0   0.00   0.00      0   0.00    0.4  0.000    0.0  0.000      0      0      0      0      0
08/04/1990   8788      0   5151   3637      0      0      1    390      3   1170      0      0      0   0.00   0.00      0   0.00    0.5  0.000    0.0  0.000      0      0      0      0      0
08/05/1990   8485      0   4848   3637      0      0      2    780      3   1181      0      0      0   0.00   0.00      0   0.00    0.6  0.000    0.0  0.000      0      0      0      0      0
08/06/1990   8182      0   4545   3637      0      0      3   1169      3   1194      0      0      0   0.00   0.00      0   0.00    0.8  0.000    0.0  0.000      0      0      0      0      0
08/07/1990   7879      0   4242   3637      0      0      4   1560      3   1206      0      0      0   0.00   0.00      0   0.00    0.9  0.000    0.0  0.000      0      0      0      0      0
08/08/1990   7576      0   3939   3637      0      0      5   1961      3   1208      0      0      0   0.00   0.00      0   0.00    1.0  0.000    0.0  0.000      0      0      0      0      0
08/09/1990   7273      0   3636   3637      0    390      6   1973      3   1209      0      0      0   0.00   0.00      0   0.00    1.2  0.000    0.0  0.000      0      0      0      0      0
08/10/1990   6970      0   3333   3637      0    780      7   1986      3   1209      0      0      0   0.00   0.00      0   0.00    1.3  0.000    0.0  0.000      0      0      0      0      0
08/11/1990   1507      0   1507      0      1   1169      3   1642      3   1209      0      0      0   0.00   0.00      0   0.00    1.4  0.502    0.0  0.000      3    358      0   1523   3629
08/12/1990   1370      0   1370      0      1   1372      3   1720      2    806      0      0      0   0.00   0.00      0   0.00    1.4  0.502    0.0  0.000      1    122      0      0    137
08/13/1990   1233      0   1233      0      1   1603      3   1773      1    403      0      0      0   0.00   0.00      0   0.00    1.4  0.502    0.0  0.000      1    119      0      0    137
08/14/1990   1096      0   1096      0      1   1883      3   1779      0      0      0      0      0   0.00   0.00      0   0.00    1.4  0.502    0.0  0.000      1    117      0      0    137
08/15/1990    961      0    959      2      1   2167      2   1380      0      0      0      0      0   0.00   0.00      0   0.00    1.4  0.502    0.0  0.000      1    115      0      0    135
08/16/1990    828      0    822      6      1   2453      1    981      0      0      0      0      0   0.00   0.00      0   0.00    1.4  0.502    0.0  0.000      1    113      0      0    133
08/17/1990    698      0    685     13      1   2741      0    581      0      0      0      0      0   0.00   0.00      0   0.00    1.4  0.502    0.0  0.000      1    112      0      0    130
08/18/1990    573      0    548     25      1   3031      0    291      0      2      0      0      0   0.00   0.00      0   0.00    1.4  0.504    0.0  0.000      0      0      0      0    125
08/19/1990    573      0    411    162      1   3322      0      0      0      7      0      0      0   0.00   0.00      0   0.00    1.4  0.502    0.0  0.000      0      0      0      0      0
08/20/1990    573      0    274    299      1   3322      0      0      0     41      0      0      0   0.00   0.00      0   0.00    1.4  0.498    0.0  0.000      0      0      0      0      0
08/21/1990    573      0    137    436      1   3322      0      2      0     99      0      0      0   0.00   0.00      0   0.00    1.4  0.491    0.0  0.000      0      0      0      0      0
08/22/1990    963      0    390    573      1   2932      0      7      0    181      0      0      0   0.00   0.00      0   0.00    1.5  0.483    0.0  0.000      0      0      0      0      0
08/23/1990   1353      0    780    573      1   2542      0     41      0    259      0      0      0   0.00   0.00      0   0.00    1.5  0.476    0.0  0.000      0      0      0      0      0
08/24/1990   1742      0   1169    573      1   2153      0    101      0    301      0      0      0   0.00   0.00      0   0.00    1.5  0.470    0.0  0.000      0      0      0      0      0
08/25/1990   1946      1   1372    573      0   1950      0    188      0    308      0      0      0   0.00   0.00      0   0.00    1.5  0.464    0.0  0.000      0      0      0      0      0
08/26/1990   2177      1   1603    573      0   1721      0    298      0    293      0      0      0   0.00   0.00      0   0.00    1.5  0.459    0.0  0.000      0      0      0      0      0
08/27/1990   2455      1   1883    571      0   1446      0    395      0    294      0      0      0   0.00   0.00      0   0.00    1.6  0.454    0.0  0.000      0      0      0      0      0
08/28/1990   2735      1   2167    567      0   1196      0    455      0    307      0      0      0   0.00   0.00      0   0.00    1.6  0.450    0.0  0.000      0      0      0      0      0
08/29/1990   3014      1   2453    560      0    970      0    492      0    319      0      0      0   0.00   0.00      0   0.00    1.6  0.446    0.0  0.000      0      0      0      0      0
08/30/1990   3290      1   2741    548      0    769      0    508      0    320      0      0      0   0.00   0.00      0   0.00    1.6  0.444    0.0  0.000      0      0      0      0      0
08/31/1990   3443      1   3031    411      0    591      0    503      0    315      0      0      0   0.00   0.00      0   0.00    1.6  0.443    0.0  0.000      0      0      0      0      0
09/01/1990   3597      1   3322    274      0    402      0    510      0    288      0      0      0   0.00   0.00      0   0.00    1.6  0.443    0.0  0.000      0      0      0      0      0
09/02/1990   3597      1   3322    274      0    496      0    520      0    242      0      0      0   0.00   0.00      0   0.00    1.6  0.443    0.0  0.000      0      0      0      0      0
09/03/1990   3460      1   3322    137      0    593      0    525      0    197      0      0      0   0.00   0.00      0   0.00    1.6  0.443    0.0  0.000      0      0      0      0      0
09/04/1990   3323      1   3322      0      0    696      0    504      0    145      0      0      0   0.00   0.00      0   0.00    1.5  0.443    0.0  0.000      0      0      0      0      0
09/05/1990   3323      1   3322      0      0    803      0    455      0     87      0      0      0   0.00   0.00      0   0.00    1.5  0.442    0.0  0.000      0      0      0      0      0
09/06/1990   3323      1   3322      0      0    912      0    403      0     30      0      0      0   0.00   0.00      0   0.00    1.5  0.442    0.0  0.000      0      0      0      0      0
09/07/1990   3323      1   3322      0      0   1016      0    329      0      0      0      0      0   0.00   0.00      0   0.00    1.5  0.442    0.0  0.000      0      0      0      0      0
09/08/1990   3325      1   3324      0      0   1116      0    227      0      0      0      0      0   0.00   0.00      0   0.00    1.4  0.442    0.0  0.000      0      0      0      0      0
09/09/1990   3330      1   3329      0      0   1193      0    145      0      0      0      0      0   0.00   0.00      0   0.00    1.4  0.442    0.0  0.000      0      0      0      0      0
09/10/1990   3364      1   3363      0      0   1217      0     87      0      0      0      0      0   0.00   0.00      0   0.00    1.4  0.442    0.0  0.000      0      0      0      0      0
09/11/1990   3424      1   3423      0      0   1214      0     30      0      0      0      0      0   0.00   0.00      0   0.00    1.3  0.441    0.0  0.000      0      0      0      0      0
09/12/1990   3511      1   3120    390      0   1157      0      0      0      0      0      0      0   0.00   0.00      0   0.00    1.3  0.441    0.0  0.000      0      0      0      0      0
09/13/1990   3623      1   2842    780      0   1045      0      0      0     79      0      0      0   0.00   0.00      0   0.00    1.4  0.437    0.0  0.000      0      0      0      0      0
09/14/1990   3725      1   2555   1169      0    943      0      0      0    209      0      0      0   0.00   0.00      0   0.00    1.4  0.426    0.0  0.000      0      0      0      0      0
09/15/1990   3818      0   2446   1372      0    849      0      0      0    382      0      0      0   0.00   0.00      0   0.00    1.4  0.413    0.0  0.000      0      0      0      0      0
09/16/1990   3915      0   2312   1603      0    752      0     79      0    495      0      0      0   0.00   0.00      0   0.00    1.5  0.398    0.0  0.000      0      0      0      0      0
09/17/1990   4018      0   2135   1883      0    649      0    209      0    583      0      0      0   0.00   0.00      0   0.00    1.6  0.380    0.0  0.000      0      0      0      0      0
09/18/1990   4125      0   1958   2167      0    542      0    382      0    648      0      0      0   0.00   0.00      0   0.00    1.6  0.360    0.0  0.000      0      0      0      0      0
09/19/1990   4234      0   1781   2453      0    433      0    574      0    711      0      0      0   0.00   0.00      0   0.00    1.7  0.339    0.0  0.000      0      0      0      0      0
09/20/1990   4338      0   1597   2741      0    329      0    792      0    782      0      0      0   0.00   0.00      0   0.00    1.9  0.318    0.0  0.000      0      0      0      0      0
09/21/1990   4440      0   1409   3031      0    306      0    951      0    854      0      0      0   0.00   0.00      0   0.00    2.0  0.298    0.0  0.000      0      0      0      0      0
09/22/1990   4522      0   1200   3322      0    354      0   1076      0    907      0      0      0   0.00   0.00      0   0.00    2.1  0.278    0.0  0.000      0      0      0      0      0
09/23/1990   4580      0   1258   3322      0    469      0   1192      0    923      0      0      0   0.00   0.00      0   0.00    2.3  0.261    0.0  0.000      0      0      0      0      0
09/24/1990   4247      0   1315   2932      0    604      0   1310      1    934      0      0      0   0.00   0.00      0   0.00    2.4  0.247    0.0  0.000      0      0      0      0      0
09/25/1990   3887      0   1345   2542      0    792      0   1400      1    925      0      0      0   0.00   0.00      0   0.00    2.5  0.237    0.0  0.000      0      0      0      0      0
09/26/1990   3498      0   1345   2153      0   1030      0   1467      1    895      0      0      0   0.00   0.00      0   0.00    2.6  0.229    0.0  0.000      0      0      0      0      0
09/27/1990   3295      0   1345   1950      0   1285      1   1533      0    825      0      0      0   0.00   0.00      0   0.00    2.7  0.223    0.0  0.000      0      0      0      0      0
09/28/1990   3064      0   1345   1719      0   1574      1   1543      0    768      0      0      0   0.00   0.00      0   0.00    2.7  0.217    0.0  0.000      0      0      0      0      0
09/29/1990   2784      0   1343   1441      0   1884      1   1508      0    727      0      0      0   0.00   0.00      0   0.00    2.8  0.213    0.0  0.000      0      0      0      0      0
09/30/1990   2500      0   1338   1162      0   2192      1   1451      0    691      0      0      0   0.00   0.00      0   0.00    2.8  0.210    0.0  0.000      0      0      0      0      0
10/01/1990   2214      0   1304    910      0   2497      1   1388      0    636      0      0      0   0.00   0.00      0   0.00    2.9  0.208    0.0  0.000      0      0      0      0      0
10/02/1990   1926      0   1244    682      0   2818      1   1301      0    549      0      0      0   0.00   0.00      0   0.00    2.9  0.207    0.0  0.000      0      0      0      0      0
10/03/1990   1636      0   1157    479      0   3117      1   1217      0    453      0      0      0   0.00   0.00      0   0.00    2.9  0.206    0.0  0.000      0      0      0      0      0
10/04/1990   1424      0   1124    300      1   3313      0   1129      0    362      0      0      0   0.00   0.00      0   0.00    2.9  0.206    0.0  0.000      0      0      0      0      0
10/05/1990   1554      0   1152    402      1   3434      0   1025      0    274      0      0      0   0.00   0.00      0   0.00    2.9  0.205    0.0  0.000      0      0      0      0      0
10/06/1990   1727      0   1231    496      1   3503      0    902      0    224      0      0      0   0.00   0.00      0   0.00    2.9  0.204    0.0  0.000      0      0      0      0      0
10/07/1990   1919      0   1326    593      1   3545      0    764      0    205      0      0      0   0.00   0.00      0   0.00    2.9  0.203    0.0  0.000      0      0      0      0      0
10/08/1990   2137      0   1441    696      1   3542      0    608      0    236      0      0      0   0.00   0.00      0   0.00    2.9  0.201    0.0  0.000      0      0      0      0      0
10/09/1990   2375      0   1572    803      1   3491      0    490      0    277      0      0      0   0.00   0.00      0   0.00    3.0  0.200    0.0  0.000      0      0      0      0      0
10/10/1990   2630      0   1718    912      1   3383      0    420      0    319      0      0      0   0.00   0.00      0   0.00    3.0  0.198    0.0  0.000      0      0      0      0      0
10/11/1990   2917      0   1903   1014      1   3213      0    391      0    361      0      0      0   0.00   0.00      0   0.00    3.0  0.195    0.0  0.000      0      0      0      0      0
10/12/1990   3222      0   2111   1111      1   2999      0    405      0    396      0      0      0   0.00   0.00      0   0.00    3.1  0.193    0.0  0.000      0      0      0      0      0
10/13/1990   3496      0   2337   1159      1   2750      0    465      0    430      0      0      0   0.00   0.00      0   0.00    3.1  0.190    0.0  0.000      0      0      0      0      0
10/14/1990   3741      0   2584   1157      1   2514      0    528      0    457      0      0      0   0.00   0.00      0   0.00    3.2  0.188    0.0  0.000      0      0      0      0      0
10/15/1990   3975      0   2848   1127      1   2270      0    596      0    473      0      0      0   0.00   0.00      0   0.00    3.2  0.186    0.0  0.000      0      0      0      0      0
10/16/1990   4162      0   3117   1045      1   2061      0    659      0    475      0      0      0   0.00   0.00      0   0.00    3.2  0.184    0.0  0.000      0      0      0      0      0
10/17/1990   4335      0   3392    943      1   1896      0    708      0    463      0      0      0   0.00   0.00      0   0.00    3.2  0.183    0.0  0.000      0      0      0      0      0
10/18/1990   4493      1   3643    849      0   1764      0    750      0    441      0      0      0   0.00   0.00      0   0.00    3.3  0.182    0.0  0.000      0      0      0      0      0
10/19/1990   4638      1   3885    752      0   1654      0    773      0    399      0      0      0   0.00   0.00      0   0.00    3.3  0.182    0.0  0.000      0      0      0      0      0
10/20/1990   4769      1   4119    649      0   1565      0    775      0    348      0      0      0   0.00   0.00      0   0.00    3.3  0.181    0.0  0.000      0      0      0      0      0
10/21/1990   4877      1   4334    542      0   1503      0    761      0    303      0      0      0   0.00   0.00      0   0.00    3.3  0.181    0.0  0.000      0      0      0      0      0
10/22/1990   4955      1   4521    433      0   1475      0    715      0    272      0      0      0   0.00   0.00      0   0.00    3.3  0.181    0.0  0.000      0      0      0      0      0
10/23/1990   4998      1   4668    329      0   1489      0    650      0    245      0      0      0   0.00   0.00      0   0.00    3.2  0.181    0.0  0.000      0      0      0      0      0
10/24/1990   5015      1   4787    227      0   1525      0    589      0    208      0      0      0   0.00   0.00      0   0.00    3.2  0.181    0.0  0.000      0      0      0      0      0
10/25/1990   5029      1   4804    224      0   1576      0    524      0    168      0      0      0   0.00   0.00      0   0.00    3.2  0.181    0.0  0.000      0      0      0      0      0
10/26/1990   5030      1   4733    296      0   1656      0    454      0    137      0      0      0   0.00   0.00      0   0.00    3.2  0.181    0.0  0.000      0      0      0      0      0
10/27/1990   5042      1   4629    412      0   1700      0    398      0    131      0      0      0   0.00   0.00      0   0.00    3.1  0.181    0.0  0.000      0      0      0      0      0
10/28/1990   5089      1   4514    574      0   1719      0    344      0    155      0      0      0   0.00   0.00      0   0.00    3.1  0.181    0.0  0.000      0      0      0      0      0
10/29/1990   5179      1   4386    792      0   1723      0    288      0    202      0      0      0   0.00   0.00      0   0.00    3.1  0.181    0.0  0.000      0      0      0      0      0
10/30/1990   5289      1   4258   1030      0   1695      0    257      0    253      0      0      0   0.00   0.00      0   0.00    3.2  0.180    0.0  0.000      0      0      0      0      0
10/31/1990   5408      1   4122   1285      0   1645      0    254      0    306      0      0      0   0.00   0.00      0   0.00    3.2  0.179    0.0  0.000      0      0      0      0      0
11/01/1990   5532      1   3965   1566      0   1570      0    282      0    334      0      0      0   0.00   0.00      0   0.00    3.2  0.177    0.0  0.000      0      0      0      0      0
11/02/1990   5668      1   3800   1867      0   1467      0    342      0    351      0      0      0   0.00   0.00      0   0.00    3.3  0.174    0.0  0.000      0      0      0      0      0
11/03/1990   5811      1   3645   2165      0   1352      0    423      0    374      0      0      0   0.00   0.00      0   0.00    3.4  0.170    0.0  0.000      0      0      0      0      0
11/04/1990   5959      1   3499   2459      0   1244      0    485      0    433      0      0      0   0.00   0.00      0   0.00    3.4  0.166    0.0  0.000      0      0      0      0      0
11/05/1990   6108      1   3339   2768      0   1149      0    538      0    505      0      0      0   0.00   0.00      0   0.00    3.5  0.161    0.0  0.000      0      0      0      0      0
11/06/1990   6177      1   3195   2981      0   1079      0    595      0    534      0      0      0   0.00   0.00      0   0.00    3.7  0.156    0.0  0.000      0      0      0      0      0
11/07/1990   6188      1   3067   3120      0   1034      0    665      0    537      0      0      0   0.00   0.00      0   0.00    3.8  0.151    0.0  0.000      0      0      0      0      0
11/08/1990   6148      0   2955   3193      0   1014      0    737      0    550      0      0      0   0.00   0.00      0   0.00    3.9  0.146    0.0  0.000      0      0      0      0      0
11/09/1990   6065      0   2826   3239      0   1014      0    795      0    596      0      0      0   0.00   0.00      0   0.00    4.0  0.142    0.0  0.000      0      0      0      0      0
11/10/1990   5940      0   2688   3252      0   1037      0    851      0    645      0      0      0   0.00   0.00      0   0.00    4.2  0.137    0.0  0.000      0      0      0      0      0
11/11/1990   5794      0   2567   3227      0   1085      0    913      0    674      0      0      0   0.00   0.00      0   0.00    4.3  0.133    0.0  0.000      0      0      0      0      0
11/12/1990   5620      0   2462   3158      0   1175      0    958      0    700      0      0      0   0.00   0.00      0   0.00    4.4  0.129    0.0  0.000      0      0      0      0      0
11/13/1990   5400      0   2384   3016      0   1297      0    991      0    725      0      0      0   0.00   0.00      0   0.00    4.5  0.126    0.0  0.000      0      0      0      0      0
11/14/1990   5147      0   2322   2825      0   1411      0   1053      0    702      0      0      0   0.00   0.00      0   0.00    4.6  0.123    0.0  0.000      0      0      0      0      0
11/15/1990   4881      0   2268   2613      0   1544      0   1121      0    652      0      0      0   0.00   0.00      0   0.00    4.7  0.120    0.0  0.000      0      0      0      0      0
11/16/1990   4614      0   2247   2367      0   1710      0   1166      0    607      0      0      0   0.00   0.00      0   0.00    4.8  0.118    0.0  0.000      0      0      0      0      0
11/17/1990   4344      0   2229   2115      0   1876      0   1159      0    600      0      0      0   0.00   0.00      0   0.00    4.9  0.116    0.0  0.000      0      0      0      0      0
11/18/1990   4111      0   2218   1893      0   2034      0   1128      0    583      0      0      0   0.00   0.00      0   0.00    5.0  0.115    0.0  0.000      0      0      0      0      0
11/19/1990   3921      0   2213   1708      0   2182      0   1099      0    548      0      0      0   0.00   0.00      0   0.00    5.0  0.113    0.0  0.000      0      0      0      0      0
11/20/1990   4011      0   2205   1806      0   2323      0   1059      0    461      0      0      0   0.00   0.00      0   0.00    5.1  0.112    0.0  0.000      0      0      0      0      0
11/21/1990   3880      0   2205   1675      0   2453      0    986      0    390      0      0      0   0.00   0.00      0   0.00    5.2  0.111    0.0  0.000      0      0      0      0      0
11/22/1990   3530      0   2186   1344      0   2550      0    945      0    328      0      0      0   0.00   0.00      0   0.00    5.2  0.110    0.0  0.000      0      0      0      0      0
11/23/1990   3434      0   2160   1274      0   2624      0    868      0    306      0      0      0   0.00   0.00      0   0.00    5.2  0.109    0.0  0.000      0      0      0      0      0
11/24/1990   3389      0   2149   1240      0   2686      0    769      0    293      0      0      0   0.00   0.00      0   0.00    5.3  0.108    0.0  0.000      0      0      0      0      0
11/25/1990   3549      0   2162   1387      0   2717      0    673      0    287      0      0      0   0.00   0.00      0   0.00    5.3  0.108    0.0  0.000      0      0      0      0      0
11/26/1990   3728      0   2192   1536      0   2702      0    591      0    266      0      0      0   0.00   0.00      0   0.00    5.3  0.108    0.0  0.000      0      0      0      0      0
11/27/1990   3887      0   2208   1679      0   2700      0    514      0    244      0      0      0   0.00   0.00      0   0.00    5.2  0.108    0.0  0.000      0      0      0      0      0
11/28/1990   4050      0   2236   1814      0   2641      0    499      0    230      0      0      0   0.00   0.00      0   0.00    5.3  0.107    0.0  0.000      0      0      0      0      0
11/29/1990   4007      0   2301   1706      0   2542      0    467      0    264      0      0      0   0.00   0.00      0   0.00    5.4  0.105    0.0  0.000      0      0      0      0      0
11/30/1990   4131      0   2405   1726      0   2432      0    430      0    301      0      0      0   0.00   0.00      0   0.00    5.4  0.104    0.0  0.000      0      0      0      0      0
12/01/1990   4343      0   2533   1810      0   2302      0    423      0    303      0      0      0   0.00   0.00      0   0.00    5.5  0.103    0.0  0.000      0      0      0      0      0
12/02/1990   4564      0   2672   1892      0   2161      0    438      0    274      0      0      0   0.00   0.00      0   0.00    5.5  0.103    0.0  0.000      0      0      0      0      0
12/03/1990   4753      0   2833   1920      0   2019      0    444      0    257      0      0      0   0.00   0.00      0   0.00    5.5  0.102    0.0  0.000      0      0      0      0      0
12/04/1990   4938      0   3013   1925      0   1843      0    460      0    269      0      0      0   0.00   0.00      0   0.00    5.6  0.100    0.0  0.000      0      0      0      0      0
12/05/1990   5136      0   3166   1970      0   1703      0    468      0    273      0      0      0   0.00   0.00      0   0.00    5.6  0.100    0.0  0.000      0      0      0      0      0
12/06/1990   5258      0   3317   1941      0   1597      0    471      0    283      0      0      0   0.00   0.00      0   0.00    5.7  0.099    0.0  0.000      0      0      0      0      0
12/07/1990   5284      0   3483   1801      0   1500      0    465      0    289      0      0      0   0.00   0.00      0   0.00    5.7  0.098    0.0  0.000      0      0      0      0      0
12/08/1990   5372      0   3635   1737      0   1404      0    440      0    309      0      0      0   0.00   0.00      0   0.00    5.8  0.097    0.0  0.000      0      0      0      0      0
12/09/1990   5421      0   3745   1676      0   1317      0    451      0    312      0      0      0   0.00   0.00      0   0.00    5.8  0.096    0.0  0.000      0      0      0      0      0
12/10/1990   5450      0   3829   1621      0   1226      0    480      0    337      0      0      0   0.00   0.00      0   0.00    5.9  0.096    0.0  0.000      0      0      0      0      0
12/11/1990   4943      0   3843   1100      0   1200      0    492      0    363      0      0      0   0.00   0.00      0   0.00    5.9  0.095    0.0  0.000      0      0      0      0      0
12/12/1990   5036      0   3829   1207      0   1196      0    494      0    350      0      0      0   0.00   0.00      0   0.00    5.9  0.095    0.0  0.000      0      0      0      0      0
12/13/1990   5131      0   3823   1308      0   1171      0    544      0    302      0      0      0   0.00   0.00      0   0.00    5.9  0.095    0.0  0.000      0      0      0      0      0
12/14/1990   5213      0   3798   1415      0   1177      0    572      0    213      0      0      0   0.00   0.00      0   0.00    5.9  0.095    0.0  0.000      0      0      0      0      0
12/15/1990   5293      0   3748   1545      0   1192      0    555      0    177      0      0      0   0.00   0.00      0   0.00    5.8  0.095    0.0  0.000      0      0      0      0      0
12/16/1990   5382      0   3677   1705      0   1193      0    537      0    144      0      0      0   0.00   0.00      0   0.00    5.8  0.095    0.0  0.000      0      0      0      0      0
12/17/1990   5443      0   3559   1884      0   1223      0    473      0    168      0      0      0   0.00   0.00      0   0.00    5.8  0.095    0.0  0.000      0      0      0      0      0
12/18/1990   5501      0   3458   2043      0   1285      0    395      0    190      0      0      0   0.00   0.00      0   0.00    5.8  0.095    0.0  0.000      0      0      0      0      0
12/19/1990   5576      0   3370   2206      0   1326      0    318      0    208      0      0      0   0.00   0.00      0   0.00    5.7  0.095    0.0  0.000      0      0      0      0      0
12/20/1990   5671      0   3273   2398      0   1309      0    291      0    169      0      0      0   0.00   0.00      0   0.00    5.7  0.095    0.0  0.000      0      0      0      0      0
12/21/1990   5765      0   3163   2602      0   1286      0    283      0     93      0      0      0   0.00   0.00      0   0.00    5.7  0.095    0.0  0.000      0      0      0      0      0
12/22/1990   5841      0   3028   2813      0   1236      0    313      0     24      0      0      0   0.00   0.00      0   0.00    5.7  0.095    0.0  0.000      0      0      0      0      0
12/23/1990   5906      0   2873   3033      0   1212      0    283      0      0      0      0      0   0.00   0.00      0   0.00    5.7  0.095    0.0  0.000      0      0      0      0      0
12/24/1990   5983      0   2720   3263      0   1173      0    232      0      0      0      0      0   0.00   0.00      0   0.00    5.6  0.095    0.0  0.000      0      0      0      0      0
12/25/1990   6071      0   2572   3499      0   1135      0    169      0     17      0      0      0   0.00   0.00      0   0.00    5.6  0.095    0.0  0.000      0      0      0      0      0
12/26/1990   6140      0   2444   3696      0   1129      0     93      0     59      0      0      0   0.00   0.00      0   0.00    5.6  0.095    0.0  0.000      0      0      0      0      0
12/27/1990   6227      0   2351   3876      0   1098      0     24      0    120      0      0      0   0.00   0.00      0   0.00    5.6  0.095    0.0  0.000      0      0      0      0      0
12/28/1990   6320      0   2254   4066      0   1015      0     17      0    175      0      0      0   0.00   0.00      0   0.00    5.6  0.095    0.0  0.000      0      0      0      0      0
12/29/1990   6408      0   2153   4255      0    913      0     59      0    164      0      0      0   0.00   0.00      0   0.00    5.6  0.095    0.0  0.000      0      0      0      0      0
12/30/1990   6497      0   2080   4417      0    810      0    120      0    158      0      0      0   0.00   0.00      0   0.00    5.5  0.095    0.0  0.000      0      0      0      0      0
12/31/1990   6615      0   2043   4572      0    678      0    192      0    144      0      0      0   0.00   0.00      0   0.00    5.5  0.095    0.0  0.000      0      0      0      0      0
