Varroa Population Simulation - Nov 23,2015  02:34:06 PM
VarroaPop Version 3.2.5.8  June, 2015

                                        Capped  Capped                                                                      Prop           Conc          Conc                                     
            Colony  Adult  Adult         Drone   Wkr    Drone  Wkr    Drone  Wkr  Free   DBrood WBrood DMite  WMite  Mites  Mites  Colony Pollen Colony Nectar   Dead   Dead   Dead   Dead   Dead
     Date   Size   Drones   Wkr   Forgrs Brood  Brood   Larv   Larv    Eggs  Eggs Mites  Mites  Mites  /Cell  /Cell  Dying  Dying  Pollen  Pest  Nectar  Pest    DLarv  WLarv  DAdlt  WAdlt  Forgrs
Initial     10000      0   6552   3448      0      0      0      0      0      0      0      0      0   0.00   0.00      0   0.00    0.0  0.000    0.0  0.000      0      0      0      0      0
08/01/1990   9688      0   6240   3448      0      0      0      0      4    759      0      0      0   0.00   0.00      0   0.00    0.1  0.000    0.0  0.000      0      0      0      0      0
08/02/1990   9376      0   5928   3448      0      0      0      0      8   1517      0      0      0   0.00   0.00      0   0.00    0.2  0.000    0.0  0.000      0      0      0      0      0
08/03/1990   9064      0   5616   3448      0      0      0      0     12   2273      0      0      0   0.00   0.00      0   0.00    0.3  0.000    0.0  0.000      0      0      0      0      0
08/04/1990   8752      0   5304   3448      0      0      4    759     12   2275      0      0      0   0.00   0.00      0   0.00    0.5  0.000    0.0  0.000      0      0      0      0      0
08/05/1990   8440      0   4992   3448      0      0      8   1517     12   2297      0      0      0   0.00   0.00      0   0.00    0.6  0.000    0.0  0.000      0      0      0      0      0
08/06/1990   8128      0   4680   3448      0      0     12   2273     12   2324      0      0      0   0.00   0.00      0   0.00    0.7  0.000    0.0  0.000      0      0      0      0      0
08/07/1990   7816      0   4368   3448      0      0     16   3034     12   2346      0      0      0   0.00   0.00      0   0.00    0.8  0.000    0.0  0.000      0      0      0      0      0
08/08/1990   7504      0   4056   3448      0      0     20   3814     12   2349      0      0      0   0.00   0.00      0   0.00    0.9  0.000    0.0  0.000      0      0      0      0      0
08/09/1990   7192      0   3744   3448      0    759     24   3838     12   2349      0      0      0   0.00   0.00      0   0.00    1.1  0.000    0.0  0.000      0      0      0      0      0
08/10/1990   6880      0   3432   3448      0   1517     28   3863     12   2349      0      0      0   0.00   0.00      0   0.00    1.2  0.000    0.0  0.000      0      0      0      0      0
08/11/1990   5445      0   3036   2409      4   2273     28   3890     12   2349      0      0      0   0.00   0.00      0   0.00    1.3  0.058    0.0  0.000      0      0      0     76   1018
08/12/1990   5168      0   2760   2408      8   3034     28   3912      9   2211      0      0      0   0.00   0.00      0   0.00    1.4  0.079    0.0  0.000      0      0      0      0     58
08/13/1990   4909      0   2484   2425     12   3814     28   3915      6   2057      0      0      0   0.00   0.00      0   0.00    1.5  0.090    0.0  0.000      0      0      0      0     40
08/14/1990   4661      0   2208   2453     16   4597     28   3915      3   1872      0      0      0   0.00   0.00      0   0.00    1.6  0.096    0.0  0.000      0      0      0      0     29
08/15/1990   4421      0   1932   2489     20   5380     25   3777      2   1788      0      0      0   0.00   0.00      0   0.00    1.7  0.097    0.0  0.000      0      0      0      0     21
08/16/1990   4202      0   1656   2546     24   6163     22   3623      2   1735      0      0      0   0.00   0.00      0   0.00    1.8  0.096    0.0  0.000      0      0      0      0      0
08/17/1990   3983      0   1380   2603     28   6946     19   3438      2   1732      0      0      0   0.00   0.00      0   0.00    1.9  0.094    0.0  0.000      0      0      0      0      0
08/18/1990   3764      0   1104   2660     32   7729     15   3216      3   1730      0      0      0   0.00   0.00      0   0.00    2.0  0.091    0.0  0.000      0      0      0      0      0
08/19/1990   3545      0    828   2717     36   8512     12   3009      3   1718      0      0      0   0.00   0.00      0   0.00    2.1  0.086    0.0  0.000      0      0      0      0      0
08/20/1990   3326      0    552   2774     40   9157      9   2959      3   1724      0      0      0   0.00   0.00      0   0.00    2.2  0.082    0.0  0.000      0      0      0      0      0
08/21/1990   3107      0    276   2831     44   9786      6   2889      3   1782      0      0      0   0.00   0.00      0   0.00    2.3  0.077    0.0  0.000      0      0      0      0      0
08/22/1990   3647      0    759   2888     45   9625      6   2855      4   1869      0      0      0   0.00   0.00      0   0.00    2.5  0.073    0.0  0.000      0      0      0      0      0
08/23/1990   4187      0   1517   2670     46   9428      6   2895      5   1941      0      0      0   0.00   0.00      0   0.00    2.6  0.070    0.0  0.000      0      0      0      0      0
08/24/1990   4707      0   2273   2434     47   9248      6   2936      5   1907      0      0      0   0.00   0.00      0   0.00    2.7  0.068    0.0  0.000      0      0      0      0      0
08/25/1990   5225      4   3034   2187     43   9082      8   2992      3   1767      0      0      0   0.00   0.00      0   0.00    2.7  0.066    0.0  0.000      0      0      0      0      0
08/26/1990   5754      8   3814   1932     40   8861      9   3106      1   1594      0      0      0   0.00   0.00      0   0.00    2.8  0.064    0.0  0.000      0      0      0      0      0
08/27/1990   6265     12   4597   1656     37   8642      9   3125      0   1503      0      0      0   0.00   0.00      0   0.00    2.8  0.063    0.0  0.000      0      0      0      0      0
08/28/1990   6776     16   5380   1380     34   8460      8   3035      0   1455      0      0      0   0.00   0.00      0   0.00    2.9  0.062    0.0  0.000      0      0      0      0      0
08/29/1990   7287     20   6163   1104     31   8294      7   2918      0   1379      0      0      0   0.00   0.00      0   0.00    2.9  0.062    0.0  0.000      0      0      0      0      0
08/30/1990   7798     24   6946    828     28   8162      6   2759      0   1236      0      0      0   0.00   0.00      0   0.00    2.9  0.062    0.0  0.000      0      0      0      0      0
08/31/1990   8309     28   7729    552     25   8052      5   2549      0   1053      0      0      0   0.00   0.00      0   0.00    2.9  0.062    0.0  0.000      0      0      0      0      0
09/01/1990   8820     32   8512    276     23   7852      3   2390      0    840      0      0      0   0.00   0.00      0   0.00    2.8  0.062    0.0  0.000      0      0      0      0      0
09/02/1990   9469     36   9157    276     21   7718      1   2228      0    609      0      0      0   0.00   0.00      0   0.00    2.8  0.062    0.0  0.000      0      0      0      0      0
09/03/1990   9826     40   9786      0     18   7589      0   2008      0    445      0      0      0   0.00   0.00      0   0.00    2.7  0.062    0.0  0.000      0      0      0      0      0
09/04/1990  10428     44  10384      0     14   7483      0   1727      0    234      0      0      0   0.00   0.00      0   0.00    2.7  0.062    0.0  0.000      0      0      0      0      0
09/05/1990  10990     45  10945      0     13   7385      0   1382      0    116      0      0      0   0.00   0.00      0   0.00    2.6  0.062    0.0  0.000      0      0      0      0      0
09/06/1990  11567     46  11521      0     12   7233      0   1074      0      0      0      0      0   0.00   0.00      0   0.00    2.5  0.062    0.0  0.000      0      0      0      0      0
09/07/1990  12163     47  12116      0     11   6987      0    725      0      0      0      0      0   0.00   0.00      0   0.00    2.4  0.062    0.0  0.000      0      0      0      0      0
09/08/1990  12722     47  12675      0     11   6708      0    445      0      0      0      0      0   0.00   0.00      0   0.00    2.3  0.062    0.0  0.000      0      0      0      0      0
09/09/1990  13287     48  13239      0     10   6355      0    234      0      0      0      0      0   0.00   0.00      0   0.00    2.2  0.062    0.0  0.000      0      0      0      0      0
09/10/1990  13889     49  13840      0      9   5872      0    116      0      0      0      0      0   0.00   0.00      0   0.00    2.1  0.061    0.0  0.000      0      0      0      0      0
09/11/1990  14507     50  14457      0      8   5371      0      0      0      0      0      0      0   0.00   0.00      0   0.00    2.0  0.061    0.0  0.000      0      0      0      0      0
09/12/1990  15159     51  14349    759      7   4720      0      0      0      0      0      0      0   0.00   0.00      0   0.00    2.0  0.061    0.0  0.000      0      0      0      0      0
09/13/1990  15833     52  14264   1517      6   4047      0      0      0    273      0      0      0   0.00   0.00      0   0.00    2.0  0.061    0.0  0.000      0      0      0      0      0
09/14/1990  16417     53  14091   2273      5   3464      0      0      0    687      0      0      0   0.00   0.00      0   0.00    2.0  0.061    0.0  0.000      0      0      0      0      0
09/15/1990  16926     51  13841   3034      3   2953      0      0      0   1214      0      0      0   0.00   0.00      0   0.00    2.0  0.060    0.0  0.000      0      0      0      0      0
09/16/1990  17424     49  13561   3814      1   2453      0    273      2   1560      0      0      0   0.00   0.00      0   0.00    2.1  0.057    0.0  0.000      0      0      0      0      0
09/17/1990  17913     46  13270   4597      0   1961      0    687      6   1858      0      0      0   0.00   0.00      0   0.00    2.2  0.054    0.0  0.000      0      0      0      0      0
09/18/1990  18372     42  12950   5380      0   1498      0   1214     11   2096      0      0      0   0.00   0.00      0   0.00    2.4  0.051    0.0  0.000      0      0      0      0      0
09/19/1990  18792     38  12591   6163      0   1074      2   1833     15   2287      0      0      0   0.00   0.00      0   0.00    2.5  0.047    0.0  0.000      0      0      0      0      0
09/20/1990  19137     34  12157   6946      0    725      6   2545     20   2485      0      0      0   0.00   0.00      0   0.00    2.8  0.043    0.0  0.000      0      0      0      0      0
09/21/1990  19413     30  11654   7729      0    718     11   3037     25   2684      0      0      0   0.00   0.00      0   0.00    3.0  0.039    0.0  0.000      0      0      0      0      0
09/22/1990  19620     26  11082   8512      0    921     17   3433     30   2821      0      0      0   0.00   0.00      0   0.00    3.3  0.036    0.0  0.000      0      0      0      0      0
09/23/1990  18975     22  10555   8398      0   1330     26   3816     32   2837      0      0      0   0.00   0.00      0   0.00    3.6  0.033    0.0  0.000      0      0      0      0      0
09/24/1990  18329     18  10042   8269      0   1833     36   4161     33   2847      0      0      0   0.00   0.00      0   0.00    3.9  0.030    0.0  0.000      0      0      0      0      0
09/25/1990  17569     14   9444   8111      0   2545     47   4396     33   2859      0      0      0   0.00   0.00      0   0.00    4.2  0.028    0.0  0.000      0      0      0      0      0
09/26/1990  16807     13   8883   7911      2   3310     56   4557     33   2883      0      0      0   0.00   0.00      0   0.00    4.5  0.026    0.0  0.000      0      0      0      0      0
09/27/1990  16026     12   8307   7707      6   4120     63   4721     33   2852      0      0      0   0.00   0.00      0   0.00    4.8  0.025    0.0  0.000      0      0      0      0      0
09/28/1990  15242     11   7712   7519     11   5030     69   4770     33   2848      0      0      0   0.00   0.00      0   0.00    5.1  0.024    0.0  0.000      0      0      0      0      0
09/29/1990  14459     11   7153   7295     17   5994     74   4756     33   2888      0      0      0   0.00   0.00      0   0.00    5.3  0.022    0.0  0.000      0      0      0      0      0
09/30/1990  13675     10   6589   7076     26   6941     76   4752     33   2949      0      0      0   0.00   0.00      0   0.00    5.6  0.021    0.0  0.000      0      0      0      0      0
10/01/1990  12891      9   5988   6894     36   7867     77   4781     33   2994      0      0      0   0.00   0.00      0   0.00    5.9  0.020    0.0  0.000      0      0      0      0      0
10/02/1990  12107      8   5371   6728     47   8841     77   4797     32   2928      0      0      0   0.00   0.00      0   0.00    6.1  0.020    0.0  0.000      0      0      0      0      0
10/03/1990  11323      7   4720   6596     58   9800     77   4842     30   2847      0      0      0   0.00   0.00      0   0.00    6.4  0.019    0.0  0.000      0      0      0      0      0
10/04/1990  10950      6   4320   6624     69  10477     77   4892     29   2838      0      0      0   0.00   0.00      0   0.00    6.6  0.018    0.0  0.000      0      0      0      0      0
10/05/1990  10734      5   4151   6578     80  11006     76   4873     28   2828      0      0      0   0.00   0.00      0   0.00    6.9  0.017    0.0  0.000      0      0      0      0      0
10/06/1990  10661      3   4167   6491     91  11434     74   4841     27   2738      0      0      0   0.00   0.00      0   0.00    7.1  0.017    0.0  0.000      0      0      0      0      0
10/07/1990  10717      1   4286   6430    102  11805     73   4842     24   2512      0      0      0   0.00   0.00      0   0.00    7.4  0.016    0.0  0.000      0      0      0      0      0
10/08/1990  10852      0   4506   6346    113  12097     71   4752     22   2374      0      0      0   0.00   0.00      0   0.00    7.7  0.016    0.0  0.000      0      0      0      0      0
10/09/1990  11022      0   4808   6214    124  12332     68   4585     22   2363      0      0      0   0.00   0.00      0   0.00    7.9  0.015    0.0  0.000      0      0      0      0      0
10/10/1990  11275      2   5194   6079    133  12446     64   4426     22   2394      0      0      0   0.00   0.00      0   0.00    8.1  0.015    0.0  0.000      0      0      0      0      0
10/11/1990  11625      6   5755   5864    140  12459     60   4279     22   2409      0      0      0   0.00   0.00      0   0.00    8.4  0.014    0.0  0.000      0      0      0      0      0
10/12/1990  11993     11   6439   5543    145  12486     58   4110     21   2376      0      0      0   0.00   0.00      0   0.00    8.6  0.014    0.0  0.000      0      0      0      0      0
10/13/1990  12329     17   7175   5137    148  12453     56   3992     20   2340      0      0      0   0.00   0.00      0   0.00    8.8  0.014    0.0  0.000      0      0      0      0      0
10/14/1990  12613     26   7983   4604    149  12360     53   3950     18   2294      0      0      0   0.00   0.00      0   0.00    8.9  0.013    0.0  0.000      0      0      0      0      0
10/15/1990  12924     36   8841   4047    148  12151     51   3974     16   2222      0      0      0   0.00   0.00      0   0.00    9.1  0.013    0.0  0.000      0      0      0      0      0
10/16/1990  13311     47   9800   3464    145  11968     49   3958     14   2123      0      0      0   0.00   0.00      0   0.00    9.2  0.013    0.0  0.000      0      0      0      0      0
10/17/1990  13761     58  10750   2953    141  11840     47   3881     12   1987      0      0      0   0.00   0.00      0   0.00    9.2  0.013    0.0  0.000      0      0      0      0      0
10/18/1990  14215     69  11693   2453    137  11693     45   3802      9   1842      0      0      0   0.00   0.00      0   0.00    9.3  0.013    0.0  0.000      0      0      0      0      0
10/19/1990  14689     80  12648   1961    134  11529     41   3672      5   1640      0      0      0   0.00   0.00      0   0.00    9.3  0.013    0.0  0.000      0      0      0      0      0
10/20/1990  15227     91  13638   1498    130  11328     37   3492      2   1402      0      0      0   0.00   0.00      0   0.00    9.3  0.013    0.0  0.000      0      0      0      0      0
10/21/1990  15818    102  14642   1074    126  11084     32   3304      0   1174      0      0      0   0.00   0.00      0   0.00    9.2  0.013    0.0  0.000      0      0      0      0      0
10/22/1990  16480    113  15642    725    122  10829     25   3018      0    991      0      0      0   0.00   0.00      0   0.00    9.1  0.013    0.0  0.000      0      0      0      0      0
10/23/1990  17135    124  16566    445    117  10622     19   2672      0    831      0      0      0   0.00   0.00      0   0.00    9.0  0.013    0.0  0.000      0      0      0      0      0
10/24/1990  17858    135  17489    234    111  10360     14   2355      0    636      0      0      0   0.00   0.00      0   0.00    8.9  0.013    0.0  0.000      0      0      0      0      0
10/25/1990  18742    146  18207    389    105   9978      9   2022      0    446      0      0      0   0.00   0.00      0   0.00    8.8  0.013    0.0  0.000      0      0      0      0      0
10/26/1990  19550    156  18707    687     99   9636      5   1661      0    360      0      0      0   0.00   0.00      0   0.00    8.7  0.013    0.0  0.000      0      0      0      0      0
10/27/1990  20392    165  19013   1214     93   9262      2   1351      0    420      0      0      0   0.00   0.00      0   0.00    8.7  0.013    0.0  0.000      0      0      0      0      0
10/28/1990  21167    175  19159   1833     85   8868      0   1066      0    640      0      0      0   0.00   0.00      0   0.00    8.6  0.013    0.0  0.000      0      0      0      0      0
10/29/1990  21952    184  19223   2545     76   8436      0    847      0    909      0      0      0   0.00   0.00      0   0.00    8.6  0.013    0.0  0.000      0      0      0      0      0
10/30/1990  22782    192  19280   3310     68   7890      0    780      0   1142      0      0      0   0.00   0.00      0   0.00    8.6  0.013    0.0  0.000      0      0      0      0      0
10/31/1990  23583    197  19266   4120     61   7305      0    875      2   1323      0      0      0   0.00   0.00      0   0.00    8.7  0.013    0.0  0.000      0      0      0      0      0
11/01/1990  24369    200  19147   5022     54   6663      0   1120      4   1373      0      0      0   0.00   0.00      0   0.00    8.8  0.013    0.0  0.000      0      0      0      0      0
11/02/1990  25152    203  18972   5977     46   5960      0   1476      7   1384      0      0      0   0.00   0.00      0   0.00    8.9  0.012    0.0  0.000      0      0      0      0      0
11/03/1990  25903    204  18785   6914     39   5325      2   1838     10   1416      0      0      0   0.00   0.00      0   0.00    9.1  0.012    0.0  0.000      0      0      0      0      0
11/04/1990  26635    202  18604   7829     32   4789      4   2073     14   1582      0      0      0   0.00   0.00      0   0.00    9.3  0.012    0.0  0.000      0      0      0      0      0
11/05/1990  27069    199  18347   8523     25   4378      7   2220     18   1790      0      0      0   0.00   0.00      0   0.00    9.6  0.012    0.0  0.000      0      0      0      0      0
11/06/1990  27305    194  18049   9062     19   4111     12   2345     19   1845      0      0      0   0.00   0.00      0   0.00    9.8  0.011    0.0  0.000      0      0      0      0      0
11/07/1990  27376    188  17708   9480     14   3944     18   2513     20   1813      0      0      0   0.00   0.00      0   0.00   10.1  0.011    0.0  0.000      0      0      0      0      0
11/08/1990  27319    182  17337   9800      9   3859     25   2687     21   1821      0      0      0   0.00   0.00      0   0.00   10.5  0.011    0.0  0.000      0      0      0      0      0
11/09/1990  27056    175  16841  10040      5   3844     31   2817     24   1960      0      0      0   0.00   0.00      0   0.00   10.8  0.010    0.0  0.000      0      0      0      0      0
11/10/1990  26652    167  16222  10263      4   3926     36   2942     27   2118      0      0      0   0.00   0.00      0   0.00   11.1  0.010    0.0  0.000      0      0      0      0      0
11/11/1990  26176    158  15562  10456      4   4101     42   3092     30   2220      0      0      0   0.00   0.00      0   0.00   11.5  0.010    0.0  0.000      0      0      0      0      0
11/12/1990  25531    147  14838  10546      7   4435     48   3195     32   2321      0      0      0   0.00   0.00      0   0.00   11.9  0.009    0.0  0.000      0      0      0      0      0
11/13/1990  24767    136  14125  10506     12   4885     53   3270     33   2429      0      0      0   0.00   0.00      0   0.00   12.2  0.009    0.0  0.000      0      0      0      0      0
11/14/1990  23958    125  13351  10482     18   5310     58   3467     32   2389      0      0      0   0.00   0.00      0   0.00   12.6  0.009    0.0  0.000      0      0      0      0      0
11/15/1990  23107    114  12446  10547     25   5802     62   3703     30   2270      0      0      0   0.00   0.00      0   0.00   13.0  0.009    0.0  0.000      0      0      0      0      0
11/16/1990  22248    104  11657  10487     31   6346     67   3878     30   2192      0      0      0   0.00   0.00      0   0.00   13.4  0.008    0.0  0.000      0      0      0      0      0
11/17/1990  21489     95  11033  10361     38   6850     70   3896     31   2263      0      0      0   0.00   0.00      0   0.00   13.8  0.008    0.0  0.000      0      0      0      0      0
11/18/1990  20835     85  10574  10176     46   7280     71   3855     32   2312      0      0      0   0.00   0.00      0   0.00   14.1  0.008    0.0  0.000      0      0      0      0      0
11/19/1990  20277     76  10192  10009     55   7657     73   3850     31   2302      0      0      0   0.00   0.00      0   0.00   14.5  0.008    0.0  0.000      0      0      0      0      0
11/20/1990  20700     68   9812  10820     65   8029     74   3838     27   2053      0      0      0   0.00   0.00      0   0.00   14.9  0.007    0.0  0.000      0      0      0      0      0
11/21/1990  20226     61   9503  10662     76   8386     73   3738     23   1807      0      0      0   0.00   0.00      0   0.00   15.3  0.007    0.0  0.000      0      0      0      0      0
11/22/1990  18681     54   9156   9471     87   8673     72   3763     20   1582      0      0      0   0.00   0.00      0   0.00   15.7  0.007    0.0  0.000      0      0      0      0      0
11/23/1990  18126     46   8820   9260     98   8915     68   3621     19   1542      0      0      0   0.00   0.00      0   0.00   16.0  0.007    0.0  0.000      0      0      0      0      0
11/24/1990  17716     41   8579   9096    106   9162     64   3353     19   1562      0      0      0   0.00   0.00      0   0.00   16.4  0.007    0.0  0.000      0      0      0      0      0
11/25/1990  18310     36   8444   9830    113   9354     62   3082     19   1605      0      0      0   0.00   0.00      0   0.00   16.3  0.007    0.0  0.000      0      0      0      0      0
11/26/1990  18955     32   8388  10535    121   9437     57   2851     18   1490      0      0      0   0.00   0.00      0   0.00   16.3  0.007    0.0  0.000      0      0      0      0      0
11/27/1990  19516     31   8301  11184    127   9619     52   2613     17   1337      0      0      0   0.00   0.00      0   0.00   16.2  0.007    0.0  0.000      0      0      0      0      0
11/28/1990  20083     32   8270  11781    131   9594     49   2634     15   1203      0      0      0   0.00   0.00      0   0.00   16.7  0.007    0.0  0.000      0      0      0      0      0
11/29/1990  18857     34   8367  10456    134   9423     44   2534     17   1329      0      0      0   0.00   0.00      0   0.00   17.1  0.006    0.0  0.000      0      0      0      0      0
11/30/1990  18660     36   8621  10003    135   9241     42   2368     18   1481      0      0      0   0.00   0.00      0   0.00   17.5  0.006    0.0  0.000      0      0      0      0      0
12/01/1990  19388     40   8986  10362    134   9018     41   2295     18   1462      0      0      0   0.00   0.00      0   0.00   17.9  0.006    0.0  0.000      0      0      0      0      0
12/02/1990  20153     46   9413  10694    133   8765     41   2301     16   1300      0      0      0   0.00   0.00      0   0.00   17.9  0.006    0.0  0.000      0      0      0      0      0
12/03/1990  20147     55   9951  10141    130   8525     41   2244     15   1199      0      0      0   0.00   0.00      0   0.00   18.2  0.006    0.0  0.000      0      0      0      0      0
12/04/1990  20240     65  10584   9591    126   8079     40   2267     15   1228      0      0      0   0.00   0.00      0   0.00   18.6  0.006    0.0  0.000      0      0      0      0      0
12/05/1990  20970     76  11166   9728    122   7713     38   2264     14   1224      0      0      0   0.00   0.00      0   0.00   18.5  0.006    0.0  0.000      0      0      0      0      0
12/06/1990  20905     87  11775   9043    116   7458     38   2240     14   1240      0      0      0   0.00   0.00      0   0.00   18.9  0.006    0.0  0.000      0      0      0      0      0
12/07/1990  20083     98  12416   7569    110   7216     38   2166     14   1245      0      0      0   0.00   0.00      0   0.00   19.1  0.006    0.0  0.000      0      0      0      0      0
12/08/1990  20108    108  13009   6991    105   6931     37   2007     14   1307      0      0      0   0.00   0.00      0   0.00   19.3  0.006    0.0  0.000      0      0      0      0      0
12/09/1990  20076    117  13447   6512    103   6608     35   2018     13   1300      0      0      0   0.00   0.00      0   0.00   19.6  0.006    0.0  0.000      0      0      0      0      0
12/10/1990  17979    128  13809   4042     98   6214     34   2111     13   1383      0      0      0   0.00   0.00      0   0.00   19.6  0.006    0.0  0.000      0      0      0      0      0
12/11/1990  17935    139  13920   3876     92   6077     33   2115     11   1392      0      0      0   0.00   0.00      0   0.00   19.7  0.006    0.0  0.000      0      0      0      0      0
12/12/1990  18432    149  13931   4352     87   6029     32   2090      8   1351      0      0      0   0.00   0.00      0   0.00   19.6  0.006    0.0  0.000      0      0      0      0      0
12/13/1990  18962    159  14018   4785     82   5856     32   2270      5   1167      0      0      0   0.00   0.00      0   0.00   19.7  0.005    0.0  0.000      0      0      0      0      0
12/14/1990  19471    166  14078   5227     80   5775     29   2267      3    907      0      0      0   0.00   0.00      0   0.00   19.6  0.005    0.0  0.000      0      0      0      0      0
12/15/1990  19981    170  14077   5734     78   5712     26   2196      3    746      0      0      0   0.00   0.00      0   0.00   19.5  0.005    0.0  0.000      0      0      0      0      0
12/16/1990  20548    175  14041   6332     76   5558     23   2130      2    602      0      0      0   0.00   0.00      0   0.00   19.5  0.005    0.0  0.000      0      0      0      0      0
12/17/1990  20936    178  13778   6980     75   5585     18   1874      4    685      0      0      0   0.00   0.00      0   0.00   19.4  0.005    0.0  0.000      0      0      0      0      0
12/18/1990  21289    179  13569   7541     73   5758     15   1559      5    759      0      0      0   0.00   0.00      0   0.00   19.3  0.005    0.0  0.000      0      0      0      0      0
12/19/1990  21717    180  13431   8106     70   5747     12   1340      6    815      0      0      0   0.00   0.00      0   0.00   19.2  0.005    0.0  0.000      0      0      0      0      0
12/20/1990  22225    178  13286   8761     70   5607      9   1208      4    654      0      0      0   0.00   0.00      0   0.00   19.1  0.005    0.0  0.000      0      0      0      0      0
12/21/1990  22727    177  13090   9460     67   5444      9   1151      2    357      0      0      0   0.00   0.00      0   0.00   19.0  0.005    0.0  0.000      0      0      0      0      0
12/22/1990  23131    175  12775  10181     63   5192     10   1248      0     91      0      0      0   0.00   0.00      0   0.00   18.9  0.005    0.0  0.000      0      0      0      0      0
12/23/1990  23477    174  12366  10937     58   5053      8   1116      0      0      0      0      0   0.00   0.00      0   0.00   18.8  0.005    0.0  0.000      0      0      0      0      0
12/24/1990  23874    171  11968  11735     52   4847      8    906      0      0      0      0      0   0.00   0.00      0   0.00   18.7  0.005    0.0  0.000      0      0      0      0      0
12/25/1990  24303    166  11574  12563     48   4649      7    654      0     60      0      0      0   0.00   0.00      0   0.00   18.6  0.005    0.0  0.000      0      0      0      0      0
12/26/1990  24638    160  11201  13277     44   4588      6    357      1    207      0      0      0   0.00   0.00      0   0.00   18.5  0.005    0.0  0.000      0      0      0      0      0
12/27/1990  25047    154  10938  13955     41   4422      4     91      4    416      0      0      0   0.00   0.00      0   0.00   18.5  0.005    0.0  0.000      0      0      0      0      0
12/28/1990  25478    148  10627  14703     38   4058      2     60      7    601      0      0      0   0.00   0.00      0   0.00   18.4  0.005    0.0  0.000      0      0      0      0      0
12/29/1990  25874    142  10245  15487     36   3638      1    207      7    561      0      0      0   0.00   0.00      0   0.00   18.3  0.005    0.0  0.000      0      0      0      0      0
12/30/1990  26276    138   9926  16212     31   3213      4    416      6    538      0      0      0   0.00   0.00      0   0.00   18.3  0.005    0.0  0.000      0      0      0      0      0
12/31/1990  26789    132   9708  16949     26   2675      7    661      6    488      0      0      0   0.00   0.00      0   0.00   18.2  0.005    0.0  0.000      0      0      0      0      0
