Varroa Population Simulation - Nov 24,2015  04:08:28 PM
VarroaPop Version 3.2.5.8  June, 2015

                                        Capped  Capped                                                                      Prop           Conc          Conc                                     
            Colony  Adult  Adult         Drone   Wkr    Drone  Wkr    Drone  Wkr  Free   DBrood WBrood DMite  WMite  Mites  Mites  Colony Pollen Colony Nectar   Dead   Dead   Dead   Dead   Dead
     Date   Size   Drones   Wkr   Forgrs Brood  Brood   Larv   Larv    Eggs  Eggs Mites  Mites  Mites  /Cell  /Cell  Dying  Dying  Pollen  Pest  Nectar  Pest    DLarv  WLarv  DAdlt  WAdlt  Forgrs
Initial     10000      0   8064   1936      0      0      0      0      0      0      0      0      0   0.00   0.00      0   0.00    0.0  0.000    0.0  0.000      0      0      0      0      0
05/01/1990   9616      0   7680   1936      0      0      0      0      0    216      0      0      0   0.00   0.00      0   0.00    0.0  0.000    0.0  0.000      0      0      0      0      0
05/02/1990   9232      0   7296   1936      0      0      0      0      0    449      0      0      0   0.00   0.00      0   0.00    0.1  0.000    0.0  0.000      0      0      0      0      0
05/03/1990   8848      0   6912   1936      0      0      0      0      0    703      0      0      0   0.00   0.00      0   0.00    0.1  0.000    0.0  0.000      0      0      0      0      0
05/04/1990   8464      0   6528   1936      0      0      0    216      0    751      0      0      0   0.00   0.00      0   0.00    0.2  0.000    0.0  0.000      0      0      0      0      0
05/05/1990   8064      0   6144   1920      0      0      0    449      0    788      0      0      0   0.00   0.00      0   0.00    0.2  0.000    0.0  0.000      0      0      0      0      0
05/06/1990   7680      0   5760   1920      0      0      0    703      0    797      0      0      0   0.00   0.00      0   0.00    0.2  0.000    0.0  0.000      0      0      0      0      0
05/07/1990   7296      0   5376   1920      0      0      0    967      0    777      0      0      0   0.00   0.00      0   0.00    0.3  0.000    0.0  0.000      0      0      0      0      0
05/08/1990   6912      0   4992   1920      0      0      0   1237      0    747      0      0      0   0.00   0.00      0   0.00    0.3  0.000    0.0  0.000      0      0      0      0      0
05/09/1990   6528      0   4608   1920      0    216      0   1284      0    706      0      0      0   0.00   0.00      0   0.00    0.4  0.000    0.0  0.000      0      0      0      0      0
05/10/1990   6144      0   4224   1920      0    449      0   1295      0    653      0      0      0   0.00   0.00      0   0.00    0.4  0.000    0.0  0.000      0      0      0      0      0
05/11/1990   5760      0   3840   1920      0    703      0   1281      0    623      0      0      0   0.00   0.00      0   0.00    0.5  0.000    0.0  0.000      0      0      0      0      0
05/12/1990   5376      0   3456   1920      0    967      0   1239      0    619      0      0      0   0.00   0.00      0   0.00    0.5  0.000    0.0  0.000      0      0      0      0      0
05/13/1990   4992      0   3072   1920      0   1237      0   1160      0    650      0      0      0   0.00   0.00      0   0.00    0.6  0.000    0.0  0.000      0      0      0      0      0
05/14/1990   4608      0   2688   1920      0   1500      0   1107      0    661      0      0      0   0.00   0.00      0   0.00    0.7  0.000    0.0  0.000      0      0      0      0      0
05/15/1990   4224      0   2304   1920      0   1744      0   1081      0    655      0      0      0   0.00   0.00      0   0.00    0.7  0.000    0.0  0.000      0      0      0      0      0
05/16/1990   3840      0   1920   1920      0   1984      0   1063      0    671      0      0      0   0.00   0.00      0   0.00    0.8  0.000    0.0  0.000      0      0      0      0      0
05/17/1990   3456      0   1536   1920      0   2206      0   1062      0    672      0      0      0   0.00   0.00      0   0.00    0.9  0.000    0.0  0.000      0      0      0      0      0
05/18/1990   3072      0   1152   1920      0   2397      0   1083      0    658      0      0      0   0.00   0.00      0   0.00    1.0  0.000    0.0  0.000      0      0      0      0      0
05/19/1990   2688      0    768   1920      0   2607      0   1111      0    613      0      0      0   0.00   0.00      0   0.00    1.0  0.000    0.0  0.000      0      0      0      0      0
05/20/1990   2304      0    384   1920      0   2825      0   1115      0    611      0      0      0   0.00   0.00      0   0.00    1.1  0.000    0.0  0.000      0      0      0      0      0
05/21/1990   1920      0      0   1920      0   3047      0   1091      0    643      0      0      0   0.00   0.00      0   0.00    1.2  0.000    0.0  0.000      0      0      0      0      0
05/22/1990   1752      0    216   1536      0   3052      0   1063      0    684      0      0      0   0.00   0.00      0   0.00    1.3  0.000    0.0  0.000      0      0      0      0      0
05/23/1990   1985      0    449   1536      0   3031      0   1071      0    633      0      0      0   0.00   0.00      0   0.00    1.3  0.000    0.0  0.000      0      0      0      0      0
05/24/1990   1855      0    703   1152      0   3015      0   1063      0    570      0      0      0   0.00   0.00      0   0.00    1.3  0.000    0.0  0.000      0      0      0      0      0
05/25/1990   1735      0    967    768      0   2973      0   1075      0    491      0      0      0   0.00   0.00      0   0.00    1.3  0.000    0.0  0.000      0      0      0      0      0
05/26/1990   1621      0   1237    384      0   2901      0   1046      0    439      0      0      0   0.00   0.00      0   0.00    1.4  0.000    0.0  0.000      0      0      0      0      0
05/27/1990   1884      0   1500    384      0   2831      0   1020      0    330      0      0      0   0.00   0.00      0   0.00    1.4  0.000    0.0  0.000      0      0      0      0      0
05/28/1990   2128      0   1744    384      0   2807      0    955      0    232      0      0      0   0.00   0.00      0   0.00    1.3  0.000    0.0  0.000      0      0      0      0      0
05/29/1990   1984      0   1984      0      0   2797      0    842      0    177      0      0      0   0.00   0.00      0   0.00    1.3  0.000    0.0  0.000      0      0      0      0      0
05/30/1990   2206      0   2206      0      0   2809      0    666      0    119      0      0      0   0.00   0.00      0   0.00    1.3  0.000    0.0  0.000      0      0      0      0      0
05/31/1990   2397      0   2397      0      0   2787      0    554      0     62      0      0      0   0.00   0.00      0   0.00    1.3  0.000    0.0  0.000      0      0      0      0      0
06/01/1990   2607      0   2607      0      0   2744      0    449      0      0      0      0      0   0.00   0.00      0   0.00    1.3  0.000    0.0  0.000      0      0      0      0      0
06/02/1990   2825      0   2825      0      0   2681      0    294      0      0      0      0      0   0.00   0.00      0   0.00    1.3  0.000    0.0  0.000      0      0      0      0      0
06/03/1990   3047      0   3047      0      0   2576      0    177      0      0      0      0      0   0.00   0.00      0   0.00    1.3  0.000    0.0  0.000      0      0      0      0      0
06/04/1990   3268      0   3268      0      0   2413      0    119      0      0      0      0      0   0.00   0.00      0   0.00    1.2  0.000    0.0  0.000      0      0      0      0      0
06/05/1990   3480      0   3480      0      0   2258      0     62      0      0      0      0      0   0.00   0.00      0   0.00    1.2  0.000    0.0  0.000      0      0      0      0      0
06/06/1990   3718      0   3718      0      0   2082      0      0      0      0      0      0      0   0.00   0.00      0   0.00    1.2  0.000    0.0  0.000      0      0      0      0      0
06/07/1990   3940      0   3940      0      0   1860      0      0      0      0      0      0      0   0.00   0.00      0   0.00    1.2  0.000    0.0  0.000      0      0      0      0      0
06/08/1990   4138      0   4138      0      0   1662      0      0      0      0      0      0      0   0.00   0.00      0   0.00    1.1  0.000    0.0  0.000      0      0      0      0      0
06/09/1990   4331      0   4331      0      0   1469      0      0      0      0      0      0      0   0.00   0.00      0   0.00    1.1  0.000    0.0  0.000      0      0      0      0      0
06/10/1990   4551      0   4551      0      0   1249      0      0      0      0      0      0      0   0.00   0.00      0   0.00    1.1  0.000    0.0  0.000      0      0      0      0      0
06/11/1990   4781      0   4781      0      0   1019      0      0      0      0      0      0      0   0.00   0.00      0   0.00    1.0  0.000    0.0  0.000      0      0      0      0      0
06/12/1990   5015      0   4799    216      0    785      0      0      0      0      0      0      0   0.00   0.00      0   0.00    1.0  0.000    0.0  0.000      0      0      0      0      0
06/13/1990   5184      0   4735    449      0    616      0      0      0     40      0      0      0   0.00   0.00      0   0.00    1.0  0.000    0.0  0.000      0      0      0      0      0
06/14/1990   5351      0   4648    703      0    449      0      0      0    114      0      0      0   0.00   0.00      0   0.00    1.0  0.000    0.0  0.000      0      0      0      0      0
06/15/1990   5506      0   4539    967      0    294      0      0      0    225      0      0      0   0.00   0.00      0   0.00    1.0  0.000    0.0  0.000      0      0      0      0      0
06/16/1990   5623      0   4386   1237      0    177      0     40      0    337      0      0      0   0.00   0.00      0   0.00    1.0  0.000    0.0  0.000      0      0      0      0      0
06/17/1990   5465      0   4181   1284      0    119      0    114      0    453      0      0      0   0.00   0.00      0   0.00    1.1  0.000    0.0  0.000      0      0      0      0      0
06/18/1990   5289      0   3994   1295      0     62      0    225      0    529      0      0      0   0.00   0.00      0   0.00    1.1  0.000    0.0  0.000      0      0      0      0      0
06/19/1990   5097      0   3816   1281      0      0      0    377      0    579      0      0      0   0.00   0.00      0   0.00    1.1  0.000    0.0  0.000      0      0      0      0      0
06/20/1990   4833      0   3594   1239      0      0      0    567      0    605      0      0      0   0.00   0.00      0   0.00    1.2  0.000    0.0  0.000      0      0      0      0      0
06/21/1990   4563      0   3403   1160      0     40      0    714      0    630      0      0      0   0.00   0.00      0   0.00    1.2  0.000    0.0  0.000      0      0      0      0      0
06/22/1990   4300      0   3193   1107      0    114      0    842      0    617      0      0      0   0.00   0.00      0   0.00    1.2  0.000    0.0  0.000      0      0      0      0      0
06/23/1990   4056      0   2975   1081      0    225      0    947      0    583      0      0      0   0.00   0.00      0   0.00    1.2  0.000    0.0  0.000      0      0      0      0      0
06/24/1990   3816      0   2753   1063      0    377      0   1007      0    553      0      0      0   0.00   0.00      0   0.00    1.3  0.000    0.0  0.000      0      0      0      0      0
06/25/1990   3594      0   2532   1062      0    567      0   1006      0    544      0      0      0   0.00   0.00      0   0.00    1.3  0.000    0.0  0.000      0      0      0      0      0
06/26/1990   3403      0   2320   1083      0    754      0   1001      0    543      0      0      0   0.00   0.00      0   0.00    1.3  0.000    0.0  0.000      0      0      0      0      0
06/27/1990   3193      0   2082   1111      0    956      0    981      0    542      0      0      0   0.00   0.00      0   0.00    1.4  0.000    0.0  0.000      0      0      0      0      0
06/28/1990   2975      0   1860   1115      0   1172      0    945      0    543      0      0      0   0.00   0.00      0   0.00    1.4  0.000    0.0  0.000      0      0      0      0      0
06/29/1990   2753      0   1662   1091      0   1384      0    914      0    554      0      0      0   0.00   0.00      0   0.00    1.4  0.000    0.0  0.000      0      0      0      0      0
06/30/1990   2532      0   1469   1063      0   1573      0    906      0    563      0      0      0   0.00   0.00      0   0.00    1.5  0.000    0.0  0.000      0      0      0      0      0
07/01/1990   2320      0   1249   1071      0   1755      0    905      0    568      0      0      0   0.00   0.00      0   0.00    1.5  0.000    0.0  0.000      0      0      0      0      0
07/02/1990   2082      0   1019   1063      0   1937      0    915      0    555      0      0      0   0.00   0.00      0   0.00    1.5  0.000    0.0  0.000      0      0      0      0      0
07/03/1990   1860      0    785   1075      0   2117      0    925      0    542      0      0      0   0.00   0.00      0   0.00    1.6  0.000    0.0  0.000      0      0      0      0      0
07/04/1990   1702      0    656   1046      0   2258      0    930      0    528      0      0      0   0.00   0.00      0   0.00    1.6  0.000    0.0  0.000      0      0      0      0      0
07/05/1990   1583      0    563   1020      0   2365      0    928      0    519      0      0      0   0.00   0.00      0   0.00    1.7  0.000    0.0  0.000      0      0      0      0      0
07/06/1990   1474      0    519    955      0   2435      0    924      0    510      0      0      0   0.00   0.00      0   0.00    1.7  0.000    0.0  0.000      0      0      0      0      0
07/07/1990   1396      0    554    842      0   2475      0    904      0    503      0      0      0   0.00   0.00      0   0.00    1.7  0.000    0.0  0.000      0      0      0      0      0
07/08/1990   1352      0    686    666      0   2475      0    884      0    485      0      0      0   0.00   0.00      0   0.00    1.8  0.000    0.0  0.000      0      0      0      0      0
07/09/1990   1370      0    816    554      0   2474      0    866      0    446      0      0      0   0.00   0.00      0   0.00    1.8  0.000    0.0  0.000      0      0      0      0      0
07/10/1990   1405      0    956    449      0   2451      0    852      0    396      0      0      0   0.00   0.00      0   0.00    1.8  0.000    0.0  0.000      0      0      0      0      0
07/11/1990   1466      0   1172    294      0   2412      0    827      0    342      0      0      0   0.00   0.00      0   0.00    1.8  0.000    0.0  0.000      0      0      0      0      0
07/12/1990   1561      0   1384    177      0   2372      0    784      0    281      0      0      0   0.00   0.00      0   0.00    1.8  0.000    0.0  0.000      0      0      0      0      0
07/13/1990   1692      0   1573    119      0   2353      0    729      0    209      0      0      0   0.00   0.00      0   0.00    1.8  0.000    0.0  0.000      0      0      0      0      0
07/14/1990   1817      0   1755     62      0   2339      0    659      0    140      0      0      0   0.00   0.00      0   0.00    1.8  0.000    0.0  0.000      0      0      0      0      0
07/15/1990   1937      0   1937      0      0   2322      0    562      0     87      0      0      0   0.00   0.00      0   0.00    1.8  0.000    0.0  0.000      0      0      0      0      0
07/16/1990   2117      0   2117      0      0   2294      0    453      0     44      0      0      0   0.00   0.00      0   0.00    1.8  0.000    0.0  0.000      0      0      0      0      0
07/17/1990   2298      0   2298      0      0   2242      0    353      0     15      0      0      0   0.00   0.00      0   0.00    1.8  0.000    0.0  0.000      0      0      0      0      0
07/18/1990   2479      0   2479      0      0   2176      0    253      0      0      0      0      0   0.00   0.00      0   0.00    1.7  0.000    0.0  0.000      0      0      0      0      0
07/19/1990   2660      0   2660      0      0   2093      0    155      0      0      0      0      0   0.00   0.00      0   0.00    1.7  0.000    0.0  0.000      0      0      0      0      0
07/20/1990   2852      0   2852      0      0   1969      0     87      0      0      0      0      0   0.00   0.00      0   0.00    1.7  0.000    0.0  0.000      0      0      0      0      0
07/21/1990   3042      0   3042      0      0   1822      0     44      0      0      0      0      0   0.00   0.00      0   0.00    1.7  0.000    0.0  0.000      0      0      0      0      0
07/22/1990   3228      0   3228      0      0   1665      0     15      0      0      0      0      0   0.00   0.00      0   0.00    1.7  0.000    0.0  0.000      0      0      0      0      0
07/23/1990   3407      0   3407      0      0   1501      0      0      0      0      0      0      0   0.00   0.00      0   0.00    1.6  0.000    0.0  0.000      0      0      0      0      0
07/24/1990   3584      0   3584      0      0   1324      0      0      0      0      0      0      0   0.00   0.00      0   0.00    1.6  0.000    0.0  0.000      0      0      0      0      0
07/25/1990   3756      0   3716     40      0   1152      0      0      0      0      0      0      0   0.00   0.00      0   0.00    1.6  0.000    0.0  0.000      0      0      0      0      0
07/26/1990   3926      0   3812    114      0    982      0      0      0      9      0      0      0   0.00   0.00      0   0.00    1.6  0.000    0.0  0.000      0      0      0      0      0
07/27/1990   4094      0   3869    225      0    814      0      0      0     36      0      0      0   0.00   0.00      0   0.00    1.6  0.000    0.0  0.000      0      0      0      0      0
07/28/1990   4259      0   3882    377      0    649      0      0      0     88      0      0      0   0.00   0.00      0   0.00    1.5  0.000    0.0  0.000      0      0      0      0      0
07/29/1990   4411      0   3844    567      0    497      0      9      0    162      0      0      0   0.00   0.00      0   0.00    1.5  0.000    0.0  0.000      0      0      0      0      0
07/30/1990   4500      0   3786    714      0    368      0     36      0    251      0      0      0   0.00   0.00      0   0.00    1.6  0.000    0.0  0.000      0      0      0      0      0
07/31/1990   4541      0   3699    842      0    253      0     88      0    338      0      0      0   0.00   0.00      0   0.00    1.6  0.000    0.0  0.000      0      0      0      0      0
08/01/1990   4528      0   3581    947      0    155      0    171      0    412      0      0      0   0.00   0.00      0   0.00    1.6  0.000    0.0  0.000      0      0      0      0      0
08/02/1990   4444      0   3437   1007      0     87      0    287      0    467      0      0      0   0.00   0.00      0   0.00    1.6  0.000    0.0  0.000      0      0      0      0      0
08/03/1990   4297      0   3291   1006      0     53      0    417      0    506      0      0      0   0.00   0.00      0   0.00    1.6  0.000    0.0  0.000      0      0      0      0      0
08/04/1990   4139      0   3138   1001      0     51      0    547      0    529      0      0      0   0.00   0.00      0   0.00    1.7  0.000    0.0  0.000      0      0      0      0      0
08/05/1990   3952      0   2971    981      0     88      0    666      0    541      0      0      0   0.00   0.00      0   0.00    1.7  0.000    0.0  0.000      0      0      0      0      0
08/06/1990   3736      0   2791    945      0    171      0    761      0    544      0      0      0   0.00   0.00      0   0.00    1.7  0.000    0.0  0.000      0      0      0      0      0
08/07/1990   3524      0   2610    914      0    287      0    825      0    540      0      0      0   0.00   0.00      0   0.00    1.7  0.000    0.0  0.000      0      0      0      0      0
08/08/1990   3335      0   2429    906      0    426      0    869      0    529      0      0      0   0.00   0.00      0   0.00    1.7  0.000    0.0  0.000      0      0      0      0      0
08/09/1990   3153      0   2248    905      0    583      0    893      0    518      0      0      0   0.00   0.00      0   0.00    1.8  0.000    0.0  0.000      0      0      0      0      0
08/10/1990   2971      0   2056    915      0    754      0    898      0    512      0      0      0   0.00   0.00      0   0.00    1.8  0.000    0.0  0.000      0      0      0      0      0
08/11/1990   2791      0   1866    925      0    932      0    892      0    512      0      0      0   0.00   0.00      0   0.00    1.8  0.000    0.0  0.000      0      0      0      0      0
08/12/1990   2610      0   1680    930      0   1112      0    882      0    515      0      0      0   0.00   0.00      0   0.00    1.8  0.000    0.0  0.000      0      0      0      0      0
08/13/1990   2429      0   1501    928      0   1295      0    869      0    515      0      0      0   0.00   0.00      0   0.00    1.9  0.000    0.0  0.000      0      0      0      0      0
08/14/1990   2248      0   1324    924      0   1476      0    860      0    503      0      0      0   0.00   0.00      0   0.00    1.9  0.000    0.0  0.000      0      0      0      0      0
08/15/1990   2056      0   1152    904      0   1652      0    857      0    478      0      0      0   0.00   0.00      0   0.00    1.9  0.000    0.0  0.000      0      0      0      0      0
08/16/1990   1875      0    991    884      0   1815      0    855      0    457      0      0      0   0.00   0.00      0   0.00    2.0  0.000    0.0  0.000      0      0      0      0      0
08/17/1990   1716      0    850    866      0   1958      0    845      0    446      0      0      0   0.00   0.00      0   0.00    2.0  0.000    0.0  0.000      0      0      0      0      0
08/18/1990   1589      0    737    852      0   2076      0    823      0    434      0      0      0   0.00   0.00      0   0.00    2.0  0.000    0.0  0.000      0      0      0      0      0
08/19/1990   1482      0    668    814      0   2165      0    800      0    420      0      0      0   0.00   0.00      0   0.00    2.1  0.001    0.0  0.000      0      0      0      0     10
08/20/1990   1431      0    655    776      0   2222      0    776      0    407      0      0      0   0.00   0.00      0   0.00    2.1  0.001    0.0  0.000      0      0      0      0      1
08/21/1990   1404      0    679    725      0   2253      0    742      0    405      0      0      0   0.00   0.00      0   0.00    2.1  0.002    0.0  0.000      0      0      0      0      0
08/22/1990   1395      0    738    657      0   2256      0    717      0    402      0      0      0   0.00   0.00      0   0.00    2.1  0.002    0.0  0.000      0      0      0      0      0
08/23/1990   1400      0    841    559      0   2233      0    705      0    391      0      0      0   0.00   0.00      0   0.00    2.2  0.002    0.0  0.000      0      0      0      0      0
08/24/1990   1428      0    976    452      0   2204      0    690      0    357      0      0      0   0.00   0.00      0   0.00    2.2  0.002    0.0  0.000      0      0      0      0      0
08/25/1990   1480      0   1127    353      0   2173      0    673      0    302      0      0      0   0.00   0.00      0   0.00    2.2  0.002    0.0  0.000      0      0      0      0      0
08/26/1990   1548      0   1295    253      0   2126      0    662      0    242      0      0      0   0.00   0.00      0   0.00    2.2  0.002    0.0  0.000      0      0      0      0      0
08/27/1990   1631      0   1476    155      0   2080      0    627      0    193      0      0      0   0.00   0.00      0   0.00    2.2  0.002    0.0  0.000      0      0      0      0      0
08/28/1990   1739      0   1652     87      0   2040      0    568      0    150      0      0      0   0.00   0.00      0   0.00    2.2  0.002    0.0  0.000      0      0      0      0      0
08/29/1990   1868      0   1824     44      0   2002      0    499      0    105      0      0      0   0.00   0.00      0   0.00    2.2  0.002    0.0  0.000      0      0      0      0      0
08/30/1990   2009      0   1994     15      0   1964      0    418      0     63      0      0      0   0.00   0.00      0   0.00    2.2  0.002    0.0  0.000      0      0      0      0      0
08/31/1990   2164      0   2164      0      0   1919      0    327      0     32      0      0      0   0.00   0.00      0   0.00    2.1  0.002    0.0  0.000      0      0      0      0      0
09/01/1990   2336      0   2336      0      0   1847      0    247      0     12      0      0      0   0.00   0.00      0   0.00    2.1  0.002    0.0  0.000      0      0      0      0      0
09/02/1990   2509      0   2509      0      0   1751      0    179      0      3      0      0      0   0.00   0.00      0   0.00    2.1  0.002    0.0  0.000      0      0      0      0      0
09/03/1990   2679      0   2679      0      0   1646      0    117      0      0      0      0      0   0.00   0.00      0   0.00    2.1  0.002    0.0  0.000      0      0      0      0      0
09/04/1990   2839      0   2839      0      0   1537      0     66      0      0      0      0      0   0.00   0.00      0   0.00    2.1  0.002    0.0  0.000      0      0      0      0      0
09/05/1990   2987      0   2987      0      0   1423      0     32      0      0      0      0      0   0.00   0.00      0   0.00    2.1  0.002    0.0  0.000      0      0      0      0      0
09/06/1990   3136      0   3127      9      0   1294      0     12      0      0      0      0      0   0.00   0.00      0   0.00    2.0  0.002    0.0  0.000      0      0      0      0      0
09/07/1990   3285      0   3249     36      0   1154      0      3      0      1      0      0      0   0.00   0.00      0   0.00    2.0  0.002    0.0  0.000      0      0      0      0      0
09/08/1990   3421      0   3333     88      0   1021      0      0      0      8      0      0      0   0.00   0.00      0   0.00    2.0  0.002    0.0  0.000      0      0      0      0      0
09/09/1990   3556      0   3385    171      0    886      0      0      0     28      0      0      0   0.00   0.00      0   0.00    2.0  0.002    0.0  0.000      0      0      0      0      0
09/10/1990   3692      0   3405    287      0    750      0      1      0     66      0      0      0   0.00   0.00      0   0.00    2.0  0.002    0.0  0.000      0      0      0      0      0
09/11/1990   3817      0   3400    417      0    616      0      8      0    120      0      0      0   0.00   0.00      0   0.00    2.0  0.002    0.0  0.000      0      0      0      0      0
09/12/1990   3922      0   3375    547      0    484      0     28      0    184      0      0      0   0.00   0.00      0   0.00    2.0  0.002    0.0  0.000      0      0      0      0      0
09/13/1990   3995      0   3329    666      0    359      0     67      0    250      0      0      0   0.00   0.00      0   0.00    2.0  0.002    0.0  0.000      0      0      0      0      0
09/14/1990   4012      0   3251    761      0    259      0    128      0    302      0      0      0   0.00   0.00      0   0.00    2.0  0.002    0.0  0.000      0      0      0      0      0
09/15/1990   3973      0   3148    825      0    183      0    211      0    343      0      0      0   0.00   0.00      0   0.00    2.0  0.002    0.0  0.000      0      0      0      0      0
09/16/1990   3899      0   3030    869      0    125      0    309      0    371      0      0      0   0.00   0.00      0   0.00    2.0  0.002    0.0  0.000      0      0      0      0      0
09/17/1990   3793      0   2900    893      0     94      0    402      0    399      0      0      0   0.00   0.00      0   0.00    2.0  0.002    0.0  0.000      0      0      0      0      0
09/18/1990   3656      0   2758    898      0     99      0    488      0    415      0      0      0   0.00   0.00      0   0.00    2.1  0.002    0.0  0.000      0      0      0      0      0
09/19/1990   3498      0   2606    892      0    140      0    560      0    422      0      0      0   0.00   0.00      0   0.00    2.1  0.002    0.0  0.000      0      0      0      0      0
09/20/1990   3327      0   2445    882      0    215      0    617      0    428      0      0      0   0.00   0.00      0   0.00    2.1  0.002    0.0  0.000      0      0      0      0      0
09/21/1990   3147      0   2278    869      0    317      0    653      0    434      0      0      0   0.00   0.00      0   0.00    2.1  0.002    0.0  0.000      0      0      0      0      0
09/22/1990   2966      0   2106    860      0    430      0    680      0    431      0      0      0   0.00   0.00      0   0.00    2.2  0.002    0.0  0.000      0      0      0      0      0
09/23/1990   2790      0   1933    857      0    555      0    702      0    412      0      0      0   0.00   0.00      0   0.00    2.2  0.002    0.0  0.000      0      0      0      0      0
09/24/1990   2618      0   1763    855      0    688      0    716      0    400      0      0      0   0.00   0.00      0   0.00    2.2  0.002    0.0  0.000      0      0      0      0      0
09/25/1990   2448      0   1603    845      0    829      0    712      0    396      0      0      0   0.00   0.00      0   0.00    2.2  0.002    0.0  0.000      0      0      0      0      0
09/26/1990   2278      0   1455    823      0    970      0    699      0    400      0      0      0   0.00   0.00      0   0.00    2.3  0.002    0.0  0.000      0      0      0      0      0
09/27/1990   2106      0   1306    800      0   1110      0    694      0    395      0      0      0   0.00   0.00      0   0.00    2.3  0.002    0.0  0.000      0      0      0      0      0
09/28/1990   1934      0   1158    776      0   1256      0    680      0    392      0      0      0   0.00   0.00      0   0.00    2.3  0.002    0.0  0.000      0      0      0      0      0
09/29/1990   1771      0   1029    742      0   1396      0    665      0    393      0      0      0   0.00   0.00      0   0.00    2.3  0.002    0.0  0.000      0      0      0      0      0
09/30/1990   1631      0    914    717      0   1513      0    658      0    394      0      0      0   0.00   0.00      0   0.00    2.4  0.002    0.0  0.000      0      0      0      0      0
10/01/1990   1522      0    817    705      0   1602      0    660      0    394      0      0      0   0.00   0.00      0   0.00    2.4  0.001    0.0  0.000      0      0      0      0      0
10/02/1990   1434      0    744    690      0   1676      0    658      0    380      0      0      0   0.00   0.00      0   0.00    2.4  0.001    0.0  0.000      0      0      0      0      0
10/03/1990   1369      0    696    673      0   1725      0    656      0    367      0      0      0   0.00   0.00      0   0.00    2.4  0.001    0.0  0.000      0      0      0      0      0
10/04/1990   1338      0    676    662      0   1752      0    654      0    362      0      0      0   0.00   0.00      0   0.00    2.5  0.001    0.0  0.000      0      0      0      0      0
10/05/1990   1316      0    689    627      0   1769      0    643      0    356      0      0      0   0.00   0.00      0   0.00    2.5  0.001    0.0  0.000      0      0      0      0      0
10/06/1990   1305      0    737    568      0   1774      0    631      0    338      0      0      0   0.00   0.00      0   0.00    2.5  0.001    0.0  0.000      0      0      0      0      0
10/07/1990   1304      0    805    499      0   1774      0    623      0    298      0      0      0   0.00   0.00      0   0.00    2.5  0.001    0.0  0.000      0      0      0      0      0
10/08/1990   1313      0    895    418      0   1764      0    605      0    263      0      0      0   0.00   0.00      0   0.00    2.5  0.001    0.0  0.000      0      0      0      0      0
10/09/1990   1329      0   1002    327      0   1753      0    575      0    234      0      0      0   0.00   0.00      0   0.00    2.5  0.001    0.0  0.000      0      0      0      0      0
10/10/1990   1369      0   1122    247      0   1732      0    541      0    205      0      0      0   0.00   0.00      0   0.00    2.5  0.001    0.0  0.000      0      0      0      0      0
10/11/1990   1439      0   1260    179      0   1703      0    501      0    171      0      0      0   0.00   0.00      0   0.00    2.5  0.001    0.0  0.000      0      0      0      0      0
10/12/1990   1521      0   1404    117      0   1681      0    447      0    133      0      0      0   0.00   0.00      0   0.00    2.5  0.001    0.0  0.000      0      0      0      0      0
10/13/1990   1607      0   1541     66      0   1657      0    390      0     99      0      0      0   0.00   0.00      0   0.00    2.5  0.001    0.0  0.000      0      0      0      0      0
10/14/1990   1701      0   1669     32      0   1629      0    334      0     67      0      0      0   0.00   0.00      0   0.00    2.5  0.001    0.0  0.000      0      0      0      0      0
10/15/1990   1816      0   1804     12      0   1579      0    282      0     39      0      0      0   0.00   0.00      0   0.00    2.5  0.001    0.0  0.000      0      0      0      0      0
10/16/1990   1940      0   1937      3      0   1524      0    226      0     18      0      0      0   0.00   0.00      0   0.00    2.5  0.001    0.0  0.000      0      0      0      0      0
10/17/1990   2069      0   2069      0      0   1463      0    167      0      6      0      0      0   0.00   0.00      0   0.00    2.5  0.001    0.0  0.000      0      0      0      0      0
10/18/1990   2199      0   2199      0      0   1389      0    116      0      1      0      0      0   0.00   0.00      0   0.00    2.5  0.001    0.0  0.000      0      0      0      0      0
10/19/1990   2329      0   2328      1      0   1303      0     73      0      0      0      0      0   0.00   0.00      0   0.00    2.5  0.001    0.0  0.000      0      0      0      0      0
10/20/1990   2462      0   2454      8      0   1203      0     40      0      0      0      0      0   0.00   0.00      0   0.00    2.4  0.001    0.0  0.000      0      0      0      0      0
10/21/1990   2593      0   2565     28      0   1094      0     18      0      0      0      0      0   0.00   0.00      0   0.00    2.4  0.001    0.0  0.000      0      0      0      0      0
10/22/1990   2723      0   2656     67      0    976      0      6      0      5      0      0      0   0.00   0.00      0   0.00    2.4  0.001    0.0  0.000      0      0      0      0      0
10/23/1990   2842      0   2714    128      0    862      0      1      0     16      0      0      0   0.00   0.00      0   0.00    2.4  0.001    0.0  0.000      0      0      0      0      0
10/24/1990   2959      0   2748    211      0    745      0      0      0     39      0      0      0   0.00   0.00      0   0.00    2.4  0.001    0.0  0.000      0      0      0      0      0
10/25/1990   3077      0   2768    309      0    620      0      5      0     73      0      0      0   0.00   0.00      0   0.00    2.4  0.001    0.0  0.000      0      0      0      0      0
10/26/1990   3170      0   2768    402      0    507      0     16      0    112      0      0      0   0.00   0.00      0   0.00    2.4  0.001    0.0  0.000      0      0      0      0      0
10/27/1990   3231      0   2743    488      0    407      0     39      0    155      0      0      0   0.00   0.00      0   0.00    2.4  0.001    0.0  0.000      0      0      0      0      0
10/28/1990   3255      0   2695    560      0    322      0     78      0    190      0      0      0   0.00   0.00      0   0.00    2.4  0.001    0.0  0.000      0      0      0      0      0
10/29/1990   3249      0   2632    617      0    244      0    128      0    222      0      0      0   0.00   0.00      0   0.00    2.4  0.001    0.0  0.000      0      0      0      0      0
10/30/1990   3215      0   2562    653      0    178      0    189      0    238      0      0      0   0.00   0.00      0   0.00    2.4  0.001    0.0  0.000      0      0      0      0      0
10/31/1990   3158      0   2478    680      0    133      0    252      0    246      0      0      0   0.00   0.00      0   0.00    2.4  0.001    0.0  0.000      0      0      0      0      0
11/01/1990   3072      0   2375    697      0    112      0    311      0    233      0      0      0   0.00   0.00      0   0.00    2.4  0.001    0.0  0.000      0      0      0      0      0
11/02/1990   2968      0   2261    707      0    118      0    354      0    216      0      0      0   0.00   0.00      0   0.00    2.5  0.001    0.0  0.000      0      0      0      0      0
11/03/1990   2846      0   2146    700      0    146      0    386      0    204      0      0      0   0.00   0.00      0   0.00    2.5  0.001    0.0  0.000      0      0      0      0      0
11/04/1990   2715      0   2030    685      0    200      0    389      0    212      0      0      0   0.00   0.00      0   0.00    2.5  0.001    0.0  0.000      0      0      0      0      0
11/05/1990   2579      0   1900    679      0    269      0    380      0    225      0      0      0   0.00   0.00      0   0.00    2.5  0.001    0.0  0.000      0      0      0      0      0
11/06/1990   2433      0   1768    665      0    350      0    368      0    220      0      0      0   0.00   0.00      0   0.00    2.5  0.001    0.0  0.000      0      0      0      0      0
11/07/1990   2286      0   1636    650      0    432      0    363      0    205      0      0      0   0.00   0.00      0   0.00    2.5  0.001    0.0  0.000      0      0      0      0      0
11/08/1990   2149      0   1506    643      0    514      0    359      0    197      0      0      0   0.00   0.00      0   0.00    2.6  0.001    0.0  0.000      0      0      0      0      0
11/09/1990   2021      0   1376    645      0    583      0    355      0    205      0      0      0   0.00   0.00      0   0.00    2.6  0.001    0.0  0.000      0      0      0      0      0
11/10/1990   1886      0   1243    643      0    648      0    352      0    218      0      0      0   0.00   0.00      0   0.00    2.6  0.001    0.0  0.000      0      0      0      0      0
11/11/1990   1753      0   1112    641      0    718      0    352      0    226      0      0      0   0.00   0.00      0   0.00    2.6  0.001    0.0  0.000      0      0      0      0      0
11/12/1990   1626      0    987    639      0    790      0    348      0    234      0      0      0   0.00   0.00      0   0.00    2.6  0.001    0.0  0.000      0      0      0      0      0
11/13/1990   1507      0    879    628      0    857      0    345      0    243      0      0      0   0.00   0.00      0   0.00    2.7  0.001    0.0  0.000      0      0      0      0      0
11/14/1990   1400      0    784    616      0    899      0    358      0    237      0      0      0   0.00   0.00      0   0.00    2.7  0.001    0.0  0.000      0      0      0      0      0
11/15/1990   1306      0    698    608      0    922      0    377      0    223      0      0      0   0.00   0.00      0   0.00    2.7  0.001    0.0  0.000      0      0      0      0      0
11/16/1990   1225      0    635    590      0    942      0    391      0    212      0      0      0   0.00   0.00      0   0.00    2.7  0.001    0.0  0.000      0      0      0      0      0
11/17/1990   1161      0    601    560      0    949      0    390      0    214      0      0      0   0.00   0.00      0   0.00    2.7  0.001    0.0  0.000      0      0      0      0      0
11/18/1990   1116      0    590    526      0    950      0    382      0    214      0      0      0   0.00   0.00      0   0.00    2.8  0.001    0.0  0.000      0      0      0      0      0
11/19/1990   1080      0    594    486      0    946      0    377      0    206      0      0      0   0.00   0.00      0   0.00    2.8  0.001    0.0  0.000      0      0      0      0      0
11/20/1990   1157      0    605    552      0    945      0    370      0    177      0      0      0   0.00   0.00      0   0.00    2.8  0.001    0.0  0.000      0      0      0      0      0
11/21/1990   1115      0    631    484      0    947      0    353      0    153      0      0      0   0.00   0.00      0   0.00    2.8  0.001    0.0  0.000      0      0      0      0      0
11/22/1990    977      0    656    321      0    950      0    346      0    129      0      0      0   0.00   0.00      0   0.00    2.8  0.001    0.0  0.000      0      0      0      0      0
11/23/1990    957      0    688    269      0    952      0    324      0    113      0      0      0   0.00   0.00      0   0.00    2.8  0.001    0.0  0.000      0      0      0      0      0
11/24/1990    949      0    736    213      0    955      0    294      0     95      0      0      0   0.00   0.00      0   0.00    2.8  0.001    0.0  0.000      0      0      0      0      0
11/25/1990   1021      0    801    220      0    952      0    261      0     76      0      0      0   0.00   0.00      0   0.00    2.8  0.001    0.0  0.000      0      0      0      0      0
11/26/1990   1094      0    874    220      0    941      0    223      0     63      0      0      0   0.00   0.00      0   0.00    2.8  0.001    0.0  0.000      0      0      0      0      0
11/27/1990   1154      0    938    216      0    941      0    183      0     52      0      0      0   0.00   0.00      0   0.00    2.8  0.001    0.0  0.000      0      0      0      0      0
11/28/1990   1211      0   1000    211      0    924      0    160      0     46      0      0      0   0.00   0.00      0   0.00    2.8  0.001    0.0  0.000      0      0      0      0      0
11/29/1990   1166      0   1070     96      0    897      0    133      0     48      0      0      0   0.00   0.00      0   0.00    2.8  0.001    0.0  0.000      0      0      0      0      0
11/30/1990   1201      0   1143     58      0    865      0    106      0     43      0      0      0   0.00   0.00      0   0.00    2.8  0.001    0.0  0.000      0      0      0      0      0
12/01/1990   1274      0   1218     56      0    819      0     93      0     31      0      0      0   0.00   0.00      0   0.00    2.8  0.001    0.0  0.000      0      0      0      0      0
12/02/1990   1350      0   1296     54      0    766      0     86      0     16      0      0      0   0.00   0.00      0   0.00    2.8  0.001    0.0  0.000      0      0      0      0      0
12/03/1990   1407      0   1372     35      0    707      0     73      0     11      0      0      0   0.00   0.00      0   0.00    2.8  0.001    0.0  0.000      0      0      0      0      0
12/04/1990   1460      0   1445     15      0    639      0     61      0      9      0      0      0   0.00   0.00      0   0.00    2.8  0.001    0.0  0.000      0      0      0      0      0
12/05/1990   1531      0   1494     37      0    581      0     50      0      6      0      0      0   0.00   0.00      0   0.00    2.8  0.001    0.0  0.000      0      0      0      0      0
12/06/1990   1596      0   1522     74      0    530      0     38      0      4      0      0      0   0.00   0.00      0   0.00    2.8  0.001    0.0  0.000      0      0      0      0      0
12/07/1990   1665      0   1545    120      0    475      0     22      0      8      0      0      0   0.00   0.00      0   0.00    2.8  0.001    0.0  0.000      0      0      0      0      0
12/08/1990   1734      0   1553    181      0    410      0     13      0     18      0      0      0   0.00   0.00      0   0.00    2.8  0.001    0.0  0.000      0      0      0      0      0
12/09/1990   1773      0   1546    227      0    347      0     11      0     32      0      0      0   0.00   0.00      0   0.00    2.8  0.001    0.0  0.000      0      0      0      0      0
12/10/1990   1826      0   1529    297      0    285      0     14      0     52      0      0      0   0.00   0.00      0   0.00    2.8  0.001    0.0  0.000      0      0      0      0      0
12/11/1990   1831      0   1492    339      0    244      0     20      0     75      0      0      0   0.00   0.00      0   0.00    2.8  0.001    0.0  0.000      0      0      0      0      0
12/12/1990   1869      0   1453    416      0    203      0     34      0     93      0      0      0   0.00   0.00      0   0.00    2.8  0.001    0.0  0.000      0      0      0      0      0
12/13/1990   1905      0   1425    480      0    162      0     60      0    102      0      0      0   0.00   0.00      0   0.00    2.8  0.001    0.0  0.000      0      0      0      0      0
12/14/1990   1929      0   1389    540      0    135      0     91      0     86      0      0      0   0.00   0.00      0   0.00    2.8  0.001    0.0  0.000      0      0      0      0      0
12/15/1990   1949      0   1344    605      0    116      0    119      0     77      0      0      0   0.00   0.00      0   0.00    2.8  0.001    0.0  0.000      0      0      0      0      0
12/16/1990   1966      0   1289    677      0    104      0    144      0     66      0      0      0   0.00   0.00      0   0.00    2.8  0.001    0.0  0.000      0      0      0      0      0
12/17/1990   1977      0   1227    750      0    104      0    145      0     80      0      0      0   0.00   0.00      0   0.00    2.7  0.001    0.0  0.000      0      0      0      0      0
12/18/1990   1986      0   1176    810      0    116      0    144      0     93      0      0      0   0.00   0.00      0   0.00    2.7  0.001    0.0  0.000      0      0      0      0      0
12/19/1990   1997      0   1130    867      0    133      0    135      0    104      0      0      0   0.00   0.00      0   0.00    2.7  0.001    0.0  0.000      0      0      0      0      0
12/20/1990   2010      0   1078    932      0    149      0    132      0     84      0      0      0   0.00   0.00      0   0.00    2.7  0.001    0.0  0.000      0      0      0      0      0
12/21/1990   2014      0   1014   1000      0    175      0    135      0     46      0      0      0   0.00   0.00      0   0.00    2.7  0.001    0.0  0.000      0      0      0      0      0
12/22/1990   2013      0    943   1070      0    188      0    153      0     11      0      0      0   0.00   0.00      0   0.00    2.7  0.001    0.0  0.000      0      0      0      0      0
12/23/1990   2011      0    868   1143      0    210      0    139      0      0      0      0      0   0.00   0.00      0   0.00    2.7  0.001    0.0  0.000      0      0      0      0      0
12/24/1990   2010      0    791   1219      0    230      0    115      0      0      0      0      0   0.00   0.00      0   0.00    2.7  0.001    0.0  0.000      0      0      0      0      0
12/25/1990   2007      0    709   1298      0    259      0     84      0      8      0      0      0   0.00   0.00      0   0.00    2.7  0.001    0.0  0.000      0      0      0      0      0
12/26/1990   2002      0    637   1365      0    297      0     46      0     30      0      0      0   0.00   0.00      0   0.00    2.7  0.001    0.0  0.000      0      0      0      0      0
12/27/1990   1999      0    572   1427      0    330      0     11      0     62      0      0      0   0.00   0.00      0   0.00    2.7  0.001    0.0  0.000      0      0      0      0      0
12/28/1990   2000      0    505   1495      0    335      0      8      0     93      0      0      0   0.00   0.00      0   0.00    2.7  0.001    0.0  0.000      0      0      0      0      0
12/29/1990   2005      0    441   1564      0    325      0     30      0     88      0      0      0   0.00   0.00      0   0.00    2.7  0.001    0.0  0.000      0      0      0      0      0
12/30/1990   2016      0    390   1626      0    309      0     62      0     85      0      0      0   0.00   0.00      0   0.00    2.7  0.001    0.0  0.000      0      0      0      0      0
12/31/1990   2037      0    351   1686      0    283      0    101      0     78      0      0      0   0.00   0.00      0   0.00    2.7  0.001    0.0  0.000      0      0      0      0      0
