Varroa Population Simulation - Nov 24,2015  04:09:09 PM
VarroaPop Version 3.2.5.8  June, 2015

                                        Capped  Capped                                                                      Prop           Conc          Conc                                     
            Colony  Adult  Adult         Drone   Wkr    Drone  Wkr    Drone  Wkr  Free   DBrood WBrood DMite  WMite  Mites  Mites  Colony Pollen Colony Nectar   Dead   Dead   Dead   Dead   Dead
     Date   Size   Drones   Wkr   Forgrs Brood  Brood   Larv   Larv    Eggs  Eggs Mites  Mites  Mites  /Cell  /Cell  Dying  Dying  Pollen  Pest  Nectar  Pest    DLarv  WLarv  DAdlt  WAdlt  Forgrs
Initial     10000      0   6993   3007      0      0      0      0      0      0      0      0      0   0.00   0.00      0   0.00    0.0  0.000    0.0  0.000      0      0      0      0      0
05/01/1990   9667      0   6660   3007      0      0      0      0      1    464      0      0      0   0.00   0.00      0   0.00    0.1  0.000    0.0  0.000      0      0      0      0      0
05/02/1990   9334      0   6327   3007      0      0      0      0      2    964      0      0      0   0.00   0.00      0   0.00    0.2  0.000    0.0  0.000      0      0      0      0      0
05/03/1990   9001      0   5994   3007      0      0      0      0      3   1508      0      0      0   0.00   0.00      0   0.00    0.3  0.000    0.0  0.000      0      0      0      0      0
05/04/1990   8668      0   5661   3007      0      0      1    464      4   1610      0      0      0   0.00   0.00      0   0.00    0.4  0.000    0.0  0.000      0      0      0      0      0
05/05/1990   8335      0   5328   3007      0      0      2    964      5   1688      0      0      0   0.00   0.00      0   0.00    0.5  0.000    0.0  0.000      0      0      0      0      0
05/06/1990   8002      0   4995   3007      0      0      3   1508      6   1710      0      0      0   0.00   0.00      0   0.00    0.6  0.000    0.0  0.000      0      0      0      0      0
05/07/1990   7669      0   4662   3007      0      0      5   2074      5   1670      0      0      0   0.00   0.00      0   0.00    0.7  0.000    0.0  0.000      0      0      0      0      0
05/08/1990   7336      0   4329   3007      0      0      7   2652      4   1610      0      0      0   0.00   0.00      0   0.00    0.8  0.000    0.0  0.000      0      0      0      0      0
05/09/1990   6993      0   3996   2997      0    464      9   2754      3   1522      0      0      0   0.00   0.00      0   0.00    0.9  0.000    0.0  0.000      0      0      0      0      0
05/10/1990   6660      0   3663   2997      0    964     10   2780      3   1406      0      0      0   0.00   0.00      0   0.00    1.0  0.000    0.0  0.000      0      0      0      0      0
05/11/1990   6327      0   3330   2997      1   1508     10   2754      3   1341      0      0      0   0.00   0.00      0   0.00    1.1  0.000    0.0  0.000      0      0      0      0      0
05/12/1990   5994      0   2997   2997      2   2074     10   2666      3   1333      0      0      0   0.00   0.00      0   0.00    1.2  0.000    0.0  0.000      0      0      0      0      0
05/13/1990   5661      0   2664   2997      3   2652     10   2498      3   1400      0      0      0   0.00   0.00      0   0.00    1.3  0.000    0.0  0.000      0      0      0      0      0
05/14/1990   5328      0   2331   2997      5   3218      9   2385      3   1423      0      0      0   0.00   0.00      0   0.00    1.4  0.000    0.0  0.000      0      0      0      0      0
05/15/1990   4995      0   1998   2997      7   3744      8   2329      3   1410      0      0      0   0.00   0.00      0   0.00    1.5  0.000    0.0  0.000      0      0      0      0      0
05/16/1990   4662      0   1665   2997      9   4262      7   2288      3   1445      0      0      0   0.00   0.00      0   0.00    1.6  0.000    0.0  0.000      0      0      0      0      0
05/17/1990   4329      0   1332   2997     10   4740      7   2286      3   1446      0      0      0   0.00   0.00      0   0.00    1.8  0.000    0.0  0.000      0      0      0      0      0
05/18/1990   3996      0    999   2997     11   5150      7   2333      3   1416      0      0      0   0.00   0.00      0   0.00    1.9  0.000    0.0  0.000      0      0      0      0      0
05/19/1990   3663      0    666   2997     12   5603      7   2392      3   1318      0      0      0   0.00   0.00      0   0.00    2.0  0.000    0.0  0.000      0      0      0      0      0
05/20/1990   3330      0    333   2997     13   6073      7   2399      3   1312      0      0      0   0.00   0.00      0   0.00    2.2  0.000    0.0  0.000      0      0      0      0      0
05/21/1990   2997      0      0   2997     14   6550      7   2349      3   1378      0      0      0   0.00   0.00      0   0.00    2.3  0.000    0.0  0.000      0      0      0      0      0
05/22/1990   3128      0    464   2664     15   6562      7   2287      3   1468      0      0      0   0.00   0.00      0   0.00    2.4  0.000    0.0  0.000      0      0      0      0      0
05/23/1990   3628      0    964   2664     16   6519      7   2301      2   1388      0      0      0   0.00   0.00      0   0.00    2.4  0.000    0.0  0.000      0      0      0      0      0
05/24/1990   3839      0   1508   2331     17   6487      7   2282      1   1283      0      0      0   0.00   0.00      0   0.00    2.5  0.000    0.0  0.000      0      0      0      0      0
05/25/1990   4073      1   2074   1998     17   6398      7   2309      0   1183      0      0      0   0.00   0.00      0   0.00    2.6  0.000    0.0  0.000      0      0      0      0      0
05/26/1990   4319      2   2652   1665     17   6247      6   2273      0   1170      0      0      0   0.00   0.00      0   0.00    2.6  0.000    0.0  0.000      0      0      0      0      0
05/27/1990   4886      3   3218   1665     17   6095      5   2247      0   1077      0      0      0   0.00   0.00      0   0.00    2.6  0.000    0.0  0.000      0      0      0      0      0
05/28/1990   5414      5   3744   1665     16   6040      4   2180      0    965      0      0      0   0.00   0.00      0   0.00    2.6  0.000    0.0  0.000      0      0      0      0      0
05/29/1990   5601      7   4262   1332     15   6015      3   2065      0    900      0      0      0   0.00   0.00      0   0.00    2.6  0.000    0.0  0.000      0      0      0      0      0
05/30/1990   5748      9   4740    999     14   6041      2   1856      0    881      0      0      0   0.00   0.00      0   0.00    2.6  0.000    0.0  0.000      0      0      0      0      0
05/31/1990   5826     10   5150    666     14   6022      1   1757      0    804      0      0      0   0.00   0.00      0   0.00    2.6  0.000    0.0  0.000      0      0      0      0      0
06/01/1990   5947     11   5603    333     14   5957      0   1682      0    654      0      0      0   0.00   0.00      0   0.00    2.6  0.000    0.0  0.000      0      0      0      0      0
06/02/1990   6085     12   6073      0     13   5891      0   1554      0    483      0      0      0   0.00   0.00      0   0.00    2.6  0.000    0.0  0.000      0      0      0      0      0
06/03/1990   6563     13   6550      0     12   5792      0   1391      0    268      0      0      0   0.00   0.00      0   0.00    2.5  0.000    0.0  0.000      0      0      0      0      0
06/04/1990   7040     14   7026      0     11   5611      0   1259      0    105      0      0      0   0.00   0.00      0   0.00    2.5  0.000    0.0  0.000      0      0      0      0      0
06/05/1990   7498     15   7483      0     10   5446      0   1072      0      0      0      0      0   0.00   0.00      0   0.00    2.5  0.000    0.0  0.000      0      0      0      0      0
06/06/1990   8011     16   7995      0      9   5247      0    759      0      0      0      0      0   0.00   0.00      0   0.00    2.4  0.000    0.0  0.000      0      0      0      0      0
06/07/1990   8489     17   8472      0      8   5046      0    483      0      0      0      0      0   0.00   0.00      0   0.00    2.3  0.000    0.0  0.000      0      0      0      0      0
06/08/1990   8917     18   8899      0      7   4834      0    268      0      0      0      0      0   0.00   0.00      0   0.00    2.3  0.000    0.0  0.000      0      0      0      0      0
06/09/1990   9332     19   9313      0      6   4583      0    105      0      0      0      0      0   0.00   0.00      0   0.00    2.2  0.000    0.0  0.000      0      0      0      0      0
06/10/1990   9804     20   9784      0      5   4217      0      0      0      0      0      0      0   0.00   0.00      0   0.00    2.1  0.000    0.0  0.000      0      0      0      0      0
06/11/1990  10298     21  10277      0      4   3724      0      0      0      0      0      0      0   0.00   0.00      0   0.00    2.1  0.000    0.0  0.000      0      0      0      0      0
06/12/1990  10803     22  10317    464      3   3220      0      0      0      0      0      0      0   0.00   0.00      0   0.00    2.0  0.000    0.0  0.000      0      0      0      0      0
06/13/1990  11195     23  10208    964      2   2829      0      0      0    132      0      0      0   0.00   0.00      0   0.00    2.0  0.000    0.0  0.000      0      0      0      0      0
06/14/1990  11584     24  10052   1508      1   2441      0      0      0    358      0      0      0   0.00   0.00      0   0.00    2.0  0.000    0.0  0.000      0      0      0      0      0
06/15/1990  11988     24   9890   2074      0   2037      0      0      0    678      0      0      0   0.00   0.00      0   0.00    2.0  0.000    0.0  0.000      0      0      0      0      0
06/16/1990  12365     23   9690   2652      0   1659      0    132      0    965      0      0      0   0.00   0.00      0   0.00    2.1  0.000    0.0  0.000      0      0      0      0      0
06/17/1990  12659     22   9419   3218      0   1364      0    358      1   1247      0      0      0   0.00   0.00      0   0.00    2.2  0.000    0.0  0.000      0      0      0      0      0
06/18/1990  12949     20   9185   3744      0   1072      0    678      3   1465      0      0      0   0.00   0.00      0   0.00    2.3  0.000    0.0  0.000      0      0      0      0      0
06/19/1990  13260     18   8980   4262      0    759      0   1097      6   1672      0      0      0   0.00   0.00      0   0.00    2.4  0.000    0.0  0.000      0      0      0      0      0
06/20/1990  13534     16   8778   4740      0    483      1   1605     10   1884      0      0      0   0.00   0.00      0   0.00    2.6  0.000    0.0  0.000      0      0      0      0      0
06/21/1990  13284     15   8583   4686      0    400      3   2011     13   2105      0      0      0   0.00   0.00      0   0.00    2.7  0.000    0.0  0.000      0      0      0      0      0
06/22/1990  12946     14   8293   4639      0    463      6   2411     15   2184      0      0      0   0.00   0.00      0   0.00    2.8  0.000    0.0  0.000      0      0      0      0      0
06/23/1990  12506     13   7928   4565      0    678     11   2811     15   2162      0      0      0   0.00   0.00      0   0.00    3.0  0.000    0.0  0.000      0      0      0      0      0
06/24/1990  11939     12   7451   4476      0   1097     16   3151     15   2110      0      0      0   0.00   0.00      0   0.00    3.1  0.000    0.0  0.000      0      0      0      0      0
06/25/1990  11360     11   6975   4374      0   1605     21   3348     15   2104      0      0      0   0.00   0.00      0   0.00    3.3  0.000    0.0  0.000      0      0      0      0      0
06/26/1990  10793     10   6518   4265      0   2143     26   3508     15   2104      0      0      0   0.00   0.00      0   0.00    3.4  0.000    0.0  0.000      0      0      0      0      0
06/27/1990  10266      9   6006   4251      1   2769     30   3589     14   2075      0      0      0   0.00   0.00      0   0.00    3.6  0.000    0.0  0.000      0      0      0      0      0
06/28/1990   9747      8   5529   4210      3   3489     33   3568     13   2042      0      0      0   0.00   0.00      0   0.00    3.7  0.000    0.0  0.000      0      0      0      0      0
06/29/1990   9268      7   5102   4159      6   4248     35   3507     12   2042      0      0      0   0.00   0.00      0   0.00    3.9  0.000    0.0  0.000      0      0      0      0      0
06/30/1990   8857      6   4688   4163     11   4953     34   3480     12   2062      0      0      0   0.00   0.00      0   0.00    4.0  0.000    0.0  0.000      0      0      0      0      0
07/01/1990   8403      5   4217   4181     16   5651     33   3448     12   2093      0      0      0   0.00   0.00      0   0.00    4.2  0.000    0.0  0.000      0      0      0      0      0
07/02/1990   7932      4   3724   4204     21   6358     32   3439     12   2065      0      0      0   0.00   0.00      0   0.00    4.3  0.000    0.0  0.000      0      0      0      0      0
07/03/1990   7454      3   3220   4231     26   7057     31   3438     12   2034      0      0      0   0.00   0.00      0   0.00    4.5  0.000    0.0  0.000      0      0      0      0      0
07/04/1990   7109      2   2961   4146     31   7623     30   3437     12   1982      0      0      0   0.00   0.00      0   0.00    4.6  0.000    0.0  0.000      0      0      0      0      0
07/05/1990   6877      1   2799   4077     36   8075     29   3429     12   1959      0      0      0   0.00   0.00      0   0.00    4.8  0.000    0.0  0.000      0      0      0      0      0
07/06/1990   6684      0   2715   3969     41   8421     28   3430     12   1935      0      0      0   0.00   0.00      0   0.00    4.9  0.000    0.0  0.000      0      0      0      0      0
07/07/1990   6626      0   2756   3870     45   8700     28   3377     12   1945      0      0      0   0.00   0.00      0   0.00    5.1  0.000    0.0  0.000      0      0      0      0      0
07/08/1990   6707      0   2969   3738     49   8890     28   3326     12   1950      0      0      0   0.00   0.00      0   0.00    5.2  0.000    0.0  0.000      0      0      0      0      0
07/09/1990   6831      0   3215   3616     53   9049     28   3272     11   1957      0      0      0   0.00   0.00      0   0.00    5.4  0.000    0.0  0.000      0      0      0      0      0
07/10/1990   6986      0   3528   3458     57   9093     28   3257     10   1965      0      0      0   0.00   0.00      0   0.00    5.5  0.000    0.0  0.000      0      0      0      0      0
07/11/1990   7214      1   3972   3241     60   9040     28   3242      9   1969      0      0      0   0.00   0.00      0   0.00    5.6  0.000    0.0  0.000      0      0      0      0      0
07/12/1990   7471      3   4516   2952     62   8926     27   3247      8   1954      0      0      0   0.00   0.00      0   0.00    5.8  0.000    0.0  0.000      0      0      0      0      0
07/13/1990   7788      6   5058   2724     63   8868     26   3263      7   1896      0      0      0   0.00   0.00      0   0.00    5.8  0.000    0.0  0.000      0      0      0      0      0
07/14/1990   8103     11   5651   2441     62   8813     25   3276      5   1819      0      0      0   0.00   0.00      0   0.00    5.9  0.000    0.0  0.000      0      0      0      0      0
07/15/1990   8411     16   6358   2037     61   8761     23   3256      3   1729      0      0      0   0.00   0.00      0   0.00    6.0  0.000    0.0  0.000      0      0      0      0      0
07/16/1990   8737     21   7057   1659     60   8714     21   3209      1   1601      0      0      0   0.00   0.00      0   0.00    6.0  0.000    0.0  0.000      0      0      0      0      0
07/17/1990   9145     26   7755   1364     59   8666     18   3138      0   1439      0      0      0   0.00   0.00      0   0.00    6.0  0.000    0.0  0.000      0      0      0      0      0
07/18/1990   9536     31   8433   1072     58   8651     14   3020      0   1268      0      0      0   0.00   0.00      0   0.00    6.0  0.000    0.0  0.000      0      0      0      0      0
07/19/1990   9894     36   9099    759     56   8641     11   2841      0   1111      0      0      0   0.00   0.00      0   0.00    6.0  0.000    0.0  0.000      0      0      0      0      0
07/20/1990  10321     41   9797    483     54   8578      8   2623      0    943      0      0      0   0.00   0.00      0   0.00    6.0  0.000    0.0  0.000      0      0      0      0      0
07/21/1990  10808     45  10495    268     53   8485      5   2392      0    743      0      0      0   0.00   0.00      0   0.00    5.9  0.000    0.0  0.000      0      0      0      0      0
07/22/1990  11346     49  11192    105     51   8367      3   2133      0    527      0      0      0   0.00   0.00      0   0.00    5.8  0.000    0.0  0.000      0      0      0      0      0
07/23/1990  11915     53  11862      0     49   8242      1   1837      0    319      0      0      0   0.00   0.00      0   0.00    5.7  0.000    0.0  0.000      0      0      0      0      0
07/24/1990  12586     57  12529      0     46   8052      0   1534      0    145      0      0      0   0.00   0.00      0   0.00    5.7  0.000    0.0  0.000      0      0      0      0      0
07/25/1990  13235     61  13042    132     42   7824      0   1221      0     41      0      0      0   0.00   0.00      0   0.00    5.6  0.000    0.0  0.000      0      0      0      0      0
07/26/1990  13886     65  13463    358     38   7551      0    888      0     50      0      0      0   0.00   0.00      0   0.00    5.5  0.000    0.0  0.000      0      0      0      0      0
07/27/1990  14533     69  13786    678     34   7228      0    568      0    179      0      0      0   0.00   0.00      0   0.00    5.4  0.000    0.0  0.000      0      0      0      0      0
07/28/1990  15192     73  14022   1097     30   6822      0    319      0    402      0      0      0   0.00   0.00      0   0.00    5.4  0.000    0.0  0.000      0      0      0      0      0
07/29/1990  15848     77  14166   1605     26   6344      0    195      0    671      0      0      0   0.00   0.00      0   0.00    5.4  0.000    0.0  0.000      0      0      0      0      0
07/30/1990  16502     81  14278   2143     22   5798      0    220      0    955      0      0      0   0.00   0.00      0   0.00    5.4  0.000    0.0  0.000      0      0      0      0      0
07/31/1990  17169     85  14315   2769     18   5176      0    402      0   1223      0      0      0   0.00   0.00      0   0.00    5.4  0.000    0.0  0.000      0      0      0      0      0
08/01/1990  17828     88  14251   3489     14   4520      0    721      1   1470      0      0      0   0.00   0.00      0   0.00    5.5  0.000    0.0  0.000      0      0      0      0      0
08/02/1990  18464     89  14127   4248     11   3885      0   1134      4   1696      0      0      0   0.00   0.00      0   0.00    5.5  0.000    0.0  0.000      0      0      0      0      0
08/03/1990  18937     89  14027   4821      8   3330      0   1575      9   1907      0      0      0   0.00   0.00      0   0.00    5.7  0.000    0.0  0.000      0      0      0      0      0
08/04/1990  19288     87  13908   5293      5   2880      1   2012     13   2092      0      0      0   0.00   0.00      0   0.00    5.8  0.000    0.0  0.000      0      0      0      0      0
08/05/1990  19510     84  13746   5680      3   2558      4   2428     16   2255      0      0      0   0.00   0.00      0   0.00    6.0  0.000    0.0  0.000      0      0      0      0      0
08/06/1990  19565     81  13524   5960      1   2400      9   2811     18   2384      0      0      0   0.00   0.00      0   0.00    6.2  0.000    0.0  0.000      0      0      0      0      0
08/07/1990  19470     77  13243   6150      0   2396     14   3149     21   2482      0      0      0   0.00   0.00      0   0.00    6.3  0.000    0.0  0.000      0      0      0      0      0
08/08/1990  19301     72  12939   6290      0   2513     20   3460     23   2541      0      0      0   0.00   0.00      0   0.00    6.5  0.000    0.0  0.000      0      0      0      0      0
08/09/1990  18990     67  12593   6330      0   2759     27   3725     24   2579      0      0      0   0.00   0.00      0   0.00    6.7  0.000    0.0  0.000      0      0      0      0      0
08/10/1990  18514     62  12144   6308      0   3149     35   3935     24   2601      0      0      0   0.00   0.00      0   0.00    6.9  0.000    0.0  0.000      0      0      0      0      0
08/11/1990  17925     58  11620   6247      1   3677     42   4094     24   2610      0      0      0   0.00   0.00      0   0.00    7.1  0.000    0.0  0.000      0      0      0      0      0
08/12/1990  17320     54  11027   6239      4   4324     47   4212     24   2605      0      0      0   0.00   0.00      0   0.00    7.3  0.000    0.0  0.000      0      0      0      0      0
08/13/1990  16659     50  10398   6211      9   5085     50   4281     24   2577      0      0      0   0.00   0.00      0   0.00    7.5  0.000    0.0  0.000      0      0      0      0      0
08/14/1990  15948     46   9731   6171     14   5916     53   4320     23   2504      0      0      0   0.00   0.00      0   0.00    7.7  0.000    0.0  0.000      0      0      0      0      0
08/15/1990  15245     42   9086   6117     20   6765     55   4335     21   2379      0      0      0   0.00   0.00      0   0.00    7.9  0.000    0.0  0.000      0      0      0      0      0
08/16/1990  14593     38   8489   6066     27   7576     56   4317     20   2287      0      0      0   0.00   0.00      0   0.00    8.1  0.000    0.0  0.000      0      0      0      0      0
08/17/1990  14040     34   7975   6031     35   8316     55   4245     20   2252      0      0      0   0.00   0.00      0   0.00    8.3  0.000    0.0  0.000      0      0      0      0      0
08/18/1990  13593     30   7543   6020     43   8964     53   4113     20   2219      0      0      0   0.00   0.00      0   0.00    8.5  0.000    0.0  0.000      0      0      0      0      0
08/19/1990     30      0     30      0     51   9515     48   3829     19   2171      0      0      0   0.00   0.00      0   0.00    8.7  0.123    0.0  0.000      4    165     26   7171   5973
08/20/1990    442      0    442      0     58   9836     48   3857     12   1409      0      0      0   0.00   0.00      0   0.00    8.7  0.123    0.0  0.000      0      0      0      0      1
08/21/1990    932      0    932      0     65  10153     47   3755      6    703      0      0      0   0.00   0.00      0   0.00    8.7  0.123    0.0  0.000      0      0      0      0      1
08/22/1990   1497      0   1497      0     72  10384     46   3661      0      0      0      0      0   0.00   0.00      0   0.00    8.7  0.123    0.0  0.000      0      0      0      0      1
08/23/1990   2135      0   2135      0     79  10484     39   2922      0      0      0      0      0   0.00   0.00      0   0.00    8.7  0.123    0.0  0.000      0      0      0      0      1
08/24/1990   2836      0   2836      0     86  10533     32   2171      0      0      0      0      0   0.00   0.00      0   0.00    8.7  0.123    0.0  0.000      0      0      0      0      1
08/25/1990   3587      1   3586      0     91  10544     26   1409      0      0      0      0      0   0.00   0.00      0   0.00    8.7  0.123    0.0  0.000      0      0      0      0      1
08/26/1990   4391      4   4387      0     95  10448     19    703      0      0      0      0      0   0.00   0.00      0   0.00    8.6  0.123    0.0  0.000      0      0      0      0      1
08/27/1990   5227      9   5217      1     97  10320     12      0      0      0      0      0      0   0.00   0.00      0   0.00    8.6  0.123    0.0  0.000      0      0      0      0      0
08/28/1990   6081     14   6065      2     98   9471      6      0      0      0      0      0      0   0.00   0.00      0   0.00    8.6  0.123    0.0  0.000      0      0      0      0      0
08/29/1990   6948     20   6925      3     98   8610      0      0      0      0      0      0      0   0.00   0.00      0   0.00    8.5  0.123    0.0  0.000      0      0      0      0      0
08/30/1990   7824     27   7793      4     91   7741      0      0      0      0      0      0      0   0.00   0.00      0   0.00    8.5  0.123    0.0  0.000      0      0      0      0      0
08/31/1990   8703     35   8663      5     83   6870      0      0      0      0      0      0      0   0.00   0.00      0   0.00    8.5  0.123    0.0  0.000      0      0      0      0      0
09/01/1990   9581     43   9532      6     75   6000      0      0      0      1      0      0      0   0.00   0.00      0   0.00    8.4  0.123    0.0  0.000      0      0      0      0      0
09/02/1990  10323     51  10265      7     67   5266      0      0      0      2      0      0      0   0.00   0.00      0   0.00    8.3  0.123    0.0  0.000      0      0      0      0      0
09/03/1990  11138     58  11072      8     60   4458      0      0      0      4      0      0      0   0.00   0.00      0   0.00    8.3  0.123    0.0  0.000      0      0      0      0      0
09/04/1990  11942     65  11868      9     53   3661      0      1      0      5      0      0      0   0.00   0.00      0   0.00    8.2  0.123    0.0  0.000      0      0      0      0      0
09/05/1990  12688     72  12606     10     46   2922      0      2      0      7      0      0      0   0.00   0.00      0   0.00    8.1  0.123    0.0  0.000      0      0      0      0      0
09/06/1990  13445     79  13356     10     39   2171      0      4      0      8      0      0      0   0.00   0.00      0   0.00    8.0  0.123    0.0  0.000      0      0      0      0      0
09/07/1990  14213     86  14115     12     32   1409      0      6      0      9      0      0      0   0.00   0.00      0   0.00    7.9  0.123    0.0  0.000      0      0      0      0      0
09/08/1990  14924     92  14818     14     26    703      0      9      0     10      0      0      0   0.00   0.00      0   0.00    7.8  0.123    0.0  0.000      0      0      0      0      0
09/09/1990  15633     99  15515     19     19      1      0     11      0     12      0      0      0   0.00   0.00      0   0.00    7.7  0.123    0.0  0.000      0      0      0      0      0
09/10/1990  15639    106  15102    431     12      2      0     13      0     16      0      0      0   0.00   0.00      0   0.00    7.7  0.123    0.0  0.000      0      0      0      0      0
09/11/1990  15643    112  14611    920      6      4      0     15      0    158      0      0      0   0.00   0.00      0   0.00    7.6  0.123    0.0  0.000      0      0      0      0      0
09/12/1990  15648    118  14045   1485      0      6      0     18      0    416      0      0      0   0.00   0.00      0   0.00    7.6  0.123    0.0  0.000      0      0      0      0      0
09/13/1990  15647    118  13406   2123      0      9      0     22      0    775      0      0      0   0.00   0.00      0   0.00    7.6  0.123    0.0  0.000      0      0      0      0      0
09/14/1990  15646    118  12704   2824      0     12      0    165      0   1054      0      0      0   0.00   0.00      0   0.00    7.6  0.122    0.0  0.000      0      0      0      0      0
09/15/1990  15644    117  11953   3574      0     15      0    425      1   1286      0      0      0   0.00   0.00      0   0.00    7.7  0.121    0.0  0.000      0      0      0      0      0
09/16/1990  15638    114  11151   4373      0     19      0    787      3   1481      0      0      0   0.00   0.00      0   0.00    7.8  0.120    0.0  0.000      0      0      0      0      0
09/17/1990  15630    109  10320   5201      0     24      0   1207      7   1688      0      0      0   0.00   0.00      0   0.00    7.9  0.117    0.0  0.000      0      0      0      0      0
09/18/1990  15619    104   9471   6044      0     31      1   1695     11   1865      0      0      0   0.00   0.00      0   0.00    8.1  0.114    0.0  0.000      0      0      0      0      0
09/19/1990  15200     98   8610   6492      0    177      3   2110     15   2012      0      0      0   0.00   0.00      0   0.00    8.4  0.111    0.0  0.000      0      0      0      0      0
09/20/1990  14702     91   7741   6870      0    440      7   2479     18   2153      0      0      0   0.00   0.00      0   0.00    8.6  0.108    0.0  0.000      0      0      0      0      0
09/21/1990  14128     83   6870   7175      0    806     12   2785     21   2278      0      0      0   0.00   0.00      0   0.00    8.9  0.105    0.0  0.000      0      0      0      0      0
09/22/1990  13482     75   6001   7406      0   1230     18   3068     23   2333      0      0      0   0.00   0.00      0   0.00    9.1  0.102    0.0  0.000      0      0      0      0      0
09/23/1990  12773     67   5268   7438      0   1724     25   3346     24   2287      0      0      0   0.00   0.00      0   0.00    9.4  0.099    0.0  0.000      0      0      0      0      0
09/24/1990  12017     60   4462   7495      0   2283     33   3582     24   2260      0      0      0   0.00   0.00      0   0.00    9.7  0.096    0.0  0.000      0      0      0      0      0
09/25/1990  11210     53   3667   7490      1   2913     40   3713     24   2262      0      0      0   0.00   0.00      0   0.00   10.0  0.093    0.0  0.000      0      0      0      0      0
09/26/1990  10375     46   2931   7398      3   3582     46   3768     24   2298      0      0      0   0.00   0.00      0   0.00   10.4  0.090    0.0  0.000      0      0      0      0      0
09/27/1990   9522     39   2183   7300      7   4287     50   3830     24   2289      0      0      0   0.00   0.00      0   0.00   10.7  0.087    0.0  0.000      0      0      0      0      0
09/28/1990   8657     32   1424   7201     12   5057     53   3822     24   2298      0      0      0   0.00   0.00      0   0.00   11.0  0.085    0.0  0.000      0      0      0      0      0
09/29/1990   7786     26    722   7038     18   5850     55   3788     24   2341      0      0      0   0.00   0.00      0   0.00   11.3  0.082    0.0  0.000      0      0      0      0      0
09/30/1990   6913     19     24   6870     25   6608     56   3786     24   2401      0      0      0   0.00   0.00      0   0.00   11.6  0.080    0.0  0.000      0      0      0      0      0
10/01/1990   6043     12     31   6000     33   7328     56   3833     24   2446      0      0      0   0.00   0.00      0   0.00   11.9  0.078    0.0  0.000      0      0      0      0      0
10/02/1990   5449      6    177   5266     41   7952     56   3869     22   2362      0      0      0   0.00   0.00      0   0.00   12.1  0.077    0.0  0.000      0      0      0      0      0
10/03/1990   4898      0    440   4458     49   8454     56   3925     19   2227      0      0      0   0.00   0.00      0   0.00   12.3  0.076    0.0  0.000      0      0      0      0      0
10/04/1990   4467      0    806   3661     57   8851     56   3981     16   2097      0      0      0   0.00   0.00      0   0.00   12.4  0.075    0.0  0.000      0      0      0      0      0
10/05/1990   4153      0   1231   2922     65   9187     54   3942     13   1951      0      0      0   0.00   0.00      0   0.00   12.6  0.074    0.0  0.000      0      0      0      0      0
10/06/1990   3897      0   1726   2171     73   9466     51   3854      9   1733      0      0      0   0.00   0.00      0   0.00   12.6  0.074    0.0  0.000      0      0      0      0      0
10/07/1990   3696      0   2287   1409     81   9711     48   3737      4   1410      0      0      0   0.00   0.00      0   0.00   12.7  0.073    0.0  0.000      0      0      0      0      0
10/08/1990   3622      0   2919    703     89   9900     43   3492      1   1117      0      0      0   0.00   0.00      0   0.00   12.7  0.073    0.0  0.000      0      0      0      0      0
10/09/1990   3592      1   3591      0     96  10047     36   3141      0    832      0      0      0   0.00   0.00      0   0.00   12.7  0.073    0.0  0.000      0      0      0      0      0
10/10/1990   4302      3   4299      0    102  10061     28   2785      0    466      0      0      0   0.00   0.00      0   0.00   12.7  0.073    0.0  0.000      0      0      0      0      0
10/11/1990   5079      7   5072      0    106   9974     20   2382      0    183      0      0      0   0.00   0.00      0   0.00   12.6  0.073    0.0  0.000      0      0      0      0      0
10/12/1990   5881     12   5869      0    107   9866     14   1876      0      0      0      0      0   0.00   0.00      0   0.00   12.6  0.073    0.0  0.000      0      0      0      0      0
10/13/1990   6650     18   6631      1    106   9679      9   1300      0      0      0      0      0   0.00   0.00      0   0.00   12.6  0.073    0.0  0.000      0      0      0      0      0
10/14/1990   7384     25   7357      2    104   9420      4    832      0      0      0      0      0   0.00   0.00      0   0.00   12.5  0.073    0.0  0.000      0      0      0      0      0
10/15/1990   8162     33   8125      4     99   9016      1    466      0      0      0      0      0   0.00   0.00      0   0.00   12.5  0.073    0.0  0.000      0      0      0      0      0
10/16/1990   8935     41   8888      6     92   8534      0    183      0      0      0      0      0   0.00   0.00      0   0.00   12.4  0.073    0.0  0.000      0      0      0      0      0
10/17/1990   9706     49   9648      9     84   7954      0      0      0      1      0      0      0   0.00   0.00      0   0.00   12.4  0.073    0.0  0.000      0      0      0      0      0
10/18/1990  10475     57  10406     12     76   7193      0      0      0      3      0      0      0   0.00   0.00      0   0.00   12.3  0.073    0.0  0.000      0      0      0      0      0
10/19/1990  11257     65  11177     15     68   6419      0      0      0      6      0      0      0   0.00   0.00      0   0.00   12.2  0.073    0.0  0.000      0      0      0      0      0
10/20/1990  12071     73  11979     19     60   5613      0      1      0      8      0      0      0   0.00   0.00      0   0.00   12.2  0.073    0.0  0.000      0      0      0      0      0
10/21/1990  12900     81  12795     24     52   4792      0      3      0     11      0      0      0   0.00   0.00      0   0.00   12.1  0.073    0.0  0.000      0      0      0      0      0
10/22/1990  13726     89  13607     30     44   3973      0      6      0     14      0      0      0   0.00   0.00      0   0.00   12.0  0.073    0.0  0.000      0      0      0      0      0
10/23/1990  14455     97  14183    175     36   3251      0      9      0     20      0      0      0   0.00   0.00      0   0.00   11.9  0.073    0.0  0.000      0      0      0      0      0
10/24/1990  15147    105  14606    436     28   2565      0     14      0     68      0      0      0   0.00   0.00      0   0.00   11.8  0.073    0.0  0.000      0      0      0      0      0
10/25/1990  15842    113  14929    800     20   1877      0     19      0    185      0      0      0   0.00   0.00      0   0.00   11.8  0.073    0.0  0.000      0      0      0      0      0
10/26/1990  16421    119  15080   1222     14   1303      0     26      0    361      0      0      0   0.00   0.00      0   0.00   11.7  0.073    0.0  0.000      0      0      0      0      0
10/27/1990  16891    124  15053   1714      9    838      0     76      0    570      0      0      0   0.00   0.00      0   0.00   11.7  0.073    0.0  0.000      0      0      0      0      0
10/28/1990  17259    129  14858   2272      4    475      0    196      0    763      0      0      0   0.00   0.00      0   0.00   11.7  0.073    0.0  0.000      0      0      0      0      0
10/29/1990  17541    132  14509   2900      1    197      0    376      0    946      0      0      0   0.00   0.00      0   0.00   11.7  0.073    0.0  0.000      0      0      0      0      0
10/30/1990  17719    132  14020   3567      0     20      0    632      0   1075      0      0      0   0.00   0.00      0   0.00   11.8  0.073    0.0  0.000      0      0      0      0      0
10/31/1990  17710    130  13312   4268      0     29      0    939      1   1176      0      0      0   0.00   0.00      0   0.00   11.9  0.072    0.0  0.000      0      0      0      0      0
11/01/1990  17551    126  12539   4886      0     82      0   1254      3   1179      0      0      0   0.00   0.00      0   0.00   12.0  0.071    0.0  0.000      0      0      0      0      0
11/02/1990  17275    121  11742   5412      0    205      0   1522      5   1156      0      0      0   0.00   0.00      0   0.00   12.2  0.070    0.0  0.000      0      0      0      0      0
11/03/1990  16896    115  10979   5802      0    390      1   1754      7   1147      0      0      0   0.00   0.00      0   0.00   12.3  0.069    0.0  0.000      0      0      0      0      0
11/04/1990  16458    108  10252   6098      0    652      3   1863      9   1241      0      0      0   0.00   0.00      0   0.00   12.5  0.068    0.0  0.000      0      0      0      0      0
11/05/1990  15950    100   9482   6368      0    968      5   1915     11   1364      0      0      0   0.00   0.00      0   0.00   12.7  0.067    0.0  0.000      0      0      0      0      0
11/06/1990  15377     92   8717   6568      0   1336      8   1955     12   1375      0      0      0   0.00   0.00      0   0.00   13.0  0.066    0.0  0.000      0      0      0      0      0
11/07/1990  14735     84   7955   6696      0   1726     12   2029     12   1329      0      0      0   0.00   0.00      0   0.00   13.2  0.065    0.0  0.000      0      0      0      0      0
11/08/1990  14055     76   7196   6783      0   2141     16   2103     13   1317      0      0      0   0.00   0.00      0   0.00   13.4  0.064    0.0  0.000      0      0      0      0      0
11/09/1990  13341     68   6425   6848      0   2509     20   2151     14   1404      0      0      0   0.00   0.00      0   0.00   13.7  0.062    0.0  0.000      0      0      0      0      0
11/10/1990  12563     60   5622   6881      1   2874     23   2202     15   1506      0      0      0   0.00   0.00      0   0.00   14.0  0.061    0.0  0.000      0      0      0      0      0
11/11/1990  11763     52   4806   6905      3   3277     26   2273     15   1569      0      0      0   0.00   0.00      0   0.00   14.2  0.060    0.0  0.000      0      0      0      0      0
11/12/1990  10998     44   3993   6961      5   3736     29   2314     15   1631      0      0      0   0.00   0.00      0   0.00   14.5  0.059    0.0  0.000      0      0      0      0      0
11/13/1990  10272     36   3280   6956      8   4218     31   2344     15   1700      0      0      0   0.00   0.00      0   0.00   14.8  0.058    0.0  0.000      0      0      0      0      0
11/14/1990   9547     28   2647   6872     12   4584     32   2467     15   1669      0      0      0   0.00   0.00      0   0.00   15.1  0.057    0.0  0.000      0      0      0      0      0
11/15/1990   8897     20   2081   6796     16   4880     33   2616     15   1584      0      0      0   0.00   0.00      0   0.00   15.4  0.056    0.0  0.000      0      0      0      0      0
11/16/1990   8313     14   1690   6609     20   5174     34   2727     15   1524      0      0      0   0.00   0.00      0   0.00   15.7  0.055    0.0  0.000      0      0      0      0      0
11/17/1990   7809      9   1484   6316     24   5418     35   2732     15   1562      0      0      0   0.00   0.00      0   0.00   15.9  0.054    0.0  0.000      0      0      0      0      0
11/18/1990   7346      4   1434   5908     29   5623     35   2694     15   1580      0      0      0   0.00   0.00      0   0.00   16.2  0.053    0.0  0.000      0      0      0      0      0
11/19/1990   6905      1   1519   5385     34   5797     35   2682     14   1548      0      0      0   0.00   0.00      0   0.00   16.4  0.052    0.0  0.000      0      0      0      0      0
11/20/1990   7286      0   1727   5559     39   5974     35   2663     11   1351      0      0      0   0.00   0.00      0   0.00   16.7  0.051    0.0  0.000      0      0      0      0      0
11/21/1990   6883      0   2144   4739     44   6147     35   2574      8   1162      0      0      0   0.00   0.00      0   0.00   16.9  0.051    0.0  0.000      0      0      0      0      0
11/22/1990   5725      0   2515   3210     49   6287     34   2561      6    975      0      0      0   0.00   0.00      0   0.00   17.0  0.050    0.0  0.000      0      0      0      0      0
11/23/1990   5410      0   2883   2527     54   6402     31   2430      4    883      0      0      0   0.00   0.00      0   0.00   17.1  0.050    0.0  0.000      0      0      0      0      0
11/24/1990   5134      1   3291   1842     58   6524     28   2212      2    803      0      0      0   0.00   0.00      0   0.00   17.2  0.050    0.0  0.000      0      0      0      0      0
11/25/1990   5596      3   3756   1837     61   6608     25   1974      0    707      0      0      0   0.00   0.00      0   0.00   17.1  0.050    0.0  0.000      0      0      0      0      0
11/26/1990   6084      5   4247   1832     64   6618     20   1733      0    591      0      0      0   0.00   0.00      0   0.00   17.1  0.050    0.0  0.000      0      0      0      0      0
11/27/1990   6501      8   4666   1827     66   6697     15   1467      0    488      0      0      0   0.00   0.00      0   0.00   17.1  0.050    0.0  0.000      0      0      0      0      0
11/28/1990   6919     12   5084   1823     67   6630     10   1330      0    424      0      0      0   0.00   0.00      0   0.00   17.1  0.050    0.0  0.000      0      0      0      0      0
11/29/1990   6378     16   5561    801     67   6463      6   1162      0    456      0      0      0   0.00   0.00      0   0.00   17.1  0.050    0.0  0.000      0      0      0      0      0
11/30/1990   6530     20   6064    446     65   6268      4    980      0    429      0      0      0   0.00   0.00      0   0.00   17.1  0.050    0.0  0.000      0      0      0      0      0
12/01/1990   7052     24   6582    446     63   6007      2    871      0    331      0      0      0   0.00   0.00      0   0.00   17.1  0.050    0.0  0.000      0      0      0      0      0
12/02/1990   7596     29   7119    448     60   5697      0    815      0    200      0      0      0   0.00   0.00      0   0.00   17.0  0.050    0.0  0.000      0      0      0      0      0
12/03/1990   7897     34   7681    182     55   5344      0    702      0    149      0      0      0   0.00   0.00      0   0.00   17.0  0.050    0.0  0.000      0      0      0      0      0
12/04/1990   8319     39   8262     18     50   4898      0    611      0    121      0      0      0   0.00   0.00      0   0.00   17.0  0.050    0.0  0.000      0      0      0      0      0
12/05/1990   8832     44   8720     68     45   4516      0    527      0     77      0      0      0   0.00   0.00      0   0.00   16.9  0.050    0.0  0.000      0      0      0      0      0
12/06/1990   9317     49   9080    188     40   4184      0    427      0     35      0      0      0   0.00   0.00      0   0.00   16.8  0.050    0.0  0.000      0      0      0      0      0
12/07/1990   9847     54   9425    368     35   3830      0    276      0     38      0      0      0   0.00   0.00      0   0.00   16.8  0.050    0.0  0.000      0      0      0      0      0
12/08/1990  10396     59   9712    625     30   3383      0    175      0     87      0      0      0   0.00   0.00      0   0.00   16.8  0.050    0.0  0.000      0      0      0      0      0
12/09/1990  10896     64   9897    935     25   2935      0    131      0    159      0      0      0   0.00   0.00      0   0.00   16.7  0.050    0.0  0.000      0      0      0      0      0
12/10/1990  11392     69  10027   1296     20   2482      0    114      0    275      0      0      0   0.00   0.00      0   0.00   16.7  0.050    0.0  0.000      0      0      0      0      0
12/11/1990  11741     74   9988   1679     15   2181      0    113      0    406      0      0      0   0.00   0.00      0   0.00   16.7  0.050    0.0  0.000      0      0      0      0      0
12/12/1990  12050     79   9883   2088     10   1894      0    169      0    520      0      0      0   0.00   0.00      0   0.00   16.7  0.050    0.0  0.000      0      0      0      0      0
12/13/1990  12357     83   9823   2451      6   1584      0    312      0    571      0      0      0   0.00   0.00      0   0.00   16.7  0.050    0.0  0.000      0      0      0      0      0
12/14/1990  12611     85   9715   2811      4   1333      0    484      0    487      0      0      0   0.00   0.00      0   0.00   16.6  0.050    0.0  0.000      0      0      0      0      0
12/15/1990  12836     86   9539   3211      2   1129      0    651      0    426      0      0      0   0.00   0.00      0   0.00   16.6  0.050    0.0  0.000      0      0      0      0      0
12/16/1990  13043     86   9289   3668      0    964      0    796      0    361      0      0      0   0.00   0.00      0   0.00   16.5  0.050    0.0  0.000      0      0      0      0      0
12/17/1990  13177     84   8942   4151      0    901      0    812      0    423      0      0      0   0.00   0.00      0   0.00   16.5  0.050    0.0  0.000      0      0      0      0      0
12/18/1990  13295     81   8652   4562      0    916      0    802      0    481      0      0      0   0.00   0.00      0   0.00   16.4  0.050    0.0  0.000      0      0      0      0      0
12/19/1990  13433     77   8384   4972      0    946      0    751      0    526      0      0      0   0.00   0.00      0   0.00   16.3  0.050    0.0  0.000      0      0      0      0      0
12/20/1990  13596     73   8081   5442      0    965      0    715      0    428      0      0      0   0.00   0.00      0   0.00   16.3  0.050    0.0  0.000      0      0      0      0      0
12/21/1990  13685     69   7677   5939      0   1058      0    712      0    236      0      0      0   0.00   0.00      0   0.00   16.2  0.050    0.0  0.000      0      0      0      0      0
12/22/1990  13724     65   7209   6450      0   1102      0    790      0     61      0      0      0   0.00   0.00      0   0.00   16.2  0.050    0.0  0.000      0      0      0      0      0
12/23/1990  13754     60   6712   6982      0   1191      0    717      0      0      0      0      0   0.00   0.00      0   0.00   16.1  0.050    0.0  0.000      0      0      0      0      0
12/24/1990  13790     55   6195   7540      0   1270      0    587      0      0      0      0      0   0.00   0.00      0   0.00   16.1  0.050    0.0  0.000      0      0      0      0      0
12/25/1990  13799     50   5630   8119      0   1404      0    428      0     41      0      0      0   0.00   0.00      0   0.00   16.0  0.050    0.0  0.000      0      0      0      0      0
12/26/1990  13784     45   5120   8619      0   1595      0    236      0    143      0      0      0   0.00   0.00      0   0.00   16.0  0.050    0.0  0.000      0      0      0      0      0
12/27/1990  13777     40   4646   9091      0   1761      0     61      1    288      0      0      0   0.00   0.00      0   0.00   15.9  0.050    0.0  0.000      0      0      0      0      0
12/28/1990  13788     35   4144   9609      0   1794      0     41      2    418      0      0      0   0.00   0.00      0   0.00   15.9  0.050    0.0  0.000      0      0      0      0      0
12/29/1990  13821     30   3645  10146      0   1744      0    143      2    390      0      0      0   0.00   0.00      0   0.00   15.9  0.050    0.0  0.000      0      0      0      0      0
12/30/1990  13885     25   3225  10635      0   1663      1    288      2    375      0      0      0   0.00   0.00      0   0.00   15.9  0.050    0.0  0.000      0      0      0      0      0
12/31/1990  14011     20   2871  11120      0   1519      2    459      2    341      0      0      0   0.00   0.00      0   0.00   15.8  0.050    0.0  0.000      0      0      0      0      0
