Varroa Population Simulation - Nov 23,2015  02:37:24 PM
VarroaPop Version 3.2.5.8  June, 2015

                                        Capped  Capped                                                                      Prop           Conc          Conc                                     
            Colony  Adult  Adult         Drone   Wkr    Drone  Wkr    Drone  Wkr  Free   DBrood WBrood DMite  WMite  Mites  Mites  Colony Pollen Colony Nectar   Dead   Dead   Dead   Dead   Dead
     Date   Size   Drones   Wkr   Forgrs Brood  Brood   Larv   Larv    Eggs  Eggs Mites  Mites  Mites  /Cell  /Cell  Dying  Dying  Pollen  Pest  Nectar  Pest    DLarv  WLarv  DAdlt  WAdlt  Forgrs
Initial     10000      0   8400   1600      0      0      0      0      0      0      0      0      0   0.00   0.00      0   0.00    0.0  0.000    0.0  0.000      0      0      0      0      0
08/01/1990   9600      0   8000   1600      0      0      0      0      0    407      0      0      0   0.00   0.00      0   0.00    0.0  0.000    0.0  0.000      0      0      0      0      0
08/02/1990   9200      0   7600   1600      0      0      0      0      0    813      0      0      0   0.00   0.00      0   0.00    0.0  0.000    0.0  0.000      0      0      0      0      0
08/03/1990   8800      0   7200   1600      0      0      0      0      0   1219      0      0      0   0.00   0.00      0   0.00    0.1  0.000    0.0  0.000      0      0      0      0      0
08/04/1990   8400      0   6800   1600      0      0      0    407      0   1220      0      0      0   0.00   0.00      0   0.00    0.1  0.000    0.0  0.000      0      0      0      0      0
08/05/1990   8000      0   6400   1600      0      0      0    813      0   1232      0      0      0   0.00   0.00      0   0.00    0.1  0.000    0.0  0.000      0      0      0      0      0
08/06/1990   7600      0   6000   1600      0      0      0   1219      0   1245      0      0      0   0.00   0.00      0   0.00    0.1  0.000    0.0  0.000      0      0      0      0      0
08/07/1990   7200      0   5600   1600      0      0      0   1627      0   1256      0      0      0   0.00   0.00      0   0.00    0.2  0.000    0.0  0.000      0      0      0      0      0
08/08/1990   6800      0   5200   1600      0      0      0   2045      0   1257      0      0      0   0.00   0.00      0   0.00    0.2  0.000    0.0  0.000      0      0      0      0      0
08/09/1990   6400      0   4800   1600      0    407      0   2057      0   1258      0      0      0   0.00   0.00      0   0.00    0.2  0.000    0.0  0.000      0      0      0      0      0
08/10/1990   6000      0   4400   1600      0    813      0   2070      0   1259      0      0      0   0.00   0.00      0   0.00    0.3  0.000    0.0  0.000      0      0      0      0      0
08/11/1990   1758      0   1738     20      0   1219      0   1438      0   1260      0      0      0   0.00   0.00      0   0.00    0.3  0.894    0.0  0.000      0    645      0   2260   1576
08/12/1990   1612      0   1580     32      0   1250      0   1790      0    848      0      0      0   0.00   0.00      0   0.00    0.3  0.893    0.0  0.000      0     37      0      0    141
08/13/1990   1470      0   1422     48      0   1400      0   2032      0    440      0      0      0   0.00   0.00      0   0.00    0.3  0.893    0.0  0.000      0     28      0      0    137
08/14/1990   1332      0   1264     68      0   1782      0   2043      0     38      0      0      0   0.00   0.00      0   0.00    0.3  0.893    0.0  0.000      0     27      0      0    133
08/15/1990   1199      0   1106     93      0   2173      0   1632      0     54      0      0      0   0.00   0.00      0   0.00    0.3  0.893    0.0  0.000      0     28      0      0    128
08/16/1990   1060      0    948    112      0   2565      0   1227      0     76      0      0      0   0.00   0.00      0   0.00    0.3  0.903    0.0  0.000      0     25      0      0    122
08/17/1990    923      0    790    133      0   2957      0    830      0     99      0      0      0   0.00   0.00      0   0.00    0.3  0.926    0.0  0.000      0     23      0      0    116
08/18/1990    786      0    632    154      0   3352      0    458      0    120      0      0      0   0.00   0.00      0   0.00    0.3  0.957    0.0  0.000      0      1      0      0    112
08/19/1990    756      0    474    282      0   3749      0     95      0    137      0      0      0   0.00   0.00      0   0.00    0.3  0.926    0.0  0.000      0      0      0      0      0
08/20/1990    720      0    316    404      0   3756      0    129      0    191      0      0      0   0.00   0.00      0   0.00    0.3  0.878    0.0  0.000      0      0      0      0      0
08/21/1990    678      0    158    520      0   3768      0    162      0    277      0      0      0   0.00   0.00      0   0.00    0.3  0.819    0.0  0.000      0      0      0      0      0
08/22/1990   1039      0    407    632      0   3379      0    195      0    396      0      0      0   0.00   0.00      0   0.00    0.4  0.761    0.0  0.000      0      0      0      0      0
08/23/1990   1287      0    813    474      0   2997      0    266      0    504      0      0      0   0.00   0.00      0   0.00    0.4  0.728    0.0  0.000      0      0      0      0      0
08/24/1990   1535      0   1219    316      0   2625      0    363      0    518      0      0      0   0.00   0.00      0   0.00    0.4  0.713    0.0  0.000      0      0      0      0      0
08/25/1990   1408      0   1250    158      0   2635      0    492      0    443      0      0      0   0.00   0.00      0   0.00    0.4  0.712    0.0  0.000      0      0      0      0      0
08/26/1990   1400      0   1400      0      0   2530      0    650      0    292      0      0      0   0.00   0.00      0   0.00    0.4  0.712    0.0  0.000      0      0      0      0      0
08/27/1990   1782      0   1782      0      0   2199      0    744      0    147      0      0      0   0.00   0.00      0   0.00    0.4  0.711    0.0  0.000      0      0      0      0      0
08/28/1990   2173      0   2173      0      0   1903      0    744      0     52      0      0      0   0.00   0.00      0   0.00    0.4  0.711    0.0  0.000      0      0      0      0      0
08/29/1990   2565      0   2565      0      0   1642      0    665      0      0      0      0      0   0.00   0.00      0   0.00    0.4  0.710    0.0  0.000      0      0      0      0      0
08/30/1990   2957      0   2957      0      0   1420      0    495      0      0      0      0      0   0.00   0.00      0   0.00    0.3  0.708    0.0  0.000      0      0      0      0      0
08/31/1990   3352      0   3352      0      0   1228      0    292      0      0      0      0      0   0.00   0.00      0   0.00    0.3  0.706    0.0  0.000      0      0      0      0      0
09/01/1990   3749      0   3749      0      0    976      0    147      0      0      0      0      0   0.00   0.00      0   0.00    0.3  0.703    0.0  0.000      0      0      0      0      0
09/02/1990   3756      0   3756      0      0   1064      0     52      0      0      0      0      0   0.00   0.00      0   0.00    0.3  0.698    0.0  0.000      0      0      0      0      0
09/03/1990   3768      0   3768      0      0   1104      0      0      0      0      0      0      0   0.00   0.00      0   0.00    0.3  0.692    0.0  0.000      0      0      0      0      0
09/04/1990   3786      0   3786      0      0   1086      0      0      0      0      0      0      0   0.00   0.00      0   0.00    0.2  0.684    0.0  0.000      0      0      0      0      0
09/05/1990   3810      0   3810      0      0   1062      0      0      0      0      0      0      0   0.00   0.00      0   0.00    0.2  0.675    0.0  0.000      0      0      0      0      0
09/06/1990   3844      0   3844      0      0   1028      0      0      0      0      0      0      0   0.00   0.00      0   0.00    0.2  0.660    0.0  0.000      0      0      0      0      0
09/07/1990   3885      0   3885      0      0    987      0      0      0      0      0      0      0   0.00   0.00      0   0.00    0.2  0.637    0.0  0.000      0      0      0      0      0
09/08/1990   3930      0   3930      0      0    942      0      0      0      0      0      0      0   0.00   0.00      0   0.00    0.1  0.598    0.0  0.000      0      0      0      0      0
09/09/1990   3981      0   3981      0      0    891      0      0      0      0      0      0      0   0.00   0.00      0   0.00    0.1  0.523    0.0  0.000      0      0      0      0      0
09/10/1990   4076      0   4076      0      0    796      0      0      0      0      0      0      0   0.00   0.00      0   0.00    0.1  0.330    0.0  0.000      0      0      0      0      0
09/11/1990   4207      0   4207      0      0    665      0      0      0      0      0      0      0   0.00   0.00      0   0.00    0.0  0.000    0.0  0.000      0      0      0      0      0
09/12/1990   4377      0   3970    407      0    495      0      0      0      0      0      0      0   0.00   0.00      0   0.00    0.0  0.000    0.0  0.000      0      0      0      0      0
09/13/1990   4580      0   3767    813      0    292      0      0      0    137      0      0      0   0.00   0.00      0   0.00    0.0  0.000    0.0  0.000      0      0      0      0      0
09/14/1990   4725      0   3506   1219      0    147      0      0      0    359      0      0      0   0.00   0.00      0   0.00    0.0  0.000    0.0  0.000      0      0      0      0      0
09/15/1990   4820      0   3570   1250      0     52      0      0      0    655      0      0      0   0.00   0.00      0   0.00    0.1  0.000    0.0  0.000      0      0      0      0      0
09/16/1990   4465      0   3472    993      0      0      0    137      0    819      0      0      0   0.00   0.00      0   0.00    0.1  0.000    0.0  0.000      0      0      0      0      0
09/17/1990   4059      0   3090    969      0      0      0    359      0    858      0      0      0   0.00   0.00      0   0.00    0.1  0.000    0.0  0.000      0      0      0      0      0
09/18/1990   3653      0   2699    954      0      0      0    655      0    814      0      0      0   0.00   0.00      0   0.00    0.1  0.000    0.0  0.000      0      0      0      0      0
09/19/1990   3622      0   2307   1315      0      0      0    956      0    759      0      0      0   0.00   0.00      0   0.00    0.2  0.000    0.0  0.000      0      0      0      0      0
09/20/1990   3472      0   1915   1557      0      0      0   1217      0    824      0      0      0   0.00   0.00      0   0.00    0.3  0.000    0.0  0.000      0      0      0      0      0
09/21/1990   3090      0   1520   1570      0    137      0   1332      0    940      0      0      0   0.00   0.00      0   0.00    0.3  0.000    0.0  0.000      0      0      0      0      0
09/22/1990   2699      0   1123   1576      0    359      0   1356      0   1042      0      0      0   0.00   0.00      0   0.00    0.4  0.000    0.0  0.000      0      0      0      0      0
09/23/1990   2307      0   1116   1191      0    655      0   1386      0   1044      0      0      0   0.00   0.00      0   0.00    0.4  0.000    0.0  0.000      0      0      0      0      0
09/24/1990   1915      0   1104    811      0    956      0   1453      0    963      0      0      0   0.00   0.00      0   0.00    0.4  0.000    0.0  0.000      0      0      0      0      0
09/25/1990   1520      0   1086    434      0   1217      0   1540      0    830      0      0      0   0.00   0.00      0   0.00    0.5  0.000    0.0  0.000      0      0      0      0      0
09/26/1990   1123      0   1062     61      0   1469      0   1616      0    632      0      0      0   0.00   0.00      0   0.00    0.4  0.000    0.0  0.000      0      0      0      0      0
09/27/1990   1116      0   1028     88      0   1715      0   1657      0    366      0      0      0   0.00   0.00      0   0.00    0.4  0.000    0.0  0.000      0      0      0      0      0
09/28/1990   1104      0    987    117      0   2041      0   1546      0    181      0      0      0   0.00   0.00      0   0.00    0.4  0.000    0.0  0.000      0      0      0      0      0
09/29/1990   1086      0    942    144      0   2409      0   1308      0     93      0      0      0   0.00   0.00      0   0.00    0.4  0.000    0.0  0.000      0      0      0      0      0
09/30/1990   1062      0    891    171      0   2757      0    981      0    125      0      0      0   0.00   0.00      0   0.00    0.4  0.000    0.0  0.000      0      0      0      0      0
10/01/1990   1028      0    796    232      0   3085      0    683      0    158      0      0      0   0.00   0.00      0   0.00    0.4  0.000    0.0  0.000      0      0      0      0      0
10/02/1990    987      0    665    322      0   3372      0    438      0    194      0      0      0   0.00   0.00      0   0.00    0.4  0.000    0.0  0.000      0      0      0      0      0
10/03/1990    942      0    495    447      0   3587      0    276      0    246      0      0      0   0.00   0.00      0   0.00    0.5  0.000    0.0  0.000      0      0      0      0      0
10/04/1990   1028      0    429    599      0   3580      0    209      0    335      0      0      0   0.00   0.00      0   0.00    0.5  0.000    0.0  0.000      0      0      0      0      0
10/05/1990   1155      0    506    649      0   3379      0    266      0    434      0      0      0   0.00   0.00      0   0.00    0.5  0.000    0.0  0.000      0      0      0      0      0
10/06/1990   1320      0    707    613      0   3113      0    341      0    501      0      0      0   0.00   0.00      0   0.00    0.5  0.000    0.0  0.000      0      0      0      0      0
10/07/1990   1451      0    956    495      0   2854      0    451      0    502      0      0      0   0.00   0.00      0   0.00    0.6  0.000    0.0  0.000      0      0      0      0      0
10/08/1990   1509      0   1217    292      0   2646      0    575      0    455      0      0      0   0.00   0.00      0   0.00    0.6  0.000    0.0  0.000      0      0      0      0      0
10/09/1990   1616      0   1469    147      0   2457      0    684      0    371      0      0      0   0.00   0.00      0   0.00    0.6  0.000    0.0  0.000      0      0      0      0      0
10/10/1990   1767      0   1715     52      0   2289      0    759      0    263      0      0      0   0.00   0.00      0   0.00    0.5  0.000    0.0  0.000      0      0      0      0      0
10/11/1990   2041      0   2041      0      0   2068      0    784      0    150      0      0      0   0.00   0.00      0   0.00    0.5  0.000    0.0  0.000      0      0      0      0      0
10/12/1990   2409      0   2409      0      0   1852      0    720      0     62      0      0      0   0.00   0.00      0   0.00    0.5  0.000    0.0  0.000      0      0      0      0      0
10/13/1990   2757      0   2757      0      0   1681      0    588      0     17      0      0      0   0.00   0.00      0   0.00    0.5  0.000    0.0  0.000      0      0      0      0      0
10/14/1990   3085      0   3085      0      0   1525      0    433      0      0      0      0      0   0.00   0.00      0   0.00    0.5  0.000    0.0  0.000      0      0      0      0      0
10/15/1990   3372      0   3372      0      0   1391      0    280      0      0      0      0      0   0.00   0.00      0   0.00    0.5  0.000    0.0  0.000      0      0      0      0      0
10/16/1990   3587      0   3587      0      0   1306      0    150      0      0      0      0      0   0.00   0.00      0   0.00    0.5  0.000    0.0  0.000      0      0      0      0      0
10/17/1990   3717      0   3717      0      0   1264      0     62      0      0      0      0      0   0.00   0.00      0   0.00    0.4  0.000    0.0  0.000      0      0      0      0      0
10/18/1990   3738      0   3738      0      0   1288      0     17      0      0      0      0      0   0.00   0.00      0   0.00    0.4  0.000    0.0  0.000      0      0      0      0      0
10/19/1990   3768      0   3768      0      0   1275      0      0      0      0      0      0      0   0.00   0.00      0   0.00    0.4  0.000    0.0  0.000      0      0      0      0      0
10/20/1990   3810      0   3810      0      0   1233      0      0      0      0      0      0      0   0.00   0.00      0   0.00    0.4  0.000    0.0  0.000      0      0      0      0      0
10/21/1990   3863      0   3863      0      0   1180      0      0      0      0      0      0      0   0.00   0.00      0   0.00    0.3  0.000    0.0  0.000      0      0      0      0      0
10/22/1990   3926      0   3926      0      0   1117      0      0      0      0      0      0      0   0.00   0.00      0   0.00    0.3  0.000    0.0  0.000      0      0      0      0      0
10/23/1990   4004      0   4004      0      0   1039      0      0      0      0      0      0      0   0.00   0.00      0   0.00    0.3  0.000    0.0  0.000      0      0      0      0      0
10/24/1990   4109      0   4109      0      0    934      0      0      0      0      0      0      0   0.00   0.00      0   0.00    0.2  0.000    0.0  0.000      0      0      0      0      0
10/25/1990   4261      0   4124    137      0    782      0      0      0      0      0      0      0   0.00   0.00      0   0.00    0.2  0.000    0.0  0.000      0      0      0      0      0
10/26/1990   4438      0   4079    359      0    605      0      0      0     40      0      0      0   0.00   0.00      0   0.00    0.2  0.000    0.0  0.000      0      0      0      0      0
10/27/1990   4610      0   3955    655      0    433      0      0      0    142      0      0      0   0.00   0.00      0   0.00    0.2  0.000    0.0  0.000      0      0      0      0      0
10/28/1990   4763      0   3807    956      0    280      0      0      0    303      0      0      0   0.00   0.00      0   0.00    0.2  0.000    0.0  0.000      0      0      0      0      0
10/29/1990   4756      0   3676   1080      0    150      0     40      0    474      0      0      0   0.00   0.00      0   0.00    0.2  0.000    0.0  0.000      0      0      0      0      0
10/30/1990   4622      0   3512   1110      0     62      0    142      0    585      0      0      0   0.00   0.00      0   0.00    0.3  0.000    0.0  0.000      0      0      0      0      0
10/31/1990   4371      0   3311   1060      0     17      0    303      0    632      0      0      0   0.00   0.00      0   0.00    0.3  0.000    0.0  0.000      0      0      0      0      0
11/01/1990   4083      0   3002   1081      0      0      0    514      0    585      0      0      0   0.00   0.00      0   0.00    0.3  0.000    0.0  0.000      0      0      0      0      0
11/02/1990   3819      0   2634   1185      0      0      0    727      0    526      0      0      0   0.00   0.00      0   0.00    0.4  0.000    0.0  0.000      0      0      0      0      0
11/03/1990   3565      0   2286   1279      0     40      0    895      0    493      0      0      0   0.00   0.00      0   0.00    0.4  0.000    0.0  0.000      0      0      0      0      0
11/04/1990   3318      0   1958   1360      0    142      0    957      0    533      0      0      0   0.00   0.00      0   0.00    0.4  0.000    0.0  0.000      0      0      0      0      0
11/05/1990   2992      0   1671   1321      0    303      0    950      0    599      0      0      0   0.00   0.00      0   0.00    0.5  0.000    0.0  0.000      0      0      0      0      0
11/06/1990   2624      0   1456   1168      0    514      0    914      0    605      0      0      0   0.00   0.00      0   0.00    0.5  0.000    0.0  0.000      0      0      0      0      0
11/07/1990   2276      0   1326    950      0    727      0    905      0    565      0      0      0   0.00   0.00      0   0.00    0.6  0.000    0.0  0.000      0      0      0      0      0
11/08/1990   1948      0   1305    643      0    935      0    917      0    505      0      0      0   0.00   0.00      0   0.00    0.6  0.000    0.0  0.000      0      0      0      0      0
11/09/1990   1661      0   1275    386      0   1099      0    934      0    448      0      0      0   0.00   0.00      0   0.00    0.6  0.000    0.0  0.000      0      0      0      0      0
11/10/1990   1446      0   1233    213      0   1253      0    944      0    368      0      0      0   0.00   0.00      0   0.00    0.6  0.000    0.0  0.000      0      0      0      0      0
11/11/1990   1316      0   1180    136      0   1428      0    929      0    259      0      0      0   0.00   0.00      0   0.00    0.6  0.000    0.0  0.000      0      0      0      0      0
11/12/1990   1295      0   1117    178      0   1632      0    849      0    170      0      0      0   0.00   0.00      0   0.00    0.6  0.000    0.0  0.000      0      0      0      0      0
11/13/1990   1265      0   1039    226      0   1852      0    713      0    133      0      0      0   0.00   0.00      0   0.00    0.6  0.000    0.0  0.000      0      0      0      0      0
11/14/1990   1223      0    934    289      0   2033      0    583      0    133      0      0      0   0.00   0.00      0   0.00    0.6  0.000    0.0  0.000      0      0      0      0      0
11/15/1990   1170      0    782    388      0   2197      0    454      0    158      0      0      0   0.00   0.00      0   0.00    0.6  0.000    0.0  0.000      0      0      0      0      0
11/16/1990   1147      0    645    502      0   2317      0    341      0    197      0      0      0   0.00   0.00      0   0.00    0.6  0.000    0.0  0.000      0      0      0      0      0
11/17/1990   1171      0    575    596      0   2339      0    268      0    259      0      0      0   0.00   0.00      0   0.00    0.6  0.000    0.0  0.000      0      0      0      0      0
11/18/1990   1227      0    583    644      0   2262      0    244      0    319      0      0      0   0.00   0.00      0   0.00    0.7  0.000    0.0  0.000      0      0      0      0      0
11/19/1990   1286      0    664    622      0   2102      0    279      0    364      0      0      0   0.00   0.00      0   0.00    0.7  0.000    0.0  0.000      0      0      0      0      0
11/20/1990   1495      0    789    706      0   1924      0    357      0    345      0      0      0   0.00   0.00      0   0.00    0.7  0.000    0.0  0.000      0      0      0      0      0
11/21/1990   1527      0    952    575      0   1763      0    430      0    315      0      0      0   0.00   0.00      0   0.00    0.7  0.000    0.0  0.000      0      0      0      0      0
11/22/1990   1371      0   1099    272      0   1650      0    510      0    266      0      0      0   0.00   0.00      0   0.00    0.7  0.000    0.0  0.000      0      0      0      0      0
11/23/1990   1396      0   1253    143      0   1556      0    544      0    216      0      0      0   0.00   0.00      0   0.00    0.7  0.000    0.0  0.000      0      0      0      0      0
11/24/1990   1484      0   1428     56      0   1467      0    548      0    150      0      0      0   0.00   0.00      0   0.00    0.7  0.000    0.0  0.000      0      0      0      0      0
11/25/1990   1686      0   1632     54      0   1376      0    517      0     79      0      0      0   0.00   0.00      0   0.00    0.7  0.000    0.0  0.000      0      0      0      0      0
11/26/1990   1904      0   1852     52      0   1276      0    441      0     41      0      0      0   0.00   0.00      0   0.00    0.7  0.000    0.0  0.000      0      0      0      0      0
11/27/1990   2083      0   2033     50      0   1226      0    334      0     22      0      0      0   0.00   0.00      0   0.00    0.7  0.000    0.0  0.000      0      0      0      0      0
11/28/1990   2245      0   2197     48      0   1156      0    251      0     17      0      0      0   0.00   0.00      0   0.00    0.7  0.000    0.0  0.000      0      0      0      0      0
11/29/1990   2357      0   2357      0      0   1086      0    167      0     18      0      0      0   0.00   0.00      0   0.00    0.7  0.000    0.0  0.000      0      0      0      0      0
11/30/1990   2481      0   2481      0      0   1044      0     90      0     13      0      0      0   0.00   0.00      0   0.00    0.7  0.000    0.0  0.000      0      0      0      0      0
12/01/1990   2565      0   2565      0      0   1004      0     52      0      7      0      0      0   0.00   0.00      0   0.00    0.6  0.000    0.0  0.000      0      0      0      0      0
12/02/1990   2616      0   2616      0      0    977      0     35      0      0      0      0      0   0.00   0.00      0   0.00    0.6  0.000    0.0  0.000      0      0      0      0      0
12/03/1990   2651      0   2651      0      0    953      0     24      0      0      0      0      0   0.00   0.00      0   0.00    0.6  0.000    0.0  0.000      0      0      0      0      0
12/04/1990   2698      0   2698      0      0    912      0     18      0      0      0      0      0   0.00   0.00      0   0.00    0.6  0.000    0.0  0.000      0      0      0      0      0
12/05/1990   2749      0   2749      0      0    866      0     13      0      0      0      0      0   0.00   0.00      0   0.00    0.6  0.000    0.0  0.000      0      0      0      0      0
12/06/1990   2809      0   2809      0      0    812      0      7      0      0      0      0      0   0.00   0.00      0   0.00    0.6  0.000    0.0  0.000      0      0      0      0      0
12/07/1990   2894      0   2855     39      0    733      0      0      0      0      0      0      0   0.00   0.00      0   0.00    0.5  0.000    0.0  0.000      0      0      0      0      0
12/08/1990   3005      0   2866    139      0    620      0      0      0      5      0      0      0   0.00   0.00      0   0.00    0.5  0.000    0.0  0.000      0      0      0      0      0
12/09/1990   3122      0   2825    297      0    500      0      0      0     27      0      0      0   0.00   0.00      0   0.00    0.5  0.000    0.0  0.000      0      0      0      0      0
12/10/1990   3249      0   2745    504      0    369      0      0      0     84      0      0      0   0.00   0.00      0   0.00    0.5  0.000    0.0  0.000      0      0      0      0      0
12/11/1990   3303      0   2626    677      0    275      0      5      0    169      0      0      0   0.00   0.00      0   0.00    0.5  0.000    0.0  0.000      0      0      0      0      0
12/12/1990   3389      0   2508    881      0    185      0     27      0    251      0      0      0   0.00   0.00      0   0.00    0.5  0.000    0.0  0.000      0      0      0      0      0
12/13/1990   3467      0   2426   1041      0    103      0     84      0    305      0      0      0   0.00   0.00      0   0.00    0.5  0.000    0.0  0.000      0      0      0      0      0
12/14/1990   3507      0   2316   1191      0     59      0    174      0    272      0      0      0   0.00   0.00      0   0.00    0.5  0.000    0.0  0.000      0      0      0      0      0
12/15/1990   3527      0   2165   1362      0     35      0    278      0    248      0      0      0   0.00   0.00      0   0.00    0.5  0.000    0.0  0.000      0      0      0      0      0
12/16/1990   3534      0   1972   1562      0     29      0    384      0    216      0      0      0   0.00   0.00      0   0.00    0.5  0.000    0.0  0.000      0      0      0      0      0
12/17/1990   3536      0   1758   1778      0     45      0    419      0    259      0      0      0   0.00   0.00      0   0.00    0.5  0.000    0.0  0.000      0      0      0      0      0
12/18/1990   3537      0   1582   1955      0     97      0    442      0    301      0      0      0   0.00   0.00      0   0.00    0.5  0.000    0.0  0.000      0      0      0      0      0
12/19/1990   3539      0   1424   2115      0    181      0    431      0    335      0      0      0   0.00   0.00      0   0.00    0.5  0.000    0.0  0.000      0      0      0      0      0
12/20/1990   3541      0   1271   2270      0    278      0    427      0    274      0      0      0   0.00   0.00      0   0.00    0.5  0.000    0.0  0.000      0      0      0      0      0
12/21/1990   3536      0   1147   2389      0    389      0    438      0    152      0      0      0   0.00   0.00      0   0.00    0.4  0.000    0.0  0.000      0      0      0      0      0
12/22/1990   3531      0   1063   2468      0    446      0    494      0     39      0      0      0   0.00   0.00      0   0.00    0.4  0.000    0.0  0.000      0      0      0      0      0
12/23/1990   3526      0   1012   2514      0    526      0    453      0      0      0      0      0   0.00   0.00      0   0.00    0.4  0.000    0.0  0.000      0      0      0      0      0
12/24/1990   3521      0    977   2544      0    605      0    374      0      0      0      0      0   0.00   0.00      0   0.00    0.4  0.000    0.0  0.000      0      0      0      0      0
12/25/1990   3516      0    930   2586      0    705      0    274      0     25      0      0      0   0.00   0.00      0   0.00    0.4  0.000    0.0  0.000      0      0      0      0      0
12/26/1990   3511      0    879   2632      0    827      0    152      0     86      0      0      0   0.00   0.00      0   0.00    0.4  0.000    0.0  0.000      0      0      0      0      0
12/27/1990   3506      0    819   2687      0    940      0     39      0    171      0      0      0   0.00   0.00      0   0.00    0.4  0.000    0.0  0.000      0      0      0      0      0
12/28/1990   3501      0    733   2768      0    979      0     25      0    246      0      0      0   0.00   0.00      0   0.00    0.4  0.000    0.0  0.000      0      0      0      0      0
12/29/1990   3501      0    625   2876      0    974      0     86      0    228      0      0      0   0.00   0.00      0   0.00    0.4  0.000    0.0  0.000      0      0      0      0      0
12/30/1990   3518      0    527   2991      0    952      0    171      0    218      0      0      0   0.00   0.00      0   0.00    0.4  0.000    0.0  0.000      0      0      0      0      0
12/31/1990   3570      0    453   3117      0    895      0    271      0    198      0      0      0   0.00   0.00      0   0.00    0.4  0.000    0.0  0.000      0      0      0      0      0
