Varroa Population Simulation - Nov 23,2015  02:34:50 PM
VarroaPop Version 3.2.5.8  June, 2015

                                        Capped  Capped                                                                      Prop           Conc          Conc                                     
            Colony  Adult  Adult         Drone   Wkr    Drone  Wkr    Drone  Wkr  Free   DBrood WBrood DMite  WMite  Mites  Mites  Colony Pollen Colony Nectar   Dead   Dead   Dead   Dead   Dead
     Date   Size   Drones   Wkr   Forgrs Brood  Brood   Larv   Larv    Eggs  Eggs Mites  Mites  Mites  /Cell  /Cell  Dying  Dying  Pollen  Pest  Nectar  Pest    DLarv  WLarv  DAdlt  WAdlt  Forgrs
Initial     10000      0   8064   1936      0      0      0      0      0      0      0      0      0   0.00   0.00      0   0.00    0.0  0.000    0.0  0.000      0      0      0      0      0
08/01/1990   9616      0   7680   1936      0      0      0      0      0    459      0      0      0   0.00   0.00      0   0.00    0.0  0.000    0.0  0.000      0      0      0      0      0
08/02/1990   9232      0   7296   1936      0      0      0      0      0    917      0      0      0   0.00   0.00      0   0.00    0.1  0.000    0.0  0.000      0      0      0      0      0
08/03/1990   8848      0   6912   1936      0      0      0      0      0   1374      0      0      0   0.00   0.00      0   0.00    0.1  0.000    0.0  0.000      0      0      0      0      0
08/04/1990   8464      0   6528   1936      0      0      0    459      0   1375      0      0      0   0.00   0.00      0   0.00    0.2  0.000    0.0  0.000      0      0      0      0      0
08/05/1990   8064      0   6144   1920      0      0      0    917      0   1388      0      0      0   0.00   0.00      0   0.00    0.2  0.000    0.0  0.000      0      0      0      0      0
08/06/1990   7680      0   5760   1920      0      0      0   1374      0   1401      0      0      0   0.00   0.00      0   0.00    0.2  0.000    0.0  0.000      0      0      0      0      0
08/07/1990   7296      0   5376   1920      0      0      0   1834      0   1412      0      0      0   0.00   0.00      0   0.00    0.3  0.000    0.0  0.000      0      0      0      0      0
08/08/1990   6912      0   4992   1920      0      0      0   2305      0   1412      0      0      0   0.00   0.00      0   0.00    0.3  0.000    0.0  0.000      0      0      0      0      0
08/09/1990   6528      0   4608   1920      0    459      0   2316      0   1413      0      0      0   0.00   0.00      0   0.00    0.4  0.000    0.0  0.000      0      0      0      0      0
08/10/1990   6144      0   4224   1920      0    917      0   2329      0   1413      0      0      0   0.00   0.00      0   0.00    0.4  0.000    0.0  0.000      0      0      0      0      0
08/11/1990   3611      0   3366    245      0   1374      0   2189      0   1413      0      0      0   0.00   0.00      0   0.00    0.5  0.245    0.0  0.000      0    154      0    473   1674
08/12/1990   3365      0   3060    305      0   1727      0   2292      0   1038      0      0      0   0.00   0.00      0   0.00    0.5  0.245    0.0  0.000      0     15      0      0    197
08/13/1990   3155      0   2754    401      0   2151      0   2324      0    680      0      0      0   0.00   0.00      0   0.00    0.5  0.247    0.0  0.000      0     15      0      0    161
08/14/1990   2980      0   2448    532      0   2606      0   2325      0    345      0      0      0   0.00   0.00      0   0.00    0.5  0.265    0.0  0.000      0     15      0      0    126
08/15/1990   2836      0   2142    694      0   3062      0   1950      0    409      0      0      0   0.00   0.00      0   0.00    0.5  0.294    0.0  0.000      0     15      0      0     95
08/16/1990   2717      0   1836    881      0   3518      0   1592      0    499      0      0      0   0.00   0.00      0   0.00    0.5  0.329    0.0  0.000      0     15      0      0     70
08/17/1990   2557      0   1530   1027      0   3974      0   1258      0    611      0      0      0   0.00   0.00      0   0.00    0.6  0.360    0.0  0.000      0     14      0      0     51
08/18/1990   2374      0   1224   1150      0   4430      0    959      0    708      0      0      0   0.00   0.00      0   0.00    0.6  0.384    0.0  0.000      0      3      0      0     38
08/19/1990   2194      0    918   1276      0   4887      0    705      0    782      0      0      0   0.00   0.00      0   0.00    0.7  0.354    0.0  0.000      0      0      0      0      0
08/20/1990   1983      0    612   1371      0   4980      0    860      0    848      0      0      0   0.00   0.00      0   0.00    0.7  0.325    0.0  0.000      0      0      0      0      0
08/21/1990   1747      0    306   1441      0   5093      0   1004      0    925      0      0      0   0.00   0.00      0   0.00    0.8  0.298    0.0  0.000      0      0      0      0      0
08/22/1990   1951      0    459   1492      0   4770      0   1145      0   1010      0      0      0   0.00   0.00      0   0.00    0.8  0.276    0.0  0.000      0      0      0      0      0
08/23/1990   2141      0    917   1224      0   4472      0   1299      0   1074      0      0      0   0.00   0.00      0   0.00    0.9  0.260    0.0  0.000      0      0      0      0      0
08/24/1990   2292      0   1374    918      0   4218      0   1430      0   1040      0      0      0   0.00   0.00      0   0.00    0.9  0.251    0.0  0.000      0      0      0      0      0
08/25/1990   2339      0   1727    612      0   4113      0   1544      0    903      0      0      0   0.00   0.00      0   0.00    0.9  0.246    0.0  0.000      0      0      0      0      0
08/26/1990   2457      0   2151    306      0   3946      0   1665      0    696      0      0      0   0.00   0.00      0   0.00    0.9  0.246    0.0  0.000      0      0      0      0      0
08/27/1990   2606      0   2606      0      0   3768      0   1688      0    497      0      0      0   0.00   0.00      0   0.00    0.9  0.246    0.0  0.000      0      0      0      0      0
08/28/1990   3062      0   3062      0      0   3626      0   1599      0    272      0      0      0   0.00   0.00      0   0.00    0.9  0.246    0.0  0.000      0      0      0      0      0
08/29/1990   3518      0   3518      0      0   3504      0   1436      0    101      0      0      0   0.00   0.00      0   0.00    0.9  0.246    0.0  0.000      0      0      0      0      0
08/30/1990   3974      0   3974      0      0   3410      0   1175      0      0      0      0      0   0.00   0.00      0   0.00    0.9  0.246    0.0  0.000      0      0      0      0      0
08/31/1990   4430      0   4430      0      0   3332      0    797      0      0      0      0      0   0.00   0.00      0   0.00    0.8  0.245    0.0  0.000      0      0      0      0      0
09/01/1990   4887      0   4887      0      0   3175      0    497      0      0      0      0      0   0.00   0.00      0   0.00    0.8  0.245    0.0  0.000      0      0      0      0      0
09/02/1990   4980      0   4980      0      0   3307      0    272      0      0      0      0      0   0.00   0.00      0   0.00    0.8  0.245    0.0  0.000      0      0      0      0      0
09/03/1990   5093      0   5093      0      0   3365      0    101      0      0      0      0      0   0.00   0.00      0   0.00    0.8  0.244    0.0  0.000      0      0      0      0      0
09/04/1990   5229      0   5229      0      0   3330      0      0      0      0      0      0      0   0.00   0.00      0   0.00    0.7  0.244    0.0  0.000      0      0      0      0      0
09/05/1990   5389      0   5389      0      0   3170      0      0      0      0      0      0      0   0.00   0.00      0   0.00    0.7  0.243    0.0  0.000      0      0      0      0      0
09/06/1990   5592      0   5592      0      0   2967      0      0      0      0      0      0      0   0.00   0.00      0   0.00    0.7  0.242    0.0  0.000      0      0      0      0      0
09/07/1990   5840      0   5840      0      0   2719      0      0      0      0      0      0      0   0.00   0.00      0   0.00    0.6  0.241    0.0  0.000      0      0      0      0      0
09/08/1990   6097      0   6097      0      0   2462      0      0      0      0      0      0      0   0.00   0.00      0   0.00    0.6  0.240    0.0  0.000      0      0      0      0      0
09/09/1990   6374      0   6374      0      0   2185      0      0      0      0      0      0      0   0.00   0.00      0   0.00    0.5  0.238    0.0  0.000      0      0      0      0      0
09/10/1990   6688      0   6688      0      0   1871      0      0      0      0      0      0      0   0.00   0.00      0   0.00    0.5  0.235    0.0  0.000      0      0      0      0      0
09/11/1990   7022      0   7022      0      0   1537      0      0      0      0      0      0      0   0.00   0.00      0   0.00    0.4  0.231    0.0  0.000      0      0      0      0      0
09/12/1990   7384      0   6925    459      0   1175      0      0      0      0      0      0      0   0.00   0.00      0   0.00    0.4  0.230    0.0  0.000      0      0      0      0      0
09/13/1990   7762      0   6845    917      0    797      0      0      0    152      0      0      0   0.00   0.00      0   0.00    0.4  0.230    0.0  0.000      0      0      0      0      0
09/14/1990   8062      0   6688   1374      0    497      0      0      0    395      0      0      0   0.00   0.00      0   0.00    0.4  0.221    0.0  0.000      0      0      0      0      0
09/15/1990   8287      0   6560   1727      0    272      0      0      0    716      0      0      0   0.00   0.00      0   0.00    0.4  0.203    0.0  0.000      0      0      0      0      0
09/16/1990   8458      0   6307   2151      0    101      0    152      0    937      0      0      0   0.00   0.00      0   0.00    0.5  0.180    0.0  0.000      0      0      0      0      0
09/17/1990   8100      0   5953   2147      0      0      0    395      0   1129      0      0      0   0.00   0.00      0   0.00    0.5  0.161    0.0  0.000      0      0      0      0      0
09/18/1990   7642      0   5497   2145      0      0      0    716      0   1235      0      0      0   0.00   0.00      0   0.00    0.6  0.145    0.0  0.000      0      0      0      0      0
09/19/1990   7185      0   5041   2144      0      0      0   1089      0   1283      0      0      0   0.00   0.00      0   0.00    0.7  0.131    0.0  0.000      0      0      0      0      0
09/20/1990   6832      0   4585   2247      0      0      0   1524      0   1293      0      0      0   0.00   0.00      0   0.00    0.7  0.119    0.0  0.000      0      0      0      0      0
09/21/1990   6408      0   4129   2279      0    152      0   1799      0   1326      0      0      0   0.00   0.00      0   0.00    0.8  0.108    0.0  0.000      0      0      0      0      0
09/22/1990   5953      0   3672   2281      0    395      0   1977      0   1342      0      0      0   0.00   0.00      0   0.00    0.9  0.099    0.0  0.000      0      0      0      0      0
09/23/1990   5497      0   3579   1918      0    716      0   2101      0   1308      0      0      0   0.00   0.00      0   0.00    0.9  0.093    0.0  0.000      0      0      0      0      0
09/24/1990   5041      0   3466   1575      0   1089      0   2188      0   1240      0      0      0   0.00   0.00      0   0.00    1.0  0.089    0.0  0.000      0      0      0      0      0
09/25/1990   4585      0   3330   1255      0   1524      0   2190      0   1147      0      0      0   0.00   0.00      0   0.00    1.0  0.087    0.0  0.000      0      0      0      0      0
09/26/1990   4129      0   3170    959      0   1951      0   2174      0   1030      0      0      0   0.00   0.00      0   0.00    1.0  0.086    0.0  0.000      0      0      0      0      0
09/27/1990   3672      0   2967    705      0   2372      0   2145      0    882      0      0      0   0.00   0.00      0   0.00    1.0  0.085    0.0  0.000      0      0      0      0      0
09/28/1990   3579      0   2719    860      0   2817      0   2044      0    736      0      0      0   0.00   0.00      0   0.00    1.0  0.084    0.0  0.000      0      0      0      0      0
09/29/1990   3466      0   2462   1004      0   3277      0   1878      0    683      0      0      0   0.00   0.00      0   0.00    1.1  0.082    0.0  0.000      0      0      0      0      0
09/30/1990   3330      0   2185   1145      0   3714      0   1685      0    716      0      0      0   0.00   0.00      0   0.00    1.1  0.080    0.0  0.000      0      0      0      0      0
10/01/1990   3170      0   1871   1299      0   4125      0   1472      0    825      0      0      0   0.00   0.00      0   0.00    1.1  0.077    0.0  0.000      0      0      0      0      0
10/02/1990   2967      0   1537   1430      0   4517      0   1321      0    897      0      0      0   0.00   0.00      0   0.00    1.2  0.074    0.0  0.000      0      0      0      0      0
10/03/1990   2719      0   1175   1544      0   4861      0   1254      0    957      0      0      0   0.00   0.00      0   0.00    1.3  0.070    0.0  0.000      0      0      0      0      0
10/04/1990   2614      0    949   1665      0   5003      0   1267      0   1034      0      0      0   0.00   0.00      0   0.00    1.3  0.066    0.0  0.000      0      0      0      0      0
10/05/1990   2580      0    892   1688      0   5004      0   1336      0   1092      0      0      0   0.00   0.00      0   0.00    1.4  0.063    0.0  0.000      0      0      0      0      0
10/06/1990   2587      0    988   1599      0   4881      0   1475      0   1097      0      0      0   0.00   0.00      0   0.00    1.5  0.060    0.0  0.000      0      0      0      0      0
10/07/1990   2626      0   1190   1436      0   4749      0   1618      0   1018      0      0      0   0.00   0.00      0   0.00    1.5  0.058    0.0  0.000      0      0      0      0      0
10/08/1990   2699      0   1524   1175      0   4591      0   1712      0    936      0      0      0   0.00   0.00      0   0.00    1.6  0.056    0.0  0.000      0      0      0      0      0
10/09/1990   2748      0   1951    797      0   4471      0   1747      0    863      0      0      0   0.00   0.00      0   0.00    1.6  0.055    0.0  0.000      0      0      0      0      0
10/10/1990   2869      0   2372    497      0   4363      0   1739      0    756      0      0      0   0.00   0.00      0   0.00    1.6  0.055    0.0  0.000      0      0      0      0      0
10/11/1990   3089      0   2817    272      0   4255      0   1691      0    603      0      0      0   0.00   0.00      0   0.00    1.6  0.055    0.0  0.000      0      0      0      0      0
10/12/1990   3378      0   3277    101      0   4179      0   1576      0    416      0      0      0   0.00   0.00      0   0.00    1.6  0.055    0.0  0.000      0      0      0      0      0
10/13/1990   3714      0   3714      0      0   4113      0   1403      0    250      0      0      0   0.00   0.00      0   0.00    1.6  0.055    0.0  0.000      0      0      0      0      0
10/14/1990   4125      0   4125      0      0   4044      0   1197      0    114      0      0      0   0.00   0.00      0   0.00    1.5  0.055    0.0  0.000      0      0      0      0      0
10/15/1990   4517      0   4517      0      0   3957      0    974      0     32      0      0      0   0.00   0.00      0   0.00    1.5  0.055    0.0  0.000      0      0      0      0      0
10/16/1990   4861      0   4861      0      0   3902      0    717      0      0      0      0      0   0.00   0.00      0   0.00    1.5  0.055    0.0  0.000      0      0      0      0      0
10/17/1990   5155      0   5155      0      0   3877      0    448      0      0      0      0      0   0.00   0.00      0   0.00    1.4  0.055    0.0  0.000      0      0      0      0      0
10/18/1990   5399      0   5399      0      0   3831      0    250      0      0      0      0      0   0.00   0.00      0   0.00    1.4  0.055    0.0  0.000      0      0      0      0      0
10/19/1990   5597      0   5597      0      0   3769      0    114      0      0      0      0      0   0.00   0.00      0   0.00    1.4  0.055    0.0  0.000      0      0      0      0      0
10/20/1990   5838      0   5838      0      0   3610      0     32      0      0      0      0      0   0.00   0.00      0   0.00    1.3  0.055    0.0  0.000      0      0      0      0      0
10/21/1990   6115      0   6115      0      0   3365      0      0      0      0      0      0      0   0.00   0.00      0   0.00    1.3  0.055    0.0  0.000      0      0      0      0      0
10/22/1990   6422      0   6422      0      0   3058      0      0      0      0      0      0      0   0.00   0.00      0   0.00    1.3  0.055    0.0  0.000      0      0      0      0      0
10/23/1990   6735      0   6735      0      0   2745      0      0      0      0      0      0      0   0.00   0.00      0   0.00    1.2  0.055    0.0  0.000      0      0      0      0      0
10/24/1990   7072      0   7072      0      0   2408      0      0      0      0      0      0      0   0.00   0.00      0   0.00    1.2  0.055    0.0  0.000      0      0      0      0      0
10/25/1990   7456      0   7304    152      0   2024      0      0      0      0      0      0      0   0.00   0.00      0   0.00    1.1  0.054    0.0  0.000      0      0      0      0      0
10/26/1990   7827      0   7432    395      0   1653      0      0      0     45      0      0      0   0.00   0.00      0   0.00    1.1  0.054    0.0  0.000      0      0      0      0      0
10/27/1990   8169      0   7453    716      0   1311      0      0      0    155      0      0      0   0.00   0.00      0   0.00    1.1  0.054    0.0  0.000      0      0      0      0      0
10/28/1990   8474      0   7385   1089      0   1006      0      0      0    328      0      0      0   0.00   0.00      0   0.00    1.1  0.054    0.0  0.000      0      0      0      0      0
10/29/1990   8763      0   7239   1524      0    717      0     45      0    515      0      0      0   0.00   0.00      0   0.00    1.1  0.053    0.0  0.000      0      0      0      0      0
10/30/1990   8880      0   7081   1799      0    448      0    155      0    675      0      0      0   0.00   0.00      0   0.00    1.1  0.052    0.0  0.000      0      0      0      0      0
10/31/1990   8835      0   6858   1977      0    250      0    328      0    789      0      0      0   0.00   0.00      0   0.00    1.1  0.050    0.0  0.000      0      0      0      0      0
11/01/1990   8645      0   6549   2096      0    114      0    560      0    806      0      0      0   0.00   0.00      0   0.00    1.2  0.048    0.0  0.000      0      0      0      0      0
11/02/1990   8350      0   6171   2179      0     32      0    830      0    775      0      0      0   0.00   0.00      0   0.00    1.3  0.046    0.0  0.000      0      0      0      0      0
11/03/1990   7944      0   5766   2178      0     45      0   1072      0    748      0      0      0   0.00   0.00      0   0.00    1.3  0.043    0.0  0.000      0      0      0      0      0
11/04/1990   7515      0   5355   2160      0    155      0   1211      0    786      0      0      0   0.00   0.00      0   0.00    1.4  0.042    0.0  0.000      0      0      0      0      0
11/05/1990   7093      0   4963   2130      0    328      0   1277      0    841      0      0      0   0.00   0.00      0   0.00    1.4  0.040    0.0  0.000      0      0      0      0      0
11/06/1990   6648      0   4619   2029      0    560      0   1305      0    826      0      0      0   0.00   0.00      0   0.00    1.5  0.038    0.0  0.000      0      0      0      0      0
11/07/1990   6188      0   4325   1863      0    830      0   1322      0    773      0      0      0   0.00   0.00      0   0.00    1.5  0.037    0.0  0.000      0      0      0      0      0
11/08/1990   5751      0   4081   1670      0   1117      0   1329      0    732      0      0      0   0.00   0.00      0   0.00    1.6  0.036    0.0  0.000      0      0      0      0      0
11/09/1990   5340      0   3883   1457      0   1366      0   1325      0    735      0      0      0   0.00   0.00      0   0.00    1.6  0.035    0.0  0.000      0      0      0      0      0
11/10/1990   4948      0   3642   1306      0   1605      0   1320      0    733      0      0      0   0.00   0.00      0   0.00    1.6  0.035    0.0  0.000      0      0      0      0      0
11/11/1990   4604      0   3365   1239      0   1865      0   1313      0    705      0      0      0   0.00   0.00      0   0.00    1.7  0.034    0.0  0.000      0      0      0      0      0
11/12/1990   4310      0   3058   1252      0   2152      0   1274      0    683      0      0      0   0.00   0.00      0   0.00    1.7  0.034    0.0  0.000      0      0      0      0      0
11/13/1990   4066      0   2745   1321      0   2446      0   1212      0    688      0      0      0   0.00   0.00      0   0.00    1.7  0.033    0.0  0.000      0      0      0      0      0
11/14/1990   3868      0   2408   1460      0   2691      0   1192      0    675      0      0      0   0.00   0.00      0   0.00    1.8  0.032    0.0  0.000      0      0      0      0      0
11/15/1990   3627      0   2024   1603      0   2925      0   1184      0    665      0      0      0   0.00   0.00      0   0.00    1.8  0.031    0.0  0.000      0      0      0      0      0
11/16/1990   3395      0   1698   1697      0   3133      0   1168      0    681      0      0      0   0.00   0.00      0   0.00    1.9  0.030    0.0  0.000      0      0      0      0      0
11/17/1990   3198      0   1466   1732      0   3271      0   1132      0    744      0      0      0   0.00   0.00      0   0.00    2.0  0.029    0.0  0.000      0      0      0      0      0
11/18/1990   3058      0   1334   1724      0   3330      0   1116      0    788      0      0      0   0.00   0.00      0   0.00    2.0  0.028    0.0  0.000      0      0      0      0      0
11/19/1990   2953      0   1277   1676      0   3323      0   1144      0    800      0      0      0   0.00   0.00      0   0.00    2.1  0.027    0.0  0.000      0      0      0      0      0
11/20/1990   3218      0   1278   1940      0   3279      0   1193      0    717      0      0      0   0.00   0.00      0   0.00    2.2  0.026    0.0  0.000      0      0      0      0      0
11/21/1990   3122      0   1367   1755      0   3229      0   1216      0    640      0      0      0   0.00   0.00      0   0.00    2.3  0.025    0.0  0.000      0      0      0      0      0
11/22/1990   2664      0   1480   1184      0   3192      0   1269      0    560      0      0      0   0.00   0.00      0   0.00    2.3  0.025    0.0  0.000      0      0      0      0      0
11/23/1990   2598      0   1637    961      0   3169      0   1245      0    511      0      0      0   0.00   0.00      0   0.00    2.3  0.025    0.0  0.000      0      0      0      0      0
11/24/1990   2569      0   1865    704      0   3162      0   1175      0    454      0      0      0   0.00   0.00      0   0.00    2.4  0.024    0.0  0.000      0      0      0      0      0
11/25/1990   2851      0   2152    699      0   3150      0   1085      0    380      0      0      0   0.00   0.00      0   0.00    2.3  0.024    0.0  0.000      0      0      0      0      0
11/26/1990   3140      0   2446    694      0   3116      0    968      0    311      0      0      0   0.00   0.00      0   0.00    2.3  0.024    0.0  0.000      0      0      0      0      0
11/27/1990   3380      0   2691    689      0   3136      0    829      0    251      0      0      0   0.00   0.00      0   0.00    2.3  0.024    0.0  0.000      0      0      0      0      0
11/28/1990   3609      0   2925    684      0   3094      0    748      0    217      0      0      0   0.00   0.00      0   0.00    2.3  0.024    0.0  0.000      0      0      0      0      0
11/29/1990   3407      0   3178    229      0   3024      0    639      0    233      0      0      0   0.00   0.00      0   0.00    2.3  0.024    0.0  0.000      0      0      0      0      0
11/30/1990   3525      0   3426     99      0   2961      0    520      0    203      0      0      0   0.00   0.00      0   0.00    2.3  0.024    0.0  0.000      0      0      0      0      0
12/01/1990   3755      0   3658     97      0   2872      0    454      0    139      0      0      0   0.00   0.00      0   0.00    2.3  0.024    0.0  0.000      0      0      0      0      0
12/02/1990   3978      0   3883     95      0   2773      0    418      0     60      0      0      0   0.00   0.00      0   0.00    2.3  0.024    0.0  0.000      0      0      0      0      0
12/03/1990   4131      0   4109     22      0   2658      0    343      0     36      0      0      0   0.00   0.00      0   0.00    2.2  0.024    0.0  0.000      0      0      0      0      0
12/04/1990   4346      0   4346      0      0   2495      0    282      0     26      0      0      0   0.00   0.00      0   0.00    2.2  0.024    0.0  0.000      0      0      0      0      0
12/05/1990   4558      0   4558      0      0   2349      0    227      0     15      0      0      0   0.00   0.00      0   0.00    2.2  0.024    0.0  0.000      0      0      0      0      0
12/06/1990   4774      0   4774      0      0   2210      0    162      0      3      0      0      0   0.00   0.00      0   0.00    2.1  0.024    0.0  0.000      0      0      0      0      0
12/07/1990   5026      0   4982     44      0   2047      0     75      0      0      0      0      0   0.00   0.00      0   0.00    2.1  0.024    0.0  0.000      0      0      0      0      0
12/08/1990   5299      0   5147    152      0   1808      0     39      0      6      0      0      0   0.00   0.00      0   0.00    2.1  0.024    0.0  0.000      0      0      0      0      0
12/09/1990   5556      0   5234    322      0   1561      0     26      0     29      0      0      0   0.00   0.00      0   0.00    2.1  0.024    0.0  0.000      0      0      0      0      0
12/10/1990   5817      0   5267    550      0   1307      0     15      0     91      0      0      0   0.00   0.00      0   0.00    2.0  0.024    0.0  0.000      0      0      0      0      0
12/11/1990   6004      0   5189    815      0   1127      0      9      0    181      0      0      0   0.00   0.00      0   0.00    2.0  0.024    0.0  0.000      0      0      0      0      0
12/12/1990   6182      0   5085   1097      0    947      0     29      0    278      0      0      0   0.00   0.00      0   0.00    2.0  0.024    0.0  0.000      0      0      0      0      0
12/13/1990   6362      0   5021   1341      0    762      0     91      0    346      0      0      0   0.00   0.00      0   0.00    2.0  0.024    0.0  0.000      0      0      0      0      0
12/14/1990   6500      0   4925   1575      0    619      0    187      0    318      0      0      0   0.00   0.00      0   0.00    2.0  0.024    0.0  0.000      0      0      0      0      0
12/15/1990   6621      0   4791   1830      0    493      0    307      0    294      0      0      0   0.00   0.00      0   0.00    2.0  0.024    0.0  0.000      0      0      0      0      0
12/16/1990   6727      0   4615   2112      0    388      0    431      0    260      0      0      0   0.00   0.00      0   0.00    1.9  0.024    0.0  0.000      0      0      0      0      0
12/17/1990   6795      0   4395   2400      0    337      0    476      0    312      0      0      0   0.00   0.00      0   0.00    1.9  0.024    0.0  0.000      0      0      0      0      0
12/18/1990   6855      0   4216   2639      0    333      0    510      0    363      0      0      0   0.00   0.00      0   0.00    1.9  0.024    0.0  0.000      0      0      0      0      0
12/19/1990   6926      0   4059   2867      0    352      0    510      0    402      0      0      0   0.00   0.00      0   0.00    1.9  0.024    0.0  0.000      0      0      0      0      0
12/20/1990   7010      0   3896   3114      0    382      0    510      0    329      0      0      0   0.00   0.00      0   0.00    1.8  0.024    0.0  0.000      0      0      0      0      0
12/21/1990   7040      0   3684   3356      0    476      0    527      0    182      0      0      0   0.00   0.00      0   0.00    1.8  0.024    0.0  0.000      0      0      0      0      0
12/22/1990   7047      0   3465   3582      0    531      0    594      0     47      0      0      0   0.00   0.00      0   0.00    1.8  0.024    0.0  0.000      0      0      0      0      0
12/23/1990   7051      0   3251   3800      0    616      0    545      0      0      0      0      0   0.00   0.00      0   0.00    1.7  0.024    0.0  0.000      0      0      0      0      0
12/24/1990   7056      0   3037   4019      0    700      0    449      0      0      0      0      0   0.00   0.00      0   0.00    1.7  0.024    0.0  0.000      0      0      0      0      0
12/25/1990   7052      0   2803   4249      0    817      0    329      0     32      0      0      0   0.00   0.00      0   0.00    1.7  0.024    0.0  0.000      0      0      0      0      0
12/26/1990   7045      0   2591   4454      0    964      0    182      0    111      0      0      0   0.00   0.00      0   0.00    1.7  0.024    0.0  0.000      0      0      0      0      0
12/27/1990   7038      0   2375   4663      0   1099      0     47      0    223      0      0      0   0.00   0.00      0   0.00    1.7  0.024    0.0  0.000      0      0      0      0      0
12/28/1990   7031      0   2122   4909      0   1146      0     32      0    322      0      0      0   0.00   0.00      0   0.00    1.6  0.024    0.0  0.000      0      0      0      0      0
12/29/1990   7030      0   1853   5177      0   1140      0    111      0    301      0      0      0   0.00   0.00      0   0.00    1.6  0.024    0.0  0.000      0      0      0      0      0
12/30/1990   7045      0   1616   5429      0   1117      0    223      0    290      0      0      0   0.00   0.00      0   0.00    1.6  0.024    0.0  0.000      0      0      0      0      0
12/31/1990   7099      0   1413   5686      0   1055      0    354      0    266      0      0      0   0.00   0.00      0   0.00    1.6  0.024    0.0  0.000      0      0      0      0      0
