Varroa Population Simulation - Nov 24,2015  04:08:53 PM
VarroaPop Version 3.2.5.8  June, 2015

                                        Capped  Capped                                                                      Prop           Conc          Conc                                     
            Colony  Adult  Adult         Drone   Wkr    Drone  Wkr    Drone  Wkr  Free   DBrood WBrood DMite  WMite  Mites  Mites  Colony Pollen Colony Nectar   Dead   Dead   Dead   Dead   Dead
     Date   Size   Drones   Wkr   Forgrs Brood  Brood   Larv   Larv    Eggs  Eggs Mites  Mites  Mites  /Cell  /Cell  Dying  Dying  Pollen  Pest  Nectar  Pest    DLarv  WLarv  DAdlt  WAdlt  Forgrs
Initial     10000      0   6993   3007      0      0      0      0      0      0      0      0      0   0.00   0.00      0   0.00    0.0  0.000    0.0  0.000      0      0      0      0      0
05/01/1990   9667      0   6660   3007      0      0      0      0      1    371      0      0      0   0.00   0.00      0   0.00    0.1  0.000    0.0  0.000      0      0      0      0      0
05/02/1990   9334      0   6327   3007      0      0      0      0      2    771      0      0      0   0.00   0.00      0   0.00    0.2  0.000    0.0  0.000      0      0      0      0      0
05/03/1990   9001      0   5994   3007      0      0      0      0      3   1207      0      0      0   0.00   0.00      0   0.00    0.3  0.000    0.0  0.000      0      0      0      0      0
05/04/1990   8668      0   5661   3007      0      0      1    371      3   1289      0      0      0   0.00   0.00      0   0.00    0.4  0.000    0.0  0.000      0      0      0      0      0
05/05/1990   8335      0   5328   3007      0      0      2    771      3   1351      0      0      0   0.00   0.00      0   0.00    0.5  0.000    0.0  0.000      0      0      0      0      0
05/06/1990   8002      0   4995   3007      0      0      3   1207      3   1368      0      0      0   0.00   0.00      0   0.00    0.6  0.000    0.0  0.000      0      0      0      0      0
05/07/1990   7669      0   4662   3007      0      0      4   1660      3   1335      0      0      0   0.00   0.00      0   0.00    0.7  0.000    0.0  0.000      0      0      0      0      0
05/08/1990   7336      0   4329   3007      0      0      5   2122      3   1286      0      0      0   0.00   0.00      0   0.00    0.8  0.000    0.0  0.000      0      0      0      0      0
05/09/1990   6993      0   3996   2997      0    371      6   2204      3   1215      0      0      0   0.00   0.00      0   0.00    0.9  0.000    0.0  0.000      0      0      0      0      0
05/10/1990   6660      0   3663   2997      0    771      7   2224      2   1123      0      0      0   0.00   0.00      0   0.00    1.0  0.000    0.0  0.000      0      0      0      0      0
05/11/1990   6327      0   3330   2997      1   1207      7   2201      1   1072      0      0      0   0.00   0.00      0   0.00    1.1  0.000    0.0  0.000      0      0      0      0      0
05/12/1990   5994      0   2997   2997      2   1660      7   2130      1   1065      0      0      0   0.00   0.00      0   0.00    1.2  0.000    0.0  0.000      0      0      0      0      0
05/13/1990   5661      0   2664   2997      3   2122      6   1996      2   1118      0      0      0   0.00   0.00      0   0.00    1.3  0.000    0.0  0.000      0      0      0      0      0
05/14/1990   5328      0   2331   2997      4   2575      5   1905      3   1136      0      0      0   0.00   0.00      0   0.00    1.4  0.000    0.0  0.000      0      0      0      0      0
05/15/1990   4995      0   1998   2997      5   2995      5   1860      2   1127      0      0      0   0.00   0.00      0   0.00    1.5  0.000    0.0  0.000      0      0      0      0      0
05/16/1990   4662      0   1665   2997      6   3408      5   1828      2   1155      0      0      0   0.00   0.00      0   0.00    1.6  0.000    0.0  0.000      0      0      0      0      0
05/17/1990   4329      0   1332   2997      7   3790      5   1826      2   1157      0      0      0   0.00   0.00      0   0.00    1.8  0.000    0.0  0.000      0      0      0      0      0
05/18/1990   3996      0    999   2997      8   4118      4   1864      2   1133      0      0      0   0.00   0.00      0   0.00    1.9  0.000    0.0  0.000      0      0      0      0      0
05/19/1990   3663      0    666   2997      9   4480      4   1911      1   1056      0      0      0   0.00   0.00      0   0.00    2.0  0.000    0.0  0.000      0      0      0      0      0
05/20/1990   3330      0    333   2997      9   4855      5   1918      1   1051      0      0      0   0.00   0.00      0   0.00    2.2  0.000    0.0  0.000      0      0      0      0      0
05/21/1990   2997      0      0   2997      9   5236      5   1879      2   1103      0      0      0   0.00   0.00      0   0.00    2.3  0.000    0.0  0.000      0      0      0      0      0
05/22/1990   3035      0    371   2664     10   5245      4   1831      3   1173      0      0      0   0.00   0.00      0   0.00    2.4  0.000    0.0  0.000      0      0      0      0      0
05/23/1990   3435      0    771   2664     11   5211      4   1842      2   1108      0      0      0   0.00   0.00      0   0.00    2.4  0.000    0.0  0.000      0      0      0      0      0
05/24/1990   3538      0   1207   2331     12   5184      4   1827      1   1024      0      0      0   0.00   0.00      0   0.00    2.5  0.000    0.0  0.000      0      0      0      0      0
05/25/1990   3659      1   1660   1998     11   5113      5   1847      0    946      0      0      0   0.00   0.00      0   0.00    2.6  0.000    0.0  0.000      0      0      0      0      0
05/26/1990   3789      2   2122   1665     11   4993      4   1817      0    936      0      0      0   0.00   0.00      0   0.00    2.6  0.000    0.0  0.000      0      0      0      0      0
05/27/1990   4243      3   2575   1665     11   4872      3   1795      0    863      0      0      0   0.00   0.00      0   0.00    2.6  0.000    0.0  0.000      0      0      0      0      0
05/28/1990   4664      4   2995   1665     10   4829      3   1742      0    772      0      0      0   0.00   0.00      0   0.00    2.6  0.000    0.0  0.000      0      0      0      0      0
05/29/1990   4745      5   3408   1332      9   4810      3   1650      0    721      0      0      0   0.00   0.00      0   0.00    2.6  0.000    0.0  0.000      0      0      0      0      0
05/30/1990   4795      6   3790    999      9   4830      2   1485      0    705      0      0      0   0.00   0.00      0   0.00    2.7  0.000    0.0  0.000      0      0      0      0      0
05/31/1990   4791      7   4118    666      9   4814      1   1406      0    644      0      0      0   0.00   0.00      0   0.00    2.7  0.000    0.0  0.000      0      0      0      0      0
06/01/1990   4821      8   4480    333      9   4762      0   1347      0    523      0      0      0   0.00   0.00      0   0.00    2.7  0.000    0.0  0.000      0      0      0      0      0
06/02/1990   4864      9   4855      0      8   4711      0   1244      0    386      0      0      0   0.00   0.00      0   0.00    2.6  0.000    0.0  0.000      0      0      0      0      0
06/03/1990   5245      9   5236      0      8   4632      0   1114      0    214      0      0      0   0.00   0.00      0   0.00    2.6  0.000    0.0  0.000      0      0      0      0      0
06/04/1990   5625      9   5616      0      8   4489      0   1007      0     84      0      0      0   0.00   0.00      0   0.00    2.6  0.000    0.0  0.000      0      0      0      0      0
06/05/1990   5992     10   5982      0      7   4356      0    858      0      0      0      0      0   0.00   0.00      0   0.00    2.5  0.000    0.0  0.000      0      0      0      0      0
06/06/1990   6402     11   6391      0      6   4198      0    607      0      0      0      0      0   0.00   0.00      0   0.00    2.5  0.000    0.0  0.000      0      0      0      0      0
06/07/1990   6785     12   6773      0      5   4037      0    386      0      0      0      0      0   0.00   0.00      0   0.00    2.4  0.000    0.0  0.000      0      0      0      0      0
06/08/1990   7127     12   7115      0      5   3867      0    214      0      0      0      0      0   0.00   0.00      0   0.00    2.4  0.000    0.0  0.000      0      0      0      0      0
06/09/1990   7460     13   7447      0      4   3665      0     84      0      0      0      0      0   0.00   0.00      0   0.00    2.3  0.000    0.0  0.000      0      0      0      0      0
06/10/1990   7838     14   7824      0      3   3372      0      0      0      0      0      0      0   0.00   0.00      0   0.00    2.3  0.000    0.0  0.000      0      0      0      0      0
06/11/1990   8232     14   8218      0      3   2978      0      0      0      0      0      0      0   0.00   0.00      0   0.00    2.2  0.000    0.0  0.000      0      0      0      0      0
06/12/1990   8634     14   8249    371      3   2576      0      0      0      0      0      0      0   0.00   0.00      0   0.00    2.2  0.000    0.0  0.000      0      0      0      0      0
06/13/1990   8947     15   8161    771      2   2264      0      0      0     87      0      0      0   0.00   0.00      0   0.00    2.2  0.000    0.0  0.000      0      0      0      0      0
06/14/1990   9258     16   8035   1207      1   1954      0      0      0    240      0      0      0   0.00   0.00      0   0.00    2.2  0.000    0.0  0.000      0      0      0      0      0
06/15/1990   9582     16   7906   1660      0   1630      0      0      0    461      0      0      0   0.00   0.00      0   0.00    2.2  0.000    0.0  0.000      0      0      0      0      0
06/16/1990   9883     15   7746   2122      0   1328      0     87      0    667      0      0      0   0.00   0.00      0   0.00    2.2  0.000    0.0  0.000      0      0      0      0      0
06/17/1990  10119     14   7530   2575      0   1091      0    240      0    873      0      0      0   0.00   0.00      0   0.00    2.3  0.000    0.0  0.000      0      0      0      0      0
06/18/1990  10351     13   7343   2995      0    858      0    461      0   1034      0      0      0   0.00   0.00      0   0.00    2.4  0.000    0.0  0.000      0      0      0      0      0
06/19/1990  10601     12   7181   3408      0    607      0    754      1   1188      0      0      0   0.00   0.00      0   0.00    2.5  0.000    0.0  0.000      0      0      0      0      0
06/20/1990  10821     11   7020   3790      0    386      0   1113      3   1345      0      0      0   0.00   0.00      0   0.00    2.6  0.000    0.0  0.000      0      0      0      0      0
06/21/1990  10621     10   6864   3747      0    301      0   1408      6   1508      0      0      0   0.00   0.00      0   0.00    2.7  0.000    0.0  0.000      0      0      0      0      0
06/22/1990  10350      9   6632   3709      0    324      1   1702      7   1568      0      0      0   0.00   0.00      0   0.00    2.9  0.000    0.0  0.000      0      0      0      0      0
06/23/1990   9997      8   6341   3648      0    461      3   1997      7   1554      0      0      0   0.00   0.00      0   0.00    3.0  0.000    0.0  0.000      0      0      0      0      0
06/24/1990   9544      8   5960   3576      0    754      6   2249      6   1517      0      0      0   0.00   0.00      0   0.00    3.1  0.000    0.0  0.000      0      0      0      0      0
06/25/1990   9082      8   5580   3494      0   1113      8   2397      6   1512      0      0      0   0.00   0.00      0   0.00    3.2  0.000    0.0  0.000      0      0      0      0      0
06/26/1990   8628      7   5214   3407      0   1495     10   2517      6   1511      0      0      0   0.00   0.00      0   0.00    3.3  0.000    0.0  0.000      0      0      0      0      0
06/27/1990   8207      6   4805   3396      0   1942     12   2578      6   1489      0      0      0   0.00   0.00      0   0.00    3.4  0.000    0.0  0.000      0      0      0      0      0
06/28/1990   7793      5   4423   3365      0   2458     14   2564      6   1464      0      0      0   0.00   0.00      0   0.00    3.5  0.000    0.0  0.000      0      0      0      0      0
06/29/1990   7411      5   4081   3325      1   3003     15   2520      6   1462      0      0      0   0.00   0.00      0   0.00    3.7  0.000    0.0  0.000      0      0      0      0      0
06/30/1990   7082      4   3749   3329      3   3510     15   2499      6   1475      0      0      0   0.00   0.00      0   0.00    3.8  0.000    0.0  0.000      0      0      0      0      0
07/01/1990   6719      3   3372   3344      6   4012     14   2474      6   1496      0      0      0   0.00   0.00      0   0.00    3.9  0.000    0.0  0.000      0      0      0      0      0
07/02/1990   6344      3   2978   3363      8   4520     14   2465      6   1477      0      0      0   0.00   0.00      0   0.00    4.0  0.000    0.0  0.000      0      0      0      0      0
07/03/1990   5963      3   2576   3384     10   5022     14   2462      6   1455      0      0      0   0.00   0.00      0   0.00    4.2  0.000    0.0  0.000      0      0      0      0      0
07/04/1990   5669      2   2351   3316     12   5436     14   2459      6   1419      0      0      0   0.00   0.00      0   0.00    4.3  0.000    0.0  0.000      0      0      0      0      0
07/05/1990   5455      1   2194   3260     14   5769     14   2453      5   1403      0      0      0   0.00   0.00      0   0.00    4.4  0.000    0.0  0.000      0      0      0      0      0
07/06/1990   5266      0   2091   3175     16   6025     14   2453      4   1387      0      0      0   0.00   0.00      0   0.00    4.5  0.000    0.0  0.000      0      0      0      0      0
07/07/1990   5177      0   2082   3095     18   6231     14   2416      3   1394      0      0      0   0.00   0.00      0   0.00    4.7  0.000    0.0  0.000      0      0      0      0      0
07/08/1990   5194      0   2204   2990     20   6371     13   2381      3   1396      0      0      0   0.00   0.00      0   0.00    4.8  0.000    0.0  0.000      0      0      0      0      0
07/09/1990   5244      0   2353   2891     22   6487     12   2344      3   1399      0      0      0   0.00   0.00      0   0.00    4.9  0.000    0.0  0.000      0      0      0      0      0
07/10/1990   5314      0   2549   2765     24   6520     11   2333      3   1402      0      0      0   0.00   0.00      0   0.00    5.0  0.000    0.0  0.000      0      0      0      0      0
07/11/1990   5436      0   2844   2592     26   6481     10   2322      3   1402      0      0      0   0.00   0.00      0   0.00    5.1  0.000    0.0  0.000      0      0      0      0      0
07/12/1990   5579      0   3217   2362     28   6398      9   2324      2   1390      0      0      0   0.00   0.00      0   0.00    5.2  0.000    0.0  0.000      0      0      0      0      0
07/13/1990   5775      1   3594   2180     29   6355      8   2332      1   1346      0      0      0   0.00   0.00      0   0.00    5.3  0.000    0.0  0.000      0      0      0      0      0
07/14/1990   5969      3   4012   1954     29   6314      7   2337      0   1288      0      0      0   0.00   0.00      0   0.00    5.3  0.000    0.0  0.000      0      0      0      0      0
07/15/1990   6156      6   4520   1630     27   6275      6   2320      0   1219      0      0      0   0.00   0.00      0   0.00    5.4  0.000    0.0  0.000      0      0      0      0      0
07/16/1990   6358      8   5022   1328     26   6239      5   2282      0   1124      0      0      0   0.00   0.00      0   0.00    5.4  0.000    0.0  0.000      0      0      0      0      0
07/17/1990   6624     10   5523   1091     25   6202      4   2226      0   1004      0      0      0   0.00   0.00      0   0.00    5.4  0.000    0.0  0.000      0      0      0      0      0
07/18/1990   6879     12   6009    858     24   6188      3   2137      0    877      0      0      0   0.00   0.00      0   0.00    5.4  0.000    0.0  0.000      0      0      0      0      0
07/19/1990   7107     14   6486    607     23   6177      2   2004      0    761      0      0      0   0.00   0.00      0   0.00    5.4  0.000    0.0  0.000      0      0      0      0      0
07/20/1990   7387     16   6985    386     22   6130      1   1840      0    640      0      0      0   0.00   0.00      0   0.00    5.4  0.000    0.0  0.000      0      0      0      0      0
07/21/1990   7716     18   7484    214     21   6059      0   1668      0    499      0      0      0   0.00   0.00      0   0.00    5.3  0.000    0.0  0.000      0      0      0      0      0
07/22/1990   8086     20   7982     84     19   5969      0   1477      0    350      0      0      0   0.00   0.00      0   0.00    5.3  0.000    0.0  0.000      0      0      0      0      0
07/23/1990   8484     22   8462      0     17   5872      0   1261      0    210      0      0      0   0.00   0.00      0   0.00    5.2  0.000    0.0  0.000      0      0      0      0      0
07/24/1990   8963     24   8939      0     15   5728      0   1043      0     95      0      0      0   0.00   0.00      0   0.00    5.2  0.000    0.0  0.000      0      0      0      0      0
07/25/1990   9427     26   9314     87     13   5554      0    823      0     27      0      0      0   0.00   0.00      0   0.00    5.1  0.000    0.0  0.000      0      0      0      0      0
07/26/1990   9893     28   9625    240     11   5346      0    594      0     26      0      0      0   0.00   0.00      0   0.00    5.1  0.000    0.0  0.000      0      0      0      0      0
07/27/1990  10356     30   9865    461      9   5102      0    377      0     98      0      0      0   0.00   0.00      0   0.00    5.0  0.000    0.0  0.000      0      0      0      0      0
07/28/1990  10827     32  10041    754      7   4800      0    210      0    228      0      0      0   0.00   0.00      0   0.00    5.0  0.000    0.0  0.000      0      0      0      0      0
07/29/1990  11294     33  10148   1113      6   4449      0    121      0    396      0      0      0   0.00   0.00      0   0.00    5.0  0.000    0.0  0.000      0      0      0      0      0
07/30/1990  11759     34  10230   1495      5   4053      0    125      0    583      0      0      0   0.00   0.00      0   0.00    5.0  0.000    0.0  0.000      0      0      0      0      0
07/31/1990  12232     35  10255   1942      4   3608      0    228      0    767      0      0      0   0.00   0.00      0   0.00    5.0  0.000    0.0  0.000      0      0      0      0      0
08/01/1990  12699     36  10205   2458      3   3142      0    422      0    942      0      0      0   0.00   0.00      0   0.00    5.0  0.000    0.0  0.000      0      0      0      0      0
08/02/1990  13152     37  10112   3003      2   2690      0    681      0   1107      0      0      0   0.00   0.00      0   0.00    5.1  0.000    0.0  0.000      0      0      0      0      0
08/03/1990  13493     37  10033   3423      1   2288      0    969      1   1265      0      0      0   0.00   0.00      0   0.00    5.2  0.000    0.0  0.000      0      0      0      0      0
08/04/1990  13747     36   9939   3772      0   1952      0   1266      3   1405      0      0      0   0.00   0.00      0   0.00    5.3  0.000    0.0  0.000      0      0      0      0      0
08/05/1990  13906     33   9814   4059      0   1699      0   1560      6   1528      0      0      0   0.00   0.00      0   0.00    5.4  0.000    0.0  0.000      0      0      0      0      0
08/06/1990  13944     31   9645   4268      0   1560      1   1838      8   1626      0      0      0   0.00   0.00      0   0.00    5.5  0.000    0.0  0.000      0      0      0      0      0
08/07/1990  13871     29   9432   4410      0   1531      3   2088     10   1700      0      0      0   0.00   0.00      0   0.00    5.6  0.000    0.0  0.000      0      0      0      0      0
08/08/1990  13743     27   9202   4514      0   1589      6   2321     11   1746      0      0      0   0.00   0.00      0   0.00    5.8  0.000    0.0  0.000      0      0      0      0      0
08/09/1990  13511     25   8942   4544      0   1741      9   2522     12   1776      0      0      0   0.00   0.00      0   0.00    5.9  0.000    0.0  0.000      0      0      0      0      0
08/10/1990  13160     23   8610   4527      0   1998     13   2681     12   1794      0      0      0   0.00   0.00      0   0.00    6.1  0.000    0.0  0.000      0      0      0      0      0
08/11/1990  12728     21   8226   4481      0   2355     17   2802     12   1801      0      0      0   0.00   0.00      0   0.00    6.2  0.000    0.0  0.000      0      0      0      0      0
08/12/1990  12287     19   7796   4472      0   2796     21   2893     12   1797      0      0      0   0.00   0.00      0   0.00    6.3  0.000    0.0  0.000      0      0      0      0      0
08/13/1990  11810     17   7343   4450      1   3316     24   2947     12   1777      0      0      0   0.00   0.00      0   0.00    6.5  0.000    0.0  0.000      0      0      0      0      0
08/14/1990  11300     15   6866   4419      3   3886     26   2977     11   1726      0      0      0   0.00   0.00      0   0.00    6.6  0.000    0.0  0.000      0      0      0      0      0
08/15/1990  10796     13   6404   4379      6   4469     27   2990     10   1639      0      0      0   0.00   0.00      0   0.00    6.8  0.000    0.0  0.000      0      0      0      0      0
08/16/1990  10319     11   5966   4342      9   5036     28   2978      9   1575      0      0      0   0.00   0.00      0   0.00    6.9  0.000    0.0  0.000      0      0      0      0      0
08/17/1990   9903      9   5577   4317     13   5564     27   2927      9   1551      0      0      0   0.00   0.00      0   0.00    7.1  0.000    0.0  0.000      0      0      0      0      0
08/18/1990   9554      7   5238   4309     17   6035     26   2835      9   1528      0      0      0   0.00   0.00      0   0.00    7.2  0.000    0.0  0.000      0      0      0      0      0
08/19/1990   4795      0   2703   2092     21   6441     17   2353      9   1494      0      0      0   0.00   0.00      0   0.00    7.4  0.010    0.0  0.000      7    399      3   2254   2179
08/20/1990   4617      0   2649   1968     23   6562     17   2498      6   1315      0      0      0   0.00   0.00      0   0.00    7.5  0.013    0.0  0.000      1      0      0    108     96
08/21/1990   4606      0   2758   1848     25   6646     18   2586      3   1168      0      0      0   0.00   0.00      0   0.00    7.5  0.015    0.0  0.000      0      0      0      0     92
08/22/1990   4654      0   2922   1732     27   6826     19   2520      0   1025      0      0      0   0.00   0.00      0   0.00    7.6  0.015    0.0  0.000      0      0      0      0     88
08/23/1990   4760      0   3141   1619     29   6911     17   2357      0   1013      0      0      0   0.00   0.00      0   0.00    7.6  0.016    0.0  0.000      0      0      0      0     85
08/24/1990   4999      0   3408   1591     31   6956     15   2179      0    963      0      0      0   0.00   0.00      0   0.00    7.7  0.016    0.0  0.000      0      0      0      0      0
08/25/1990   5275      0   3712   1563     34   6972     12   1994      0    887      0      0      0   0.00   0.00      0   0.00    7.7  0.016    0.0  0.000      0      0      0      0      0
08/26/1990   5589      0   4054   1535     37   6911      9   1842      0    825      0      0      0   0.00   0.00      0   0.00    7.8  0.016    0.0  0.000      0      0      0      0      0
08/27/1990   5927      1   4419   1507     39   6824      6   1648      0    819      0      0      0   0.00   0.00      0   0.00    7.8  0.016    0.0  0.000      0      0      0      0      0
08/28/1990   6284      3   4797   1484     40   6587      3   1566      0    845      0      0      0   0.00   0.00      0   0.00    7.9  0.016    0.0  0.000      0      0      0      0      0
08/29/1990   6771      6   5185   1580     40   6333      0   1499      0    869      0      0      0   0.00   0.00      0   0.00    7.9  0.016    0.0  0.000      0      0      0      0      0
08/30/1990   7261      9   5580   1672     37   6073      0   1442      0    882      0      0      0   0.00   0.00      0   0.00    7.9  0.015    0.0  0.000      0      0      0      0      0
08/31/1990   7749     13   6149   1587     33   5806      0   1398      0    897      0      0      0   0.00   0.00      0   0.00    8.0  0.015    0.0  0.000      0      0      0      0      0
09/01/1990   8233     17   6717   1499     29   5495      0   1405      0    906      0      0      0   0.00   0.00      0   0.00    8.0  0.015    0.0  0.000      0      0      0      0      0
09/02/1990   8617     21   7065   1531     25   5379      0   1437      0    905      0      0      0   0.00   0.00      0   0.00    8.0  0.015    0.0  0.000      0      0      0      0      0
09/03/1990   8812     23   7431   1358     23   5253      0   1470      0    896      0      0      0   0.00   0.00      0   0.00    8.0  0.015    0.0  0.000      0      0      0      0      0
09/04/1990   9158     25   7948   1185     21   4987      0   1492      0    863      0      0      0   0.00   0.00      0   0.00    8.0  0.015    0.0  0.000      0      0      0      0      0
09/05/1990   9464     27   8425   1012     19   4768      0   1497      0    821      0      0      0   0.00   0.00      0   0.00    8.0  0.015    0.0  0.000      0      0      0      0      0
09/06/1990   9778     29   8910    839     17   4547      0   1497      0    752      0      0      0   0.00   0.00      0   0.00    7.9  0.015    0.0  0.000      0      0      0      0      0
09/07/1990  10100     31   9378    691     15   4318      0   1473      0    677      0      0      0   0.00   0.00      0   0.00    7.9  0.015    0.0  0.000      0      0      0      0      0
09/08/1990  10384     34   9807    543     12   4137      0   1421      0    591      0      0      0   0.00   0.00      0   0.00    7.9  0.015    0.0  0.000      0      0      0      0      0
09/09/1990  10665     37  10180    448      9   3959      0   1343      0    504      0      0      0   0.00   0.00      0   0.00    7.8  0.015    0.0  0.000      0      0      0      0      0
09/10/1990  10982     40  10375    567      6   3908      0   1245      0    431      0      0      0   0.00   0.00      0   0.00    7.8  0.015    0.0  0.000      0      0      0      0      0
09/11/1990  11260     43  10400    817      3   3865      0   1116      0    410      0      0      0   0.00   0.00      0   0.00    7.7  0.015    0.0  0.000      0      0      0      0      0
09/12/1990  11571     46  10371   1154      0   3797      0    984      0    462      0      0      0   0.00   0.00      0   0.00    7.7  0.015    0.0  0.000      0      0      0      0      0
09/13/1990  11873     46  10281   1546      0   3716      0    855      0    585      0      0      0   0.00   0.00      0   0.00    7.7  0.015    0.0  0.000      0      0      0      0      0
09/14/1990  12130     46  10098   1986      0   3654      0    774      0    718      0      0      0   0.00   0.00      0   0.00    7.7  0.015    0.0  0.000      0      0      0      0      0
09/15/1990  12362     46   9853   2463      0   3587      0    769      0    850      0      0      0   0.00   0.00      0   0.00    7.8  0.015    0.0  0.000      0      0      0      0      0
09/16/1990  12577     46   9578   2953      0   3482      0    849      0    970      0      0      0   0.00   0.00      0   0.00    7.8  0.015    0.0  0.000      0      0      0      0      0
09/17/1990  12802     45   9291   3466      0   3339      0    988      1   1105      0      0      0   0.00   0.00      0   0.00    7.9  0.015    0.0  0.000      0      0      0      0      0
09/18/1990  12980     43   8998   3939      0   3173      0   1188      2   1223      0      0      0   0.00   0.00      0   0.00    8.0  0.015    0.0  0.000      0      0      0      0      0
09/19/1990  13122     40   8701   4381      0   3023      0   1409      4   1321      0      0      0   0.00   0.00      0   0.00    8.2  0.014    0.0  0.000      0      0      0      0      0
09/20/1990  13101     37   8397   4667      0   2919      1   1631      6   1425      0      0      0   0.00   0.00      0   0.00    8.3  0.014    0.0  0.000      0      0      0      0      0
09/21/1990  13033     33   8101   4899      0   2861      2   1826      9   1521      0      0      0   0.00   0.00      0   0.00    8.5  0.014    0.0  0.000      0      0      0      0      0
09/22/1990  12910     29   7806   5075      0   2835      4   2012     11   1573      0      0      0   0.00   0.00      0   0.00    8.7  0.014    0.0  0.000      0      0      0      0      0
09/23/1990  12729     25   7721   4983      0   2864      7   2206     12   1549      0      0      0   0.00   0.00      0   0.00    8.8  0.013    0.0  0.000      0      0      0      0      0
09/24/1990  12514     23   7619   4872      0   2935     11   2377     12   1529      0      0      0   0.00   0.00      0   0.00    9.0  0.013    0.0  0.000      0      0      0      0      0
09/25/1990  12237     21   7342   4874      0   3077     15   2480     12   1520      0      0      0   0.00   0.00      0   0.00    9.2  0.013    0.0  0.000      0      0      0      0      0
09/26/1990  11918     19   7086   4813      0   3266     19   2532     12   1532      0      0      0   0.00   0.00      0   0.00    9.3  0.013    0.0  0.000      0      0      0      0      0
09/27/1990  11560     17   6796   4747      1   3504     22   2585     11   1519      0      0      0   0.00   0.00      0   0.00    9.5  0.012    0.0  0.000      0      0      0      0      0
09/28/1990  11162     15   6468   4679      2   3825     25   2575     10   1525      0      0      0   0.00   0.00      0   0.00    9.7  0.012    0.0  0.000      0      0      0      0      0
09/29/1990  10726     12   6149   4565      4   4196     27   2543     10   1552      0      0      0   0.00   0.00      0   0.00    9.8  0.012    0.0  0.000      0      0      0      0      0
09/30/1990  10262      9   5806   4447      7   4573     27   2531     11   1588      0      0      0   0.00   0.00      0   0.00   10.0  0.012    0.0  0.000      0      0      0      0      0
10/01/1990   9783      6   5584   4193     11   4943     26   2551     11   1614      0      0      0   0.00   0.00      0   0.00   10.1  0.012    0.0  0.000      0      0      0      0      0
10/02/1990   9546      3   5391   4152     15   5315     26   2566     10   1571      0      0      0   0.00   0.00      0   0.00   10.3  0.011    0.0  0.000      0      0      0      0      0
10/03/1990   9337      0   5243   4094     19   5631     26   2599      9   1521      0      0      0   0.00   0.00      0   0.00   10.4  0.011    0.0  0.000      0      0      0      0      0
10/04/1990   9035      0   5156   3879     23   5890     25   2633      9   1509      0      0      0   0.00   0.00      0   0.00   10.5  0.011    0.0  0.000      0      0      0      0      0
10/05/1990   8805      0   5146   3659     27   6116     24   2618      8   1493      0      0      0   0.00   0.00      0   0.00   10.7  0.011    0.0  0.000      0      0      0      0      0
10/06/1990   8612      0   5206   3406     31   6306     23   2595      7   1421      0      0      0   0.00   0.00      0   0.00   10.8  0.011    0.0  0.000      0      0      0      0      0
10/07/1990   8454      0   5301   3153     34   6472     23   2590      5   1267      0      0      0   0.00   0.00      0   0.00   10.9  0.011    0.0  0.000      0      0      0      0      0
10/08/1990   8382      0   5432   2950     37   6599     22   2523      4   1159      0      0      0   0.00   0.00      0   0.00   11.0  0.011    0.0  0.000      0      0      0      0      0
10/09/1990   8341      0   5584   2757     41   6697     20   2402      2   1117      0      0      0   0.00   0.00      0   0.00   11.1  0.011    0.0  0.000      0      0      0      0      0
10/10/1990   8460      0   5753   2707     45   6722     17   2286      1   1098      0      0      0   0.00   0.00      0   0.00   11.1  0.011    0.0  0.000      0      0      0      0      0
10/11/1990   8640      1   5975   2664     47   6695     15   2161      0   1084      0      0      0   0.00   0.00      0   0.00   11.2  0.011    0.0  0.000      0      0      0      0      0
10/12/1990   8839      2   6208   2629     49   6685     12   2010      0   1061      0      0      0   0.00   0.00      0   0.00   11.3  0.010    0.0  0.000      0      0      0      0      0
10/13/1990   9024      4   6420   2600     50   6642      9   1891      0   1052      0      0      0   0.00   0.00      0   0.00   11.4  0.010    0.0  0.000      0      0      0      0      0
10/14/1990   9232      7   6619   2606     50   6567      6   1824      0   1049      0      0      0   0.00   0.00      0   0.00   11.5  0.010    0.0  0.000      0      0      0      0      0
10/15/1990   9490     11   6841   2638     48   6423      4   1804      0   1049      0      0      0   0.00   0.00      0   0.00   11.5  0.010    0.0  0.000      0      0      0      0      0
10/16/1990   9730     15   7077   2638     46   6281      2   1784      0   1052      0      0      0   0.00   0.00      0   0.00   11.6  0.010    0.0  0.000      0      0      0      0      0
10/17/1990   9957     19   7330   2608     43   6152      1   1756      0   1051      0      0      0   0.00   0.00      0   0.00   11.7  0.010    0.0  0.000      0      0      0      0      0
10/18/1990  10176     23   7608   2545     40   6002      0   1755      0   1049      0      0      0   0.00   0.00      0   0.00   11.7  0.010    0.0  0.000      0      0      0      0      0
10/19/1990  10398     27   7925   2446     36   5840      0   1752      0   1008      0      0      0   0.00   0.00      0   0.00   11.8  0.010    0.0  0.000      0      0      0      0      0
10/20/1990  10639     31   8291   2317     32   5661      0   1746      0    938      0      0      0   0.00   0.00      0   0.00   11.9  0.010    0.0  0.000      0      0      0      0      0
10/21/1990  10878     34   8692   2152     29   5466      0   1752      0    882      0      0      0   0.00   0.00      0   0.00   11.9  0.010    0.0  0.000      0      0      0      0      0
10/22/1990  11116     37   9108   1971     26   5275      0   1711      0    860      0      0      0   0.00   0.00      0   0.00   11.9  0.010    0.0  0.000      0      0      0      0      0
10/23/1990  11315     41   9452   1822     22   5139      0   1635      0    859      0      0      0   0.00   0.00      0   0.00   11.9  0.010    0.0  0.000      0      0      0      0      0
10/24/1990  11514     45   9751   1718     18   4997      0   1582      0    841      0      0      0   0.00   0.00      0   0.00   11.9  0.010    0.0  0.000      0      0      0      0      0
10/25/1990  11773     48  10032   1693     15   4817      0   1520      0    827      0      0      0   0.00   0.00      0   0.00   12.0  0.010    0.0  0.000      0      0      0      0      0
10/26/1990  11997     51  10227   1719     12   4695      0   1445      0    799      0      0      0   0.00   0.00      0   0.00   12.0  0.010    0.0  0.000      0      0      0      0      0
10/27/1990  12192     54  10322   1816      9   4584      0   1415      0    783      0      0      0   0.00   0.00      0   0.00   12.0  0.010    0.0  0.000      0      0      0      0      0
10/28/1990  12372     57  10329   1986      6   4488      0   1409      0    772      0      0      0   0.00   0.00      0   0.00   12.0  0.010    0.0  0.000      0      0      0      0      0
10/29/1990  12573     59  10281   2233      4   4418      0   1362      0    795      0      0      0   0.00   0.00      0   0.00   12.0  0.010    0.0  0.000      0      0      0      0      0
10/30/1990  12812     61  10216   2535      2   4327      0   1338      0    803      0      0      0   0.00   0.00      0   0.00   12.1  0.010    0.0  0.000      0      0      0      0      0
10/31/1990  13044     62  10106   2876      1   4249      0   1322      0    819      0      0      0   0.00   0.00      0   0.00   12.1  0.010    0.0  0.000      0      0      0      0      0
11/01/1990  13241     62   9940   3239      0   4175      0   1316      0    790      0      0      0   0.00   0.00      0   0.00   12.2  0.010    0.0  0.000      0      0      0      0      0
11/02/1990  13394     61   9756   3577      0   4093      0   1314      0    760      0      0      0   0.00   0.00      0   0.00   12.3  0.010    0.0  0.000      0      0      0      0      0
11/03/1990  13484     59   9585   3840      0   3996      0   1342      0    751      0      0      0   0.00   0.00      0   0.00   12.4  0.010    0.0  0.000      0      0      0      0      0
11/04/1990  13545     56   9440   4049      0   3909      0   1323      1    814      0      0      0   0.00   0.00      0   0.00   12.5  0.009    0.0  0.000      0      0      0      0      0
11/05/1990  13566     52   9276   4238      0   3816      0   1302      2    898      0      0      0   0.00   0.00      0   0.00   12.6  0.009    0.0  0.000      0      0      0      0      0
11/06/1990  13540     48   9117   4375      0   3739      0   1298      3    908      0      0      0   0.00   0.00      0   0.00   12.8  0.009    0.0  0.000      0      0      0      0      0
11/07/1990  13467     44   8959   4464      0   3661      1   1334      3    880      0      0      0   0.00   0.00      0   0.00   12.9  0.009    0.0  0.000      0      0      0      0      0
11/08/1990  13371     40   8806   4525      0   3586      2   1381      3    875      0      0      0   0.00   0.00      0   0.00   13.0  0.009    0.0  0.000      0      0      0      0      0
11/09/1990  13209     36   8600   4573      0   3521      3   1416      4    934      0      0      0   0.00   0.00      0   0.00   13.2  0.009    0.0  0.000      0      0      0      0      0
11/10/1990  12965     32   8345   4588      0   3483      4   1454      5   1003      0      0      0   0.00   0.00      0   0.00   13.3  0.009    0.0  0.000      0      0      0      0      0
11/11/1990  12720     29   8100   4591      0   3455      5   1505      6   1046      0      0      0   0.00   0.00      0   0.00   13.5  0.009    0.0  0.000      0      0      0      0      0
11/12/1990  12486     26   7846   4614      0   3475      7   1536      6   1088      0      0      0   0.00   0.00      0   0.00   13.6  0.009    0.0  0.000      0      0      0      0      0
11/13/1990  12265     22   7633   4610      0   3522      9   1559      6   1134      0      0      0   0.00   0.00      0   0.00   13.8  0.009    0.0  0.000      0      0      0      0      0
11/14/1990  12021     18   7420   4583      1   3522     10   1643      6   1112      0      0      0   0.00   0.00      0   0.00   13.9  0.008    0.0  0.000      0      0      0      0      0
11/15/1990  11782     15   7164   4603      2   3528     11   1744      6   1055      0      0      0   0.00   0.00      0   0.00   14.1  0.008    0.0  0.000      0      0      0      0      0
11/16/1990  11522     12   6939   4571      3   3598     12   1818      6   1018      0      0      0   0.00   0.00      0   0.00   14.3  0.008    0.0  0.000      0      0      0      0      0
11/17/1990  11276      9   6782   4485      4   3673     13   1821      6   1050      0      0      0   0.00   0.00      0   0.00   14.4  0.008    0.0  0.000      0      0      0      0      0
11/18/1990  11020      6   6669   4345      5   3759     14   1796      6   1071      0      0      0   0.00   0.00      0   0.00   14.6  0.008    0.0  0.000      0      0      0      0      0
11/19/1990  10757      4   6575   4178      7   3849     14   1790      6   1060      0      0      0   0.00   0.00      0   0.00   14.7  0.008    0.0  0.000      0      0      0      0      0
11/20/1990  11016      2   6468   4546      9   3958     14   1783      5    937      0      0      0   0.00   0.00      0   0.00   14.9  0.008    0.0  0.000      0      0      0      0      0
11/21/1990  10752      1   6390   4361     11   4074     14   1733      4    820      0      0      0   0.00   0.00      0   0.00   15.0  0.008    0.0  0.000      0      0      0      0      0
11/22/1990   9974      0   6281   3693     13   4171     14   1738      3    713      0      0      0   0.00   0.00      0   0.00   15.1  0.008    0.0  0.000      0      0      0      0      0
11/23/1990   9723      0   6167   3556     15   4253     13   1665      2    686      0      0      0   0.00   0.00      0   0.00   15.3  0.008    0.0  0.000      0      0      0      0      0
11/24/1990   9463      0   6089   3374     17   4341     12   1535      1    682      0      0      0   0.00   0.00      0   0.00   15.4  0.008    0.0  0.000      0      0      0      0      0
11/25/1990   9760      0   6046   3714     19   4407     11   1401      0    685      0      0      0   0.00   0.00      0   0.00   15.3  0.008    0.0  0.000      0      0      0      0      0
11/26/1990  10075      0   6016   4059     21   4426      9   1280      0    633      0      0      0   0.00   0.00      0   0.00   15.3  0.008    0.0  0.000      0      0      0      0      0
11/27/1990  10344      0   5945   4399     23   4493      7   1157      0    569      0      0      0   0.00   0.00      0   0.00   15.2  0.008    0.0  0.000      0      0      0      0      0
11/28/1990  10614      1   5875   4738     24   4464      5   1149      0    523      0      0      0   0.00   0.00      0   0.00   15.4  0.008    0.0  0.000      0      0      0      0      0
11/29/1990  10057      2   5842   4213     25   4371      3   1093      1    589      0      0      0   0.00   0.00      0   0.00   15.6  0.008    0.0  0.000      0      0      0      0      0
11/30/1990  10024      3   5871   4150     25   4272      2   1013      1    661      0      0      0   0.00   0.00      0   0.00   15.7  0.007    0.0  0.000      0      0      0      0      0
12/01/1990  10363      4   5940   4419     25   4147      1    986      1    655      0      0      0   0.00   0.00      0   0.00   15.9  0.007    0.0  0.000      0      0      0      0      0
12/02/1990  10717      5   6006   4706     25   4007      1   1000      0    584      0      0      0   0.00   0.00      0   0.00   15.8  0.007    0.0  0.000      0      0      0      0      0
12/03/1990  10737      7   6099   4631     23   3869      1    989      0    547      0      0      0   0.00   0.00      0   0.00   16.0  0.007    0.0  0.000      0      0      0      0      0
12/04/1990  10759      9   6215   4535     21   3646      1   1008      0    569      0      0      0   0.00   0.00      0   0.00   16.2  0.007    0.0  0.000      0      0      0      0      0
12/05/1990  11092     11   6277   4804     19   3464      1   1015      0    574      0      0      0   0.00   0.00      0   0.00   16.1  0.007    0.0  0.000      0      0      0      0      0
12/06/1990  11066     13   6327   4726     17   3337      1   1013      1    590      0      0      0   0.00   0.00      0   0.00   16.3  0.007    0.0  0.000      0      0      0      0      0
12/07/1990  10738     15   6434   4289     15   3217      1    988      2    604      0      0      0   0.00   0.00      0   0.00   16.4  0.007    0.0  0.000      0      0      0      0      0
12/08/1990   9719     17   6544   3158     13   3075      1    928      2    647      0      0      0   0.00   0.00      0   0.00   16.5  0.007    0.0  0.000      0      0      0      0      0
12/09/1990   9717     19   6626   3072     12   2921      1    948      1    628      0      0      0   0.00   0.00      0   0.00   16.6  0.007    0.0  0.000      0      0      0      0      0
12/10/1990   9714     21   6699   2994     10   2741      2   1008      0    647      0      0      0   0.00   0.00      0   0.00   16.7  0.007    0.0  0.000      0      0      0      0      0
12/11/1990   9363     23   6678   2662      8   2685      2   1028      0    673      0      0      0   0.00   0.00      0   0.00   16.8  0.007    0.0  0.000      0      0      0      0      0
12/12/1990   9582     25   6627   2930      6   2670      2   1007      0    687      0      0      0   0.00   0.00      0   0.00   16.7  0.007    0.0  0.000      0      0      0      0      0
12/13/1990   9813     27   6622   3164      4   2602      2   1081      0    631      0      0      0   0.00   0.00      0   0.00   16.8  0.007    0.0  0.000      0      0      0      0      0
12/14/1990  10027     28   6604   3395      3   2589      2   1111      0    482      0      0      0   0.00   0.00      0   0.00   16.8  0.007    0.0  0.000      0      0      0      0      0
12/15/1990  10241     29   6558   3654      2   2592      2   1090      0    396      0      0      0   0.00   0.00      0   0.00   16.7  0.007    0.0  0.000      0      0      0      0      0
12/16/1990  10474     30   6493   3951      2   2564      1   1065      0    319      0      0      0   0.00   0.00      0   0.00   16.7  0.007    0.0  0.000      0      0      0      0      0
12/17/1990  10634     30   6339   4265      3   2584      0    965      0    360      0      0      0   0.00   0.00      0   0.00   16.7  0.007    0.0  0.000      0      0      0      0      0
12/18/1990  10782     30   6219   4533      3   2670      0    839      0    396      0      0      0   0.00   0.00      0   0.00   16.6  0.007    0.0  0.000      0      0      0      0      0
12/19/1990  10966     29   6136   4801      3   2714      0    711      0    423      0      0      0   0.00   0.00      0   0.00   16.6  0.007    0.0  0.000      0      0      0      0      0
12/20/1990  11191     28   6053   5110      3   2682      0    638      0    339      0      0      0   0.00   0.00      0   0.00   16.5  0.007    0.0  0.000      0      0      0      0      0
12/21/1990  11410     27   5946   5437      3   2640      0    604      0    185      0      0      0   0.00   0.00      0   0.00   16.5  0.007    0.0  0.000      0      0      0      0      0
12/22/1990  11587     26   5788   5773      3   2541      0    652      0     47      0      0      0   0.00   0.00      0   0.00   16.4  0.007    0.0  0.000      0      0      0      0      0
12/23/1990  11741     26   5591   6124      2   2494      0    581      0      0      0      0      0   0.00   0.00      0   0.00   16.4  0.007    0.0  0.000      0      0      0      0      0
12/24/1990  11921     24   5405   6492      2   2412      0    470      0      0      0      0      0   0.00   0.00      0   0.00   16.4  0.007    0.0  0.000      0      0      0      0      0
12/25/1990  12119     22   5223   6874      2   2332      0    339      0     31      0      0      0   0.00   0.00      0   0.00   16.3  0.007    0.0  0.000      0      0      0      0      0
12/26/1990  12275     20   5053   7202      2   2316      0    185      0    107      0      0      0   0.00   0.00      0   0.00   16.3  0.007    0.0  0.000      0      0      0      0      0
12/27/1990  12470     18   4940   7512      2   2245      0     47      0    214      0      0      0   0.00   0.00      0   0.00   16.3  0.007    0.0  0.000      0      0      0      0      0
12/28/1990  12681     16   4809   7856      2   2067      0     31      0    309      0      0      0   0.00   0.00      0   0.00   16.2  0.007    0.0  0.000      0      0      0      0      0
12/29/1990  12880     14   4650   8216      2   1854      0    107      0    288      0      0      0   0.00   0.00      0   0.00   16.2  0.007    0.0  0.000      0      0      0      0      0
12/30/1990  13057     13   4497   8547      1   1664      0    214      0    277      0      0      0   0.00   0.00      0   0.00   16.2  0.007    0.0  0.000      0      0      0      0      0
12/31/1990  13287     12   4396   8879      0   1420      0    340      0    252      0      0      0   0.00   0.00      0   0.00   16.1  0.007    0.0  0.000      0      0      0      0      0
