Varroa Population Simulation - Nov 23,2015  02:34:02 PM
VarroaPop Version 3.2.5.8  June, 2015

                                        Capped  Capped                                                                      Prop           Conc          Conc                                     
            Colony  Adult  Adult         Drone   Wkr    Drone  Wkr    Drone  Wkr  Free   DBrood WBrood DMite  WMite  Mites  Mites  Colony Pollen Colony Nectar   Dead   Dead   Dead   Dead   Dead
     Date   Size   Drones   Wkr   Forgrs Brood  Brood   Larv   Larv    Eggs  Eggs Mites  Mites  Mites  /Cell  /Cell  Dying  Dying  Pollen  Pest  Nectar  Pest    DLarv  WLarv  DAdlt  WAdlt  Forgrs
Initial     10000      0   6552   3448      0      0      0      0      0      0      0      0      0   0.00   0.00      0   0.00    0.0  0.000    0.0  0.000      0      0      0      0      0
08/01/1990   9688      0   6240   3448      0      0      0      0      5    249      0      0      0   0.00   0.00      0   0.00    0.1  0.000    0.0  0.000      0      0      0      0      0
08/02/1990   9376      0   5928   3448      0      0      0      0     10    498      0      0      0   0.00   0.00      0   0.00    0.2  0.000    0.0  0.000      0      0      0      0      0
08/03/1990   9064      0   5616   3448      0      0      0      0     15    746      0      0      0   0.00   0.00      0   0.00    0.3  0.000    0.0  0.000      0      0      0      0      0
08/04/1990   8752      0   5304   3448      0      0      5    249     15    746      0      0      0   0.00   0.00      0   0.00    0.5  0.000    0.0  0.000      0      0      0      0      0
08/05/1990   8440      0   4992   3448      0      0     10    498     15    753      0      0      0   0.00   0.00      0   0.00    0.6  0.000    0.0  0.000      0      0      0      0      0
08/06/1990   8128      0   4680   3448      0      0     15    746     15    762      0      0      0   0.00   0.00      0   0.00    0.7  0.000    0.0  0.000      0      0      0      0      0
08/07/1990   7816      0   4368   3448      0      0     20    995     15    770      0      0      0   0.00   0.00      0   0.00    0.8  0.000    0.0  0.000      0      0      0      0      0
08/08/1990   7504      0   4056   3448      0      0     25   1251     15    771      0      0      0   0.00   0.00      0   0.00    0.9  0.000    0.0  0.000      0      0      0      0      0
08/09/1990   7192      0   3744   3448      0    249     30   1259     15    770      0      0      0   0.00   0.00      0   0.00    1.1  0.000    0.0  0.000      0      0      0      0      0
08/10/1990   6880      0   3432   3448      0    498     35   1267     15    769      0      0      0   0.00   0.00      0   0.00    1.2  0.000    0.0  0.000      0      0      0      0      0
08/11/1990   5771      0   3120   2651      5    746     35   1276     15    769      0      0      0   0.00   0.00      0   0.00    1.3  0.016    0.0  0.000      0      0      0      0    765
08/12/1990   5491      0   2808   2683     10    995     35   1283     14    736      0      0      0   0.00   0.00      0   0.00    1.4  0.022    0.0  0.000      0      0      0      0     39
08/13/1990   5230      0   2496   2734     15   1251     35   1283     13    699      0      0      0   0.00   0.00      0   0.00    1.5  0.024    0.0  0.000      0      0      0      0     20
08/14/1990   4978      0   2184   2794     20   1508     35   1283     12    651      0      0      0   0.00   0.00      0   0.00    1.6  0.024    0.0  0.000      0      0      0      0     11
08/15/1990   4737      0   1872   2865     25   1765     34   1249     12    626      0      0      0   0.00   0.00      0   0.00    1.7  0.024    0.0  0.000      0      0      0      0      0
08/16/1990   4496      0   1560   2936     30   2022     33   1211     12    611      0      0      0   0.00   0.00      0   0.00    1.9  0.023    0.0  0.000      0      0      0      0      0
08/17/1990   4255      0   1248   3007     35   2278     32   1164     13    612      0      0      0   0.00   0.00      0   0.00    2.0  0.022    0.0  0.000      0      0      0      0      0
08/18/1990   4014      0    936   3078     40   2534     31   1106     13    612      0      0      0   0.00   0.00      0   0.00    2.1  0.020    0.0  0.000      0      0      0      0      0
08/19/1990   3773      0    624   3149     45   2791     30   1053     13    608      0      0      0   0.00   0.00      0   0.00    2.3  0.019    0.0  0.000      0      0      0      0      0
08/20/1990   3532      0    312   3220     50   3014     30   1040     13    611      0      0      0   0.00   0.00      0   0.00    2.4  0.018    0.0  0.000      0      0      0      0      0
08/21/1990   3291      0      0   3291     55   3233     29   1019     14    632      0      0      0   0.00   0.00      0   0.00    2.5  0.017    0.0  0.000      0      0      0      0      0
08/22/1990   3299      0    249   3050     59   3193     29   1010     15    663      0      0      0   0.00   0.00      0   0.00    2.7  0.016    0.0  0.000      0      0      0      0      0
08/23/1990   3275      0    498   2777     63   3142     30   1025     15    676      0      0      0   0.00   0.00      0   0.00    2.8  0.015    0.0  0.000      0      0      0      0      0
08/24/1990   3231      0    746   2485     67   3098     31   1040     14    652      0      0      0   0.00   0.00      0   0.00    2.9  0.015    0.0  0.000      0      0      0      0      0
08/25/1990   3184      5    995   2184     66   3059     32   1061     13    590      0      0      0   0.00   0.00      0   0.00    3.0  0.014    0.0  0.000      0      0      0      0      0
08/26/1990   3133     10   1251   1872     65   3001     33   1089     11    528      0      0      0   0.00   0.00      0   0.00    3.1  0.014    0.0  0.000      0      0      0      0      0
08/27/1990   3083     15   1508   1560     65   2944     32   1084     10    491      0      0      0   0.00   0.00      0   0.00    3.1  0.014    0.0  0.000      0      0      0      0      0
08/28/1990   3033     20   1765   1248     64   2900     32   1040      8    468      0      0      0   0.00   0.00      0   0.00    3.2  0.014    0.0  0.000      0      0      0      0      0
08/29/1990   2983     25   2022    936     63   2862     31    985      7    434      0      0      0   0.00   0.00      0   0.00    3.2  0.013    0.0  0.000      0      0      0      0      0
08/30/1990   2932     30   2278    624     63   2837     29    912      5    378      0      0      0   0.00   0.00      0   0.00    3.2  0.013    0.0  0.000      0      0      0      0      0
08/31/1990   2881     35   2534    312     63   2807     26    832      4    305      0      0      0   0.00   0.00      0   0.00    3.2  0.013    0.0  0.000      0      0      0      0      0
09/01/1990   2831     40   2791      0     63   2745     23    767      2    217      0      0      0   0.00   0.00      0   0.00    3.2  0.013    0.0  0.000      0      0      0      0      0
09/02/1990   3059     45   3014      0     63   2691     19    700      1    115      0      0      0   0.00   0.00      0   0.00    3.2  0.013    0.0  0.000      0      0      0      0      0
09/03/1990   3283     50   3233      0     62   2636     16    609      0     42      0      0      0   0.00   0.00      0   0.00    3.2  0.013    0.0  0.000      0      0      0      0      0
09/04/1990   3497     55   3442      0     61   2585     12    493      0      0      0      0      0   0.00   0.00      0   0.00    3.2  0.013    0.0  0.000      0      0      0      0      0
09/05/1990   3699     59   3640      0     60   2533      9    347      0      0      0      0      0   0.00   0.00      0   0.00    3.1  0.013    0.0  0.000      0      0      0      0      0
09/06/1990   3907     63   3844      0     59   2459      6    217      0      0      0      0      0   0.00   0.00      0   0.00    3.1  0.013    0.0  0.000      0      0      0      0      0
09/07/1990   4121     67   4054      0     57   2351      4    115      0      0      0      0      0   0.00   0.00      0   0.00    3.1  0.013    0.0  0.000      0      0      0      0      0
09/08/1990   4323     71   4252      0     55   2226      2     42      0      0      0      0      0   0.00   0.00      0   0.00    3.1  0.013    0.0  0.000      0      0      0      0      0
09/09/1990   4527     75   4452      0     52   2068      1      0      0      0      0      0      0   0.00   0.00      0   0.00    3.0  0.013    0.0  0.000      0      0      0      0      0
09/10/1990   4745     80   4665      0     48   1855      0      0      0      0      0      0      0   0.00   0.00      0   0.00    3.0  0.013    0.0  0.000      0      0      0      0      0
09/11/1990   4968     84   4884      0     44   1636      0      0      0      0      0      0      0   0.00   0.00      0   0.00    3.0  0.013    0.0  0.000      0      0      0      0      0
09/12/1990   5203     88   4866    249     40   1405      0      0      0      0      0      0      0   0.00   0.00      0   0.00    2.9  0.013    0.0  0.000      0      0      0      0      0
09/13/1990   5434     93   4843    498     35   1179      0      0      0     35      0      0      0   0.00   0.00      0   0.00    2.9  0.013    0.0  0.000      0      0      0      0      0
09/14/1990   5634     98   4790    746     30    984      0      0      0     94      0      0      0   0.00   0.00      0   0.00    2.9  0.013    0.0  0.000      0      0      0      0      0
09/15/1990   5803     98   4710    995     25    815      0      0      1    175      0      0      0   0.00   0.00      0   0.00    2.9  0.013    0.0  0.000      0      0      0      0      0
09/16/1990   5967     98   4618   1251     20    651      0     35      2    241      0      0      0   0.00   0.00      0   0.00    3.0  0.013    0.0  0.000      0      0      0      0      0
09/17/1990   6124     97   4519   1508     16    493      0     94      4    303      0      0      0   0.00   0.00      0   0.00    3.0  0.013    0.0  0.000      0      0      0      0      0
09/18/1990   6269     96   4408   1765     12    347      1    175      5    357      0      0      0   0.00   0.00      0   0.00    3.0  0.013    0.0  0.000      0      0      0      0      0
09/19/1990   6397     94   4281   2022      9    217      2    276      7    403      0      0      0   0.00   0.00      0   0.00    3.1  0.013    0.0  0.000      0      0      0      0      0
09/20/1990   6497     92   4127   2278      6    115      4    397      9    451      0      0      0   0.00   0.00      0   0.00    3.2  0.012    0.0  0.000      0      0      0      0      0
09/21/1990   6567     89   3944   2534      4     77      6    497     11    499      0      0      0   0.00   0.00      0   0.00    3.3  0.012    0.0  0.000      0      0      0      0      0
09/22/1990   6606     86   3729   2791      2     94      9    585     13    534      0      0      0   0.00   0.00      0   0.00    3.4  0.012    0.0  0.000      0      0      0      0      0
09/23/1990   6353     82   3506   2765      1    175     13    673     14    546      0      0      0   0.00   0.00      0   0.00    3.5  0.011    0.0  0.000      0      0      0      0      0
09/24/1990   6100     78   3287   2735      0    276     17    755     15    554      0      0      0   0.00   0.00      0   0.00    3.6  0.011    0.0  0.000      0      0      0      0      0
09/25/1990   5847     73   3078   2696      1    397     21    816     15    559      0      0      0   0.00   0.00      0   0.00    3.7  0.011    0.0  0.000      0      0      0      0      0
09/26/1990   5594     69   2880   2645      2    532     25    862     15    564      0      0      0   0.00   0.00      0   0.00    3.8  0.010    0.0  0.000      0      0      0      0      0
09/27/1990   5334     65   2676   2593      4    679     28    906     15    557      0      0      0   0.00   0.00      0   0.00    3.9  0.010    0.0  0.000      0      0      0      0      0
09/28/1990   5073     61   2466   2546      6    848     31    924     15    557      0      0      0   0.00   0.00      0   0.00    3.9  0.010    0.0  0.000      0      0      0      0      0
09/29/1990   4812     57   2268   2487      9   1031     33    927     15    564      0      0      0   0.00   0.00      0   0.00    4.0  0.010    0.0  0.000      0      0      0      0      0
09/30/1990   4551     53   2068   2430     13   1213     34    929     15    575      0      0      0   0.00   0.00      0   0.00    4.1  0.009    0.0  0.000      0      0      0      0      0
10/01/1990   4290     48   1855   2387     17   1394     35    935     15    582      0      0      0   0.00   0.00      0   0.00    4.2  0.009    0.0  0.000      0      0      0      0      0
10/02/1990   4030     44   1636   2350     22   1585     35    937     15    569      0      0      0   0.00   0.00      0   0.00    4.3  0.009    0.0  0.000      0      0      0      0      0
10/03/1990   3769     40   1405   2324     27   1772     35    945     15    554      0      0      0   0.00   0.00      0   0.00    4.4  0.009    0.0  0.000      0      0      0      0      0
10/04/1990   3576     35   1214   2327     32   1923     35    953     15    552      0      0      0   0.00   0.00      0   0.00    4.5  0.009    0.0  0.000      0      0      0      0      0
10/05/1990   3411     30   1078   2303     37   2048     35    949     15    550      0      0      0   0.00   0.00      0   0.00    4.6  0.008    0.0  0.000      0      0      0      0      0
10/06/1990   3278     25    990   2263     42   2154     35    942     15    531      0      0      0   0.00   0.00      0   0.00    4.7  0.008    0.0  0.000      0      0      0      0      0
10/07/1990   3176     20    927   2229     47   2246     35    941     14    486      0      0      0   0.00   0.00      0   0.00    4.8  0.008    0.0  0.000      0      0      0      0      0
10/08/1990   3089     16    890   2183     52   2320     35    924     13    457      0      0      0   0.00   0.00      0   0.00    4.9  0.008    0.0  0.000      0      0      0      0      0
10/09/1990   3011     13    879   2119     56   2379     35    891     12    454      0      0      0   0.00   0.00      0   0.00    5.0  0.008    0.0  0.000      0      0      0      0      0
10/10/1990   2958     11    896   2051     60   2412     34    858     12    458      0      0      0   0.00   0.00      0   0.00    5.1  0.008    0.0  0.000      0      0      0      0      0
10/11/1990   2926     10    963   1953     63   2423     33    827     12    457      0      0      0   0.00   0.00      0   0.00    5.1  0.008    0.0  0.000      0      0      0      0      0
10/12/1990   2896     10   1073   1813     66   2432     32    793     12    445      0      0      0   0.00   0.00      0   0.00    5.2  0.007    0.0  0.000      0      0      0      0      0
10/13/1990   2860     11   1213   1636     68   2428     31    766     12    431      0      0      0   0.00   0.00      0   0.00    5.3  0.007    0.0  0.000      0      0      0      0      0
10/14/1990   2813     14   1394   1405     69   2408     30    753     11    413      0      0      0   0.00   0.00      0   0.00    5.3  0.007    0.0  0.000      0      0      0      0      0
10/15/1990   2781     17   1585   1179     70   2364     29    752     10    386      0      0      0   0.00   0.00      0   0.00    5.4  0.007    0.0  0.000      0      0      0      0      0
10/16/1990   2778     22   1772    984     70   2326     28    740      8    353      0      0      0   0.00   0.00      0   0.00    5.4  0.007    0.0  0.000      0      0      0      0      0
10/17/1990   2800     27   1958    815     69   2298     27    712      7    314      0      0      0   0.00   0.00      0   0.00    5.4  0.007    0.0  0.000      0      0      0      0      0
10/18/1990   2825     32   2142    651     68   2265     26    680      6    275      0      0      0   0.00   0.00      0   0.00    5.5  0.007    0.0  0.000      0      0      0      0      0
10/19/1990   2859     37   2329    493     67   2226     24    636      5    231      0      0      0   0.00   0.00      0   0.00    5.5  0.007    0.0  0.000      0      0      0      0      0
10/20/1990   2911     42   2522    347     66   2179     22    581      3    185      0      0      0   0.00   0.00      0   0.00    5.5  0.007    0.0  0.000      0      0      0      0      0
10/21/1990   2981     47   2717    217     65   2121     20    524      1    141      0      0      0   0.00   0.00      0   0.00    5.5  0.007    0.0  0.000      0      0      0      0      0
10/22/1990   3078     52   2911    115     64   2057     17    454      0    105      0      0      0   0.00   0.00      0   0.00    5.4  0.007    0.0  0.000      0      0      0      0      0
10/23/1990   3190     57   3091     42     63   1996     13    380      0     73      0      0      0   0.00   0.00      0   0.00    5.4  0.007    0.0  0.000      0      0      0      0      0
10/24/1990   3333     62   3271      0     61   1920     10    312      0     42      0      0      0   0.00   0.00      0   0.00    5.4  0.007    0.0  0.000      0      0      0      0      0
10/25/1990   3530     67   3428     35     59   1819      7    245      0     18      0      0      0   0.00   0.00      0   0.00    5.4  0.007    0.0  0.000      0      0      0      0      0
10/26/1990   3713     72   3547     94     56   1721      5    178      0      9      0      0      0   0.00   0.00      0   0.00    5.4  0.007    0.0  0.000      0      0      0      0      0
10/27/1990   3879     77   3627    175     53   1620      3    123      0     15      0      0      0   0.00   0.00      0   0.00    5.3  0.007    0.0  0.000      0      0      0      0      0
10/28/1990   4031     82   3673    276     50   1518      1     78      0     35      0      0      0   0.00   0.00      0   0.00    5.3  0.007    0.0  0.000      0      0      0      0      0
10/29/1990   4185     87   3701    397     46   1405      0     46      0     60      0      0      0   0.00   0.00      0   0.00    5.3  0.007    0.0  0.000      0      0      0      0      0
10/30/1990   4347     91   3724    532     41   1271      0     33      0     87      0      0      0   0.00   0.00      0   0.00    5.3  0.007    0.0  0.000      0      0      0      0      0
10/31/1990   4501     94   3728    679     37   1133      0     40      0    113      0      0      0   0.00   0.00      0   0.00    5.3  0.007    0.0  0.000      0      0      0      0      0
11/01/1990   4643     96   3707    840     33    990      0     64      0    130      0      0      0   0.00   0.00      0   0.00    5.3  0.007    0.0  0.000      0      0      0      0      0
11/02/1990   4782     98   3670   1014     29    844      0    102      0    143      0      0      0   0.00   0.00      0   0.00    5.4  0.007    0.0  0.000      0      0      0      0      0
11/03/1990   4910     99   3625   1186     25    711      0    144      1    158      0      0      0   0.00   0.00      0   0.00    5.4  0.007    0.0  0.000      0      0      0      0      0
11/04/1990   5029     99   3574   1356     21    592      0    179      2    188      0      0      0   0.00   0.00      0   0.00    5.4  0.007    0.0  0.000      0      0      0      0      0
11/05/1990   5106     99   3502   1505     17    493      0    210      4    222      0      0      0   0.00   0.00      0   0.00    5.5  0.007    0.0  0.000      0      0      0      0      0
11/06/1990   5144     98   3419   1627     13    418      1    242      4    238      0      0      0   0.00   0.00      0   0.00    5.5  0.007    0.0  0.000      0      0      0      0      0
11/07/1990   5147     96   3324   1727     10    365      2    280      5    241      0      0      0   0.00   0.00      0   0.00    5.6  0.007    0.0  0.000      0      0      0      0      0
11/08/1990   5120     94   3220   1806      7    331      4    319      5    250      0      0      0   0.00   0.00      0   0.00    5.6  0.007    0.0  0.000      0      0      0      0      0
11/09/1990   5053     91   3093   1869      5    317      5    350      7    274      0      0      0   0.00   0.00      0   0.00    5.7  0.007    0.0  0.000      0      0      0      0      0
11/10/1990   4958     88   2945   1925      3    323      7    378      8    301      0      0      0   0.00   0.00      0   0.00    5.8  0.007    0.0  0.000      0      0      0      0      0
11/11/1990   4843     85   2786   1972      1    348      9    411      9    320      0      0      0   0.00   0.00      0   0.00    5.8  0.007    0.0  0.000      0      0      0      0      0
11/12/1990   4694     81   2616   1997      0    400     12    436      9    338      0      0      0   0.00   0.00      0   0.00    5.9  0.006    0.0  0.000      0      0      0      0      0
11/13/1990   4519     76   2449   1994      1    472     14    457     10    356      0      0      0   0.00   0.00      0   0.00    6.0  0.006    0.0  0.000      0      0      0      0      0
11/14/1990   4337     71   2274   1992      2    544     16    493     10    350      0      0      0   0.00   0.00      0   0.00    6.0  0.006    0.0  0.000      0      0      0      0      0
11/15/1990   4151     66   2082   2003      4    623     17    533     10    333      0      0      0   0.00   0.00      0   0.00    6.1  0.006    0.0  0.000      0      0      0      0      0
11/16/1990   3959     61   1908   1990      5    713     20    563      9    322      0      0      0   0.00   0.00      0   0.00    6.2  0.006    0.0  0.000      0      0      0      0      0
11/17/1990   3778     56   1758   1964      7    803     21    569     10    333      0      0      0   0.00   0.00      0   0.00    6.3  0.006    0.0  0.000      0      0      0      0      0
11/18/1990   3607     51   1631   1925      9    889     22    565     10    340      0      0      0   0.00   0.00      0   0.00    6.3  0.006    0.0  0.000      0      0      0      0      0
11/19/1990   3447     46   1511   1890     12    973     22    565     10    337      0      0      0   0.00   0.00      0   0.00    6.4  0.006    0.0  0.000      0      0      0      0      0
11/20/1990   3469     41   1391   2037     15   1054     23    564      8    299      0      0      0   0.00   0.00      0   0.00    6.5  0.006    0.0  0.000      0      0      0      0      0
11/21/1990   3325     37   1286   2002     18   1132     23    549      7    263      0      0      0   0.00   0.00      0   0.00    6.6  0.006    0.0  0.000      0      0      0      0      0
11/22/1990   2991     33   1184   1774     21   1193     23    552      6    231      0      0      0   0.00   0.00      0   0.00    6.6  0.006    0.0  0.000      0      0      0      0      0
11/23/1990   2844     29   1089   1726     25   1244     21    530      6    224      0      0      0   0.00   0.00      0   0.00    6.7  0.006    0.0  0.000      0      0      0      0      0
11/24/1990   2721     25   1013   1683     28   1296     20    490      6    224      0      0      0   0.00   0.00      0   0.00    6.8  0.006    0.0  0.000      0      0      0      0      0
11/25/1990   2782     21    959   1802     31   1338     19    450      6    226      0      0      0   0.00   0.00      0   0.00    6.8  0.006    0.0  0.000      0      0      0      0      0
11/26/1990   2852     17    925   1910     34   1362     18    414      5    209      0      0      0   0.00   0.00      0   0.00    6.8  0.006    0.0  0.000      0      0      0      0      0
11/27/1990   2915     14    898   2003     37   1395     16    377      4    187      0      0      0   0.00   0.00      0   0.00    6.8  0.006    0.0  0.000      0      0      0      0      0
11/28/1990   2981     12    886   2083     39   1396     15    377      3    170      0      0      0   0.00   0.00      0   0.00    6.8  0.006    0.0  0.000      0      0      0      0      0
11/29/1990   2720     11    900   1809     40   1375     13    360      4    189      0      0      0   0.00   0.00      0   0.00    6.9  0.005    0.0  0.000      0      0      0      0      0
11/30/1990   2645     10    941   1694     41   1352     12    333      5    209      0      0      0   0.00   0.00      0   0.00    7.0  0.005    0.0  0.000      0      0      0      0      0
12/01/1990   2740     10   1002   1728     41   1319     11    323      5    202      0      0      0   0.00   0.00      0   0.00    7.1  0.005    0.0  0.000      0      0      0      0      0
12/02/1990   2842     10   1079   1753     41   1279     11    325      4    175      0      0      0   0.00   0.00      0   0.00    7.1  0.005    0.0  0.000      0      0      0      0      0
12/03/1990   2807     12   1174   1621     40   1240     11    316      3    160      0      0      0   0.00   0.00      0   0.00    7.1  0.005    0.0  0.000      0      0      0      0      0
12/04/1990   2792     15   1285   1492     39   1172     10    316      3    162      0      0      0   0.00   0.00      0   0.00    7.2  0.005    0.0  0.000      0      0      0      0      0
12/05/1990   2891     18   1387   1486     38   1116      9    313      2    159      0      0      0   0.00   0.00      0   0.00    7.2  0.005    0.0  0.000      0      0      0      0      0
12/06/1990   2853     21   1489   1343     36   1077      9    306      2    157      0      0      0   0.00   0.00      0   0.00    7.2  0.005    0.0  0.000      0      0      0      0      0
12/07/1990   2682     25   1598   1059     33   1039      9    289      2    154      0      0      0   0.00   0.00      0   0.00    7.3  0.005    0.0  0.000      0      0      0      0      0
12/08/1990   2661     28   1705    928     31    992      8    263      3    154      0      0      0   0.00   0.00      0   0.00    7.3  0.005    0.0  0.000      0      0      0      0      0
12/09/1990   2633     31   1794    808     30    939      7    261      2    144      0      0      0   0.00   0.00      0   0.00    7.3  0.005    0.0  0.000      0      0      0      0      0
12/10/1990   2262     34   1875    353     29    877      6    268      2    140      0      0      0   0.00   0.00      0   0.00    7.3  0.005    0.0  0.000      0      0      0      0      0
12/11/1990   2258     38   1917    303     26    853      6    257      1    120      0      0      0   0.00   0.00      0   0.00    7.3  0.005    0.0  0.000      0      0      0      0      0
12/12/1990   2325     41   1944    340     24    838      5    243      1     97      0      0      0   0.00   0.00      0   0.00    7.3  0.005    0.0  0.000      0      0      0      0      0
12/13/1990   2397     44   1976    377     22    805      5    249      0     66      0      0      0   0.00   0.00      0   0.00    7.3  0.005    0.0  0.000      0      0      0      0      0
12/14/1990   2463     46   1998    419     21    786      4    220      0     51      0      0      0   0.00   0.00      0   0.00    7.3  0.005    0.0  0.000      0      0      0      0      0
12/15/1990   2529     48   2010    471     19    768      4    186      0     44      0      0      0   0.00   0.00      0   0.00    7.3  0.005    0.0  0.000      0      0      0      0      0
12/16/1990   2602     50   2014    538     18    733      3    161      0     37      0      0      0   0.00   0.00      0   0.00    7.3  0.005    0.0  0.000      0      0      0      0      0
12/17/1990   2651     52   1985    614     17    721      2    127      0     44      0      0      0   0.00   0.00      0   0.00    7.3  0.005    0.0  0.000      0      0      0      0      0
12/18/1990   2694     53   1959    682     16    721      1     90      0     52      0      0      0   0.00   0.00      0   0.00    7.2  0.005    0.0  0.000      0      0      0      0      0
12/19/1990   2751     54   1943    754     14    683      1     78      0     60      0      0      0   0.00   0.00      0   0.00    7.2  0.005    0.0  0.000      0      0      0      0      0
12/20/1990   2818     53   1924    841     14    629      0     74      0     50      0      0      0   0.00   0.00      0   0.00    7.2  0.005    0.0  0.000      0      0      0      0      0
12/21/1990   2882     53   1894    935     13    578      0     76      0     28      0      0      0   0.00   0.00      0   0.00    7.2  0.005    0.0  0.000      0      0      0      0      0
12/22/1990   2930     52   1844   1034     12    532      0     87      0      7      0      0      0   0.00   0.00      0   0.00    7.2  0.005    0.0  0.000      0      0      0      0      0
12/23/1990   2971     52   1779   1140     10    498      0     80      0      0      0      0      0   0.00   0.00      0   0.00    7.2  0.005    0.0  0.000      0      0      0      0      0
12/24/1990   3019     51   1716   1252      8    455      0     67      0      0      0      0      0   0.00   0.00      0   0.00    7.2  0.005    0.0  0.000      0      0      0      0      0
12/25/1990   3068     49   1650   1369      7    414      0     50      0      5      0      0      0   0.00   0.00      0   0.00    7.2  0.005    0.0  0.000      0      0      0      0      0
12/26/1990   3104     47   1588   1469      6    391      0     28      0     21      0      0      0   0.00   0.00      0   0.00    7.1  0.005    0.0  0.000      0      0      0      0      0
12/27/1990   3149     45   1540   1564      5    358      0      7      0     43      0      0      0   0.00   0.00      0   0.00    7.1  0.005    0.0  0.000      0      0      0      0      0
12/28/1990   3194     42   1482   1670      4    310      0      5      0     66      0      0      0   0.00   0.00      0   0.00    7.1  0.005    0.0  0.000      0      0      0      0      0
12/29/1990   3229     39   1409   1781      4    265      0     21      0     62      0      0      0   0.00   0.00      0   0.00    7.1  0.005    0.0  0.000      0      0      0      0      0
12/30/1990   3264     37   1344   1883      3    221      0     43      0     62      0      0      0   0.00   0.00      0   0.00    7.1  0.005    0.0  0.000      0      0      0      0      0
12/31/1990   3306     35   1285   1986      2    170      0     71      0     57      0      0      0   0.00   0.00      0   0.00    7.1  0.005    0.0  0.000      0      0      0      0      0
