Varroa Population Simulation - Nov 23,2015  02:36:09 PM
VarroaPop Version 3.2.5.8  June, 2015

                                        Capped  Capped                                                                      Prop           Conc          Conc                                     
            Colony  Adult  Adult         Drone   Wkr    Drone  Wkr    Drone  Wkr  Free   DBrood WBrood DMite  WMite  Mites  Mites  Colony Pollen Colony Nectar   Dead   Dead   Dead   Dead   Dead
     Date   Size   Drones   Wkr   Forgrs Brood  Brood   Larv   Larv    Eggs  Eggs Mites  Mites  Mites  /Cell  /Cell  Dying  Dying  Pollen  Pest  Nectar  Pest    DLarv  WLarv  DAdlt  WAdlt  Forgrs
Initial     10000      0   5817   4183      0      0      0      0      0      0      0      0      0   0.00   0.00      0   0.00    0.0  0.000    0.0  0.000      0      0      0      0      0
08/01/1990   9723      0   5540   4183      0      0      0      0      5    274      0      0      0   0.00   0.00      0   0.00    0.2  0.000    0.0  0.000      0      0      0      0      0
08/02/1990   9446      0   5263   4183      0      0      0      0     10    547      0      0      0   0.00   0.00      0   0.00    0.3  0.000    0.0  0.000      0      0      0      0      0
08/03/1990   9169      0   4986   4183      0      0      0      0     15    820      0      0      0   0.00   0.00      0   0.00    0.5  0.000    0.0  0.000      0      0      0      0      0
08/04/1990   8892      0   4709   4183      0      0      5    274     15    821      0      0      0   0.00   0.00      0   0.00    0.6  0.000    0.0  0.000      0      0      0      0      0
08/05/1990   8615      0   4432   4183      0      0     10    547     15    830      0      0      0   0.00   0.00      0   0.00    0.8  0.000    0.0  0.000      0      0      0      0      0
08/06/1990   8338      0   4155   4183      0      0     15    820     16    840      0      0      0   0.00   0.00      0   0.00    0.9  0.000    0.0  0.000      0      0      0      0      0
08/07/1990   8061      0   3878   4183      0      0     20   1095     17    848      0      0      0   0.00   0.00      0   0.00    1.1  0.000    0.0  0.000      0      0      0      0      0
08/08/1990   7784      0   3601   4183      0      0     25   1377     18    849      0      0      0   0.00   0.00      0   0.00    1.2  0.000    0.0  0.000      0      0      0      0      0
08/09/1990   7507      0   3324   4183      0    274     31   1386     18    849      0      0      0   0.00   0.00      0   0.00    1.4  0.000    0.0  0.000      0      0      0      0      0
08/10/1990   7230      0   3047   4183      0    547     37   1396     18    849      0      0      0   0.00   0.00      0   0.00    1.6  0.000    0.0  0.000      0      0      0      0      0
08/11/1990     11      0     11      0      5    820     22   1031     18    849      0      0      0   0.00   0.00      0   0.00    1.7  1.418    0.0  0.000     15    375      0   2757   4182
08/12/1990     10      0     10      0      6    898     25   1236     12    566      0      0      0   0.00   0.00      0   0.00    1.7  1.418    0.0  0.000      2      0      0      0      1
08/13/1990      9      0      9      0      7   1002     30   1415      6    283      0      0      0   0.00   0.00      0   0.00    1.7  1.418    0.0  0.000      0      0      0      0      1
08/14/1990      8      0      8      0      8   1285     35   1415      0      0      0      0      0   0.00   0.00      0   0.00    1.7  1.418    0.0  0.000      0      0      0      0      1
08/15/1990      7      0      7      0      9   1568     34   1132      0      0      0      0      0   0.00   0.00      0   0.00    1.7  1.418    0.0  0.000      0      0      0      0      1
08/16/1990      6      0      6      0     13   1851     30    849      0      0      0      0      0   0.00   0.00      0   0.00    1.7  1.418    0.0  0.000      0      0      0      0      1
08/17/1990      5      0      5      0     19   2134     24    566      0      0      0      0      0   0.00   0.00      0   0.00    1.7  1.418    0.0  0.000      0      0      0      0      1
08/18/1990      4      0      4      0     25   2417     18    283      0      0      0      0      0   0.00   0.00      0   0.00    1.7  1.418    0.0  0.000      0      0      0      0      1
08/19/1990      4      0      3      1     31   2700     12      0      0      0      0      0      0   0.00   0.00      0   0.00    1.7  1.418    0.0  0.000      0      0      0      0      0
08/20/1990      4      0      2      2     37   2700      6      0      0      0      0      0      0   0.00   0.00      0   0.00    1.7  1.418    0.0  0.000      0      0      0      0      0
08/21/1990      4      0      1      3     43   2700      0      0      0      0      0      0      0   0.00   0.00      0   0.00    1.7  1.418    0.0  0.000      0      0      0      0      0
08/22/1990    278      0    274      4     43   2426      0      0      0      0      0      0      0   0.00   0.00      0   0.00    1.7  1.418    0.0  0.000      0      0      0      0      0
08/23/1990    551      0    547      4     43   2153      0      0      0      0      0      0      0   0.00   0.00      0   0.00    1.7  1.418    0.0  0.000      0      0      0      0      0
08/24/1990    824      0    820      4     43   1880      0      0      0      0      0      0      0   0.00   0.00      0   0.00    1.7  1.418    0.0  0.000      0      0      0      0      0
08/25/1990    907      5    898      4     38   1802      0      0      0      0      0      0      0   0.00   0.00      0   0.00    1.7  1.418    0.0  0.000      0      0      0      0      0
08/26/1990   1012      6   1002      4     37   1698      0      0      0      0      0      0      0   0.00   0.00      0   0.00    1.7  1.418    0.0  0.000      0      0      0      0      0
08/27/1990   1296      7   1285      4     36   1415      0      0      0      0      0      0      0   0.00   0.00      0   0.00    1.7  1.418    0.0  0.000      0      0      0      0      0
08/28/1990   1580      8   1568      4     35   1132      0      0      0      0      0      0      0   0.00   0.00      0   0.00    1.7  1.418    0.0  0.000      0      0      0      0      0
08/29/1990   1864      9   1851      4     34    849      0      0      0      0      0      0      0   0.00   0.00      0   0.00    1.7  1.418    0.0  0.000      0      0      0      0      0
08/30/1990   2151     13   2134      4     30    566      0      0      0      0      0      0      0   0.00   0.00      0   0.00    1.7  1.418    0.0  0.000      0      0      0      0      0
08/31/1990   2440     19   2417      4     24    283      0      0      0      0      0      0      0   0.00   0.00      0   0.00    1.7  1.418    0.0  0.000      0      0      0      0      0
09/01/1990   2729     25   2700      4     18      0      0      0      0      0      0      0      0   0.00   0.00      0   0.00    1.6  1.418    0.0  0.000      0      0      0      0      0
09/02/1990   2735     31   2700      4     12      0      0      0      0      0      0      0      0   0.00   0.00      0   0.00    1.6  1.418    0.0  0.000      0      0      0      0      0
09/03/1990   2741     37   2700      4      6      0      0      0      0      0      0      0      0   0.00   0.00      0   0.00    1.6  1.418    0.0  0.000      0      0      0      0      0
09/04/1990   2746     43   2700      3      0      0      0      0      0      0      0      0      0   0.00   0.00      0   0.00    1.6  1.417    0.0  0.000      0      0      0      0      0
09/05/1990   2745     43   2700      2      0      0      0      0      0      0      0      0      0   0.00   0.00      0   0.00    1.6  1.417    0.0  0.000      0      0      0      0      0
09/06/1990   2744     43   2700      1      0      0      0      0      0      0      0      0      0   0.00   0.00      0   0.00    1.6  1.417    0.0  0.000      0      0      0      0      0
09/07/1990   2743     43   2700      0      0      0      0      0      0      0      0      0      0   0.00   0.00      0   0.00    1.5  1.417    0.0  0.000      0      0      0      0      0
09/08/1990   2743     43   2700      0      0      0      0      0      0      0      0      0      0   0.00   0.00      0   0.00    1.5  1.417    0.0  0.000      0      0      0      0      0
09/09/1990   2743     43   2700      0      0      0      0      0      0      0      0      0      0   0.00   0.00      0   0.00    1.5  1.416    0.0  0.000      0      0      0      0      0
09/10/1990   2743     43   2700      0      0      0      0      0      0      0      0      0      0   0.00   0.00      0   0.00    1.5  1.416    0.0  0.000      0      0      0      0      0
09/11/1990   2743     43   2700      0      0      0      0      0      0      0      0      0      0   0.00   0.00      0   0.00    1.4  1.416    0.0  0.000      0      0      0      0      0
09/12/1990   2743     43   2426    274      0      0      0      0      0      0      0      0      0   0.00   0.00      0   0.00    1.4  1.416    0.0  0.000      0      0      0      0      0
09/13/1990   2743     43   2153    547      0      0      0      0      0     39      0      0      0   0.00   0.00      0   0.00    1.4  1.408    0.0  0.000      0      0      0      0      0
09/14/1990   2743     43   1880    820      0      0      0      0      0    103      0      0      0   0.00   0.00      0   0.00    1.5  1.388    0.0  0.000      0      0      0      0      0
09/15/1990   2738     38   1802    898      0      0      0      0      0    191      0      0      0   0.00   0.00      0   0.00    1.5  1.365    0.0  0.000      0      0      0      0      0
09/16/1990   2737     37   1698   1002      0      0      0     39      1    246      0      0      0   0.00   0.00      0   0.00    1.5  1.336    0.0  0.000      0      0      0      0      0
09/17/1990   2736     36   1415   1285      0      0      0    103      2    286      0      0      0   0.00   0.00      0   0.00    1.6  1.296    0.0  0.000      0      0      0      0      0
09/18/1990   2735     35   1132   1568      0      0      0    191      3    320      0      0      0   0.00   0.00      0   0.00    1.6  1.246    0.0  0.000      0      0      0      0      0
09/19/1990   2734     34    849   1851      0      0      1    285      4    362      0      0      0   0.00   0.00      0   0.00    1.7  1.189    0.0  0.000      0      0      0      0      0
09/20/1990   2730     30    566   2134      0      0      2    389      5    419      0      0      0   0.00   0.00      0   0.00    1.8  1.128    0.0  0.000      0      0      0      0      0
09/21/1990   2724     24    283   2417      0     39      3    472      7    473      0      0      0   0.00   0.00      0   0.00    1.9  1.064    0.0  0.000      0      0      0      0      0
09/22/1990   2718     18      0   2700      0    103      5    544      8    516      0      0      0   0.00   0.00      0   0.00    2.0  1.001    0.0  0.000      0      0      0      0      0
09/23/1990   2712     12      0   2700      0    191      7    617     10    533      0      0      0   0.00   0.00      0   0.00    2.2  0.945    0.0  0.000      0      0      0      0      0
09/24/1990   2706      6      0   2700      0    285     10    699     11    545      0      0      0   0.00   0.00      0   0.00    2.3  0.895    0.0  0.000      0      0      0      0      0
09/25/1990   2700      0      0   2700      0    389     13    774     12    553      0      0      0   0.00   0.00      0   0.00    2.4  0.850    0.0  0.000      0      0      0      0      0
09/26/1990   2700      0      0   2700      1    511     16    830     12    562      0      0      0   0.00   0.00      0   0.00    2.5  0.809    0.0  0.000      0      0      0      0      0
09/27/1990   2426      0      0   2426      2    647     19    882     12    561      0      0      0   0.00   0.00      0   0.00    2.6  0.776    0.0  0.000      0      0      0      0      0
09/28/1990   2153      0      0   2153      3    808     22    908     12    554      0      0      0   0.00   0.00      0   0.00    2.7  0.749    0.0  0.000      0      0      0      0      0
09/29/1990   1880      0      0   1880      5    984     24    919     11    543      0      0      0   0.00   0.00      0   0.00    2.8  0.727    0.0  0.000      0      0      0      0      0
09/30/1990   1802      0      0   1802      7   1163     26    927     10    523      0      0      0   0.00   0.00      0   0.00    2.9  0.706    0.0  0.000      0      0      0      0      0
10/01/1990   1698      0      0   1698     10   1341     27    929      9    507      0      0      0   0.00   0.00      0   0.00    3.0  0.688    0.0  0.000      0      0      0      0      0
10/02/1990   1415      0      0   1415     13   1529     27    917      8    478      0      0      0   0.00   0.00      0   0.00    3.0  0.674    0.0  0.000      0      0      0      0      0
10/03/1990   1132      0      0   1132     17   1716     26    897      7    443      0      0      0   0.00   0.00      0   0.00    3.1  0.663    0.0  0.000      0      0      0      0      0
10/04/1990    888      0     39    849     21   1864     25    874      6    402      0      0      0   0.00   0.00      0   0.00    3.1  0.655    0.0  0.000      0      0      0      0      0
10/05/1990    669      0    103    566     25   1987     23    834      5    346      0      0      0   0.00   0.00      0   0.00    3.1  0.650    0.0  0.000      0      0      0      0      0
10/06/1990    474      0    191    283     29   2079     21    786      3    275      0      0      0   0.00   0.00      0   0.00    3.1  0.648    0.0  0.000      0      0      0      0      0
10/07/1990    285      0    285      0     33   2161     19    733      1    183      0      0      0   0.00   0.00      0   0.00    3.1  0.648    0.0  0.000      0      0      0      0      0
10/08/1990    389      0    389      0     37   2224     16    657      0     92      0      0      0   0.00   0.00      0   0.00    3.1  0.648    0.0  0.000      0      0      0      0      0
10/09/1990    511      0    511      0     40   2266     13    554      0     31      0      0      0   0.00   0.00      0   0.00    3.1  0.648    0.0  0.000      0      0      0      0      0
10/10/1990    648      1    647      0     42   2277     10    438      0      0      0      0      0   0.00   0.00      0   0.00    3.1  0.648    0.0  0.000      0      0      0      0      0
10/11/1990    810      2    808      0     44   2248      7    306      0      0      0      0      0   0.00   0.00      0   0.00    3.1  0.648    0.0  0.000      0      0      0      0      0
10/12/1990    987      3    984      0     45   2195      5    183      0      0      0      0      0   0.00   0.00      0   0.00    3.1  0.648    0.0  0.000      0      0      0      0      0
10/13/1990   1168      5   1163      0     45   2107      3     92      0      0      0      0      0   0.00   0.00      0   0.00    3.1  0.648    0.0  0.000      0      0      0      0      0
10/14/1990   1348      7   1341      0     45   1990      1     31      0      0      0      0      0   0.00   0.00      0   0.00    3.1  0.648    0.0  0.000      0      0      0      0      0
10/15/1990   1539     10   1529      0     43   1833      0      0      0      0      0      0      0   0.00   0.00      0   0.00    3.1  0.648    0.0  0.000      0      0      0      0      0
10/16/1990   1729     13   1716      0     40   1646      0      0      0      0      0      0      0   0.00   0.00      0   0.00    3.1  0.648    0.0  0.000      0      0      0      0      0
10/17/1990   1920     17   1903      0     36   1459      0      0      0      0      0      0      0   0.00   0.00      0   0.00    3.1  0.648    0.0  0.000      0      0      0      0      0
10/18/1990   2111     21   2090      0     32   1272      0      0      0      0      0      0      0   0.00   0.00      0   0.00    3.1  0.648    0.0  0.000      0      0      0      0      0
10/19/1990   2295     25   2270      0     28   1092      0      0      0      0      0      0      0   0.00   0.00      0   0.00    3.1  0.648    0.0  0.000      0      0      0      0      0
10/20/1990   2475     29   2446      0     24    916      0      0      0      0      0      0      0   0.00   0.00      0   0.00    3.0  0.648    0.0  0.000      0      0      0      0      0
10/21/1990   2646     33   2613      0     20    749      0      0      0      0      0      0      0   0.00   0.00      0   0.00    3.0  0.648    0.0  0.000      0      0      0      0      0
10/22/1990   2814     37   2777      0     16    585      0      0      0      0      0      0      0   0.00   0.00      0   0.00    3.0  0.648    0.0  0.000      0      0      0      0      0
10/23/1990   2964     40   2924      0     13    438      0      0      0      0      0      0      0   0.00   0.00      0   0.00    3.0  0.648    0.0  0.000      0      0      0      0      0
10/24/1990   3099     43   3056      0     10    306      0      0      0      0      0      0      0   0.00   0.00      0   0.00    3.0  0.648    0.0  0.000      0      0      0      0      0
10/25/1990   3225     46   3140     39      7    183      0      0      0      0      0      0      0   0.00   0.00      0   0.00    2.9  0.648    0.0  0.000      0      0      0      0      0
10/26/1990   3318     48   3167    103      5     92      0      0      0      4      0      0      0   0.00   0.00      0   0.00    2.9  0.648    0.0  0.000      0      0      0      0      0
10/27/1990   3381     50   3140    191      3     31      0      0      0     16      0      0      0   0.00   0.00      0   0.00    2.9  0.648    0.0  0.000      0      0      0      0      0
10/28/1990   3414     52   3077    285      1      0      0      0      0     38      0      0      0   0.00   0.00      0   0.00    2.9  0.648    0.0  0.000      0      0      0      0      0
10/29/1990   3415     53   2973    389      0      0      0      4      0     65      0      0      0   0.00   0.00      0   0.00    2.9  0.648    0.0  0.000      0      0      0      0      0
10/30/1990   3415     53   2851    511      0      0      0     16      0     90      0      0      0   0.00   0.00      0   0.00    2.9  0.648    0.0  0.000      0      0      0      0      0
10/31/1990   3414     52   2715    647      0      0      0     38      0    113      0      0      0   0.00   0.00      0   0.00    2.9  0.645    0.0  0.000      0      0      0      0      0
11/01/1990   3405     51   2554    800      0      0      0     69      0    127      0      0      0   0.00   0.00      0   0.00    2.9  0.642    0.0  0.000      0      0      0      0      0
11/02/1990   3395     50   2378    967      0      0      0    106      0    139      0      0      0   0.00   0.00      0   0.00    3.0  0.636    0.0  0.000      0      0      0      0      0
11/03/1990   3383     48   2199   1136      0      4      0    147      0    154      0      0      0   0.00   0.00      0   0.00    3.0  0.629    0.0  0.000      0      0      0      0      0
11/04/1990   3370     46   2021   1303      0     16      0    180      1    182      0      0      0   0.00   0.00      0   0.00    3.0  0.620    0.0  0.000      0      0      0      0      0
11/05/1990   3355     43   1833   1479      0     38      0    207      2    217      0      0      0   0.00   0.00      0   0.00    3.1  0.610    0.0  0.000      0      0      0      0      0
11/06/1990   3339     40   1646   1653      0     69      0    236      3    233      0      0      0   0.00   0.00      0   0.00    3.2  0.598    0.0  0.000      0      0      0      0      0
11/07/1990   3321     36   1459   1826      0    106      1    272      3    241      0      0      0   0.00   0.00      0   0.00    3.2  0.585    0.0  0.000      0      0      0      0      0
11/08/1990   3302     32   1272   1998      0    151      2    311      3    255      0      0      0   0.00   0.00      0   0.00    3.3  0.571    0.0  0.000      0      0      0      0      0
11/09/1990   3252     28   1092   2132      0    196      3    342      4    287      0      0      0   0.00   0.00      0   0.00    3.4  0.556    0.0  0.000      0      0      0      0      0
11/10/1990   3178     24    916   2238      0    245      4    374      5    322      0      0      0   0.00   0.00      0   0.00    3.5  0.541    0.0  0.000      0      0      0      0      0
11/11/1990   3081     20    749   2312      0    305      5    412      6    348      0      0      0   0.00   0.00      0   0.00    3.6  0.526    0.0  0.000      0      0      0      0      0
11/12/1990   2979     16    585   2378      0    378      7    447      7    372      0      0      0   0.00   0.00      0   0.00    3.7  0.512    0.0  0.000      0      0      0      0      0
11/13/1990   2869     13    438   2418      0    462      9    479      8    395      0      0      0   0.00   0.00      0   0.00    3.8  0.497    0.0  0.000      0      0      0      0      0
11/14/1990   2742     10    306   2426      1    538     10    527      9    392      0      0      0   0.00   0.00      0   0.00    3.9  0.484    0.0  0.000      0      0      0      0      0
11/15/1990   2602      7    183   2412      2    619     12    578      8    376      0      0      0   0.00   0.00      0   0.00    4.0  0.471    0.0  0.000      0      0      0      0      0
11/16/1990   2443      5     96   2342      3    713     14    619      8    364      0      0      0   0.00   0.00      0   0.00    4.1  0.459    0.0  0.000      0      0      0      0      0
11/17/1990   2277      3     47   2227      4    809     16    632      8    373      0      0      0   0.00   0.00      0   0.00    4.2  0.448    0.0  0.000      0      0      0      0      0
11/18/1990   2118      1     38   2079      5    903     17    632      8    376      0      0      0   0.00   0.00      0   0.00    4.3  0.438    0.0  0.000      0      0      0      0      0
11/19/1990   1971      0     69   1902      7    996     18    635      7    366      0      0      0   0.00   0.00      0   0.00    4.4  0.430    0.0  0.000      0      0      0      0      0
11/20/1990   1994      0    106   1888      9   1091     19    633      5    317      0      0      0   0.00   0.00      0   0.00    4.5  0.422    0.0  0.000      0      0      0      0      0
11/21/1990   1854      0    151   1703     11   1185     19    613      4    268      0      0      0   0.00   0.00      0   0.00    4.5  0.415    0.0  0.000      0      0      0      0      0
11/22/1990   1545      0    196   1349     14   1261     18    609      3    222      0      0      0   0.00   0.00      0   0.00    4.6  0.410    0.0  0.000      0      0      0      0      0
11/23/1990   1412      0    245   1167     17   1328     16    574      2    203      0      0      0   0.00   0.00      0   0.00    4.7  0.405    0.0  0.000      0      0      0      0      0
11/24/1990   1298      0    305    993     20   1395     14    517      1    189      0      0      0   0.00   0.00      0   0.00    4.7  0.401    0.0  0.000      0      0      0      0      0
11/25/1990   1362      0    378    984     22   1452     13    458      0    174      0      0      0   0.00   0.00      0   0.00    4.7  0.401    0.0  0.000      0      0      0      0      0
11/26/1990   1437      0    462    975     25   1487     10    401      0    149      0      0      0   0.00   0.00      0   0.00    4.7  0.401    0.0  0.000      0      0      0      0      0
11/27/1990   1504      0    538    966     28   1528      7    340      0    126      0      0      0   0.00   0.00      0   0.00    4.7  0.401    0.0  0.000      0      0      0      0      0
11/28/1990   1577      1    619    957     29   1528      5    315      0    109      0      0      0   0.00   0.00      0   0.00    4.7  0.398    0.0  0.000      0      0      0      0      0
11/29/1990   1363      2    717    644     30   1500      3    282      0    117      0      0      0   0.00   0.00      0   0.00    4.7  0.396    0.0  0.000      0      0      0      0      0
11/30/1990   1320      3    825    492     30   1463      2    244      0    118      0      0      0   0.00   0.00      0   0.00    4.8  0.395    0.0  0.000      0      0      0      0      0
12/01/1990   1431      4    941    486     30   1409      1    221      0    102      0      0      0   0.00   0.00      0   0.00    4.8  0.393    0.0  0.000      0      0      0      0      0
12/02/1990   1550      5   1065    480     30   1341      0    210      0     76      0      0      0   0.00   0.00      0   0.00    4.8  0.393    0.0  0.000      0      0      0      0      0
12/03/1990   1552      7   1197    348     28   1265      0    188      0     64      0      0      0   0.00   0.00      0   0.00    4.8  0.393    0.0  0.000      0      0      0      0      0
12/04/1990   1577      9   1336    232     26   1163      0    174      0     59      0      0      0   0.00   0.00      0   0.00    4.8  0.392    0.0  0.000      0      0      0      0      0
12/05/1990   1696     11   1457    228     24   1075      0    160      0     50      0      0      0   0.00   0.00      0   0.00    4.8  0.392    0.0  0.000      0      0      0      0      0
12/06/1990   1710     14   1573    123     21    998      0    143      0     39      0      0      0   0.00   0.00      0   0.00    4.8  0.392    0.0  0.000      0      0      0      0      0
12/07/1990   1727     17   1696     14     18    916      0    116      0     28      0      0      0   0.00   0.00      0   0.00    4.8  0.392    0.0  0.000      0      0      0      0      0
12/08/1990   1847     20   1814     13     15    820      0     92      0     18      0      0      0   0.00   0.00      0   0.00    4.8  0.392    0.0  0.000      0      0      0      0      0
12/09/1990   1965     22   1911     32     13    724      0     80      0      7      0      0      0   0.00   0.00      0   0.00    4.7  0.392    0.0  0.000      0      0      0      0      0
12/10/1990   2081     25   1997     59     10    626      0     68      0      2      0      0      0   0.00   0.00      0   0.00    4.7  0.392    0.0  0.000      0      0      0      0      0
12/11/1990   2161     28   2041     92      7    567      0     46      0      7      0      0      0   0.00   0.00      0   0.00    4.7  0.392    0.0  0.000      0      0      0      0      0
12/12/1990   2229     30   2066    133      5    515      0     28      0     13      0      0      0   0.00   0.00      0   0.00    4.7  0.392    0.0  0.000      0      0      0      0      0
12/13/1990   2298     32   2092    174      3    454      0     20      0     19      0      0      0   0.00   0.00      0   0.00    4.7  0.392    0.0  0.000      0      0      0      0      0
12/14/1990   2357     33   2105    219      2    403      0     14      0     19      0      0      0   0.00   0.00      0   0.00    4.7  0.392    0.0  0.000      0      0      0      0      0
12/15/1990   2410     34   2101    275      1    354      0     13      0     20      0      0      0   0.00   0.00      0   0.00    4.7  0.392    0.0  0.000      0      0      0      0      0
12/16/1990   2463     35   2084    344      0    298      0     21      0     20      0      0      0   0.00   0.00      0   0.00    4.7  0.392    0.0  0.000      0      0      0      0      0
12/17/1990   2496     35   2037    424      0    261      0     26      0     26      0      0      0   0.00   0.00      0   0.00    4.6  0.392    0.0  0.000      0      0      0      0      0
12/18/1990   2525     35   1994    496      0    230      0     31      0     36      0      0      0   0.00   0.00      0   0.00    4.6  0.392    0.0  0.000      0      0      0      0      0
12/19/1990   2559     34   1952    573      0    196      0     34      0     44      0      0      0   0.00   0.00      0   0.00    4.6  0.392    0.0  0.000      0      0      0      0      0
12/20/1990   2600     33   1899    668      0    157      0     39      0     38      0      0      0   0.00   0.00      0   0.00    4.6  0.392    0.0  0.000      0      0      0      0      0
12/21/1990   2630     32   1825    773      0    131      0     48      0     21      0      0      0   0.00   0.00      0   0.00    4.6  0.392    0.0  0.000      0      0      0      0      0
12/22/1990   2649     31   1732    886      0    113      0     59      0      5      0      0      0   0.00   0.00      0   0.00    4.6  0.392    0.0  0.000      0      0      0      0      0
12/23/1990   2664     30   1627   1007      0    101      0     57      0      0      0      0      0   0.00   0.00      0   0.00    4.6  0.392    0.0  0.000      0      0      0      0      0
12/24/1990   2681     28   1517   1136      0     87      0     49      0      0      0      0      0   0.00   0.00      0   0.00    4.6  0.392    0.0  0.000      0      0      0      0      0
12/25/1990   2694     26   1396   1272      0     80      0     38      0      5      0      0      0   0.00   0.00      0   0.00    4.5  0.392    0.0  0.000      0      0      0      0      0
12/26/1990   2699     24   1285   1390      0     87      0     21      0     20      0      0      0   0.00   0.00      0   0.00    4.5  0.392    0.0  0.000      0      0      0      0      0
12/27/1990   2704     21   1180   1503      0     92      0      5      0     42      0      0      0   0.00   0.00      0   0.00    4.5  0.392    0.0  0.000      0      0      0      0      0
12/28/1990   2704     18   1060   1626      0     90      0      5      0     65      0      0      0   0.00   0.00      0   0.00    4.5  0.392    0.0  0.000      0      0      0      0      0
12/29/1990   2697     15    930   1752      0     90      0     20      0     62      0      0      0   0.00   0.00      0   0.00    4.5  0.392    0.0  0.000      0      0      0      0      0
12/30/1990   2691     13    811   1867      0     90      0     42      0     62      0      0      0   0.00   0.00      0   0.00    4.5  0.392    0.0  0.000      0      0      0      0      0
12/31/1990   2687     10    696   1981      0     88      0     70      0     57      0      0      0   0.00   0.00      0   0.00    4.5  0.392    0.0  0.000      0      0      0      0      0
