Varroa Population Simulation - Nov 24,2015  04:09:43 PM
VarroaPop Version 3.2.5.8  June, 2015

                                        Capped  Capped                                                                      Prop           Conc          Conc                                     
            Colony  Adult  Adult         Drone   Wkr    Drone  Wkr    Drone  Wkr  Free   DBrood WBrood DMite  WMite  Mites  Mites  Colony Pollen Colony Nectar   Dead   Dead   Dead   Dead   Dead
     Date   Size   Drones   Wkr   Forgrs Brood  Brood   Larv   Larv    Eggs  Eggs Mites  Mites  Mites  /Cell  /Cell  Dying  Dying  Pollen  Pest  Nectar  Pest    DLarv  WLarv  DAdlt  WAdlt  Forgrs
Initial     10000      0   6993   3007      0      0      0      0      0      0      0      0      0   0.00   0.00      0   0.00    0.0  0.000    0.0  0.000      0      0      0      0      0
05/01/1990   9667      0   6660   3007      0      0      0      0      2    557      0      0      0   0.00   0.00      0   0.00    0.1  0.000    0.0  0.000      0      0      0      0      0
05/02/1990   9334      0   6327   3007      0      0      0      0      4   1157      0      0      0   0.00   0.00      0   0.00    0.2  0.000    0.0  0.000      0      0      0      0      0
05/03/1990   9001      0   5994   3007      0      0      0      0      6   1810      0      0      0   0.00   0.00      0   0.00    0.3  0.000    0.0  0.000      0      0      0      0      0
05/04/1990   8668      0   5661   3007      0      0      2    557      6   1933      0      0      0   0.00   0.00      0   0.00    0.4  0.000    0.0  0.000      0      0      0      0      0
05/05/1990   8335      0   5328   3007      0      0      4   1157      6   2026      0      0      0   0.00   0.00      0   0.00    0.5  0.000    0.0  0.000      0      0      0      0      0
05/06/1990   8002      0   4995   3007      0      0      6   1810      6   2053      0      0      0   0.00   0.00      0   0.00    0.6  0.000    0.0  0.000      0      0      0      0      0
05/07/1990   7669      0   4662   3007      0      0      8   2490      6   2003      0      0      0   0.00   0.00      0   0.00    0.7  0.000    0.0  0.000      0      0      0      0      0
05/08/1990   7336      0   4329   3007      0      0     10   3183      6   1931      0      0      0   0.00   0.00      0   0.00    0.8  0.000    0.0  0.000      0      0      0      0      0
05/09/1990   6993      0   3996   2997      0    557     12   3306      6   1824      0      0      0   0.00   0.00      0   0.00    0.9  0.000    0.0  0.000      0      0      0      0      0
05/10/1990   6660      0   3663   2997      0   1157     14   3336      5   1687      0      0      0   0.00   0.00      0   0.00    1.0  0.000    0.0  0.000      0      0      0      0      0
05/11/1990   6327      0   3330   2997      2   1810     14   3304      4   1610      0      0      0   0.00   0.00      0   0.00    1.1  0.000    0.0  0.000      0      0      0      0      0
05/12/1990   5994      0   2997   2997      4   2490     14   3197      4   1600      0      0      0   0.00   0.00      0   0.00    1.2  0.000    0.0  0.000      0      0      0      0      0
05/13/1990   5661      0   2664   2997      6   3183     13   2997      5   1679      0      0      0   0.00   0.00      0   0.00    1.3  0.000    0.0  0.000      0      0      0      0      0
05/14/1990   5328      0   2331   2997      8   3863     12   2861      6   1706      0      0      0   0.00   0.00      0   0.00    1.4  0.000    0.0  0.000      0      0      0      0      0
05/15/1990   4995      0   1998   2997     10   4493     12   2794      5   1691      0      0      0   0.00   0.00      0   0.00    1.5  0.000    0.0  0.000      0      0      0      0      0
05/16/1990   4662      0   1665   2997     12   5114     12   2745      5   1732      0      0      0   0.00   0.00      0   0.00    1.6  0.000    0.0  0.000      0      0      0      0      0
05/17/1990   4329      0   1332   2997     14   5687     12   2743      5   1733      0      0      0   0.00   0.00      0   0.00    1.8  0.000    0.0  0.000      0      0      0      0      0
05/18/1990   3996      0    999   2997     16   6180     11   2798      5   1698      0      0      0   0.00   0.00      0   0.00    1.9  0.000    0.0  0.000      0      0      0      0      0
05/19/1990   3663      0    666   2997     18   6724     11   2867      4   1583      0      0      0   0.00   0.00      0   0.00    2.0  0.000    0.0  0.000      0      0      0      0      0
05/20/1990   3330      0    333   2997     19   7287     12   2876      4   1576      0      0      0   0.00   0.00      0   0.00    2.1  0.000    0.0  0.000      0      0      0      0      0
05/21/1990   2997      0      0   2997     20   7859     12   2817      5   1654      0      0      0   0.00   0.00      0   0.00    2.3  0.000    0.0  0.000      0      0      0      0      0
05/22/1990   3221      0    557   2664     22   7873     11   2744      6   1760      0      0      0   0.00   0.00      0   0.00    2.4  0.000    0.0  0.000      0      0      0      0      0
05/23/1990   3821      0   1157   2664     24   7821     11   2761      5   1664      0      0      0   0.00   0.00      0   0.00    2.4  0.000    0.0  0.000      0      0      0      0      0
05/24/1990   4141      0   1810   2331     26   7781     11   2739      4   1537      0      0      0   0.00   0.00      0   0.00    2.5  0.000    0.0  0.000      0      0      0      0      0
05/25/1990   4490      2   2490   1998     25   7673     12   2771      2   1419      0      0      0   0.00   0.00      0   0.00    2.5  0.000    0.0  0.000      0      0      0      0      0
05/26/1990   4852      4   3183   1665     25   7493     11   2727      1   1403      0      0      0   0.00   0.00      0   0.00    2.6  0.000    0.0  0.000      0      0      0      0      0
05/27/1990   5534      6   3863   1665     25   7311     10   2693      0   1294      0      0      0   0.00   0.00      0   0.00    2.6  0.000    0.0  0.000      0      0      0      0      0
05/28/1990   6166      8   4493   1665     24   7246      9   2614      0   1159      0      0      0   0.00   0.00      0   0.00    2.6  0.000    0.0  0.000      0      0      0      0      0
05/29/1990   6456     10   5114   1332     23   7216      8   2476      0   1082      0      0      0   0.00   0.00      0   0.00    2.6  0.000    0.0  0.000      0      0      0      0      0
05/30/1990   6698     12   5687    999     23   7247      6   2227      0   1058      0      0      0   0.00   0.00      0   0.00    2.6  0.000    0.0  0.000      0      0      0      0      0
05/31/1990   6860     14   6180    666     23   7223      4   2109      0    965      0      0      0   0.00   0.00      0   0.00    2.6  0.000    0.0  0.000      0      0      0      0      0
06/01/1990   7073     16   6724    333     23   7143      2   2021      0    785      0      0      0   0.00   0.00      0   0.00    2.6  0.000    0.0  0.000      0      0      0      0      0
06/02/1990   7305     18   7287      0     22   7066      1   1866      0    580      0      0      0   0.00   0.00      0   0.00    2.5  0.000    0.0  0.000      0      0      0      0      0
06/03/1990   7878     19   7859      0     22   6947      0   1671      0    322      0      0      0   0.00   0.00      0   0.00    2.5  0.000    0.0  0.000      0      0      0      0      0
06/04/1990   8450     20   8430      0     21   6731      0   1512      0    126      0      0      0   0.00   0.00      0   0.00    2.4  0.000    0.0  0.000      0      0      0      0      0
06/05/1990   9000     22   8978      0     19   6534      0   1287      0      0      0      0      0   0.00   0.00      0   0.00    2.4  0.000    0.0  0.000      0      0      0      0      0
06/06/1990   9615     24   9591      0     17   6297      0    911      0      0      0      0      0   0.00   0.00      0   0.00    2.3  0.000    0.0  0.000      0      0      0      0      0
06/07/1990  10189     26  10163      0     15   6056      0    580      0      0      0      0      0   0.00   0.00      0   0.00    2.2  0.000    0.0  0.000      0      0      0      0      0
06/08/1990  10703     27  10676      0     14   5801      0    322      0      0      0      0      0   0.00   0.00      0   0.00    2.2  0.000    0.0  0.000      0      0      0      0      0
06/09/1990  11203     29  11174      0     12   5499      0    126      0      0      0      0      0   0.00   0.00      0   0.00    2.1  0.000    0.0  0.000      0      0      0      0      0
06/10/1990  11770     31  11739      0     10   5060      0      0      0      0      0      0      0   0.00   0.00      0   0.00    2.0  0.000    0.0  0.000      0      0      0      0      0
06/11/1990  12362     32  12330      0      9   4469      0      0      0      0      0      0      0   0.00   0.00      0   0.00    1.9  0.000    0.0  0.000      0      0      0      0      0
06/12/1990  12967     33  12377    557      8   3865      0      0      0      0      0      0      0   0.00   0.00      0   0.00    1.9  0.000    0.0  0.000      0      0      0      0      0
06/13/1990  13438     35  12246   1157      6   3396      0      0      0    185      0      0      0   0.00   0.00      0   0.00    1.8  0.000    0.0  0.000      0      0      0      0      0
06/14/1990  13904     37  12057   1810      4   2932      0      0      0    495      0      0      0   0.00   0.00      0   0.00    1.8  0.000    0.0  0.000      0      0      0      0      0
06/15/1990  14390     37  11863   2490      2   2446      0      0      0    926      0      0      0   0.00   0.00      0   0.00    1.9  0.000    0.0  0.000      0      0      0      0      0
06/16/1990  14842     36  11623   3183      1   1993      0    185      1   1300      0      0      0   0.00   0.00      0   0.00    1.9  0.000    0.0  0.000      0      0      0      0      0
06/17/1990  15196     35  11298   3863      0   1638      0    495      4   1662      0      0      0   0.00   0.00      0   0.00    2.0  0.000    0.0  0.000      0      0      0      0      0
06/18/1990  15545     33  11019   4493      0   1287      0    926      8   1939      0      0      0   0.00   0.00      0   0.00    2.1  0.000    0.0  0.000      0      0      0      0      0
06/19/1990  15919     31  10774   5114      0    911      1   1485     12   2200      0      0      0   0.00   0.00      0   0.00    2.3  0.000    0.0  0.000      0      0      0      0      0
06/20/1990  16248     29  10532   5687      0    580      4   2157     16   2469      0      0      0   0.00   0.00      0   0.00    2.5  0.000    0.0  0.000      0      0      0      0      0
06/21/1990  15947     27  10297   5623      0    507      8   2680     21   2748      0      0      0   0.00   0.00      0   0.00    2.7  0.000    0.0  0.000      0      0      0      0      0
06/22/1990  15541     25   9949   5567      0    621     13   3190     24   2846      0      0      0   0.00   0.00      0   0.00    2.8  0.000    0.0  0.000      0      0      0      0      0
06/23/1990  15012     23   9512   5477      0    926     20   3700     25   2815      0      0      0   0.00   0.00      0   0.00    3.0  0.000    0.0  0.000      0      0      0      0      0
06/24/1990  14331     22   8940   5369      0   1485     29   4128     24   2749      0      0      0   0.00   0.00      0   0.00    3.2  0.000    0.0  0.000      0      0      0      0      0
06/25/1990  13637     21   8369   5247      0   2157     37   4374     23   2743      0      0      0   0.00   0.00      0   0.00    3.4  0.000    0.0  0.000      0      0      0      0      0
06/26/1990  12955     19   7821   5115      1   2865     44   4576     22   2745      0      0      0   0.00   0.00      0   0.00    3.5  0.000    0.0  0.000      0      0      0      0      0
06/27/1990  12323     17   7208   5098      4   3685     49   4677     21   2708      0      0      0   0.00   0.00      0   0.00    3.7  0.000    0.0  0.000      0      0      0      0      0
06/28/1990  11700     15   6636   5049      8   4626     52   4648     20   2666      0      0      0   0.00   0.00      0   0.00    3.9  0.000    0.0  0.000      0      0      0      0      0
06/29/1990  11126     14   6123   4989     13   5613     54   4573     20   2665      0      0      0   0.00   0.00      0   0.00    4.1  0.000    0.0  0.000      0      0      0      0      0
06/30/1990  10631     12   5625   4994     20   6531     54   4539     20   2693      0      0      0   0.00   0.00      0   0.00    4.2  0.000    0.0  0.000      0      0      0      0      0
07/01/1990  10085     10   5060   5015     29   7441     51   4499     21   2732      0      0      0   0.00   0.00      0   0.00    4.4  0.000    0.0  0.000      0      0      0      0      0
07/02/1990   9521      9   4469   5043     37   8362     50   4489     20   2697      0      0      0   0.00   0.00      0   0.00    4.6  0.000    0.0  0.000      0      0      0      0      0
07/03/1990   8948      8   3865   5075     45   9274     49   4489     19   2656      0      0      0   0.00   0.00      0   0.00    4.8  0.000    0.0  0.000      0      0      0      0      0
07/04/1990   8560      6   3581   4973     53  10001     48   4486     18   2589      0      0      0   0.00   0.00      0   0.00    5.0  0.000    0.0  0.000      0      0      0      0      0
07/05/1990   8320      4   3427   4889     60  10575     47   4478     18   2558      0      0      0   0.00   0.00      0   0.00    5.2  0.000    0.0  0.000      0      0      0      0      0
07/06/1990   8136      2   3372   4762     67  11014     46   4479     18   2527      0      0      0   0.00   0.00      0   0.00    5.4  0.000    0.0  0.000      0      0      0      0      0
07/07/1990   8122      1   3478   4643     74  11366     45   4410     18   2541      0      0      0   0.00   0.00      0   0.00    5.5  0.000    0.0  0.000      0      0      0      0      0
07/08/1990   8280      0   3795   4485     80  11606     45   4343     18   2550      0      0      0   0.00   0.00      0   0.00    5.7  0.000    0.0  0.000      0      0      0      0      0
07/09/1990   8490      0   4152   4338     87  11807     44   4274     17   2561      0      0      0   0.00   0.00      0   0.00    5.9  0.000    0.0  0.000      0      0      0      0      0
07/10/1990   8746      1   4596   4149     93  11863     43   4254     16   2573      0      0      0   0.00   0.00      0   0.00    6.0  0.000    0.0  0.000      0      0      0      0      0
07/11/1990   9099      4   5206   3889     97  11793     42   4237     15   2580      0      0      0   0.00   0.00      0   0.00    6.2  0.000    0.0  0.000      0      0      0      0      0
07/12/1990   9486      8   5935   3543     99  11648     41   4246     15   2565      0      0      0   0.00   0.00      0   0.00    6.3  0.000    0.0  0.000      0      0      0      0      0
07/13/1990   9940     13   6657   3270    100  11575     40   4269     14   2495      0      0      0   0.00   0.00      0   0.00    6.4  0.000    0.0  0.000      0      0      0      0      0
07/14/1990  10393     20   7441   2932     99  11505     39   4290     12   2399      0      0      0   0.00   0.00      0   0.00    6.5  0.000    0.0  0.000      0      0      0      0      0
07/15/1990  10837     29   8362   2446     96  11440     38   4270      9   2286      0      0      0   0.00   0.00      0   0.00    6.6  0.000    0.0  0.000      0      0      0      0      0
07/16/1990  11304     37   9274   1993     94  11382     36   4214      6   2123      0      0      0   0.00   0.00      0   0.00    6.6  0.000    0.0  0.000      0      0      0      0      0
07/17/1990  11869     45  10186   1638     92  11321     33   4128      3   1919      0      0      0   0.00   0.00      0   0.00    6.6  0.000    0.0  0.000      0      0      0      0      0
07/18/1990  12410     53  11070   1287     90  11305     29   3983      1   1701      0      0      0   0.00   0.00      0   0.00    6.6  0.000    0.0  0.000      0      0      0      0      0
07/19/1990  12911     60  11940    911     88  11296     25   3757      0   1502      0      0      0   0.00   0.00      0   0.00    6.6  0.000    0.0  0.000      0      0      0      0      0
07/20/1990  13498     67  12851    580     86  11221     20   3482      0   1284      0      0      0   0.00   0.00      0   0.00    6.5  0.000    0.0  0.000      0      0      0      0      0
07/21/1990  14159     74  13763    322     84  11107     15   3189      0   1021      0      0      0   0.00   0.00      0   0.00    6.4  0.000    0.0  0.000      0      0      0      0      0
07/22/1990  14878     80  14672    126     83  10963     10   2860      0    732      0      0      0   0.00   0.00      0   0.00    6.3  0.000    0.0  0.000      0      0      0      0      0
07/23/1990  15635     87  15548      0     80  10810      6   2480      0    448      0      0      0   0.00   0.00      0   0.00    6.2  0.000    0.0  0.000      0      0      0      0      0
07/24/1990  16513     94  16419      0     76  10574      3   2087      0    206      0      0      0   0.00   0.00      0   0.00    6.1  0.000    0.0  0.000      0      0      0      0      0
07/25/1990  17362    101  17076    185     71  10293      1   1673      0     59      0      0      0   0.00   0.00      0   0.00    6.0  0.000    0.0  0.000      0      0      0      0      0
07/26/1990  18213    107  17611    495     66   9953      0   1227      0     82      0      0      0   0.00   0.00      0   0.00    5.9  0.000    0.0  0.000      0      0      0      0      0
07/27/1990  19059    113  18020    926     60   9549      0    791      0    286      0      0      0   0.00   0.00      0   0.00    5.8  0.000    0.0  0.000      0      0      0      0      0
07/28/1990  19921    119  18317   1485     54   9036      0    448      0    625      0      0      0   0.00   0.00      0   0.00    5.8  0.000    0.0  0.000      0      0      0      0      0
07/29/1990  20781    125  18499   2157     48   8424      0    288      0   1014      0      0      0   0.00   0.00      0   0.00    5.7  0.000    0.0  0.000      0      0      0      0      0
07/30/1990  21638    131  18642   2865     42   7720      0    345      0   1405      0      0      0   0.00   0.00      0   0.00    5.7  0.000    0.0  0.000      0      0      0      0      0
07/31/1990  22511    136  18690   3685     36   6911      0    625      2   1760      0      0      0   0.00   0.00      0   0.00    5.8  0.000    0.0  0.000      0      0      0      0      0
08/01/1990  23375    139  18610   4626     30   6050      0   1096      6   2077      0      0      0   0.00   0.00      0   0.00    5.9  0.000    0.0  0.000      0      0      0      0      0
08/02/1990  24212    140  18459   5613     25   5214      0   1691     12   2360      0      0      0   0.00   0.00      0   0.00    6.0  0.000    0.0  0.000      0      0      0      0      0
08/03/1990  24825    140  18339   6346     20   4498      2   2303     18   2624      0      0      0   0.00   0.00      0   0.00    6.2  0.000    0.0  0.000      0      0      0      0      0
08/04/1990  25278    138  18194   6946     15   3937      6   2887     24   2853      0      0      0   0.00   0.00      0   0.00    6.3  0.000    0.0  0.000      0      0      0      0      0
08/05/1990  25566    134  17996   7436     10   3553     12   3426     29   3057      0      0      0   0.00   0.00      0   0.00    6.6  0.000    0.0  0.000      0      0      0      0      0
08/06/1990  25638    130  17719   7789      6   3389     20   3913     33   3215      0      0      0   0.00   0.00      0   0.00    6.8  0.000    0.0  0.000      0      0      0      0      0
08/07/1990  25522    125  17368   8029      3   3423     30   4335     36   3336      0      0      0   0.00   0.00      0   0.00    7.0  0.000    0.0  0.000      0      0      0      0      0
08/08/1990  25313    119  16989   8205      1   3612     41   4723     38   3406      0      0      0   0.00   0.00      0   0.00    7.3  0.000    0.0  0.000      0      0      0      0      0
08/09/1990  24923    113  16555   8255      0   3964     53   5051     40   3451      0      0      0   0.00   0.00      0   0.00    7.5  0.000    0.0  0.000      0      0      0      0      0
08/10/1990  24318    106  15987   8225      2   4499     64   5311     41   3477      0      0      0   0.00   0.00      0   0.00    7.8  0.000    0.0  0.000      0      0      0      0      0
08/11/1990  23566     99  15317   8150      6   5215     73   5505     42   3487      0      0      0   0.00   0.00      0   0.00    8.0  0.000    0.0  0.000      0      0      0      0      0
08/12/1990  22789     93  14555   8141     12   6085     81   5649     42   3482      0      0      0   0.00   0.00      0   0.00    8.3  0.000    0.0  0.000      0      0      0      0      0
08/13/1990  21931     86  13738   8107     20   7108     87   5731     41   3445      0      0      0   0.00   0.00      0   0.00    8.6  0.000    0.0  0.000      0      0      0      0      0
08/14/1990  21003     79  12867   8057     30   8224     91   5777     39   3349      0      0      0   0.00   0.00      0   0.00    8.8  0.000    0.0  0.000      0      0      0      0      0
08/15/1990  20084     72  12025   7987     41   9362     94   5795     36   3182      0      0      0   0.00   0.00      0   0.00    9.1  0.000    0.0  0.000      0      0      0      0      0
08/16/1990  19248     66  11262   7920     53  10432     95   5770     34   3061      0      0      0   0.00   0.00      0   0.00    9.3  0.000    0.0  0.000      0      0      0      0      0
08/17/1990  18562     60  10626   7876     66  11389     94   5675     33   3016      0      0      0   0.00   0.00      0   0.00    9.6  0.000    0.0  0.000      0      0      0      0      0
08/18/1990  18025     54  10109   7862     79  12214     92   5500     33   2973      0      0      0   0.00   0.00      0   0.00    9.9  0.000    0.0  0.000      0      0      0      0      0
08/19/1990   4293      0   4293      0     93  12905     61   4352     33   2909      0      0      0   0.00   0.00      0   0.00   10.2  0.265    0.0  0.000     28    992     30   5427   7802
08/20/1990   4416      0   4416      0    100  12866     63   4730     22   1888      0      0      0   0.00   0.00      0   0.00   10.1  0.265    0.0  0.000      2     87      0    171    301
08/21/1990   4623      0   4623      0    107  12907     65   4873     11    942      0      0      0   0.00   0.00      0   0.00   10.1  0.265    0.0  0.000      2     68      0    186    301
08/22/1990   4911      0   4910      1    114  13098     67   4776      0      0      0      0      0   0.00   0.00      0   0.00   10.1  0.265    0.0  0.000      2     60      0    200    300
08/23/1990   5280      0   5278      2    120  13141     60   3804      0      0      0      0      0   0.00   0.00      0   0.00   10.1  0.265    0.0  0.000      1     51      0    209    300
08/24/1990   5727      1   5721      5    128  13129     49   2858      0      0      0      0      0   0.00   0.00      0   0.00   10.0  0.265    0.0  0.000      1      0      1    214    298
08/25/1990   6237      3   6224     10    133  13082     39   1888      0      1      0      0      0   0.00   0.00      0   0.00   10.0  0.265    0.0  0.000      1      0      2    213    296
08/26/1990   6814      7   6787     20    136  12946     30    942      0      5      0      0      0   0.00   0.00      0   0.00   10.0  0.265    0.0  0.000      0      0      2    218    291
08/27/1990   7938     15   7602    321    138  12772     20      0      0     13      0      0      0   0.00   0.00      0   0.00    9.9  0.265    0.0  0.000      0      0      0      0      0
08/28/1990   9086     25   8439    622    138  11634     10      1      0    143      0      0      0   0.00   0.00      0   0.00    9.9  0.265    0.0  0.000      0      0      0      0      0
08/29/1990  10249     36   9290    923    137  10482      0      5      0    375      0      0      0   0.00   0.00      0   0.00    9.9  0.265    0.0  0.000      0      0      0      0      0
08/30/1990  11422     48  10150   1224    125   9321      0     13      0    673      0      0      0   0.00   0.00      0   0.00    9.9  0.265    0.0  0.000      0      0      0      0      0
08/31/1990  12598     61  11249   1288    112   8157      0    144      0    913      0      0      0   0.00   0.00      0   0.00    9.9  0.265    0.0  0.000      0      0      0      0      0
09/01/1990  13772     74  12346   1352     99   6995      0    380      0   1074      0      0      0   0.00   0.00      0   0.00    9.9  0.265    0.0  0.000      0      0      0      0      0
09/02/1990  14342     88  12837   1417     85   6440      0    685      0   1181      0      0      0   0.00   0.00      0   0.00    9.8  0.265    0.0  0.000      0      0      0      0      0
09/03/1990  15081     95  13507   1479     78   5709      0   1052      0   1232      0      0      0   0.00   0.00      0   0.00    9.8  0.265    0.0  0.000      0      0      0      0      0
09/04/1990  16062    102  14421   1539     71   4738      0   1441      0   1267      0      0      0   0.00   0.00      0   0.00    9.8  0.265    0.0  0.000      0      0      0      0      0
09/05/1990  16980    109  15277   1594     64   3948      0   1723      0   1306      0      0      0   0.00   0.00      0   0.00    9.8  0.265    0.0  0.000      0      0      0      0      0
09/06/1990  17631    115  16158   1358     58   3238      0   1909      0   1349      0      0      0   0.00   0.00      0   0.00    9.7  0.265    0.0  0.000      0      0      0      0      0
09/07/1990  18310    125  16987   1198     48   2574      0   2035      0   1332      0      0      0   0.00   0.00      0   0.00    9.7  0.265    0.0  0.000      0      0      0      0      0
09/08/1990  18964    134  17792   1038     39   1999      0   2116      0   1256      0      0      0   0.00   0.00      0   0.00    9.6  0.265    0.0  0.000      0      0      0      0      0
09/09/1990  19614    143  18489    982     30   1454      0   2184      0   1136      0      0      0   0.00   0.00      0   0.00    9.5  0.265    0.0  0.000      0      0      0      0      0
09/10/1990  19559    153  18065   1341     20   1867      0   2186      0   1065      0      0      0   0.00   0.00      0   0.00    9.4  0.265    0.0  0.000      0      0      0      0      0
09/11/1990  19439    163  17557   1719     10   2289      0   2140      0   1105      0      0      0   0.00   0.00      0   0.00    9.4  0.265    0.0  0.000      0      0      0      0      0
09/12/1990  19384    173  16969   2242      0   2721      0   2053      0   1244      0      0      0   0.00   0.00      0   0.00    9.4  0.265    0.0  0.000      0      0      0      0      0
09/13/1990  19319    173  16300   2846      0   3173      0   1945      0   1467      0      0      0   0.00   0.00      0   0.00    9.4  0.265    0.0  0.000      0      0      0      0      0
09/14/1990  19253    172  15556   3525      0   3638      0   1896      1   1653      0      0      0   0.00   0.00      0   0.00    9.4  0.264    0.0  0.000      0      0      0      0      0
09/15/1990  19187    170  14753   4264      0   4052      0   1965      4   1837      0      0      0   0.00   0.00      0   0.00    9.5  0.261    0.0  0.000      0      0      0      0      0
09/16/1990  19046    166  13893   4987      0   4424      0   2156      9   2003      0      0      0   0.00   0.00      0   0.00    9.6  0.258    0.0  0.000      0      0      0      0      0
09/17/1990  18905    158  12785   5962      0   4761      1   2413     14   2206      0      0      0   0.00   0.00      0   0.00    9.8  0.254    0.0  0.000      0      0      0      0      0
09/18/1990  18781    148  11778   6855      0   4974      4   2737     19   2394      0      0      0   0.00   0.00      0   0.00   10.0  0.248    0.0  0.000      0      0      0      0      0
09/19/1990  18582    137  10862   7583      0   5154      9   3054     23   2557      0      0      0   0.00   0.00      0   0.00   10.2  0.242    0.0  0.000      0      0      0      0      0
09/20/1990  18368    125  10007   8236      0   5332     15   3375     28   2741      0      0      0   0.00   0.00      0   0.00   10.5  0.236    0.0  0.000      0      0      0      0      0
09/21/1990  18138    112   9214   8812      0   5528     23   3664     32   2914      0      0      0   0.00   0.00      0   0.00   10.9  0.229    0.0  0.000      0      0      0      0      0
09/22/1990  17853     99   8449   9305      0   5733     32   3958     35   3011      0      0      0   0.00   0.00      0   0.00   11.2  0.221    0.0  0.000      0      0      0      0      0
09/23/1990  17508     85   8306   9117      0   5988     43   4279     36   2976      0      0      0   0.00   0.00      0   0.00   11.6  0.215    0.0  0.000      0      0      0      0      0
09/24/1990  17119     78   7993   9048      1   6299     54   4575     36   2948      0      0      0   0.00   0.00      0   0.00   11.9  0.209    0.0  0.000      0      0      0      0      0
09/25/1990  16680     71   7446   9163      4   6672     63   4763     36   2944      0      0      0   0.00   0.00      0   0.00   12.3  0.202    0.0  0.000      0      0      0      0      0
09/26/1990  16009     64   6977   8968      9   7076     70   4861     36   2981      0      0      0   0.00   0.00      0   0.00   12.6  0.197    0.0  0.000      0      0      0      0      0
09/27/1990  15330     58   6496   8776     15   7507     76   4966     36   2966      0      0      0   0.00   0.00      0   0.00   13.0  0.191    0.0  0.000      0      0      0      0      0
09/28/1990  14583     48   5941   8594     23   8081     80   4966     36   2976      0      0      0   0.00   0.00      0   0.00   13.3  0.186    0.0  0.000      0      0      0      0      0
09/29/1990  13789     39   5371   8379     32   8734     83   4928     36   3023      0      0      0   0.00   0.00      0   0.00   13.7  0.182    0.0  0.000      0      0      0      0      0
09/30/1990  12961     30   4774   8157     43   9382     84   4921     36   3093      0      0      0   0.00   0.00      0   0.00   14.0  0.177    0.0  0.000      0      0      0      0      0
10/01/1990  12133     20   5118   6995     55   9992     84   4966     36   3148      0      0      0   0.00   0.00      0   0.00   14.3  0.174    0.0  0.000      0      0      0      0      0
10/02/1990  11983     10   5534   6439     67  10577     84   5003     34   3034      0      0      0   0.00   0.00      0   0.00   14.5  0.171    0.0  0.000      0      0      0      0      0
10/03/1990  11722      0   6018   5704     79  11082     84   5070     31   2878      0      0      0   0.00   0.00      0   0.00   14.7  0.168    0.0  0.000      0      0      0      0      0
10/04/1990  11310      0   6585   4725     91  11506     84   5133     27   2749      0      0      0   0.00   0.00      0   0.00   14.9  0.166    0.0  0.000      0      0      0      0      0
10/05/1990  10991      0   7187   3804    103  11890     82   5071     22   2607      0      0      0   0.00   0.00      0   0.00   15.0  0.165    0.0  0.000      0      0      0      0      0
10/06/1990  10713      0   7854   2859    115  12221     79   4972     16   2351      0      0      0   0.00   0.00      0   0.00   15.1  0.164    0.0  0.000      0      0      0      0      0
10/07/1990  10476      0   8583   1893    127  12526     75   4859      9   1938      0      0      0   0.00   0.00      0   0.00   15.1  0.164    0.0  0.000      0      0      0      0      0
10/08/1990  10336      1   9380    955    138  12777     68   4585      4   1568      0      0      0   0.00   0.00      0   0.00   15.1  0.164    0.0  0.000      0      0      0      0      0
10/09/1990  10253      4  10105    144    147  12975     59   4175      1   1201      0      0      0   0.00   0.00      0   0.00   15.0  0.164    0.0  0.000      0      0      0      0      0
10/10/1990  11154      9  10765    380    154  13003     48   3763      0    743      0      0      0   0.00   0.00      0   0.00   15.0  0.164    0.0  0.000      0      0      0      0      0
10/11/1990  12149     15  11448    686    160  12914     36   3275      0    461      0      0      0   0.00   0.00      0   0.00   14.9  0.164    0.0  0.000      0      0      0      0      0
10/12/1990  13186     23  12106   1057    162  12810     26   2627      0    398      0      0      0   0.00   0.00      0   0.00   14.9  0.164    0.0  0.000      0      0      0      0      0
10/13/1990  14188     32  12702   1454    162  12599     17   1899      0    636      0      0      0   0.00   0.00      0   0.00   14.9  0.164    0.0  0.000      0      0      0      0      0
10/14/1990  15153     43  13243   1867    159  12289      9   1385      0    874      0      0      0   0.00   0.00      0   0.00   14.9  0.164    0.0  0.000      0      0      0      0      0
10/15/1990  16165     55  13822   2288    152  11800      4   1087      0   1097      0      0      0   0.00   0.00      0   0.00   14.9  0.164    0.0  0.000      0      0      0      0      0
10/16/1990  17162     67  14379   2716    143  11223      1    967      0   1289      0      0      0   0.00   0.00      0   0.00   14.9  0.164    0.0  0.000      0      0      0      0      0
10/17/1990  18157     79  14918   3160    132  10509      0   1058      1   1453      0      0      0   0.00   0.00      0   0.00   15.0  0.163    0.0  0.000      0      0      0      0      0
10/18/1990  19024     91  15439   3494    120   9577      0   1441      3   1604      0      0      0   0.00   0.00      0   0.00   15.0  0.162    0.0  0.000      0      0      0      0      0
10/19/1990  19799    103  16023   3673    108   8708      0   1795      5   1670      0      0      0   0.00   0.00      0   0.00   15.1  0.162    0.0  0.000      0      0      0      0      0
10/20/1990  20543    115  16685   3743     96   7884      1   2113      6   1658      0      0      0   0.00   0.00      0   0.00   15.2  0.161    0.0  0.000      0      0      0      0      0
10/21/1990  21240    127  17396   3717     84   7120      3   2409      7   1646      0      0      0   0.00   0.00      0   0.00   15.2  0.161    0.0  0.000      0      0      0      0      0
10/22/1990  21909    139  18106   3664     72   6434      5   2591      8   1674      0      0      0   0.00   0.00      0   0.00   15.3  0.160    0.0  0.000      0      0      0      0      0
10/23/1990  22432    151  18614   3667     60   5947      7   2674      9   1743      0      0      0   0.00   0.00      0   0.00   15.3  0.160    0.0  0.000      0      0      0      0      0
10/24/1990  22922    163  19030   3729     48   5531     10   2766      9   1786      0      0      0   0.00   0.00      0   0.00   15.3  0.159    0.0  0.000      0      0      0      0      0
10/25/1990  23427    175  19388   3864     36   5138     13   2812      9   1843      0      0      0   0.00   0.00      0   0.00   15.4  0.159    0.0  0.000      0      0      0      0      0
10/26/1990  23767    185  19568   4014     26   4944     16   2813      9   1851      0      0      0   0.00   0.00      0   0.00   15.4  0.158    0.0  0.000      0      0      0      0      0
10/27/1990  23955    194  19544   4217     18   4850     18   2882     10   1866      0      0      0   0.00   0.00      0   0.00   15.5  0.158    0.0  0.000      0      0      0      0      0
10/28/1990  24060    202  19323   4535     12   4858     19   2997     11   1856      0      0      0   0.00   0.00      0   0.00   15.5  0.157    0.0  0.000      0      0      0      0      0
10/29/1990  24100    206  18930   4964      9   5022     20   3018     12   1896      0      0      0   0.00   0.00      0   0.00   15.6  0.156    0.0  0.000      0      0      0      0      0
10/30/1990  24032    206  18351   5475      8   5323     22   3074     13   1875      0      0      0   0.00   0.00      0   0.00   15.8  0.155    0.0  0.000      0      0      0      0      0
10/31/1990  23738    202  17509   6027     10   5858     23   3110     14   1864      0      0      0   0.00   0.00      0   0.00   15.9  0.154    0.0  0.000      0      0      0      0      0
11/01/1990  23437    196  16650   6591     13   6347     24   3128     15   1749      0      0      0   0.00   0.00      0   0.00   16.1  0.152    0.0  0.000      0      0      0      0      0
11/02/1990  23151    188  15835   7128     16   6768     26   3106     15   1640      0      0      0   0.00   0.00      0   0.00   16.3  0.150    0.0  0.000      0      0      0      0      0
11/03/1990  22860    179  15134   7547     19   7073     28   3123     15   1579      0      0      0   0.00   0.00      0   0.00   16.5  0.148    0.0  0.000      0      0      0      0      0
11/04/1990  22609    168  14548   7893     22   7339     30   3011     16   1682      0      0      0   0.00   0.00      0   0.00   16.7  0.146    0.0  0.000      0      0      0      0      0
11/05/1990  22361    156  13984   8221     25   7527     32   2890     18   1834      0      0      0   0.00   0.00      0   0.00   17.0  0.144    0.0  0.000      0      0      0      0      0
11/06/1990  22096    144  13479   8473     29   7680     33   2806     19   1841      0      0      0   0.00   0.00      0   0.00   17.3  0.141    0.0  0.000      0      0      0      0      0
11/07/1990  21808    132  13020   8656     33   7761     35   2818     19   1773      0      0      0   0.00   0.00      0   0.00   17.6  0.139    0.0  0.000      0      0      0      0      0
11/08/1990  21526    120  12622   8784     37   7787     38   2860     19   1756      0      0      0   0.00   0.00      0   0.00   17.9  0.137    0.0  0.000      0      0      0      0      0
11/09/1990  21167    108  12173   8886     42   7759     39   2898     21   1871      0      0      0   0.00   0.00      0   0.00   18.2  0.134    0.0  0.000      0      0      0      0      0
11/10/1990  20687     97  11655   8935     46   7743     40   2951     23   2008      0      0      0   0.00   0.00      0   0.00   18.5  0.132    0.0  0.000      0      0      0      0      0
11/11/1990  20224     87  11175   8962     49   7720     42   3037     25   2092      0      0      0   0.00   0.00      0   0.00   18.8  0.130    0.0  0.000      0      0      0      0      0
11/12/1990  19799     77  10699   9023     52   7767     45   3087     26   2176      0      0      0   0.00   0.00      0   0.00   19.2  0.127    0.0  0.000      0      0      0      0      0
11/13/1990  19424     67  10364   8993     55   7834     48   3125     28   2269      0      0      0   0.00   0.00      0   0.00   19.5  0.125    0.0  0.000      0      0      0      0      0
11/14/1990  19033     58  10083   8892     58   7775     51   3288     27   2226      0      0      0   0.00   0.00      0   0.00   19.8  0.123    0.0  0.000      0      0      0      0      0
11/15/1990  18670     49   9793   8828     62   7697     53   3490     26   2111      0      0      0   0.00   0.00      0   0.00   20.2  0.121    0.0  0.000      0      0      0      0      0
11/16/1990  18269     42   9608   8619     65   7739     57   3638     24   2032      0      0      0   0.00   0.00      0   0.00   20.5  0.119    0.0  0.000      0      0      0      0      0
11/17/1990  17911     36   9598   8277     68   7780     59   3643     25   2087      0      0      0   0.00   0.00      0   0.00   20.8  0.117    0.0  0.000      0      0      0      0      0
11/18/1990  17532     31   9711   7790     72   7849     60   3593     25   2117      0      0      0   0.00   0.00      0   0.00   21.1  0.116    0.0  0.000      0      0      0      0      0
11/19/1990  17129     29   9936   7164     77   7935     60   3578     24   2082      0      0      0   0.00   0.00      0   0.00   21.4  0.114    0.0  0.000      0      0      0      0      0
11/20/1990  17734     30  10272   7432     81   8081     61   3554     20   1826      0      0      0   0.00   0.00      0   0.00   21.6  0.113    0.0  0.000      0      0      0      0      0
11/21/1990  17296     33  10832   6431     86   8254     60   3441     16   1577      0      0      0   0.00   0.00      0   0.00   21.8  0.112    0.0  0.000      0      0      0      0      0
11/22/1990  15854     37  11224   4593     91   8412     58   3434     13   1333      0      0      0   0.00   0.00      0   0.00   22.0  0.111    0.0  0.000      0      0      0      0      0
11/23/1990  15463     42  11514   3907     96   8552     53   3269     10   1227      0      0      0   0.00   0.00      0   0.00   22.1  0.111    0.0  0.000      0      0      0      0      0
11/24/1990  15096     47  11775   3274     99   8707     49   2986      7   1153      0      0      0   0.00   0.00      0   0.00   22.1  0.110    0.0  0.000      0      0      0      0      0
11/25/1990  15717     52  12032   3633    102   8817     45   2680      4   1082      0      0      0   0.00   0.00      0   0.00   22.0  0.110    0.0  0.000      0      0      0      0      0
11/26/1990  16369     57  12251   4061    105   8835     39   2379      2    964      0      0      0   0.00   0.00      0   0.00   21.9  0.110    0.0  0.000      0      0      0      0      0
11/27/1990  16924     62  12327   4535    109   8948     31   2057      1    854      0      0      0   0.00   0.00      0   0.00   21.9  0.110    0.0  0.000      0      0      0      0      0
11/28/1990  17477     68  12352   5057    111   8870     24   1936      1    795      0      0      0   0.00   0.00      0   0.00   22.0  0.110    0.0  0.000      0      0      0      0      0
11/29/1990  16712     75  12403   4234    111   8656     17   1766      3    907      0      0      0   0.00   0.00      0   0.00   22.1  0.109    0.0  0.000      0      0      0      0      0
11/30/1990  16883     81  12528   4274    110   8410     12   1578      4   1014      0      0      0   0.00   0.00      0   0.00   22.2  0.109    0.0  0.000      0      0      0      0      0
12/01/1990  17572     86  12702   4784    108   8089      9   1504      4   1004      0      0      0   0.00   0.00      0   0.00   22.3  0.108    0.0  0.000      0      0      0      0      0
12/02/1990  18290     91  12849   5350    105   7717      7   1520      3    897      0      0      0   0.00   0.00      0   0.00   22.3  0.108    0.0  0.000      0      0      0      0      0
12/03/1990  18647     97  13030   5520     99   7316      6   1510      4    858      0      0      0   0.00   0.00      0   0.00   22.4  0.107    0.0  0.000      0      0      0      0      0
12/04/1990  19166    103  13228   5835     92   6784      6   1544      5    915      0      0      0   0.00   0.00      0   0.00   22.6  0.106    0.0  0.000      0      0      0      0      0
12/05/1990  19842    109  13289   6444     84   6345      6   1563      6    943      0      0      0   0.00   0.00      0   0.00   22.5  0.106    0.0  0.000      0      0      0      0      0
12/06/1990  20442    115  13298   7029     75   6000      8   1573      7    995      0      0      0   0.00   0.00      0   0.00   22.7  0.105    0.0  0.000      0      0      0      0      0
12/07/1990  20832    122  13409   7301     65   5659     10   1552      9   1054      0      0      0   0.00   0.00      0   0.00   23.0  0.104    0.0  0.000      0      0      0      0      0
12/08/1990  20007    127  13510   6370     58   5272     11   1492     11   1173      0      0      0   0.00   0.00      0   0.00   23.2  0.103    0.0  0.000      0      0      0      0      0
12/09/1990  20155    132  13559   6464     52   4887     12   1564     11   1214      0      0      0   0.00   0.00      0   0.00   23.4  0.103    0.0  0.000      0      0      0      0      0
12/10/1990  20247    137  13595   6515     45   4474     15   1709     12   1336      0      0      0   0.00   0.00      0   0.00   23.6  0.102    0.0  0.000      0      0      0      0      0
12/11/1990  19607    142  13461   6004     37   4304     18   1807     13   1453      0      0      0   0.00   0.00      0   0.00   23.7  0.101    0.0  0.000      0      0      0      0      0
12/12/1990  20027    146  13272   6609     30   4225     20   1863     14   1512      0      0      0   0.00   0.00      0   0.00   23.7  0.101    0.0  0.000      0      0      0      0      0
12/13/1990  20450    149  13179   7122     25   4084     23   2102     13   1404      0      0      0   0.00   0.00      0   0.00   23.9  0.100    0.0  0.000      0      0      0      0      0
12/14/1990  20813    149  13048   7616     22   4072     26   2265      9   1078      0      0      0   0.00   0.00      0   0.00   23.8  0.100    0.0  0.000      0      0      0      0      0
12/15/1990  21153    148  12846   8159     20   4126     28   2321      7    875      0      0      0   0.00   0.00      0   0.00   23.7  0.100    0.0  0.000      0      0      0      0      0
12/16/1990  21500    147  12579   8774     19   4175     29   2333      5    695      0      0      0   0.00   0.00      0   0.00   23.6  0.100    0.0  0.000      0      0      0      0      0
12/17/1990  21741    144  12178   9419     21   4322     26   2129      7    780      0      0      0   0.00   0.00      0   0.00   23.5  0.100    0.0  0.000      0      0      0      0      0
12/18/1990  21967    140  11859   9968     24   4608     24   1860      9    850      0      0      0   0.00   0.00      0   0.00   23.4  0.100    0.0  0.000      0      0      0      0      0
12/19/1990  22249    135  11601  10513     26   4833     23   1575     10    903      0      0      0   0.00   0.00      0   0.00   23.4  0.100    0.0  0.000      0      0      0      0      0
12/20/1990  22597    128  11329  11140     31   4927     21   1397      7    720      0      0      0   0.00   0.00      0   0.00   23.3  0.100    0.0  0.000      0      0      0      0      0
12/21/1990  22927    122  11002  11803     36   4998     20   1306      3    392      0      0      0   0.00   0.00      0   0.00   23.2  0.100    0.0  0.000      0      0      0      0      0
12/22/1990  23198    117  10597  12484     39   4907     19   1400      0    100      0      0      0   0.00   0.00      0   0.00   23.1  0.100    0.0  0.000      0      0      0      0      0
12/23/1990  23440    112  10134  13194     41   4905     15   1242      0      0      0      0      0   0.00   0.00      0   0.00   23.0  0.100    0.0  0.000      0      0      0      0      0
12/24/1990  23728    105   9684  13939     41   4835     14   1003      0      0      0      0      0   0.00   0.00      0   0.00   23.0  0.100    0.0  0.000      0      0      0      0      0
12/25/1990  24053     98   9243  14712     42   4772     12    720      0     62      0      0      0   0.00   0.00      0   0.00   22.9  0.100    0.0  0.000      0      0      0      0      0
12/26/1990  24318     90   8851  15377     43   4812     10    392      2    214      0      0      0   0.00   0.00      0   0.00   22.8  0.100    0.0  0.000      0      0      0      0      0
12/27/1990  24657     83   8568  16006     44   4743      7    100      5    429      0      0      0   0.00   0.00      0   0.00   22.8  0.100    0.0  0.000      0      0      0      0      0
12/28/1990  25038     75   8265  16698     46   4438      3     62      9    618      0      0      0   0.00   0.00      0   0.00   22.7  0.100    0.0  0.000      0      0      0      0      0
12/29/1990  25423     69   7937  17417     47   4031      2    214      8    575      0      0      0   0.00   0.00      0   0.00   22.7  0.100    0.0  0.000      0      0      0      0      0
12/30/1990  25803     64   7665  18074     44   3629      5    429      8    548      0      0      0   0.00   0.00      0   0.00   22.6  0.100    0.0  0.000      0      0      0      0      0
12/31/1990  26309     60   7519  18730     40   3102      9    680      7    495      0      0      0   0.00   0.00      0   0.00   22.6  0.100    0.0  0.000      0      0      0      0      0
