Varroa Population Simulation - Nov 23,2015  02:36:15 PM
VarroaPop Version 3.2.5.8  June, 2015

                                        Capped  Capped                                                                      Prop           Conc          Conc                                     
            Colony  Adult  Adult         Drone   Wkr    Drone  Wkr    Drone  Wkr  Free   DBrood WBrood DMite  WMite  Mites  Mites  Colony Pollen Colony Nectar   Dead   Dead   Dead   Dead   Dead
     Date   Size   Drones   Wkr   Forgrs Brood  Brood   Larv   Larv    Eggs  Eggs Mites  Mites  Mites  /Cell  /Cell  Dying  Dying  Pollen  Pest  Nectar  Pest    DLarv  WLarv  DAdlt  WAdlt  Forgrs
Initial     10000      0   6363   3637      0      0      0      0      0      0      0      0      0   0.00   0.00      0   0.00    0.0  0.000    0.0  0.000      0      0      0      0      0
08/01/1990   9697      0   6060   3637      0      0      0      0      1    390      0      0      0   0.00   0.00      0   0.00    0.1  0.000    0.0  0.000      0      0      0      0      0
08/02/1990   9394      0   5757   3637      0      0      0      0      2    780      0      0      0   0.00   0.00      0   0.00    0.2  0.000    0.0  0.000      0      0      0      0      0
08/03/1990   9091      0   5454   3637      0      0      0      0      3   1169      0      0      0   0.00   0.00      0   0.00    0.4  0.000    0.0  0.000      0      0      0      0      0
08/04/1990   8788      0   5151   3637      0      0      1    390      3   1170      0      0      0   0.00   0.00      0   0.00    0.5  0.000    0.0  0.000      0      0      0      0      0
08/05/1990   8485      0   4848   3637      0      0      2    780      3   1181      0      0      0   0.00   0.00      0   0.00    0.6  0.000    0.0  0.000      0      0      0      0      0
08/06/1990   8182      0   4545   3637      0      0      3   1169      3   1194      0      0      0   0.00   0.00      0   0.00    0.8  0.000    0.0  0.000      0      0      0      0      0
08/07/1990   7879      0   4242   3637      0      0      4   1560      3   1206      0      0      0   0.00   0.00      0   0.00    0.9  0.000    0.0  0.000      0      0      0      0      0
08/08/1990   7576      0   3939   3637      0      0      5   1961      3   1208      0      0      0   0.00   0.00      0   0.00    1.0  0.000    0.0  0.000      0      0      0      0      0
08/09/1990   7273      0   3636   3637      0    390      6   1973      3   1209      0      0      0   0.00   0.00      0   0.00    1.2  0.000    0.0  0.000      0      0      0      0      0
08/10/1990   6970      0   3333   3637      0    780      7   1986      3   1209      0      0      0   0.00   0.00      0   0.00    1.3  0.000    0.0  0.000      0      0      0      0      0
08/11/1990      0      0      0      0      1   1169      3   1604      3   1209      0      0      0   0.00   0.00      0   0.00    1.4  0.287    0.0  0.000      3    396      0   3030   3627
08/12/1990      0      0      0      0      1   1275      4   1901      2    806      0      0      0   0.00   0.00      0   0.00    1.4  0.287    0.0  0.000      0      0      0      0      0
08/13/1990      0      0      0      0      1   1565      5   2014      1    403      0      0      0   0.00   0.00      0   0.00    1.4  0.287    0.0  0.000      0      0      0      0      0
08/14/1990      0      0      0      0      1   1967      6   2015      0      0      0      0      0   0.00   0.00      0   0.00    1.4  0.287    0.0  0.000      0      0      0      0      0
08/15/1990      0      0      0      0      1   2370      6   1612      0      0      0      0      0   0.00   0.00      0   0.00    1.4  0.287    0.0  0.000      0      0      0      0      0
08/16/1990      0      0      0      0      2   2773      5   1209      0      0      0      0      0   0.00   0.00      0   0.00    1.4  0.287    0.0  0.000      0      0      0      0      0
08/17/1990      0      0      0      0      3   3176      4    806      0      0      0      0      0   0.00   0.00      0   0.00    1.4  0.287    0.0  0.000      0      0      0      0      0
08/18/1990      0      0      0      0      4   3579      3    403      0      0      0      0      0   0.00   0.00      0   0.00    1.4  0.287    0.0  0.000      0      0      0      0      0
08/19/1990      0      0      0      0      5   3982      2      0      0      0      0      0      0   0.00   0.00      0   0.00    1.4  0.287    0.0  0.000      0      0      0      0      0
08/20/1990      0      0      0      0      6   3982      1      0      0      0      0      0      0   0.00   0.00      0   0.00    1.4  0.287    0.0  0.000      0      0      0      0      0
08/21/1990      0      0      0      0      7   3982      0      0      0      0      0      0      0   0.00   0.00      0   0.00    1.4  0.287    0.0  0.000      0      0      0      0      0
08/22/1990    385      0    385      0      7   3592      0      0      0      0      0      0      0   0.00   0.00      0   0.00    1.4  0.287    0.0  0.000      0      0      0      5      0
08/23/1990    770      0    770      0      7   3202      0      0      0      0      0      0      0   0.00   0.00      0   0.00    1.4  0.287    0.0  0.000      0      0      0      5      0
08/24/1990   1154      0   1154      0      7   2813      0      0      0      0      0      0      0   0.00   0.00      0   0.00    1.4  0.287    0.0  0.000      0      0      0      5      0
08/25/1990   1259      1   1258      0      6   2707      0      0      0      0      0      0      0   0.00   0.00      0   0.00    1.4  0.287    0.0  0.000      0      0      0      2      0
08/26/1990   1545      1   1544      0      6   2417      0      0      0      0      0      0      0   0.00   0.00      0   0.00    1.4  0.287    0.0  0.000      0      0      0      4      0
08/27/1990   1942      1   1941      0      6   2015      0      0      0      0      0      0      0   0.00   0.00      0   0.00    1.4  0.287    0.0  0.000      0      0      0      5      0
08/28/1990   2340      1   2339      0      6   1612      0      0      0      0      0      0      0   0.00   0.00      0   0.00    1.4  0.287    0.0  0.000      0      0      0      5      0
08/29/1990   2738      1   2737      0      6   1209      0      0      0      0      0      0      0   0.00   0.00      0   0.00    1.3  0.287    0.0  0.000      0      0      0      5      0
08/30/1990   3137      2   3135      0      5    806      0      0      0      0      0      0      0   0.00   0.00      0   0.00    1.3  0.287    0.0  0.000      0      0      0      5      0
08/31/1990   3536      3   3533      0      4    403      0      0      0      0      0      0      0   0.00   0.00      0   0.00    1.3  0.287    0.0  0.000      0      0      0      5      0
09/01/1990   3935      4   3931      0      3      0      0      0      0      0      0      0      0   0.00   0.00      0   0.00    1.3  0.287    0.0  0.000      0      0      0      5      0
09/02/1990   3936      5   3931      0      2      0      0      0      0      0      0      0      0   0.00   0.00      0   0.00    1.3  0.287    0.0  0.000      0      0      0      0      0
09/03/1990   3937      6   3931      0      1      0      0      0      0      0      0      0      0   0.00   0.00      0   0.00    1.2  0.287    0.0  0.000      0      0      0      0      0
09/04/1990   3938      7   3931      0      0      0      0      0      0      0      0      0      0   0.00   0.00      0   0.00    1.2  0.286    0.0  0.000      0      0      0      0      0
09/05/1990   3938      7   3931      0      0      0      0      0      0      0      0      0      0   0.00   0.00      0   0.00    1.2  0.286    0.0  0.000      0      0      0      0      0
09/06/1990   3938      7   3931      0      0      0      0      0      0      0      0      0      0   0.00   0.00      0   0.00    1.2  0.286    0.0  0.000      0      0      0      0      0
09/07/1990   3938      7   3931      0      0      0      0      0      0      0      0      0      0   0.00   0.00      0   0.00    1.1  0.286    0.0  0.000      0      0      0      0      0
09/08/1990   3938      7   3931      0      0      0      0      0      0      0      0      0      0   0.00   0.00      0   0.00    1.1  0.286    0.0  0.000      0      0      0      0      0
09/09/1990   3938      7   3931      0      0      0      0      0      0      0      0      0      0   0.00   0.00      0   0.00    1.1  0.286    0.0  0.000      0      0      0      0      0
09/10/1990   3938      7   3931      0      0      0      0      0      0      0      0      0      0   0.00   0.00      0   0.00    1.0  0.285    0.0  0.000      0      0      0      0      0
09/11/1990   3938      7   3931      0      0      0      0      0      0      0      0      0      0   0.00   0.00      0   0.00    1.0  0.285    0.0  0.000      0      0      0      0      0
09/12/1990   3938      7   3546    385      0      0      0      0      0      0      0      0      0   0.00   0.00      0   0.00    1.0  0.285    0.0  0.000      0      0      0      0      0
09/13/1990   3938      7   3161    770      0      0      0      0      0     79      0      0      0   0.00   0.00      0   0.00    1.0  0.282    0.0  0.000      0      0      0      0      0
09/14/1990   3938      7   2777   1154      0      0      0      0      0    207      0      0      0   0.00   0.00      0   0.00    1.0  0.275    0.0  0.000      0      0      0      0      0
09/15/1990   3937      6   2673   1258      0      0      0      0      0    378      0      0      0   0.00   0.00      0   0.00    1.1  0.266    0.0  0.000      0      0      0      0      0
09/16/1990   3937      6   2387   1544      0      0      0     79      0    480      0      0      0   0.00   0.00      0   0.00    1.1  0.254    0.0  0.000      0      0      0      0      0
09/17/1990   3937      6   1990   1941      0      0      0    207      0    565      0      0      0   0.00   0.00      0   0.00    1.2  0.238    0.0  0.000      0      0      0      0      0
09/18/1990   3937      6   1592   2339      0      0      0    378      0    636      0      0      0   0.00   0.00      0   0.00    1.3  0.221    0.0  0.000      0      0      0      0      0
09/19/1990   3937      6   1194   2737      0      0      0    559      0    721      0      0      0   0.00   0.00      0   0.00    1.4  0.203    0.0  0.000      0      0      0      0      0
09/20/1990   3936      5    796   3135      0      0      0    772      0    816      0      0      0   0.00   0.00      0   0.00    1.5  0.185    0.0  0.000      0      0      0      0      0
09/21/1990   3935      4    398   3533      0     79      0    935      0    908      0      0      0   0.00   0.00      0   0.00    1.7  0.167    0.0  0.000      0      0      0      0      0
09/22/1990   3934      3      0   3931      0    207      0   1073      1    976      0      0      0   0.00   0.00      0   0.00    1.9  0.152    0.0  0.000      0      0      0      0      0
09/23/1990   3933      2      0   3931      0    378      0   1210      2    999      0      0      0   0.00   0.00      0   0.00    2.1  0.139    0.0  0.000      0      0      0      0      0
09/24/1990   3547      1      0   3546      0    559      0   1363      3   1016      0      0      0   0.00   0.00      0   0.00    2.2  0.129    0.0  0.000      0      0      0      0      0
09/25/1990   3161      0      0   3161      0    772      1   1484      3   1011      0      0      0   0.00   0.00      0   0.00    2.4  0.121    0.0  0.000      0      0      0      0      0
09/26/1990   2777      0      0   2777      0   1014      2   1573      2    990      0      0      0   0.00   0.00      0   0.00    2.5  0.115    0.0  0.000      0      0      0      0      0
09/27/1990   2673      0      0   2673      0   1280      3   1658      1    928      0      0      0   0.00   0.00      0   0.00    2.6  0.110    0.0  0.000      0      0      0      0      0
09/28/1990   2387      0      0   2387      0   1588      4   1679      0    889      0      0      0   0.00   0.00      0   0.00    2.7  0.106    0.0  0.000      0      0      0      0      0
09/29/1990   1990      0      0   1990      0   1922      4   1655      0    865      0      0      0   0.00   0.00      0   0.00    2.8  0.102    0.0  0.000      0      0      0      0      0
09/30/1990   1592      0      0   1592      0   2256      4   1610      0    839      0      0      0   0.00   0.00      0   0.00    2.9  0.100    0.0  0.000      0      0      0      0      0
10/01/1990   1194      0      0   1194      0   2587      4   1569      0    780      0      0      0   0.00   0.00      0   0.00    2.9  0.098    0.0  0.000      0      0      0      0      0
10/02/1990    796      0      0    796      1   2938      3   1504      0    672      0      0      0   0.00   0.00      0   0.00    2.9  0.097    0.0  0.000      0      0      0      0      0
10/03/1990    398      0      0    398      2   3267      2   1438      0    542      0      0      0   0.00   0.00      0   0.00    3.0  0.096    0.0  0.000      0      0      0      0      0
10/04/1990     78      0     78      0      3   3498      1   1359      0    311      0      0      0   0.00   0.00      0   0.00    3.0  0.096    0.0  0.000      0      0      0      1      0
10/05/1990    205      0    205      0      4   3659      0   1248      0    133      0      0      0   0.00   0.00      0   0.00    3.0  0.096    0.0  0.000      0      0      0      1      0
10/06/1990    375      0    375      0      4   3778      0   1091      0      0      0      0      0   0.00   0.00      0   0.00    3.0  0.096    0.0  0.000      0      0      0      1      0
10/07/1990    555      0    555      0      4   3883      0    805      0      0      0      0      0   0.00   0.00      0   0.00    2.9  0.096    0.0  0.000      0      0      0      1      0
10/08/1990    767      0    767      0      4   3933      0    542      0      0      0      0      0   0.00   0.00      0   0.00    2.9  0.096    0.0  0.000      0      0      0      1      0
10/09/1990   1008      0   1008      0      4   3922      0    311      0      0      0      0      0   0.00   0.00      0   0.00    2.9  0.096    0.0  0.000      0      0      0      1      0
10/10/1990   1273      0   1273      0      4   3834      0    133      0      0      0      0      0   0.00   0.00      0   0.00    2.9  0.096    0.0  0.000      0      0      0      1      0
10/11/1990   1580      0   1580      0      4   3659      0      0      0      0      0      0      0   0.00   0.00      0   0.00    2.9  0.096    0.0  0.000      0      0      0      1      0
10/12/1990   1913      0   1913      0      4   3325      0      0      0      0      0      0      0   0.00   0.00      0   0.00    2.9  0.096    0.0  0.000      0      0      0      1      0
10/13/1990   2246      0   2246      0      4   2991      0      0      0      0      0      0      0   0.00   0.00      0   0.00    2.9  0.096    0.0  0.000      0      0      0      1      0
10/14/1990   2576      0   2576      0      4   2660      0      0      0      0      0      0      0   0.00   0.00      0   0.00    2.9  0.096    0.0  0.000      0      0      0      1      0
10/15/1990   2926      0   2926      0      4   2309      0      0      0      0      0      0      0   0.00   0.00      0   0.00    2.9  0.096    0.0  0.000      0      0      0      1      0
10/16/1990   3255      1   3254      0      3   1980      0      0      0      0      0      0      0   0.00   0.00      0   0.00    2.9  0.096    0.0  0.000      0      0      0      1      0
10/17/1990   3565      2   3563      0      2   1670      0      0      0      0      0      0      0   0.00   0.00      0   0.00    2.8  0.096    0.0  0.000      0      0      0      1      0
10/18/1990   3854      3   3851      0      1   1381      0      0      0      0      0      0      0   0.00   0.00      0   0.00    2.8  0.096    0.0  0.000      0      0      0      1      0
10/19/1990   4144      4   4140      0      0   1091      0      0      0      0      0      0      0   0.00   0.00      0   0.00    2.8  0.096    0.0  0.000      0      0      0      1      0
10/20/1990   4429      4   4425      0      0    805      0      0      0      0      0      0      0   0.00   0.00      0   0.00    2.8  0.096    0.0  0.000      0      0      0      1      0
10/21/1990   4691      4   4687      0      0    542      0      0      0      0      0      0      0   0.00   0.00      0   0.00    2.7  0.096    0.0  0.000      0      0      0      1      0
10/22/1990   4921      4   4917      0      0    311      0      0      0      0      0      0      0   0.00   0.00      0   0.00    2.7  0.096    0.0  0.000      0      0      0      1      0
10/23/1990   5098      4   5094      0      0    133      0      0      0      0      0      0      0   0.00   0.00      0   0.00    2.7  0.096    0.0  0.000      0      0      0      1      0
10/24/1990   5230      4   5226      0      0      0      0      0      0      0      0      0      0   0.00   0.00      0   0.00    2.6  0.096    0.0  0.000      0      0      0      1      0
10/25/1990   5230      4   5148     78      0      0      0      0      0      0      0      0      0   0.00   0.00      0   0.00    2.6  0.096    0.0  0.000      0      0      0      0      0
10/26/1990   5230      4   5021    205      0      0      0      0      0     14      0      0      0   0.00   0.00      0   0.00    2.6  0.096    0.0  0.000      0      0      0      0      0
10/27/1990   5230      4   4851    375      0      0      0      0      0     51      0      0      0   0.00   0.00      0   0.00    2.6  0.096    0.0  0.000      0      0      0      0      0
10/28/1990   5230      4   4671    555      0      0      0      0      0    112      0      0      0   0.00   0.00      0   0.00    2.5  0.096    0.0  0.000      0      0      0      0      0
10/29/1990   5230      4   4459    767      0      0      0     14      0    181      0      0      0   0.00   0.00      0   0.00    2.5  0.096    0.0  0.000      0      0      0      0      0
10/30/1990   5230      4   4218   1008      0      0      0     51      0    243      0      0      0   0.00   0.00      0   0.00    2.6  0.096    0.0  0.000      0      0      0      0      0
10/31/1990   5230      4   3953   1273      0      0      0    112      0    299      0      0      0   0.00   0.00      0   0.00    2.6  0.095    0.0  0.000      0      0      0      0      0
11/01/1990   5222      4   3646   1572      0      0      0    195      0    328      0      0      0   0.00   0.00      0   0.00    2.6  0.093    0.0  0.000      0      0      0      0      0
11/02/1990   5213      4   3313   1896      0      0      0    294      0    349      0      0      0   0.00   0.00      0   0.00    2.7  0.091    0.0  0.000      0      0      0      0      0
11/03/1990   5203      4   2980   2219      0     14      0    397      0    375      0      0      0   0.00   0.00      0   0.00    2.8  0.089    0.0  0.000      0      0      0      0      0
11/04/1990   5192      4   2650   2538      0     51      0    472      0    438      0      0      0   0.00   0.00      0   0.00    2.9  0.086    0.0  0.000      0      0      0      0      0
11/05/1990   5180      4   2300   2876      0    112      0    531      0    512      0      0      0   0.00   0.00      0   0.00    3.0  0.083    0.0  0.000      0      0      0      0      0
11/06/1990   5094      3   1972   3119      0    195      0    591      0    544      0      0      0   0.00   0.00      0   0.00    3.1  0.079    0.0  0.000      0      0      0      0      0
11/07/1990   4960      2   1663   3295      0    294      0    667      0    548      0      0      0   0.00   0.00      0   0.00    3.2  0.076    0.0  0.000      0      0      0      0      0
11/08/1990   4784      1   1375   3408      0    411      0    744      0    563      0      0      0   0.00   0.00      0   0.00    3.4  0.073    0.0  0.000      0      0      0      0      0
11/09/1990   4599      0   1086   3513      0    523      0    807      0    613      0      0      0   0.00   0.00      0   0.00    3.5  0.070    0.0  0.000      0      0      0      0      0
11/10/1990   4384      0    801   3583      0    643      0    866      0    667      0      0      0   0.00   0.00      0   0.00    3.7  0.067    0.0  0.000      0      0      0      0      0
11/11/1990   4141      0    539   3602      0    786      0    932      0    703      0      0      0   0.00   0.00      0   0.00    3.8  0.064    0.0  0.000      0      0      0      0      0
11/12/1990   3875      0    309   3566      0    961      0    982      0    736      0      0      0   0.00   0.00      0   0.00    4.0  0.061    0.0  0.000      0      0      0      0      0
11/13/1990   3568      0    132   3436      0   1155      0   1021      0    769      0      0      0   0.00   0.00      0   0.00    4.1  0.059    0.0  0.000      0      0      0      0      0
11/14/1990   3235      0      0   3235      0   1330      0   1091      0    750      0      0      0   0.00   0.00      0   0.00    4.3  0.057    0.0  0.000      0      0      0      0      0
11/15/1990   2903      0      0   2903      0   1509      0   1170      0    700      0      0      0   0.00   0.00      0   0.00    4.4  0.055    0.0  0.000      0      0      0      0      0
11/16/1990   2589      0     14   2575      0   1704      0   1227      0    649      0      0      0   0.00   0.00      0   0.00    4.5  0.054    0.0  0.000      0      0      0      0      0
11/17/1990   2279      0     51   2228      0   1892      0   1228      0    635      0      0      0   0.00   0.00      0   0.00    4.6  0.053    0.0  0.000      0      0      0      0      0
11/18/1990   2016      0    112   1904      0   2064      0   1203      0    609      0      0      0   0.00   0.00      0   0.00    4.7  0.052    0.0  0.000      0      0      0      0      0
11/19/1990   1795      0    195   1600      0   2226      0   1173      0    564      0      0      0   0.00   0.00      0   0.00    4.8  0.051    0.0  0.000      0      0      0      0      0
11/20/1990   1887      0    294   1593      0   2385      0   1127      0    464      0      0      0   0.00   0.00      0   0.00    4.8  0.050    0.0  0.000      0      0      0      0      0
11/21/1990   1723      0    411   1312      0   2534      0   1043      0    379      0      0      0   0.00   0.00      0   0.00    4.9  0.050    0.0  0.000      0      0      0      0      0
11/22/1990   1282      0    523    759      0   2648      0    987      0    300      0      0      0   0.00   0.00      0   0.00    4.9  0.050    0.0  0.000      0      0      0      0      0
11/23/1990   1149      0    643    506      0   2736      0    891      0    250      0      0      0   0.00   0.00      0   0.00    5.0  0.049    0.0  0.000      0      0      0      0      0
11/24/1990   1072      0    786    286      0   2808      0    773      0    198      0      0      0   0.00   0.00      0   0.00    5.0  0.049    0.0  0.000      0      0      0      0      0
11/25/1990   1244      0    960    284      0   2845      0    652      0    138      0      0      0   0.00   0.00      0   0.00    5.0  0.049    0.0  0.000      0      0      0      1      0
11/26/1990   1435      0   1153    282      0   2833      0    532      0     97      0      0      0   0.00   0.00      0   0.00    4.9  0.049    0.0  0.000      0      0      0      1      0
11/27/1990   1607      0   1327    280      0   2828      0    407      0     70      0      0      0   0.00   0.00      0   0.00    4.9  0.049    0.0  0.000      0      0      0      1      0
11/28/1990   1784      0   1506    278      0   2761      0    326      0     61      0      0      0   0.00   0.00      0   0.00    4.9  0.049    0.0  0.000      0      0      0      0      0
11/29/1990   1714      0   1714      0      0   2649      0    250      0     65      0      0      0   0.00   0.00      0   0.00    4.9  0.049    0.0  0.000      0      0      0      1      0
11/30/1990   1938      0   1938      0      0   2515      0    177      0     47      0      0      0   0.00   0.00      0   0.00    4.9  0.049    0.0  0.000      0      0      0      1      0
12/01/1990   2170      0   2170      0      0   2344      0    137      0     25      0      0      0   0.00   0.00      0   0.00    4.9  0.049    0.0  0.000      0      0      0      1      0
12/02/1990   2414      0   2414      0      0   2144      0    117      0      0      0      0      0   0.00   0.00      0   0.00    4.9  0.049    0.0  0.000      0      0      0      1      0
12/03/1990   2671      0   2671      0      0   1917      0     86      0      0      0      0      0   0.00   0.00      0   0.00    4.9  0.049    0.0  0.000      0      0      0      1      0
12/04/1990   2936      0   2936      0      0   1672      0     65      0      0      0      0      0   0.00   0.00      0   0.00    4.9  0.049    0.0  0.000      0      0      0      1      0
12/05/1990   3161      0   3161      0      0   1464      0     47      0      0      0      0      0   0.00   0.00      0   0.00    4.8  0.049    0.0  0.000      0      0      0      1      0
12/06/1990   3368      0   3368      0      0   1278      0     25      0      0      0      0      0   0.00   0.00      0   0.00    4.8  0.049    0.0  0.000      0      0      0      1      0
12/07/1990   3581      0   3568     13      0   1088      0      0      0      0      0      0      0   0.00   0.00      0   0.00    4.8  0.049    0.0  0.000      0      0      0      1      0
12/08/1990   3791      0   3743     48      0    876      0      0      0      0      0      0      0   0.00   0.00      0   0.00    4.8  0.049    0.0  0.000      0      0      0      0      0
12/09/1990   3970      0   3864    106      0    694      0      0      0      4      0      0      0   0.00   0.00      0   0.00    4.8  0.049    0.0  0.000      0      0      0      0      0
12/10/1990   4136      0   3951    185      0    524      0      0      0     16      0      0      0   0.00   0.00      0   0.00    4.7  0.049    0.0  0.000      0      0      0      0      0
12/11/1990   4243      0   3964    279      0    412      0      0      0     38      0      0      0   0.00   0.00      0   0.00    4.7  0.049    0.0  0.000      0      0      0      0      0
12/12/1990   4334      0   3943    391      0    315      0      4      0     63      0      0      0   0.00   0.00      0   0.00    4.7  0.049    0.0  0.000      0      0      0      1      0
12/13/1990   4420      0   3922    498      0    224      0     16      0     85      0      0      0   0.00   0.00      0   0.00    4.7  0.049    0.0  0.000      0      0      0      0      0
12/14/1990   4476      0   3863    613      0    162      0     38      0     82      0      0      0   0.00   0.00      0   0.00    4.7  0.049    0.0  0.000      0      0      0      1      0
12/15/1990   4515      0   3764    751      0    117      0     67      0     81      0      0      0   0.00   0.00      0   0.00    4.6  0.049    0.0  0.000      0      0      0      1      0
12/16/1990   4540      0   3620    920      0     86      0    101      0     77      0      0      0   0.00   0.00      0   0.00    4.6  0.049    0.0  0.000      0      0      0      1      0
12/17/1990   4555      0   3447   1108      0     69      0    116      0     99      0      0      0   0.00   0.00      0   0.00    4.6  0.049    0.0  0.000      0      0      0      1      0
12/18/1990   4567      0   3290   1277      0     63      0    132      0    124      0      0      0   0.00   0.00      0   0.00    4.6  0.049    0.0  0.000      0      0      0      1      0
12/19/1990   4583      0   3132   1451      0     63      0    140      0    145      0      0      0   0.00   0.00      0   0.00    4.5  0.049    0.0  0.000      0      0      0      1      0
12/20/1990   4602      0   2948   1654      0     67      0    152      0    122      0      0      0   0.00   0.00      0   0.00    4.5  0.049    0.0  0.000      0      0      0      1      0
12/21/1990   4597      0   2724   1873      0    101      0    171      0     69      0      0      0   0.00   0.00      0   0.00    4.5  0.049    0.0  0.000      0      0      0      0      0
12/22/1990   4592      0   2492   2100      0    120      0    203      0     18      0      0      0   0.00   0.00      0   0.00    4.5  0.049    0.0  0.000      0      0      0      0      0
12/23/1990   4587      0   2248   2339      0    148      0    193      0      0      0      0      0   0.00   0.00      0   0.00    4.5  0.049    0.0  0.000      0      0      0      0      0
12/24/1990   4582      0   1991   2591      0    178      0    163      0      0      0      0      0   0.00   0.00      0   0.00    4.4  0.049    0.0  0.000      0      0      0      0      0
12/25/1990   4577      0   1726   2851      0    219      0    122      0     15      0      0      0   0.00   0.00      0   0.00    4.4  0.049    0.0  0.000      0      0      0      0      0
12/26/1990   4572      0   1501   3071      0    272      0     69      0     53      0      0      0   0.00   0.00      0   0.00    4.4  0.049    0.0  0.000      0      0      0      0      0
12/27/1990   4567      0   1294   3273      0    323      0     18      0    109      0      0      0   0.00   0.00      0   0.00    4.4  0.049    0.0  0.000      0      0      0      0      0
12/28/1990   4561      0   1080   3481      0    341      0     15      0    160      0      0      0   0.00   0.00      0   0.00    4.4  0.049    0.0  0.000      0      0      0      0      0
12/29/1990   4555      0    868   3687      0    341      0     53      0    151      0      0      0   0.00   0.00      0   0.00    4.4  0.049    0.0  0.000      0      0      0      0      0
12/30/1990   4552      0    689   3863      0    337      0    109      0    146      0      0      0   0.00   0.00      0   0.00    4.4  0.049    0.0  0.000      0      0      0      1      0
12/31/1990   4557      0    530   4027      0    325      0    175      0    135      0      0      0   0.00   0.00      0   0.00    4.4  0.049    0.0  0.000      0      0      0      1      0
