Varroa Population Simulation - Nov 23,2015  02:36:50 PM
VarroaPop Version 3.2.5.8  June, 2015

                                        Capped  Capped                                                                      Prop           Conc          Conc                                     
            Colony  Adult  Adult         Drone   Wkr    Drone  Wkr    Drone  Wkr  Free   DBrood WBrood DMite  WMite  Mites  Mites  Colony Pollen Colony Nectar   Dead   Dead   Dead   Dead   Dead
     Date   Size   Drones   Wkr   Forgrs Brood  Brood   Larv   Larv    Eggs  Eggs Mites  Mites  Mites  /Cell  /Cell  Dying  Dying  Pollen  Pest  Nectar  Pest    DLarv  WLarv  DAdlt  WAdlt  Forgrs
Initial     10000      0   6174   3826      0      0      0      0      0      0      0      0      0   0.00   0.00      0   0.00    0.0  0.000    0.0  0.000      0      0      0      0      0
08/01/1990   9706      0   5880   3826      0      0      0      0      5    799      0      0      0   0.00   0.00      0   0.00    0.1  0.000    0.0  0.000      0      0      0      0      0
08/02/1990   9412      0   5586   3826      0      0      0      0     10   1598      0      0      0   0.00   0.00      0   0.00    0.3  0.000    0.0  0.000      0      0      0      0      0
08/03/1990   9118      0   5292   3826      0      0      0      0     15   2395      0      0      0   0.00   0.00      0   0.00    0.4  0.000    0.0  0.000      0      0      0      0      0
08/04/1990   8824      0   4998   3826      0      0      5    799     15   2398      0      0      0   0.00   0.00      0   0.00    0.5  0.000    0.0  0.000      0      0      0      0      0
08/05/1990   8530      0   4704   3826      0      0     10   1598     15   2420      0      0      0   0.00   0.00      0   0.00    0.7  0.000    0.0  0.000      0      0      0      0      0
08/06/1990   8236      0   4410   3826      0      0     15   2395     15   2449      0      0      0   0.00   0.00      0   0.00    0.8  0.000    0.0  0.000      0      0      0      0      0
08/07/1990   7942      0   4116   3826      0      0     20   3197     15   2473      0      0      0   0.00   0.00      0   0.00    1.0  0.000    0.0  0.000      0      0      0      0      0
08/08/1990   7648      0   3822   3826      0      0     25   4018     15   2478      0      0      0   0.00   0.00      0   0.00    1.1  0.000    0.0  0.000      0      0      0      0      0
08/09/1990   7354      0   3528   3826      0    799     30   4045     15   2478      0      0      0   0.00   0.00      0   0.00    1.2  0.000    0.0  0.000      0      0      0      0      0
08/10/1990   7060      0   3234   3826      0   1598     35   4072     15   2478      0      0      0   0.00   0.00      0   0.00    1.4  0.000    0.0  0.000      0      0      0      0      0
08/11/1990   1903      0   1760    143      5   2395     15   2587     15   2478      0      0      0   0.00   0.00      0   0.00    1.5  0.443    0.0  0.000     20   1514      0   1175   3674
08/12/1990   1778      0   1600    178      5   2422     16   2907     10   1721      0      0      0   0.00   0.00      0   0.00    1.5  0.443    0.0  0.000      4    479      0      0    114
08/13/1990   1656      0   1440    216      5   2504     17   3215      5    979      0      0      0   0.00   0.00      0   0.00    1.5  0.443    0.0  0.000      4    436      0      0    111
08/14/1990   1537      0   1280    257      5   2851     18   3285      0    248      0      0      0   0.00   0.00      0   0.00    1.5  0.448    0.0  0.000      4    409      0      0    108
08/15/1990   1420      0   1120    300      5   3241     14   2582      0    179      0      0      0   0.00   0.00      0   0.00    1.5  0.455    0.0  0.000      4    382      0      0    106
08/16/1990   1305      0    960    345      6   3658      9   1896      0    215      0      0      0   0.00   0.00      0   0.00    1.5  0.464    0.0  0.000      4    353      0      0    104
08/17/1990   1192      0    800    392      7   4102      4   1223      0    259      0      0      0   0.00   0.00      0   0.00    1.6  0.472    0.0  0.000      4    324      0      0    102
08/18/1990   1080      0    640    440      8   4575      3    721      0    403      0      0      0   0.00   0.00      0   0.00    1.6  0.481    0.0  0.000      0     29      0      0    101
08/19/1990   1069      0    480    589      9   5077      2    339      0    441      0      0      0   0.00   0.00      0   0.00    1.6  0.474    0.0  0.000      0      0      0      0      0
08/20/1990   1058      0    320    738     10   5117      1    438      0    514      0      0      0   0.00   0.00      0   0.00    1.6  0.464    0.0  0.000      0      0      0      0      0
08/21/1990   1047      0    160    887     11   5201      0    498      0    627      0      0      0   0.00   0.00      0   0.00    1.7  0.453    0.0  0.000      0      0      0      0      0
08/22/1990   1835      0    799   1036     11   4497      0    561      0    778      0      0      0   0.00   0.00      0   0.00    1.7  0.442    0.0  0.000      0      0      0      0      0
08/23/1990   2623      0   1598   1025     11   3698      0    773      0    919      0      0      0   0.00   0.00      0   0.00    1.7  0.433    0.0  0.000      0      0      0      0      0
08/24/1990   3409      0   2395   1014     11   3021      0    910      0    979      0      0      0   0.00   0.00      0   0.00    1.8  0.425    0.0  0.000      0      0      0      0      0
08/25/1990   3395      5   2422    968      6   3133      0   1080      0    960      0      0      0   0.00   0.00      0   0.00    1.8  0.417    0.0  0.000      0      0      0      0      0
08/26/1990   3428      5   2504    919      6   3195      0   1289      0    900      0      0      0   0.00   0.00      0   0.00    1.8  0.411    0.0  0.000      0      0      0      0      0
08/27/1990   3723      5   2851    867      6   3006      0   1448      0    880      0      0      0   0.00   0.00      0   0.00    1.9  0.406    0.0  0.000      0      0      0      0      0
08/28/1990   4059      5   3241    813      6   2828      0   1526      0    885      0      0      0   0.00   0.00      0   0.00    1.9  0.402    0.0  0.000      0      0      0      0      0
08/29/1990   4420      5   3658    757      6   2668      0   1562      0    882      0      0      0   0.00   0.00      0   0.00    1.9  0.399    0.0  0.000      0      0      0      0      0
08/30/1990   4807      6   4102    699      5   2533      0   1550      0    849      0      0      0   0.00   0.00      0   0.00    1.9  0.397    0.0  0.000      0      0      0      0      0
08/31/1990   5222      7   4575    640      4   2413      0   1492      0    800      0      0      0   0.00   0.00      0   0.00    1.9  0.396    0.0  0.000      0      0      0      0      0
09/01/1990   5565      8   5077    480      3   2228      0   1465      0    748      0      0      0   0.00   0.00      0   0.00    1.9  0.396    0.0  0.000      0      0      0      0      0
09/02/1990   5606      9   5117    480      2   2478      0   1439      0    673      0      0      0   0.00   0.00      0   0.00    1.9  0.396    0.0  0.000      0      0      0      0      0
09/03/1990   5531     10   5201    320      1   2687      0   1392      0    614      0      0      0   0.00   0.00      0   0.00    1.8  0.396    0.0  0.000      0      0      0      0      0
09/04/1990   5467     11   5296    160      0   2889      0   1333      0    508      0      0      0   0.00   0.00      0   0.00    1.8  0.396    0.0  0.000      0      0      0      0      0
09/05/1990   5307     11   5296      0      0   3184      0   1227      0    391      0      0      0   0.00   0.00      0   0.00    1.8  0.396    0.0  0.000      0      0      0      0      0
09/06/1990   5427     11   5416      0      0   3354      0   1124      0    204      0      0      0   0.00   0.00      0   0.00    1.7  0.395    0.0  0.000      0      0      0      0      0
09/07/1990   5566     11   5555      0      0   3479      0    992      0     72      0      0      0   0.00   0.00      0   0.00    1.7  0.395    0.0  0.000      0      0      0      0      0
09/08/1990   5710     11   5699      0      0   3581      0    818      0      0      0      0      0   0.00   0.00      0   0.00    1.6  0.395    0.0  0.000      0      0      0      0      0
09/09/1990   5868     11   5857      0      0   3661      0    580      0      0      0      0      0   0.00   0.00      0   0.00    1.6  0.394    0.0  0.000      0      0      0      0      0
09/10/1990   6080     11   6069      0      0   3638      0    391      0      0      0      0      0   0.00   0.00      0   0.00    1.5  0.394    0.0  0.000      0      0      0      0      0
09/11/1990   6337     11   6326      0      0   3568      0    204      0      0      0      0      0   0.00   0.00      0   0.00    1.5  0.394    0.0  0.000      0      0      0      0      0
09/12/1990   6646     11   5836    799      0   3391      0     72      0      0      0      0      0   0.00   0.00      0   0.00    1.5  0.394    0.0  0.000      0      0      0      0      0
09/13/1990   6999     11   5390   1598      0   3110      0      0      0    284      0      0      0   0.00   0.00      0   0.00    1.5  0.384    0.0  0.000      0      0      0      0      0
09/14/1990   7316     11   4910   2395      0   2793      0      0      0    713      0      0      0   0.00   0.00      0   0.00    1.6  0.367    0.0  0.000      0      0      0      0      0
09/15/1990   7601      6   5173   2422      0   2503      0      0      0   1257      0      0      0   0.00   0.00      0   0.00    1.7  0.351    0.0  0.000      0      0      0      0      0
09/16/1990   7894      6   5384   2504      0   2210      0    284      0   1521      0      0      0   0.00   0.00      0   0.00    1.8  0.336    0.0  0.000      0      0      0      0      0
09/17/1990   8191      6   5334   2851      0   1913      0    713      1   1661      0      0      0   0.00   0.00      0   0.00    1.9  0.319    0.0  0.000      0      0      0      0      0
09/18/1990   8486      6   5239   3241      0   1618      0   1257      2   1718      0      0      0   0.00   0.00      0   0.00    2.0  0.300    0.0  0.000      0      0      0      0      0
09/19/1990   8776      6   5112   3658      0   1328      0   1805      4   1804      0      0      0   0.00   0.00      0   0.00    2.1  0.281    0.0  0.000      0      0      0      0      0
09/20/1990   9039      5   4932   4102      0   1064      1   2374      7   1949      0      0      0   0.00   0.00      0   0.00    2.3  0.262    0.0  0.000      0      0      0      0      0
09/21/1990   9284      4   4705   4575      0   1102      2   2691     11   2109      0      0      0   0.00   0.00      0   0.00    2.4  0.243    0.0  0.000      0      0      0      0      0
09/22/1990   9521      3   4441   5077      0   1293      4   2896     14   2229      0      0      0   0.00   0.00      0   0.00    2.6  0.225    0.0  0.000      0      0      0      0      0
09/23/1990   9709      2   4590   5117      0   1648      8   3066     15   2260      0      0      0   0.00   0.00      0   0.00    2.8  0.209    0.0  0.000      0      0      0      0      0
09/24/1990   9895      1   4693   5201      0   2009     13   3279     16   2289      0      0      0   0.00   0.00      0   0.00    3.0  0.195    0.0  0.000      0      0      0      0      0
09/25/1990   9227      0   4730   4497      0   2446     18   3464     17   2324      0      0      0   0.00   0.00      0   0.00    3.2  0.185    0.0  0.000      0      0      0      0      0
09/26/1990   8500      0   4802   3698      0   2975     23   3608     17   2315      0      0      0   0.00   0.00      0   0.00    3.3  0.178    0.0  0.000      0      0      0      0      0
09/27/1990   7703      0   4682   3021      1   3609     28   3764     14   2196      0      0      0   0.00   0.00      0   0.00    3.4  0.173    0.0  0.000      0      0      0      0      0
09/28/1990   7676      0   4543   3133      2   4323     33   3839     10   2025      0      0      0   0.00   0.00      0   0.00    3.5  0.167    0.0  0.000      0      0      0      0      0
09/29/1990   7594      0   4399   3195      4   5084     36   3814      7   1949      0      0      0   0.00   0.00      0   0.00    3.6  0.163    0.0  0.000      0      0      0      0      0
09/30/1990   7247      0   4241   3006      8   5838     35   3731      7   1963      0      0      0   0.00   0.00      0   0.00    3.7  0.158    0.0  0.000      0      0      0      0      0
10/01/1990   6857      0   4029   2828     13   6583     32   3604      7   2013      0      0      0   0.00   0.00      0   0.00    3.8  0.154    0.0  0.000      0      0      0      0      0
10/02/1990   6440      0   3772   2668     18   7373     29   3474      6   1958      0      0      0   0.00   0.00      0   0.00    3.9  0.151    0.0  0.000      0      0      0      0      0
10/03/1990   5996      0   3463   2533     23   8162     27   3370      4   1863      0      0      0   0.00   0.00      0   0.00    4.0  0.148    0.0  0.000      0      0      0      0      0
10/04/1990   5807      0   3394   2413     29   8614     23   3302      3   1816      0      0      0   0.00   0.00      0   0.00    4.1  0.145    0.0  0.000      0      0      0      0      0
10/05/1990   5734      0   3506   2228     35   8856     18   3236      2   1768      0      0      0   0.00   0.00      0   0.00    4.1  0.142    0.0  0.000      0      0      0      0      0
10/06/1990   6238      0   3760   2478     40   8930     14   3208      1   1663      0      0      0   0.00   0.00      0   0.00    4.2  0.140    0.0  0.000      0      0      0      0      0
10/07/1990   6702      0   4015   2687     43   9042     12   3169      0   1518      0      0      0   0.00   0.00      0   0.00    4.3  0.137    0.0  0.000      0      0      0      0      0
10/08/1990   7176      0   4287   2889     45   9158     10   3041      1   1469      0      0      0   0.00   0.00      0   0.00    4.4  0.134    0.0  0.000      0      0      0      0      0
10/09/1990   7777      0   4593   3184     47   9225      8   2858      2   1548      0      0      0   0.00   0.00      0   0.00    4.5  0.130    0.0  0.000      0      0      0      0      0
10/10/1990   8291      0   4937   3354     50   9196      5   2729      4   1651      0      0      0   0.00   0.00      0   0.00    4.6  0.127    0.0  0.000      0      0      0      0      0
10/11/1990   8867      1   5387   3479     51   9072      4   2647      5   1741      0      0      0   0.00   0.00      0   0.00    4.8  0.124    0.0  0.000      0      0      0      0      0
10/12/1990   9485      2   5902   3581     51   8932      4   2590      7   1794      0      0      0   0.00   0.00      0   0.00    4.9  0.120    0.0  0.000      0      0      0      0      0
10/13/1990  10083      4   6418   3661     50   8735      5   2612      8   1832      0      0      0   0.00   0.00      0   0.00    5.0  0.117    0.0  0.000      0      0      0      0      0
10/14/1990  10620      8   6974   3638     47   8475      6   2725      9   1868      0      0      0   0.00   0.00      0   0.00    5.2  0.115    0.0  0.000      0      0      0      0      0
10/15/1990  11158     13   7577   3568     42   8161      9   2866      9   1891      0      0      0   0.00   0.00      0   0.00    5.3  0.112    0.0  0.000      0      0      0      0      0
10/16/1990  11643     18   8234   3391     37   7880     12   2975      9   1895      0      0      0   0.00   0.00      0   0.00    5.4  0.110    0.0  0.000      0      0      0      0      0
10/17/1990  12031     23   8898   3110     32   7708     15   3045      8   1864      0      0      0   0.00   0.00      0   0.00    5.5  0.108    0.0  0.000      0      0      0      0      0
10/18/1990  12391     29   9569   2793     27   7616     17   3106      7   1812      0      0      0   0.00   0.00      0   0.00    5.5  0.107    0.0  0.000      0      0      0      0      0
10/19/1990  12725     35  10187   2503     22   7596     19   3129      5   1684      0      0      0   0.00   0.00      0   0.00    5.6  0.106    0.0  0.000      0      0      0      0      0
10/20/1990  13097     40  10847   2210     19   7553     19   3115      3   1508      0      0      0   0.00   0.00      0   0.00    5.6  0.105    0.0  0.000      0      0      0      0      0
10/21/1990  13488     43  11532   1913     18   7485     19   3086      1   1357      0      0      0   0.00   0.00      0   0.00    5.6  0.105    0.0  0.000      0      0      0      0      0
10/22/1990  13863     45  12200   1618     19   7451     17   2945      0   1269      0      0      0   0.00   0.00      0   0.00    5.6  0.105    0.0  0.000      0      0      0      0      0
10/23/1990  14180     47  12805   1328     20   7486     14   2732      0   1215      0      0      0   0.00   0.00      0   0.00    5.6  0.105    0.0  0.000      0      0      0      0      0
10/24/1990  14509     50  13395   1064     20   7517     11   2548      0   1123      0      0      0   0.00   0.00      0   0.00    5.5  0.105    0.0  0.000      0      0      0      0      0
10/25/1990  14886     52  13732   1102     21   7499      8   2350      0   1018      0      0      0   0.00   0.00      0   0.00    5.5  0.105    0.0  0.000      0      0      0      0      0
10/26/1990  15206     53  13860   1293     23   7530      5   2135      0    929      0      0      0   0.00   0.00      0   0.00    5.4  0.105    0.0  0.000      0      0      0      0      0
10/27/1990  15503     54  13801   1648     24   7538      3   1987      0    915      0      0      0   0.00   0.00      0   0.00    5.4  0.105    0.0  0.000      0      0      0      0      0
10/28/1990  15793     55  13729   2009     25   7489      1   1860      0    989      0      0      0   0.00   0.00      0   0.00    5.4  0.105    0.0  0.000      0      0      0      0      0
10/29/1990  16169     55  13668   2446     26   7418      0   1707      0   1122      0      0      0   0.00   0.00      0   0.00    5.4  0.105    0.0  0.000      0      0      0      0      0
10/30/1990  16661     55  13631   2975     26   7259      0   1633      0   1223      0      0      0   0.00   0.00      0   0.00    5.4  0.104    0.0  0.000      0      0      0      0      0
10/31/1990  17240     55  13576   3609     26   7053      0   1634      1   1309      0      0      0   0.00   0.00      0   0.00    5.5  0.103    0.0  0.000      0      0      0      0      0
11/01/1990  17830     55  13460   4315     25   6800      0   1706      2   1308      0      0      0   0.00   0.00      0   0.00    5.6  0.101    0.0  0.000      0      0      0      0      0
11/02/1990  18438     55  13316   5067     24   6483      0   1838      4   1298      0      0      0   0.00   0.00      0   0.00    5.8  0.099    0.0  0.000      0      0      0      0      0
11/03/1990  19045     55  13179   5811     22   6150      1   2014      6   1320      0      0      0   0.00   0.00      0   0.00    5.9  0.096    0.0  0.000      0      0      0      0      0
11/04/1990  19666     53  13068   6545     20   5847      2   2099     10   1470      0      0      0   0.00   0.00      0   0.00    6.1  0.093    0.0  0.000      0      0      0      0      0
11/05/1990  20292     51  12918   7323     17   5581      4   2147     13   1662      0      0      0   0.00   0.00      0   0.00    6.4  0.089    0.0  0.000      0      0      0      0      0
11/06/1990  20898     49  12750   8099     14   5377      7   2212     15   1720      0      0      0   0.00   0.00      0   0.00    6.6  0.085    0.0  0.000      0      0      0      0      0
11/07/1990  21208     47  12617   8544     11   5206     12   2346     16   1708      0      0      0   0.00   0.00      0   0.00    6.9  0.082    0.0  0.000      0      0      0      0      0
11/08/1990  21358     44  12534   8780      8   5078     17   2500     18   1738      0      0      0   0.00   0.00      0   0.00    7.3  0.078    0.0  0.000      0      0      0      0      0
11/09/1990  21299     41  12409   8849      5   5001     22   2624     21   1881      0      0      0   0.00   0.00      0   0.00    7.6  0.075    0.0  0.000      0      0      0      0      0
11/10/1990  21171     38  12176   8957      4   4996     27   2756     23   2029      0      0      0   0.00   0.00      0   0.00    7.9  0.072    0.0  0.000      0      0      0      0      0
11/11/1990  21035     37  11928   9070      3   5041     33   2918     25   2118      0      0      0   0.00   0.00      0   0.00    8.2  0.069    0.0  0.000      0      0      0      0      0
11/12/1990  20836     36  11665   9135      4   5202     39   3035     27   2206      0      0      0   0.00   0.00      0   0.00    8.5  0.067    0.0  0.000      0      0      0      0      0
11/13/1990  20572     34  11433   9105      7   5443     44   3123     29   2304      0      0      0   0.00   0.00      0   0.00    8.9  0.064    0.0  0.000      0      0      0      0      0
11/14/1990  20200     31  11188   8981     12   5638     48   3316     28   2264      0      0      0   0.00   0.00      0   0.00    9.2  0.062    0.0  0.000      0      0      0      0      0
11/15/1990  19737     29  10867   8841     17   5892     53   3533     26   2148      0      0      0   0.00   0.00      0   0.00    9.5  0.060    0.0  0.000      0      0      0      0      0
11/16/1990  19266     28  10594   8644     22   6252     58   3689     25   2065      0      0      0   0.00   0.00      0   0.00    9.8  0.058    0.0  0.000      0      0      0      0      0
11/17/1990  18851     27  10440   8384     28   6604     60   3699     26   2118      0      0      0   0.00   0.00      0   0.00   10.1  0.056    0.0  0.000      0      0      0      0      0
11/18/1990  18434     26  10338   8070     35   6932     61   3652     26   2149      0      0      0   0.00   0.00      0   0.00   10.4  0.055    0.0  0.000      0      0      0      0      0
11/19/1990  18062     26  10247   7789     43   7248     62   3636     25   2123      0      0      0   0.00   0.00      0   0.00   10.7  0.053    0.0  0.000      0      0      0      0      0
11/20/1990  18481     26  10115   8340     51   7587     63   3611     21   1879      0      0      0   0.00   0.00      0   0.00   11.0  0.052    0.0  0.000      0      0      0      0      0
11/21/1990  18206     26   9996   8184     60   7927     62   3497     18   1645      0      0      0   0.00   0.00      0   0.00   11.3  0.050    0.0  0.000      0      0      0      0      0
11/22/1990  17346     25   9814   7507     70   8204     60   3495     15   1434      0      0      0   0.00   0.00      0   0.00   11.5  0.049    0.0  0.000      0      0      0      0      0
11/23/1990  17107     24   9619   7464     80   8437     55   3342     15   1401      0      0      0   0.00   0.00      0   0.00   11.8  0.048    0.0  0.000      0      0      0      0      0
11/24/1990  16903     23   9484   7396     87   8672     52   3077     15   1425      0      0      0   0.00   0.00      0   0.00   12.1  0.047    0.0  0.000      0      0      0      0      0
11/25/1990  17455     22   9416   8017     94   8852     49   2811     15   1475      0      0      0   0.00   0.00      0   0.00   12.0  0.047    0.0  0.000      0      0      0      0      0
11/26/1990  18054     21   9390   8643    101   8924     45   2594     14   1374      0      0      0   0.00   0.00      0   0.00   11.9  0.047    0.0  0.000      0      0      0      0      0
11/27/1990  18580     21   9309   9250    107   9075     41   2379     13   1237      0      0      0   0.00   0.00      0   0.00   11.9  0.047    0.0  0.000      0      0      0      0      0
11/28/1990  19122     23   9260   9839    110   9023     38   2407     13   1117      0      0      0   0.00   0.00      0   0.00   12.3  0.046    0.0  0.000      0      0      0      0      0
11/29/1990  18514     25   9316   9173    113   8831     34   2323     15   1239      0      0      0   0.00   0.00      0   0.00   12.6  0.044    0.0  0.000      0      0      0      0      0
11/30/1990  18611     27   9506   9078    113   8628     33   2182     16   1393      0      0      0   0.00   0.00      0   0.00   13.0  0.043    0.0  0.000      0      0      0      0      0
12/01/1990  19303     31   9781   9491    112   8395     33   2123     16   1390      0      0      0   0.00   0.00      0   0.00   13.3  0.042    0.0  0.000      0      0      0      0      0
12/02/1990  20027     36  10077   9914    110   8138     34   2137     14   1251      0      0      0   0.00   0.00      0   0.00   13.3  0.042    0.0  0.000      0      0      0      0      0
12/03/1990  20188     43  10443   9702    107   7897     34   2100     14   1163      0      0      0   0.00   0.00      0   0.00   13.6  0.041    0.0  0.000      0      0      0      0      0
12/04/1990  20443     51  10870   9522    104   7465     34   2139     14   1198      0      0      0   0.00   0.00      0   0.00   14.0  0.040    0.0  0.000      0      0      0      0      0
12/05/1990  21131     60  11218   9853    100   7111     33   2151     14   1204      0      0      0   0.00   0.00      0   0.00   13.9  0.040    0.0  0.000      0      0      0      0      0
12/06/1990  21316     70  11573   9673     94   6866     34   2146     14   1234      0      0      0   0.00   0.00      0   0.00   14.3  0.039    0.0  0.000      0      0      0      0      0
12/07/1990  21082     80  12006   8996     88   6639     35   2098     14   1259      0      0      0   0.00   0.00      0   0.00   14.6  0.038    0.0  0.000      0      0      0      0      0
12/08/1990  21275     88  12421   8766     85   6386     34   1962     15   1351      0      0      0   0.00   0.00      0   0.00   14.9  0.037    0.0  0.000      0      0      0      0      0
12/09/1990  21393     96  12733   8564     83   6107     33   1990     15   1380      0      0      0   0.00   0.00      0   0.00   15.2  0.036    0.0  0.000      0      0      0      0      0
12/10/1990  21499    105  13007   8387     79   5767     33   2106     17   1513      0      0      0   0.00   0.00      0   0.00   15.5  0.036    0.0  0.000      0      0      0      0      0
12/11/1990  21397    114  13077   8206     75   5670     33   2150     18   1655      0      0      0   0.00   0.00      0   0.00   15.8  0.035    0.0  0.000      0      0      0      0      0
12/12/1990  21843    122  13069   8652     71   5660     34   2172     18   1725      0      0      0   0.00   0.00      0   0.00   15.7  0.035    0.0  0.000      0      0      0      0      0
12/13/1990  22317    130  13133   9054     68   5537     36   2415     16   1601      0      0      0   0.00   0.00      0   0.00   16.0  0.034    0.0  0.000      0      0      0      0      0
12/14/1990  22777    135  13180   9462     68   5503     37   2571     12   1231      0      0      0   0.00   0.00      0   0.00   15.9  0.034    0.0  0.000      0      0      0      0      0
12/15/1990  23242    139  13174   9929     67   5494     38   2638     10    983      0      0      0   0.00   0.00      0   0.00   15.8  0.034    0.0  0.000      0      0      0      0      0
12/16/1990  23761    143  13138  10480     67   5413     38   2665      8    770      0      0      0   0.00   0.00      0   0.00   15.7  0.034    0.0  0.000      0      0      0      0      0
12/17/1990  24117    146  12892  11079     67   5509     35   2422     10    857      0      0      0   0.00   0.00      0   0.00   15.6  0.034    0.0  0.000      0      0      0      0      0
12/18/1990  24442    148  12691  11603     67   5770     33   2108     12    925      0      0      0   0.00   0.00      0   0.00   15.5  0.034    0.0  0.000      0      0      0      0      0
12/19/1990  24836    148  12547  12141     67   5951     31   1780     13    976      0      0      0   0.00   0.00      0   0.00   15.4  0.034    0.0  0.000      0      0      0      0      0
12/20/1990  25308    147  12393  12768     70   5995     28   1554      9    775      0      0      0   0.00   0.00      0   0.00   15.4  0.034    0.0  0.000      0      0      0      0      0
12/21/1990  25783    146  12203  13434     72   5978     27   1432      4    421      0      0      0   0.00   0.00      0   0.00   15.3  0.034    0.0  0.000      0      0      0      0      0
12/22/1990  26172    145  11908  14119     72   5792     26   1525      0    107      0      0      0   0.00   0.00      0   0.00   15.2  0.034    0.0  0.000      0      0      0      0      0
12/23/1990  26504    144  11526  14834     71   5727     21   1346      0      0      0      0      0   0.00   0.00      0   0.00   15.1  0.034    0.0  0.000      0      0      0      0      0
12/24/1990  26888    141  11160  15587     68   5585     19   1083      0      0      0      0      0   0.00   0.00      0   0.00   15.0  0.034    0.0  0.000      0      0      0      0      0
12/25/1990  27308    138  10802  16368     66   5451     16    775      0     66      0      0      0   0.00   0.00      0   0.00   14.9  0.034    0.0  0.000      0      0      0      0      0
12/26/1990  27641    133  10466  17042     65   5448     13    421      2    227      0      0      0   0.00   0.00      0   0.00   14.9  0.034    0.0  0.000      0      0      0      0      0
12/27/1990  28051    128  10246  17677     64   5327      9    107      5    454      0      0      0   0.00   0.00      0   0.00   14.8  0.034    0.0  0.000      0      0      0      0      0
12/28/1990  28493    123   9996  18374     64   4967      4     66      9    653      0      0      0   0.00   0.00      0   0.00   14.7  0.034    0.0  0.000      0      0      0      0      0
12/29/1990  28917    119   9699  19099     64   4518      2    227      8    607      0      0      0   0.00   0.00      0   0.00   14.7  0.034    0.0  0.000      0      0      0      0      0
12/30/1990  29357    116   9477  19764     59   4054      5    454      8    578      0      0      0   0.00   0.00      0   0.00   14.6  0.034    0.0  0.000      0      0      0      0      0
12/31/1990  29931    112   9386  20433     54   3454      9    719      7    521      0      0      0   0.00   0.00      0   0.00   14.5  0.034    0.0  0.000      0      0      0      0      0
