Varroa Population Simulation - Nov 23,2015  02:36:48 PM
VarroaPop Version 3.2.5.8  June, 2015

                                        Capped  Capped                                                                      Prop           Conc          Conc                                     
            Colony  Adult  Adult         Drone   Wkr    Drone  Wkr    Drone  Wkr  Free   DBrood WBrood DMite  WMite  Mites  Mites  Colony Pollen Colony Nectar   Dead   Dead   Dead   Dead   Dead
     Date   Size   Drones   Wkr   Forgrs Brood  Brood   Larv   Larv    Eggs  Eggs Mites  Mites  Mites  /Cell  /Cell  Dying  Dying  Pollen  Pest  Nectar  Pest    DLarv  WLarv  DAdlt  WAdlt  Forgrs
Initial     10000      0   5817   4183      0      0      0      0      0      0      0      0      0   0.00   0.00      0   0.00    0.0  0.000    0.0  0.000      0      0      0      0      0
08/01/1990   9723      0   5540   4183      0      0      0      0      4    697      0      0      0   0.00   0.00      0   0.00    0.2  0.000    0.0  0.000      0      0      0      0      0
08/02/1990   9446      0   5263   4183      0      0      0      0      8   1393      0      0      0   0.00   0.00      0   0.00    0.3  0.000    0.0  0.000      0      0      0      0      0
08/03/1990   9169      0   4986   4183      0      0      0      0     12   2088      0      0      0   0.00   0.00      0   0.00    0.5  0.000    0.0  0.000      0      0      0      0      0
08/04/1990   8892      0   4709   4183      0      0      4    697     12   2090      0      0      0   0.00   0.00      0   0.00    0.6  0.000    0.0  0.000      0      0      0      0      0
08/05/1990   8615      0   4432   4183      0      0      8   1393     13   2109      0      0      0   0.00   0.00      0   0.00    0.8  0.000    0.0  0.000      0      0      0      0      0
08/06/1990   8338      0   4155   4183      0      0     12   2088     14   2133      0      0      0   0.00   0.00      0   0.00    0.9  0.000    0.0  0.000      0      0      0      0      0
08/07/1990   8061      0   3878   4183      0      0     16   2787     15   2153      0      0      0   0.00   0.00      0   0.00    1.1  0.000    0.0  0.000      0      0      0      0      0
08/08/1990   7784      0   3601   4183      0      0     21   3502     15   2157      0      0      0   0.00   0.00      0   0.00    1.2  0.000    0.0  0.000      0      0      0      0      0
08/09/1990   7507      0   3324   4183      0    697     26   3524     15   2157      0      0      0   0.00   0.00      0   0.00    1.4  0.000    0.0  0.000      0      0      0      0      0
08/10/1990   7230      0   3047   4183      0   1393     31   3547     15   2157      0      0      0   0.00   0.00      0   0.00    1.6  0.000    0.0  0.000      0      0      0      0      0
08/11/1990   4744      0   2420   2324      4   2088     32   3314     15   2157      0      0      0   0.00   0.00      0   0.00    1.7  0.044    0.0  0.000      0    257      0    345   1842
08/12/1990   4538      0   2200   2338      8   2530     33   3591     10   1965      0      0      0   0.00   0.00      0   0.00    1.8  0.059    0.0  0.000      0      0      0      0     51
08/13/1990   4353      0   1980   2373     12   3245     34   3595      5   1761      0      0      0   0.00   0.00      0   0.00    1.9  0.068    0.0  0.000      0      0      0      0     30
08/14/1990   4180      0   1760   2420     16   3964     35   3595      0   1535      0      0      0   0.00   0.00      0   0.00    2.0  0.074    0.0  0.000      0      0      0      0     18
08/15/1990   4015      0   1540   2475     21   4683     30   3403      0   1472      0      0      0   0.00   0.00      0   0.00    2.1  0.077    0.0  0.000      0      0      0      0     10
08/16/1990   3853      0   1320   2533     26   5402     25   3199      0   1436      0      0      0   0.00   0.00      0   0.00    2.2  0.079    0.0  0.000      0      0      0      0      7
08/17/1990   3695      0   1100   2595     31   6121     20   2973      0   1437      0      0      0   0.00   0.00      0   0.00    2.3  0.079    0.0  0.000      0      0      0      0      3
08/18/1990   3538      0    880   2658     36   6840     15   2718      0   1438      0      0      0   0.00   0.00      0   0.00    2.4  0.078    0.0  0.000      0      0      0      0      2
08/19/1990   3383      0    660   2723     41   7559     10   2478      1   1429      0      0      0   0.00   0.00      0   0.00    2.5  0.074    0.0  0.000      0      0      0      0      0
08/20/1990   3228      0    440   2788     46   8086      5   2445      2   1436      0      0      0   0.00   0.00      0   0.00    2.6  0.071    0.0  0.000      0      0      0      0      0
08/21/1990   3073      0    220   2853     51   8601      0   2395      3   1486      0      0      0   0.00   0.00      0   0.00    2.8  0.068    0.0  0.000      0      0      0      0      0
08/22/1990   3615      0    697   2918     51   8397      1   2372      3   1561      0      0      0   0.00   0.00      0   0.00    2.9  0.065    0.0  0.000      0      0      0      0      0
08/23/1990   4156      0   1393   2763     51   8165      2   2409      3   1624      0      0      0   0.00   0.00      0   0.00    3.0  0.062    0.0  0.000      0      0      0      0      0
08/24/1990   4696      0   2088   2608     51   7949      3   2445      3   1604      0      0      0   0.00   0.00      0   0.00    3.1  0.060    0.0  0.000      0      0      0      0      0
08/25/1990   4987      4   2530   2453     47   8001      4   2496      2   1502      0      0      0   0.00   0.00      0   0.00    3.2  0.058    0.0  0.000      0      0      0      0      0
08/26/1990   5552      8   3245   2299     43   7751      5   2595      1   1384      0      0      0   0.00   0.00      0   0.00    3.3  0.057    0.0  0.000      0      0      0      0      0
08/27/1990   6106     12   3964   2130     39   7502      6   2620      0   1342      0      0      0   0.00   0.00      0   0.00    3.4  0.056    0.0  0.000      0      0      0      0      0
08/28/1990   6639     16   4683   1940     35   7284      6   2562      0   1348      0      0      0   0.00   0.00      0   0.00    3.4  0.055    0.0  0.000      0      0      0      0      0
08/29/1990   7161     21   5402   1738     31   7080      5   2493      0   1341      0      0      0   0.00   0.00      0   0.00    3.5  0.054    0.0  0.000      0      0      0      0      0
08/30/1990   7675     26   6121   1528     27   6906      4   2401      0   1282      0      0      0   0.00   0.00      0   0.00    3.5  0.053    0.0  0.000      0      0      0      0      0
08/31/1990   8186     31   6840   1315     23   6751      3   2286      0   1192      0      0      0   0.00   0.00      0   0.00    3.5  0.053    0.0  0.000      0      0      0      0      0
09/01/1990   8693     36   7559   1098     19   6527      2   2230      0   1089      0      0      0   0.00   0.00      0   0.00    3.5  0.053    0.0  0.000      0      0      0      0      0
09/02/1990   9225     41   8086   1098     15   6443      1   2181      0    994      0      0      0   0.00   0.00      0   0.00    3.5  0.053    0.0  0.000      0      0      0      0      0
09/03/1990   9527     46   8601    880     11   6374      0   2094      0    930      0      0      0   0.00   0.00      0   0.00    3.5  0.053    0.0  0.000      0      0      0      0      0
09/04/1990   9805     51   9094    660      6   6334      0   1977      0    844      0      0      0   0.00   0.00      0   0.00    3.4  0.053    0.0  0.000      0      0      0      0      0
09/05/1990  10049     51   9558    440      6   6319      0   1827      0    750      0      0      0   0.00   0.00      0   0.00    3.4  0.053    0.0  0.000      0      0      0      0      0
09/06/1990  10308     51  10037    220      6   6279      0   1683      0    603      0      0      0   0.00   0.00      0   0.00    3.3  0.053    0.0  0.000      0      0      0      0      0
09/07/1990  10582     51  10531      0      6   6179      0   1539      0    432      0      0      0   0.00   0.00      0   0.00    3.3  0.053    0.0  0.000      0      0      0      0      0
09/08/1990  11047     51  10996      0      6   6073      0   1385      0    227      0      0      0   0.00   0.00      0   0.00    3.2  0.053    0.0  0.000      0      0      0      0      0
09/09/1990  11517     51  11466      0      6   5939      0   1197      0     79      0      0      0   0.00   0.00      0   0.00    3.1  0.053    0.0  0.000      0      0      0      0      0
09/10/1990  12018     51  11967      0      6   5737      0    977      0      0      0      0      0   0.00   0.00      0   0.00    3.0  0.053    0.0  0.000      0      0      0      0      0
09/11/1990  12533     51  12482      0      6   5517      0    682      0      0      0      0      0   0.00   0.00      0   0.00    2.9  0.053    0.0  0.000      0      0      0      0      0
09/12/1990  13079     52  12330    697      5   5222      0    432      0      0      0      0      0   0.00   0.00      0   0.00    2.9  0.053    0.0  0.000      0      0      0      0      0
09/13/1990  13644     53  12198   1393      4   4863      0    227      0    213      0      0      0   0.00   0.00      0   0.00    2.8  0.053    0.0  0.000      0      0      0      0      0
09/14/1990  14140     54  11998   2088      3   4516      0     79      0    540      0      0      0   0.00   0.00      0   0.00    2.9  0.052    0.0  0.000      0      0      0      0      0
09/15/1990  14580     51  11999   2530      2   4152      0      0      0    959      0      0      0   0.00   0.00      0   0.00    2.9  0.052    0.0  0.000      0      0      0      0      0
09/16/1990  15023     48  11730   3245      1   3706      0    213      0   1214      0      0      0   0.00   0.00      0   0.00    3.0  0.051    0.0  0.000      0      0      0      0      0
09/17/1990  15473     45  11464   3964      0   3253      0    540      2   1433      0      0      0   0.00   0.00      0   0.00    3.1  0.049    0.0  0.000      0      0      0      0      0
09/18/1990  15918     41  11194   4683      0   2804      0    959      5   1608      0      0      0   0.00   0.00      0   0.00    3.2  0.047    0.0  0.000      0      0      0      0      0
09/19/1990  16352     36  10914   5402      0   2365      0   1427     10   1774      0      0      0   0.00   0.00      0   0.00    3.4  0.045    0.0  0.000      0      0      0      0      0
09/20/1990  16741     31  10589   6121      0   1971      2   1973     13   1945      0      0      0   0.00   0.00      0   0.00    3.6  0.042    0.0  0.000      0      0      0      0      0
09/21/1990  17095     26  10229   6840      0   1825      5   2354     17   2113      0      0      0   0.00   0.00      0   0.00    3.8  0.039    0.0  0.000      0      0      0      0      0
09/22/1990  17426     21   9846   7559      0   1816     10   2661     19   2231      0      0      0   0.00   0.00      0   0.00    4.1  0.037    0.0  0.000      0      0      0      0      0
09/23/1990  17720     16   9618   8086      0   1936     15   2959     22   2251      0      0      0   0.00   0.00      0   0.00    4.4  0.034    0.0  0.000      0      0      0      0      0
09/24/1990  18010     11   9398   8601      0   2109     22   3253     24   2289      0      0      0   0.00   0.00      0   0.00    4.7  0.032    0.0  0.000      0      0      0      0      0
09/25/1990  18255      6   9155   9094      0   2405     29   3459     27   2350      0      0      0   0.00   0.00      0   0.00    5.0  0.030    0.0  0.000      0      0      0      0      0
09/26/1990  18460      6   8896   9558      0   2794     37   3602     30   2440      0      0      0   0.00   0.00      0   0.00    5.4  0.028    0.0  0.000      0      0      0      0      0
09/27/1990  17911      6   8565   9340      2   3280     44   3768     32   2486      0      0      0   0.00   0.00      0   0.00    5.8  0.026    0.0  0.000      0      0      0      0      0
09/28/1990  17294      6   8150   9138      5   3918     51   3864     33   2531      0      0      0   0.00   0.00      0   0.00    6.1  0.025    0.0  0.000      0      0      0      0      0
09/29/1990  16599      6   7685   8908     10   4680     57   3929     33   2594      0      0      0   0.00   0.00      0   0.00    6.4  0.023    0.0  0.000      0      0      0      0      0
09/30/1990  16157      6   7215   8936     15   5432     63   4023     33   2654      0      0      0   0.00   0.00      0   0.00    6.8  0.022    0.0  0.000      0      0      0      0      0
10/01/1990  15442      6   6714   8722     22   6169     67   4144     33   2711      0      0      0   0.00   0.00      0   0.00    7.1  0.021    0.0  0.000      0      0      0      0      0
10/02/1990  14723      6   6199   8518     29   6969     71   4234     33   2668      0      0      0   0.00   0.00      0   0.00    7.5  0.020    0.0  0.000      0      0      0      0      0
10/03/1990  14003      5   5654   8344     37   7782     74   4327     32   2608      0      0      0   0.00   0.00      0   0.00    7.8  0.019    0.0  0.000      0      0      0      0      0
10/04/1990  13496      4   5303   8189     46   8396     76   4415     32   2602      0      0      0   0.00   0.00      0   0.00    8.1  0.018    0.0  0.000      0      0      0      0      0
10/05/1990  13103      3   5135   7965     56   8915     77   4416     31   2586      0      0      0   0.00   0.00      0   0.00    8.4  0.018    0.0  0.000      0      0      0      0      0
10/06/1990  12802      2   5111   7689     67   9354     76   4404     29   2491      0      0      0   0.00   0.00      0   0.00    8.7  0.017    0.0  0.000      0      0      0      0      0
10/07/1990  12550      1   5133   7416     78   9776     76   4423     25   2266      0      0      0   0.00   0.00      0   0.00    9.0  0.017    0.0  0.000      0      0      0      0      0
10/08/1990  12568      0   5226   7342     89  10136     75   4348     22   2122      0      0      0   0.00   0.00      0   0.00    9.3  0.016    0.0  0.000      0      0      0      0      0
10/09/1990  12647      0   5371   7276    100  10457     72   4184     22   2099      0      0      0   0.00   0.00      0   0.00    9.6  0.016    0.0  0.000      0      0      0      0      0
10/10/1990  12788      0   5566   7222    111  10670     68   4021     22   2124      0      0      0   0.00   0.00      0   0.00    9.9  0.015    0.0  0.000      0      0      0      0      0
10/11/1990  13043      2   5889   7152    120  10799     64   3862     22   2146      0      0      0   0.00   0.00      0   0.00   10.2  0.015    0.0  0.000      0      0      0      0      0
10/12/1990  13329      5   6292   7032    128  10946     61   3681     21   2134      0      0      0   0.00   0.00      0   0.00   10.4  0.014    0.0  0.000      0      0      0      0      0
10/13/1990  13592     10   6708   6874    133  11025     58   3559     21   2127      0      0      0   0.00   0.00      0   0.00   10.7  0.014    0.0  0.000      0      0      0      0      0
10/14/1990  13869     15   7146   6708    139  11039     54   3517     21   2122      0      0      0   0.00   0.00      0   0.00   11.0  0.014    0.0  0.000      0      0      0      0      0
10/15/1990  14206     22   7651   6533    142  10923     51   3549     21   2113      0      0      0   0.00   0.00      0   0.00   11.2  0.013    0.0  0.000      0      0      0      0      0
10/16/1990  14525     29   8214   6282    143  10797     50   3564     20   2096      0      0      0   0.00   0.00      0   0.00   11.5  0.013    0.0  0.000      0      0      0      0      0
10/17/1990  14845     37   8836   5972    142  10698     50   3540     19   2063      0      0      0   0.00   0.00      0   0.00   11.7  0.013    0.0  0.000      0      0      0      0      0
10/18/1990  15155     46   9534   5575    140  10561     50   3538     17   2027      0      0      0   0.00   0.00      0   0.00   11.9  0.013    0.0  0.000      0      0      0      0      0
10/19/1990  15459     56  10313   5090    138  10412     48   3514     16   1920      0      0      0   0.00   0.00      0   0.00   12.0  0.012    0.0  0.000      0      0      0      0      0
10/20/1990  15865     67  11203   4595    134  10238     47   3469     14   1759      0      0      0   0.00   0.00      0   0.00   12.2  0.012    0.0  0.000      0      0      0      0      0
10/21/1990  16339     78  12109   4152    130  10034     45   3438     13   1623      0      0      0   0.00   0.00      0   0.00   12.3  0.012    0.0  0.000      0      0      0      0      0
10/22/1990  16819     89  13024   3706    126   9823     43   3312     11   1560      0      0      0   0.00   0.00      0   0.00   12.3  0.012    0.0  0.000      0      0      0      0      0
10/23/1990  17224    100  13871   3253    122   9683     40   3115      9   1548      0      0      0   0.00   0.00      0   0.00   12.4  0.012    0.0  0.000      0      0      0      0      0
10/24/1990  17632    111  14717   2804    118   9522     37   2965      7   1503      0      0      0   0.00   0.00      0   0.00   12.4  0.012    0.0  0.000      0      0      0      0      0
10/25/1990  18113    122  15413   2578    114   9284     33   2809      5   1448      0      0      0   0.00   0.00      0   0.00   12.4  0.012    0.0  0.000      0      0      0      0      0
10/26/1990  18561    133  15917   2511    109   9124     29   2636      3   1357      0      0      0   0.00   0.00      0   0.00   12.4  0.012    0.0  0.000      0      0      0      0      0
10/27/1990  18963    143  16249   2571    105   8951     25   2548      1   1285      0      0      0   0.00   0.00      0   0.00   12.4  0.012    0.0  0.000      0      0      0      0      0
10/28/1990  19322    154  16465   2703     99   8777     21   2498      0   1233      0      0      0   0.00   0.00      0   0.00   12.5  0.012    0.0  0.000      0      0      0      0      0
10/29/1990  19720    164  16606   2950     94   8625     16   2370      0   1239      0      0      0   0.00   0.00      0   0.00   12.5  0.012    0.0  0.000      0      0      0      0      0
10/30/1990  20161    172  16740   3249     90   8412     12   2273      1   1220      0      0      0   0.00   0.00      0   0.00   12.5  0.012    0.0  0.000      0      0      0      0      0
10/31/1990  20627    179  16815   3633     87   8201      8   2183      2   1214      0      0      0   0.00   0.00      0   0.00   12.5  0.012    0.0  0.000      0      0      0      0      0
11/01/1990  21126    184  16807   4135     83   7982      5   2106      3   1149      0      0      0   0.00   0.00      0   0.00   12.6  0.012    0.0  0.000      0      0      0      0      0
11/02/1990  21690    189  16761   4740     77   7726      4   2045      3   1095      0      0      0   0.00   0.00      0   0.00   12.7  0.012    0.0  0.000      0      0      0      0      0
11/03/1990  22307    191  16711   5405     72   7431      3   2040      4   1084      0      0      0   0.00   0.00      0   0.00   12.8  0.012    0.0  0.000      0      0      0      0      0
11/04/1990  23002    193  16678   6131     66   7145      3   1970      6   1194      0      0      0   0.00   0.00      0   0.00   13.0  0.012    0.0  0.000      0      0      0      0      0
11/05/1990  23697    193  16585   6919     59   6846      4   1907     10   1347      0      0      0   0.00   0.00      0   0.00   13.2  0.011    0.0  0.000      0      0      0      0      0
11/06/1990  24369    193  16457   7719     52   6574      6   1885     12   1397      0      0      0   0.00   0.00      0   0.00   13.4  0.011    0.0  0.000      0      0      0      0      0
11/07/1990  25025    192  16301   8532     45   6302      9   1944     14   1392      0      0      0   0.00   0.00      0   0.00   13.7  0.011    0.0  0.000      0      0      0      0      0
11/08/1990  25679    190  16126   9363     38   6033     14   2040     15   1430      0      0      0   0.00   0.00      0   0.00   14.0  0.011    0.0  0.000      0      0      0      0      0
11/09/1990  26033    186  15846  10001     33   5803     17   2133     18   1572      0      0      0   0.00   0.00      0   0.00   14.3  0.010    0.0  0.000      0      0      0      0      0
11/10/1990  26205    181  15466  10558     28   5638     21   2241     21   1731      0      0      0   0.00   0.00      0   0.00   14.7  0.010    0.0  0.000      0      0      0      0      0
11/11/1990  26310    175  15095  11040     24   5494     26   2386     24   1845      0      0      0   0.00   0.00      0   0.00   15.1  0.010    0.0  0.000      0      0      0      0      0
11/12/1990  26347    169  14695  11483     20   5437     32   2511     27   1954      0      0      0   0.00   0.00      0   0.00   15.5  0.010    0.0  0.000      0      0      0      0      0
11/13/1990  26289    162  14346  11781     18   5437     38   2625     30   2067      0      0      0   0.00   0.00      0   0.00   16.0  0.009    0.0  0.000      0      0      0      0      0
11/14/1990  26176    155  13990  12031     17   5388     44   2834     30   2052      0      0      0   0.00   0.00      0   0.00   16.4  0.009    0.0  0.000      0      0      0      0      0
11/15/1990  25993    147  13541  12305     19   5381     49   3073     29   1968      0      0      0   0.00   0.00      0   0.00   16.9  0.009    0.0  0.000      0      0      0      0      0
11/16/1990  25674    138  13117  12419     21   5510     56   3262     28   1918      0      0      0   0.00   0.00      0   0.00   17.3  0.009    0.0  0.000      0      0      0      0      0
11/17/1990  25322    130  12784  12408     24   5675     60   3314     30   1993      0      0      0   0.00   0.00      0   0.00   17.8  0.008    0.0  0.000      0      0      0      0      0
11/18/1990  24968    120  12508  12340     29   5879     63   3310     31   2047      0      0      0   0.00   0.00      0   0.00   18.3  0.008    0.0  0.000      0      0      0      0      0
11/19/1990  24634    110  12234  12290     36   6116     66   3335     31   2047      0      0      0   0.00   0.00      0   0.00   18.7  0.008    0.0  0.000      0      0      0      0      0
11/20/1990  25010    102  11905  13003     44   6409     69   3353     27   1834      0      0      0   0.00   0.00      0   0.00   19.2  0.008    0.0  0.000      0      0      0      0      0
11/21/1990  24606     95  11598  12913     53   6732     70   3290     23   1615      0      0      0   0.00   0.00      0   0.00   19.7  0.008    0.0  0.000      0      0      0      0      0
11/22/1990  23323     88  11237  11998     63   7019     70   3330     20   1414      0      0      0   0.00   0.00      0   0.00   20.2  0.007    0.0  0.000      0      0      0      0      0
11/23/1990  22815     81  10866  11868     73   7282     66   3219     19   1383      0      0      0   0.00   0.00      0   0.00   20.6  0.007    0.0  0.000      0      0      0      0      0
11/24/1990  22342     75  10555  11712     81   7566     63   2987     19   1413      0      0      0   0.00   0.00      0   0.00   21.1  0.007    0.0  0.000      0      0      0      0      0
11/25/1990  22779     69  10309  12401     89   7818     61   2751     19   1465      0      0      0   0.00   0.00      0   0.00   21.0  0.007    0.0  0.000      0      0      0      0      0
11/26/1990  23255     63  10100  13092     98   7982     57   2555     18   1361      0      0      0   0.00   0.00      0   0.00   20.9  0.007    0.0  0.000      0      0      0      0      0
11/27/1990  23675     58   9856  13761    107   8216     52   2353     17   1216      0      0      0   0.00   0.00      0   0.00   20.9  0.007    0.0  0.000      0      0      0      0      0
11/28/1990  24108     54   9638  14416    114   8260     49   2382     15   1084      0      0      0   0.00   0.00      0   0.00   21.4  0.007    0.0  0.000      0      0      0      0      0
11/29/1990  22867     52   9503  13312    119   8167     44   2301     17   1190      0      0      0   0.00   0.00      0   0.00   22.0  0.007    0.0  0.000      0      0      0      0      0
11/30/1990  22535     50   9508  12977    122   8058     42   2155     19   1331      0      0      0   0.00   0.00      0   0.00   22.5  0.007    0.0  0.000      0      0      0      0      0
12/01/1990  23130     49   9610  13471    123   7912     41   2083     19   1323      0      0      0   0.00   0.00      0   0.00   23.0  0.006    0.0  0.000      0      0      0      0      0
12/02/1990  23765     50   9725  13990    124   7735     41   2078     17   1187      0      0      0   0.00   0.00      0   0.00   23.0  0.006    0.0  0.000      0      0      0      0      0
12/03/1990  23616     52   9902  13662    123   7569     42   2021     15   1099      0      0      0   0.00   0.00      0   0.00   23.5  0.006    0.0  0.000      0      0      0      0      0
12/04/1990  23503     56  10129  13318    121   7206     41   2045     16   1130      0      0      0   0.00   0.00      0   0.00   24.0  0.006    0.0  0.000      0      0      0      0      0
12/05/1990  24127     61  10274  13792    119   6899     39   2049     16   1133      0      0      0   0.00   0.00      0   0.00   24.0  0.006    0.0  0.000      0      0      0      0      0
12/06/1990  23838     68  10422  13348    114   6685     39   2036     17   1160      0      0      0   0.00   0.00      0   0.00   24.5  0.006    0.0  0.000      0      0      0      0      0
12/07/1990  22965     77  10690  12198    108   6478     40   1985     17   1180      0      0      0   0.00   0.00      0   0.00   25.0  0.006    0.0  0.000      0      0      0      0      0
12/08/1990  23002     84  10982  11936    104   6237     40   1851     17   1264      0      0      0   0.00   0.00      0   0.00   25.4  0.006    0.0  0.000      0      0      0      0      0
12/09/1990  22989     92  11236  11661    102   5961     39   1873     16   1290      0      0      0   0.00   0.00      0   0.00   25.9  0.006    0.0  0.000      0      0      0      0      0
12/10/1990  22949    102  11498  11349     99   5618     38   1978     18   1414      0      0      0   0.00   0.00      0   0.00   26.3  0.006    0.0  0.000      0      0      0      0      0
12/11/1990  22751    113  11596  11042     93   5502     38   2016     20   1547      0      0      0   0.00   0.00      0   0.00   26.8  0.006    0.0  0.000      0      0      0      0      0
12/12/1990  23188    123  11637  11428     88   5476     38   2033     21   1611      0      0      0   0.00   0.00      0   0.00   26.7  0.006    0.0  0.000      0      0      0      0      0
12/13/1990  23656    133  11763  11760     83   5337     41   2259     18   1491      0      0      0   0.00   0.00      0   0.00   27.1  0.005    0.0  0.000      0      0      0      0      0
12/14/1990  24112    139  11884  12089     82   5279     42   2403     13   1142      0      0      0   0.00   0.00      0   0.00   27.0  0.005    0.0  0.000      0      0      0      0      0
12/15/1990  24573    144  11966  12463     81   5243     43   2464     10    904      0      0      0   0.00   0.00      0   0.00   27.0  0.005    0.0  0.000      0      0      0      0      0
12/16/1990  25088    150  12034  12904     80   5136     42   2486      8    701      0      0      0   0.00   0.00      0   0.00   26.9  0.005    0.0  0.000      0      0      0      0      0
12/17/1990  25438    155  11898  13385     80   5208     38   2255     10    775      0      0      0   0.00   0.00      0   0.00   26.8  0.005    0.0  0.000      0      0      0      0      0
12/18/1990  25753    159  11785  13809     79   5441     36   1954     12    830      0      0      0   0.00   0.00      0   0.00   26.7  0.005    0.0  0.000      0      0      0      0      0
12/19/1990  26133    163  11726  14244     77   5599     34   1640     13    869      0      0      0   0.00   0.00      0   0.00   26.6  0.005    0.0  0.000      0      0      0      0      0
12/20/1990  26583    163  11658  14762     80   5629     30   1419      9    687      0      0      0   0.00   0.00      0   0.00   26.5  0.005    0.0  0.000      0      0      0      0      0
12/21/1990  27035    164  11544  15327     82   5601     28   1293      4    372      0      0      0   0.00   0.00      0   0.00   26.4  0.005    0.0  0.000      0      0      0      0      0
12/22/1990  27402    164  11318  15920     83   5418     26   1367      0     95      0      0      0   0.00   0.00      0   0.00   26.4  0.005    0.0  0.000      0      0      0      0      0
12/23/1990  27716    165  11000  16551     81   5346     21   1202      0      0      0      0      0   0.00   0.00      0   0.00   26.3  0.005    0.0  0.000      0      0      0      0      0
12/24/1990  28077    165  10689  17223     76   5203     19    964      0      0      0      0      0   0.00   0.00      0   0.00   26.2  0.005    0.0  0.000      0      0      0      0      0
12/25/1990  28471    162  10381  17928     74   5063     16    687      0     56      0      0      0   0.00   0.00      0   0.00   26.1  0.005    0.0  0.000      0      0      0      0      0
12/26/1990  28781    158  10081  18542     72   5043     13    372      2    193      0      0      0   0.00   0.00      0   0.00   26.1  0.005    0.0  0.000      0      0      0      0      0
12/27/1990  29163    153   9881  19129     71   4912      9     95      5    387      0      0      0   0.00   0.00      0   0.00   26.0  0.005    0.0  0.000      0      0      0      0      0
12/28/1990  29574    148   9643  19783     70   4570      4     56      9    557      0      0      0   0.00   0.00      0   0.00   25.9  0.005    0.0  0.000      0      0      0      0      0
12/29/1990  29967    144   9352  20471     69   4151      2    193      8    518      0      0      0   0.00   0.00      0   0.00   25.9  0.005    0.0  0.000      0      0      0      0      0
12/30/1990  30376    141   9124  21111     63   3717      5    387      7    494      0      0      0   0.00   0.00      0   0.00   25.8  0.005    0.0  0.000      0      0      0      0      0
12/31/1990  30910    137   9010  21763     57   3156      9    613      6    444      0      0      0   0.00   0.00      0   0.00   25.7  0.005    0.0  0.000      0      0      0      0      0
