Varroa Population Simulation - Nov 23,2015  02:35:04 PM
VarroaPop Version 3.2.5.8  June, 2015

                                        Capped  Capped                                                                      Prop           Conc          Conc                                     
            Colony  Adult  Adult         Drone   Wkr    Drone  Wkr    Drone  Wkr  Free   DBrood WBrood DMite  WMite  Mites  Mites  Colony Pollen Colony Nectar   Dead   Dead   Dead   Dead   Dead
     Date   Size   Drones   Wkr   Forgrs Brood  Brood   Larv   Larv    Eggs  Eggs Mites  Mites  Mites  /Cell  /Cell  Dying  Dying  Pollen  Pest  Nectar  Pest    DLarv  WLarv  DAdlt  WAdlt  Forgrs
Initial     10000      0   6552   3448      0      0      0      0      0      0      0      0      0   0.00   0.00      0   0.00    0.0  0.000    0.0  0.000      0      0      0      0      0
08/01/1990   9688      0   6240   3448      0      0      0      0      1    379      0      0      0   0.00   0.00      0   0.00    0.1  0.000    0.0  0.000      0      0      0      0      0
08/02/1990   9376      0   5928   3448      0      0      0      0      2    758      0      0      0   0.00   0.00      0   0.00    0.2  0.000    0.0  0.000      0      0      0      0      0
08/03/1990   9064      0   5616   3448      0      0      0      0      3   1137      0      0      0   0.00   0.00      0   0.00    0.3  0.000    0.0  0.000      0      0      0      0      0
08/04/1990   8752      0   5304   3448      0      0      1    379      3   1138      0      0      0   0.00   0.00      0   0.00    0.5  0.000    0.0  0.000      0      0      0      0      0
08/05/1990   8440      0   4992   3448      0      0      2    758      3   1149      0      0      0   0.00   0.00      0   0.00    0.6  0.000    0.0  0.000      0      0      0      0      0
08/06/1990   8128      0   4680   3448      0      0      3   1137      3   1161      0      0      0   0.00   0.00      0   0.00    0.7  0.000    0.0  0.000      0      0      0      0      0
08/07/1990   7816      0   4368   3448      0      0      4   1517      3   1173      0      0      0   0.00   0.00      0   0.00    0.8  0.000    0.0  0.000      0      0      0      0      0
08/08/1990   7504      0   4056   3448      0      0      5   1907      3   1175      0      0      0   0.00   0.00      0   0.00    0.9  0.000    0.0  0.000      0      0      0      0      0
08/09/1990   7192      0   3744   3448      0    379      6   1919      3   1176      0      0      0   0.00   0.00      0   0.00    1.1  0.000    0.0  0.000      0      0      0      0      0
08/10/1990   6880      0   3432   3448      0    758      7   1932      3   1176      0      0      0   0.00   0.00      0   0.00    1.2  0.000    0.0  0.000      0      0      0      0      0
08/11/1990   4026      0   3003   1023      1   1137      3   1820      3   1176      0      0      0   0.00   0.00      0   0.00    1.3  0.112    0.0  0.000      2    125      0    114   2401
08/12/1990   3842      0   2730   1112      1   1441      3   1908      2    969      0      0      0   0.00   0.00      0   0.00    1.3  0.127    0.0  0.000      1      0      0      0     91
08/13/1990   3717      0   2457   1260      1   1782      3   1959      1    769      0      0      0   0.00   0.00      0   0.00    1.4  0.137    0.0  0.000      1      0      0      0     32
08/14/1990   3614      0   2184   1430      1   2173      4   1960      0    575      0      0      0   0.00   0.00      0   0.00    1.4  0.145    0.0  0.000      0      0      0      0     10
08/15/1990   3517      0   1911   1606      1   2565      4   1753      0    591      0      0      0   0.00   0.00      0   0.00    1.5  0.148    0.0  0.000      0      0      0      0      4
08/16/1990   3422      0   1638   1784      1   2957      4   1553      0    620      0      0      0   0.00   0.00      0   0.00    1.6  0.149    0.0  0.000      0      0      0      0      2
08/17/1990   3327      0   1365   1962      1   3349      4   1359      0    663      0      0      0   0.00   0.00      0   0.00    1.6  0.148    0.0  0.000      0      0      0      0      2
08/18/1990   3233      0   1092   2141      2   3741      3   1168      0    700      0      0      0   0.00   0.00      0   0.00    1.7  0.144    0.0  0.000      0      0      0      0      1
08/19/1990   3140      0    819   2321      3   4133      2    997      0    728      0      0      0   0.00   0.00      0   0.00    1.8  0.136    0.0  0.000      0      0      0      0      0
08/20/1990   3047      0    546   2501      4   4318      1   1053      0    763      0      0      0   0.00   0.00      0   0.00    1.9  0.129    0.0  0.000      0      0      0      0      0
08/21/1990   2954      0    273   2681      5   4510      0   1099      0    816      0      0      0   0.00   0.00      0   0.00    2.0  0.121    0.0  0.000      0      0      0      0      0
08/22/1990   3240      0    379   2861      5   4329      0   1150      0    884      0      0      0   0.00   0.00      0   0.00    2.2  0.114    0.0  0.000      0      0      0      0      0
08/23/1990   3437      0    758   2679      5   4151      0   1225      0    943      0      0      0   0.00   0.00      0   0.00    2.3  0.108    0.0  0.000      0      0      0      0      0
08/24/1990   3575      0   1137   2438      5   3993      0   1295      0    945      0      0      0   0.00   0.00      0   0.00    2.4  0.104    0.0  0.000      0      0      0      0      0
08/25/1990   3617      1   1441   2175      4   3930      0   1371      0    885      0      0      0   0.00   0.00      0   0.00    2.5  0.100    0.0  0.000      0      0      0      0      0
08/26/1990   3689      1   1782   1906      4   3827      0   1468      0    800      0      0      0   0.00   0.00      0   0.00    2.6  0.097    0.0  0.000      0      0      0      0      0
08/27/1990   3809      1   2173   1635      4   3685      0   1512      0    751      0      0      0   0.00   0.00      0   0.00    2.6  0.095    0.0  0.000      0      0      0      0      0
08/28/1990   3930      1   2565   1364      4   3569      0   1493      0    724      0      0      0   0.00   0.00      0   0.00    2.7  0.093    0.0  0.000      0      0      0      0      0
08/29/1990   4050      1   2957   1092      4   3468      0   1452      0    684      0      0      0   0.00   0.00      0   0.00    2.7  0.092    0.0  0.000      0      0      0      0      0
08/30/1990   4169      1   3349    819      4   3393      0   1379      0    613      0      0      0   0.00   0.00      0   0.00    2.7  0.091    0.0  0.000      0      0      0      0      0
08/31/1990   4288      1   3741    546      4   3336      0   1274      0    522      0      0      0   0.00   0.00      0   0.00    2.7  0.091    0.0  0.000      0      0      0      0      0
09/01/1990   4408      2   4133    273      3   3237      0   1191      0    416      0      0      0   0.00   0.00      0   0.00    2.7  0.091    0.0  0.000      0      0      0      0      0
09/02/1990   4594      3   4318    273      2   3309      0   1107      0    301      0      0      0   0.00   0.00      0   0.00    2.7  0.091    0.0  0.000      0      0      0      0      0
09/03/1990   4514      4   4510      0      1   3367      0    996      0    219      0      0      0   0.00   0.00      0   0.00    2.6  0.091    0.0  0.000      0      0      0      0      0
09/04/1990   4713      5   4708      0      0   3413      0    856      0    115      0      0      0   0.00   0.00      0   0.00    2.6  0.091    0.0  0.000      0      0      0      0      0
09/05/1990   4914      5   4909      0      0   3442      0    684      0     57      0      0      0   0.00   0.00      0   0.00    2.6  0.091    0.0  0.000      0      0      0      0      0
09/06/1990   5135      5   5130      0      0   3431      0    531      0      0      0      0      0   0.00   0.00      0   0.00    2.6  0.091    0.0  0.000      0      0      0      0      0
09/07/1990   5376      5   5371      0      0   3363      0    358      0      0      0      0      0   0.00   0.00      0   0.00    2.5  0.091    0.0  0.000      0      0      0      0      0
09/08/1990   5614      5   5609      0      0   3264      0    219      0      0      0      0      0   0.00   0.00      0   0.00    2.5  0.091    0.0  0.000      0      0      0      0      0
09/09/1990   5863      5   5858      0      0   3119      0    115      0      0      0      0      0   0.00   0.00      0   0.00    2.4  0.091    0.0  0.000      0      0      0      0      0
09/10/1990   6139      5   6134      0      0   2901      0     57      0      0      0      0      0   0.00   0.00      0   0.00    2.4  0.091    0.0  0.000      0      0      0      0      0
09/11/1990   6430      5   6425      0      0   2667      0      0      0      0      0      0      0   0.00   0.00      0   0.00    2.3  0.091    0.0  0.000      0      0      0      0      0
09/12/1990   6747      5   6363    379      0   2350      0      0      0      0      0      0      0   0.00   0.00      0   0.00    2.3  0.091    0.0  0.000      0      0      0      0      0
09/13/1990   7082      5   6319    758      0   2015      0      0      0     78      0      0      0   0.00   0.00      0   0.00    2.3  0.091    0.0  0.000      0      0      0      0      0
09/14/1990   7375      5   6233   1137      0   1722      0      0      0    204      0      0      0   0.00   0.00      0   0.00    2.3  0.091    0.0  0.000      0      0      0      0      0
09/15/1990   7631      4   6186   1441      0   1465      0      0      0    374      0      0      0   0.00   0.00      0   0.00    2.3  0.090    0.0  0.000      0      0      0      0      0
09/16/1990   7881      4   6095   1782      0   1215      0     78      0    495      0      0      0   0.00   0.00      0   0.00    2.4  0.088    0.0  0.000      0      0      0      0      0
09/17/1990   8125      4   5948   2173      0    971      0    204      0    602      0      0      0   0.00   0.00      0   0.00    2.4  0.086    0.0  0.000      0      0      0      0      0
09/18/1990   8355      4   5786   2565      0    741      0    374      0    691      0      0      0   0.00   0.00      0   0.00    2.5  0.083    0.0  0.000      0      0      0      0      0
09/19/1990   8565      4   5604   2957      0    531      0    573      0    772      0      0      0   0.00   0.00      0   0.00    2.6  0.080    0.0  0.000      0      0      0      0      0
09/20/1990   8738      4   5385   3349      0    358      0    806      0    860      0      0      0   0.00   0.00      0   0.00    2.7  0.077    0.0  0.000      0      0      0      0      0
09/21/1990   8877      4   5132   3741      0    297      0    987      1    946      0      0      0   0.00   0.00      0   0.00    2.9  0.073    0.0  0.000      0      0      0      0      0
09/22/1990   8980      3   4844   4133      0    319      0   1141      2   1010      0      0      0   0.00   0.00      0   0.00    3.0  0.070    0.0  0.000      0      0      0      0      0
09/23/1990   8658      2   4717   3939      0    431      0   1292      3   1029      0      0      0   0.00   0.00      0   0.00    3.2  0.066    0.0  0.000      0      0      0      0      0
09/24/1990   8335      1   4582   3752      0    573      1   1438      3   1035      0      0      0   0.00   0.00      0   0.00    3.3  0.064    0.0  0.000      0      0      0      0      0
09/25/1990   7955      0   4384   3571      0    806      2   1549      3   1031      0      0      0   0.00   0.00      0   0.00    3.4  0.061    0.0  0.000      0      0      0      0      0
09/26/1990   7651      0   4183   3468      0   1065      3   1630      3   1020      0      0      0   0.00   0.00      0   0.00    3.5  0.059    0.0  0.000      0      0      0      0      0
09/27/1990   7310      0   3962   3348      0   1345      4   1701      3    995      0      0      0   0.00   0.00      0   0.00    3.7  0.057    0.0  0.000      0      0      0      0      0
09/28/1990   6919      0   3721   3198      0   1666      5   1720      3    982      0      0      0   0.00   0.00      0   0.00    3.8  0.055    0.0  0.000      0      0      0      0      0
09/29/1990   6527      0   3483   3044      0   2011      6   1704      3    987      0      0      0   0.00   0.00      0   0.00    3.9  0.054    0.0  0.000      0      0      0      0      0
09/30/1990   6135      0   3234   2901      0   2355      7   1686      2    996      0      0      0   0.00   0.00      0   0.00    4.0  0.053    0.0  0.000      0      0      0      0      0
10/01/1990   5743      0   2958   2785      1   2695      7   1673      1    998      0      0      0   0.00   0.00      0   0.00    4.1  0.051    0.0  0.000      0      0      0      0      0
10/02/1990   5351      0   2667   2684      2   3046      7   1656      0    965      0      0      0   0.00   0.00      0   0.00    4.2  0.050    0.0  0.000      0      0      0      0      0
10/03/1990   4959      0   2350   2609      3   3386      6   1651      0    927      0      0      0   0.00   0.00      0   0.00    4.3  0.049    0.0  0.000      0      0      0      0      0
10/04/1990   4852      0   2093   2759      4   3637      5   1651      0    915      0      0      0   0.00   0.00      0   0.00    4.4  0.048    0.0  0.000      0      0      0      0      0
10/05/1990   4786      0   1926   2860      5   3837      4   1626      0    915      0      0      0   0.00   0.00      0   0.00    4.5  0.047    0.0  0.000      0      0      0      0      0
10/06/1990   4758      0   1839   2919      6   3994      3   1596      0    898      0      0      0   0.00   0.00      0   0.00    4.6  0.045    0.0  0.000      0      0      0      0      0
10/07/1990   4756      0   1788   2968      7   4129      2   1579      0    842      0      0      0   0.00   0.00      0   0.00    4.7  0.044    0.0  0.000      0      0      0      0      0
10/08/1990   4768      0   1777   2991      8   4231      1   1545      0    810      0      0      0   0.00   0.00      0   0.00    4.9  0.043    0.0  0.000      0      0      0      0      0
10/09/1990   4786      0   1806   2980      9   4301      0   1496      0    819      0      0      0   0.00   0.00      0   0.00    5.0  0.042    0.0  0.000      0      0      0      0      0
10/10/1990   4828      0   1876   2952      9   4322      0   1456      0    839      0      0      0   0.00   0.00      0   0.00    5.1  0.041    0.0  0.000      0      0      0      0      0
10/11/1990   4900      0   2024   2876      9   4298      0   1428      0    850      0      0      0   0.00   0.00      0   0.00    5.2  0.040    0.0  0.000      0      0      0      0      0
10/12/1990   4969      0   2230   2739      9   4270      0   1400      0    841      0      0      0   0.00   0.00      0   0.00    5.3  0.039    0.0  0.000      0      0      0      0      0
10/13/1990   5022      0   2470   2552      9   4227      0   1380      0    829      0      0      0   0.00   0.00      0   0.00    5.4  0.039    0.0  0.000      0      0      0      0      0
10/14/1990   5045      0   2752   2293      9   4167      0   1380      0    811      0      0      0   0.00   0.00      0   0.00    5.5  0.038    0.0  0.000      0      0      0      0      0
10/15/1990   5062      1   3046   2015      8   4077      0   1399      0    781      0      0      0   0.00   0.00      0   0.00    5.6  0.037    0.0  0.000      0      0      0      0      0
10/16/1990   5110      2   3386   1722      7   4006      0   1399      0    739      0      0      0   0.00   0.00      0   0.00    5.6  0.037    0.0  0.000      0      0      0      0      0
10/17/1990   5183      3   3715   1465      6   3966      0   1372      0    682      0      0      0   0.00   0.00      0   0.00    5.7  0.037    0.0  0.000      0      0      0      0      0
10/18/1990   5260      4   4041   1215      5   3921      0   1341      0    621      0      0      0   0.00   0.00      0   0.00    5.7  0.037    0.0  0.000      0      0      0      0      0
10/19/1990   5344      5   4368    971      4   3874      0   1288      0    541      0      0      0   0.00   0.00      0   0.00    5.7  0.036    0.0  0.000      0      0      0      0      0
10/20/1990   5449      6   4702    741      3   3820      0   1213      0    452      0      0      0   0.00   0.00      0   0.00    5.7  0.036    0.0  0.000      0      0      0      0      0
10/21/1990   5575      7   5037    531      2   3754      0   1133      0    367      0      0      0   0.00   0.00      0   0.00    5.7  0.036    0.0  0.000      0      0      0      0      0
10/22/1990   5732      8   5366    358      1   3687      0   1018      0    300      0      0      0   0.00   0.00      0   0.00    5.7  0.036    0.0  0.000      0      0      0      0      0
10/23/1990   5895      9   5667    219      0   3636      0    884      0    243      0      0      0   0.00   0.00      0   0.00    5.7  0.036    0.0  0.000      0      0      0      0      0
10/24/1990   6088      9   5964    115      0   3566      0    761      0    178      0      0      0   0.00   0.00      0   0.00    5.6  0.036    0.0  0.000      0      0      0      0      0
10/25/1990   6347      9   6203    135      0   3454      0    636      0    120      0      0      0   0.00   0.00      0   0.00    5.6  0.036    0.0  0.000      0      0      0      0      0
10/26/1990   6591      9   6378    204      0   3342      0    506      0     84      0      0      0   0.00   0.00      0   0.00    5.6  0.036    0.0  0.000      0      0      0      0      0
10/27/1990   6871      9   6488    374      0   3209      0    398      0     81      0      0      0   0.00   0.00      0   0.00    5.5  0.036    0.0  0.000      0      0      0      0      0
10/28/1990   7132      9   6550    573      0   3064      0    304      0    120      0      0      0   0.00   0.00      0   0.00    5.5  0.036    0.0  0.000      0      0      0      0      0
10/29/1990   7401      9   6586    806      0   2899      0    223      0    182      0      0      0   0.00   0.00      0   0.00    5.5  0.036    0.0  0.000      0      0      0      0      0
10/30/1990   7690      9   6616   1065      0   2690      0    179      0    249      0      0      0   0.00   0.00      0   0.00    5.5  0.036    0.0  0.000      0      0      0      0      0
10/31/1990   7971      9   6617   1345      0   2468      0    181      0    309      0      0      0   0.00   0.00      0   0.00    5.5  0.036    0.0  0.000      0      0      0      0      0
11/01/1990   8243      9   6576   1658      0   2227      0    227      0    340      0      0      0   0.00   0.00      0   0.00    5.6  0.036    0.0  0.000      0      0      0      0      0
11/02/1990   8514      9   6511   1994      0   1969      0    308      0    361      0      0      0   0.00   0.00      0   0.00    5.6  0.036    0.0  0.000      0      0      0      0      0
11/03/1990   8773      9   6436   2328      0   1723      0    406      0    387      0      0      0   0.00   0.00      0   0.00    5.7  0.035    0.0  0.000      0      0      0      0      0
11/04/1990   9024      9   6358   2657      0   1497      0    486      0    450      0      0      0   0.00   0.00      0   0.00    5.7  0.035    0.0  0.000      0      0      0      0      0
11/05/1990   9188      8   6257   2923      0   1308      0    549      0    525      0      0      0   0.00   0.00      0   0.00    5.8  0.034    0.0  0.000      0      0      0      0      0
11/06/1990   9282      7   6144   3131      0   1166      0    611      0    554      0      0      0   0.00   0.00      0   0.00    5.9  0.034    0.0  0.000      0      0      0      0      0
11/07/1990   9311      6   6020   3285      0   1064      0    687      0    555      0      0      0   0.00   0.00      0   0.00    6.0  0.033    0.0  0.000      0      0      0      0      0
11/08/1990   9296      5   5883   3408      0    996      0    765      0    565      0      0      0   0.00   0.00      0   0.00    6.2  0.033    0.0  0.000      0      0      0      0      0
11/09/1990   9206      4   5703   3499      0    965      0    825      0    614      0      0      0   0.00   0.00      0   0.00    6.3  0.032    0.0  0.000      0      0      0      0      0
11/10/1990   9060      3   5485   3572      0    973      0    881      0    667      0      0      0   0.00   0.00      0   0.00    6.4  0.031    0.0  0.000      0      0      0      0      0
11/11/1990   8882      2   5254   3626      0   1016      0    943      0    703      0      0      0   0.00   0.00      0   0.00    6.5  0.031    0.0  0.000      0      0      0      0      0
11/12/1990   8640      1   5005   3634      0   1115      0    989      0    737      0      0      0   0.00   0.00      0   0.00    6.6  0.030    0.0  0.000      0      0      0      0      0
11/13/1990   8353      0   4763   3590      0   1255      0   1023      0    772      0      0      0   0.00   0.00      0   0.00    6.8  0.030    0.0  0.000      0      0      0      0      0
11/14/1990   8048      0   4505   3543      0   1392      0   1092      0    758      0      0      0   0.00   0.00      0   0.00    6.9  0.029    0.0  0.000      0      0      0      0      0
11/15/1990   7730      0   4210   3520      0   1550      0   1171      0    717      0      0      0   0.00   0.00      0   0.00    7.0  0.029    0.0  0.000      0      0      0      0      0
11/16/1990   7402      0   3932   3470      0   1736      0   1230      0    688      0      0      0   0.00   0.00      0   0.00    7.2  0.028    0.0  0.000      0      0      0      0      0
11/17/1990   7098      0   3688   3410      0   1925      0   1236      0    706      0      0      0   0.00   0.00      0   0.00    7.3  0.028    0.0  0.000      0      0      0      0      0
11/18/1990   6830      0   3488   3342      0   2097      0   1221      0    718      0      0      0   0.00   0.00      0   0.00    7.4  0.027    0.0  0.000      0      0      0      0      0
11/19/1990   6589      0   3304   3285      0   2257      0   1215      0    711      0      0      0   0.00   0.00      0   0.00    7.5  0.027    0.0  0.000      0      0      0      0      0
11/20/1990   6681      0   3118   3563      0   2413      0   1205      0    632      0      0      0   0.00   0.00      0   0.00    7.7  0.026    0.0  0.000      0      0      0      0      0
11/21/1990   6476      0   2958   3518      0   2560      0   1167      0    556      0      0      0   0.00   0.00      0   0.00    7.8  0.026    0.0  0.000      0      0      0      0      0
11/22/1990   5935      0   2794   3141      0   2675      0   1168      0    488      0      0      0   0.00   0.00      0   0.00    7.9  0.025    0.0  0.000      0      0      0      0      0
11/23/1990   5730      0   2638   3092      0   2769      0   1120      0    475      0      0      0   0.00   0.00      0   0.00    8.0  0.025    0.0  0.000      0      0      0      0      0
11/24/1990   5576      0   2516   3060      0   2861      0   1035      0    479      0      0      0   0.00   0.00      0   0.00    8.1  0.025    0.0  0.000      0      0      0      0      0
11/25/1990   5744      0   2433   3311      0   2931      0    950      0    491      0      0      0   0.00   0.00      0   0.00    8.1  0.025    0.0  0.000      0      0      0      0      0
11/26/1990   5932      0   2382   3550      0   2962      0    877      0    458      0      0      0   0.00   0.00      0   0.00    8.1  0.025    0.0  0.000      0      0      0      0      0
11/27/1990   6097      0   2331   3766      0   3018      0    803      0    414      0      0      0   0.00   0.00      0   0.00    8.1  0.025    0.0  0.000      0      0      0      0      0
11/28/1990   6266      0   2306   3960      0   3008      0    809      0    376      0      0      0   0.00   0.00      0   0.00    8.3  0.024    0.0  0.000      0      0      0      0      0
11/29/1990   5879      0   2326   3553      0   2953      0    779      0    418      0      0      0   0.00   0.00      0   0.00    8.4  0.024    0.0  0.000      0      0      0      0      0
11/30/1990   5806      0   2404   3402      0   2892      0    729      0    466      0      0      0   0.00   0.00      0   0.00    8.5  0.023    0.0  0.000      0      0      0      0      0
12/01/1990   6028      0   2521   3507      0   2816      0    710      0    460      0      0      0   0.00   0.00      0   0.00    8.7  0.023    0.0  0.000      0      0      0      0      0
12/02/1990   6262      0   2662   3600      0   2729      0    718      0    407      0      0      0   0.00   0.00      0   0.00    8.7  0.023    0.0  0.000      0      0      0      0      0
12/03/1990   6246      0   2841   3405      0   2646      0    704      0    375      0      0      0   0.00   0.00      0   0.00    8.8  0.023    0.0  0.000      0      0      0      0      0
12/04/1990   6258      0   3050   3208      0   2502      0    712      0    383      0      0      0   0.00   0.00      0   0.00    8.9  0.022    0.0  0.000      0      0      0      0      0
12/05/1990   6478      0   3242   3236      0   2385      0    711      0    380      0      0      0   0.00   0.00      0   0.00    8.9  0.022    0.0  0.000      0      0      0      0      0
12/06/1990   6433      0   3438   2995      0   2305      0    703      0    383      0      0      0   0.00   0.00      0   0.00    9.0  0.022    0.0  0.000      0      0      0      0      0
12/07/1990   6122      0   3654   2468      0   2232      0    677      0    381      0      0      0   0.00   0.00      0   0.00    9.1  0.022    0.0  0.000      0      0      0      0      0
12/08/1990   6096      0   3867   2229      0   2145      0    625      0    394      0      0      0   0.00   0.00      0   0.00    9.2  0.022    0.0  0.000      0      0      0      0      0
12/09/1990   6051      0   4036   2015      0   2047      0    626      0    381      0      0      0   0.00   0.00      0   0.00    9.3  0.022    0.0  0.000      0      0      0      0      0
12/10/1990   5280      0   4183   1097      0   1928      0    651      0    391      0      0      0   0.00   0.00      0   0.00    9.3  0.021    0.0  0.000      0      0      0      0      0
12/11/1990   5246      0   4250    996      0   1888      0    644      0    366      0      0      0   0.00   0.00      0   0.00    9.3  0.021    0.0  0.000      0      0      0      0      0
12/12/1990   5389      0   4283   1106      0   1874      0    624      0    330      0      0      0   0.00   0.00      0   0.00    9.3  0.021    0.0  0.000      0      0      0      0      0
12/13/1990   5542      0   4331   1211      0   1820      0    662      0    261      0      0      0   0.00   0.00      0   0.00    9.3  0.021    0.0  0.000      0      0      0      0      0
12/14/1990   5688      0   4364   1324      0   1796      0    627      0    201      0      0      0   0.00   0.00      0   0.00    9.3  0.021    0.0  0.000      0      0      0      0      0
12/15/1990   5835      0   4375   1460      0   1776      0    573      0    168      0      0      0   0.00   0.00      0   0.00    9.2  0.021    0.0  0.000      0      0      0      0      0
12/16/1990   6000      0   4372   1628      0   1723      0    529      0    139      0      0      0   0.00   0.00      0   0.00    9.2  0.021    0.0  0.000      0      0      0      0      0
12/17/1990   6113      0   4297   1816      0   1719      0    447      0    162      0      0      0   0.00   0.00      0   0.00    9.2  0.021    0.0  0.000      0      0      0      0      0
12/18/1990   6216      0   4235   1981      0   1753      0    350      0    185      0      0      0   0.00   0.00      0   0.00    9.1  0.021    0.0  0.000      0      0      0      0      0
12/19/1990   6343      0   4193   2150      0   1713      0    302      0    203      0      0      0   0.00   0.00      0   0.00    9.1  0.021    0.0  0.000      0      0      0      0      0
12/20/1990   6498      0   4150   2348      0   1631      0    279      0    165      0      0      0   0.00   0.00      0   0.00    9.1  0.021    0.0  0.000      0      0      0      0      0
12/21/1990   6648      0   4087   2561      0   1548      0    274      0     91      0      0      0   0.00   0.00      0   0.00    9.0  0.021    0.0  0.000      0      0      0      0      0
12/22/1990   6768      0   3986   2782      0   1454      0    304      0     23      0      0      0   0.00   0.00      0   0.00    9.0  0.021    0.0  0.000      0      0      0      0      0
12/23/1990   6869      0   3854   3015      0   1392      0    276      0      0      0      0      0   0.00   0.00      0   0.00    9.0  0.021    0.0  0.000      0      0      0      0      0
12/24/1990   6987      0   3725   3262      0   1312      0    226      0      0      0      0      0   0.00   0.00      0   0.00    9.0  0.021    0.0  0.000      0      0      0      0      0
12/25/1990   7115      0   3597   3518      0   1233      0    165      0     17      0      0      0   0.00   0.00      0   0.00    8.9  0.021    0.0  0.000      0      0      0      0      0
12/26/1990   7213      0   3476   3737      0   1197      0     91      0     60      0      0      0   0.00   0.00      0   0.00    8.9  0.021    0.0  0.000      0      0      0      0      0
12/27/1990   7333      0   3391   3942      0   1132      0     23      0    122      0      0      0   0.00   0.00      0   0.00    8.9  0.021    0.0  0.000      0      0      0      0      0
12/28/1990   7458      0   3290   4168      0   1017      0     17      0    178      0      0      0   0.00   0.00      0   0.00    8.9  0.021    0.0  0.000      0      0      0      0      0
12/29/1990   7569      0   3164   4405      0    894      0     60      0    167      0      0      0   0.00   0.00      0   0.00    8.8  0.021    0.0  0.000      0      0      0      0      0
12/30/1990   7678      0   3054   4624      0    774      0    122      0    161      0      0      0   0.00   0.00      0   0.00    8.8  0.021    0.0  0.000      0      0      0      0      0
12/31/1990   7815      0   2970   4845      0    626      0    195      0    148      0      0      0   0.00   0.00      0   0.00    8.8  0.021    0.0  0.000      0      0      0      0      0
