Varroa Population Simulation - Nov 23,2015  02:36:42 PM
VarroaPop Version 3.2.5.8  June, 2015

                                        Capped  Capped                                                                      Prop           Conc          Conc                                     
            Colony  Adult  Adult         Drone   Wkr    Drone  Wkr    Drone  Wkr  Free   DBrood WBrood DMite  WMite  Mites  Mites  Colony Pollen Colony Nectar   Dead   Dead   Dead   Dead   Dead
     Date   Size   Drones   Wkr   Forgrs Brood  Brood   Larv   Larv    Eggs  Eggs Mites  Mites  Mites  /Cell  /Cell  Dying  Dying  Pollen  Pest  Nectar  Pest    DLarv  WLarv  DAdlt  WAdlt  Forgrs
Initial     10000      0   7224   2776      0      0      0      0      0      0      0      0      0   0.00   0.00      0   0.00    0.0  0.000    0.0  0.000      0      0      0      0      0
08/01/1990   9656      0   6880   2776      0      0      0      0      0    338      0      0      0   0.00   0.00      0   0.00    0.1  0.000    0.0  0.000      0      0      0      0      0
08/02/1990   9312      0   6536   2776      0      0      0      0      0    676      0      0      0   0.00   0.00      0   0.00    0.2  0.000    0.0  0.000      0      0      0      0      0
08/03/1990   8968      0   6192   2776      0      0      0      0      0   1013      0      0      0   0.00   0.00      0   0.00    0.2  0.000    0.0  0.000      0      0      0      0      0
08/04/1990   8624      0   5848   2776      0      0      0    338      0   1015      0      0      0   0.00   0.00      0   0.00    0.3  0.000    0.0  0.000      0      0      0      0      0
08/05/1990   8280      0   5504   2776      0      0      0    676      0   1025      0      0      0   0.00   0.00      0   0.00    0.4  0.000    0.0  0.000      0      0      0      0      0
08/06/1990   7936      0   5160   2776      0      0      0   1013      0   1038      0      0      0   0.00   0.00      0   0.00    0.5  0.000    0.0  0.000      0      0      0      0      0
08/07/1990   7592      0   4816   2776      0      0      0   1353      0   1048      0      0      0   0.00   0.00      0   0.00    0.6  0.000    0.0  0.000      0      0      0      0      0
08/08/1990   7224      0   4472   2752      0      0      0   1701      0   1050      0      0      0   0.00   0.00      0   0.00    0.7  0.000    0.0  0.000      0      0      0      0      0
08/09/1990   6880      0   4128   2752      0    338      0   1713      0   1048      0      0      0   0.00   0.00      0   0.00    0.8  0.000    0.0  0.000      0      0      0      0      0
08/10/1990   6536      0   3784   2752      0    676      0   1725      0   1046      0      0      0   0.00   0.00      0   0.00    0.9  0.000    0.0  0.000      0      0      0      0      0
08/11/1990   3737      0   3201    536      0   1013      0   1738      0   1044      0      0      0   0.00   0.00      0   0.00    0.9  0.018    0.0  0.000      0      0      0    239   2211
08/12/1990   3457      0   2910    547      0   1353      0   1746      0    809      0      0      0   0.00   0.00      0   0.00    1.0  0.019    0.0  0.000      0      0      0      0    213
08/13/1990   3193      0   2619    574      0   1701      0   1746      0    573      0      0      0   0.00   0.00      0   0.00    1.0  0.020    0.0  0.000      0      0      0      0    197
08/14/1990   2946      0   2328    618      0   2051      0   1744      0    335      0      0      0   0.00   0.00      0   0.00    1.0  0.021    0.0  0.000      0      0      0      0    180
08/15/1990   2717      0   2037    680      0   2401      0   1507      0    330      0      0      0   0.00   0.00      0   0.00    1.0  0.021    0.0  0.000      0      0      0      0    162
08/16/1990   2506      0   1746    760      0   2751      0   1269      0    337      0      0      0   0.00   0.00      0   0.00    1.0  0.021    0.0  0.000      0      0      0      0    144
08/17/1990   2314      0   1455    859      0   3099      0   1031      0    360      0      0      0   0.00   0.00      0   0.00    1.1  0.021    0.0  0.000      0      0      0      0    125
08/18/1990   2139      0   1164    975      0   3447      0    791      0    388      0      0      0   0.00   0.00      0   0.00    1.1  0.021    0.0  0.000      0      0      0      0    108
08/19/1990   2072      0    873   1199      0   3795      0    562      0    417      0      0      0   0.00   0.00      0   0.00    1.1  0.020    0.0  0.000      0      0      0      0      0
08/20/1990   1994      0    582   1412      0   3908      0    582      0    465      0      0      0   0.00   0.00      0   0.00    1.2  0.019    0.0  0.000      0      0      0      0      0
08/21/1990   1900      0    291   1609      0   4020      0    606      0    534      0      0      0   0.00   0.00      0   0.00    1.3  0.018    0.0  0.000      0      0      0      0      0
08/22/1990   2127      0    338   1789      0   3792      0    644      0    619      0      0      0   0.00   0.00      0   0.00    1.4  0.017    0.0  0.000      0      0      0      0      0
08/23/1990   2336      0    676   1660      0   3562      0    717      0    693      0      0      0   0.00   0.00      0   0.00    1.4  0.016    0.0  0.000      0      0      0      0      0
08/24/1990   2526      0   1013   1513      0   3344      0    803      0    708      0      0      0   0.00   0.00      0   0.00    1.5  0.016    0.0  0.000      0      0      0      0      0
08/25/1990   2700      0   1353   1347      0   3137      0    903      0    667      0      0      0   0.00   0.00      0   0.00    1.5  0.015    0.0  0.000      0      0      0      0      0
08/26/1990   2865      0   1701   1164      0   2925      0   1022      0    597      0      0      0   0.00   0.00      0   0.00    1.6  0.015    0.0  0.000      0      0      0      0      0
08/27/1990   2924      0   2051    873      0   2723      0   1094      0    553      0      0      0   0.00   0.00      0   0.00    1.6  0.015    0.0  0.000      0      0      0      0      0
08/28/1990   2983      0   2401    582      0   2554      0   1105      0    509      0      0      0   0.00   0.00      0   0.00    1.6  0.014    0.0  0.000      0      0      0      0      0
08/29/1990   3042      0   2751    291      0   2409      0   1085      0    436      0      0      0   0.00   0.00      0   0.00    1.6  0.014    0.0  0.000      0      0      0      0      0
08/30/1990   3099      0   3099      0      0   2294      0   1028      0    319      0      0      0   0.00   0.00      0   0.00    1.6  0.014    0.0  0.000      0      0      0      0      0
08/31/1990   3447      0   3447      0      0   2201      0    921      0    171      0      0      0   0.00   0.00      0   0.00    1.6  0.014    0.0  0.000      0      0      0      0      0
09/01/1990   3795      0   3795      0      0   2073      0    813      0     59      0      0      0   0.00   0.00      0   0.00    1.6  0.014    0.0  0.000      0      0      0      0      0
09/02/1990   3908      0   3908      0      0   2152      0    680      0      0      0      0      0   0.00   0.00      0   0.00    1.5  0.014    0.0  0.000      0      0      0      0      0
09/03/1990   4020      0   4020      0      0   2225      0    495      0      0      0      0      0   0.00   0.00      0   0.00    1.5  0.014    0.0  0.000      0      0      0      0      0
09/04/1990   4130      0   4130      0      0   2291      0    319      0      0      0      0      0   0.00   0.00      0   0.00    1.5  0.014    0.0  0.000      0      0      0      0      0
09/05/1990   4238      0   4238      0      0   2331      0    171      0      0      0      0      0   0.00   0.00      0   0.00    1.5  0.014    0.0  0.000      0      0      0      0      0
09/06/1990   4357      0   4357      0      0   2324      0     59      0      0      0      0      0   0.00   0.00      0   0.00    1.4  0.014    0.0  0.000      0      0      0      0      0
09/07/1990   4490      0   4490      0      0   2250      0      0      0      0      0      0      0   0.00   0.00      0   0.00    1.4  0.014    0.0  0.000      0      0      0      0      0
09/08/1990   4626      0   4626      0      0   2114      0      0      0      0      0      0      0   0.00   0.00      0   0.00    1.4  0.014    0.0  0.000      0      0      0      0      0
09/09/1990   4774      0   4774      0      0   1966      0      0      0      0      0      0      0   0.00   0.00      0   0.00    1.3  0.014    0.0  0.000      0      0      0      0      0
09/10/1990   4955      0   4955      0      0   1785      0      0      0      0      0      0      0   0.00   0.00      0   0.00    1.3  0.014    0.0  0.000      0      0      0      0      0
09/11/1990   5160      0   5160      0      0   1580      0      0      0      0      0      0      0   0.00   0.00      0   0.00    1.3  0.014    0.0  0.000      0      0      0      0      0
09/12/1990   5393      0   5055    338      0   1347      0      0      0      0      0      0      0   0.00   0.00      0   0.00    1.2  0.014    0.0  0.000      0      0      0      0      0
09/13/1990   5648      0   4972    676      0   1092      0      0      0     70      0      0      0   0.00   0.00      0   0.00    1.2  0.014    0.0  0.000      0      0      0      0      0
09/14/1990   5868      0   4855   1013      0    872      0      0      0    186      0      0      0   0.00   0.00      0   0.00    1.2  0.014    0.0  0.000      0      0      0      0      0
09/15/1990   6060      0   4707   1353      0    680      0      0      0    342      0      0      0   0.00   0.00      0   0.00    1.3  0.014    0.0  0.000      0      0      0      0      0
09/16/1990   6245      0   4544   1701      0    495      0     70      0    463      0      0      0   0.00   0.00      0   0.00    1.3  0.013    0.0  0.000      0      0      0      0      0
09/17/1990   6421      0   4370   2051      0    319      0    186      0    573      0      0      0   0.00   0.00      0   0.00    1.4  0.013    0.0  0.000      0      0      0      0      0
09/18/1990   6569      0   4168   2401      0    171      0    342      0    666      0      0      0   0.00   0.00      0   0.00    1.5  0.012    0.0  0.000      0      0      0      0      0
09/19/1990   6681      0   3930   2751      0     59      0    533      0    746      0      0      0   0.00   0.00      0   0.00    1.6  0.011    0.0  0.000      0      0      0      0      0
09/20/1990   6402      0   3641   2761      0      0      0    759      0    829      0      0      0   0.00   0.00      0   0.00    1.7  0.011    0.0  0.000      0      0      0      0      0
09/21/1990   6064      0   3293   2771      0     70      0    938      0    891      0      0      0   0.00   0.00      0   0.00    1.8  0.010    0.0  0.000      0      0      0      0      0
09/22/1990   5727      0   2945   2782      0    186      0   1093      0    914      0      0      0   0.00   0.00      0   0.00    1.9  0.009    0.0  0.000      0      0      0      0      0
09/23/1990   5387      0   2832   2555      0    342      0   1246      0    882      0      0      0   0.00   0.00      0   0.00    2.0  0.009    0.0  0.000      0      0      0      0      0
09/24/1990   5039      0   2720   2319      0    533      0   1366      0    850      0      0      0   0.00   0.00      0   0.00    2.0  0.009    0.0  0.000      0      0      0      0      0
09/25/1990   4689      0   2610   2079      0    759      0   1434      0    818      0      0      0   0.00   0.00      0   0.00    2.1  0.008    0.0  0.000      0      0      0      0      0
09/26/1990   4339      0   2502   1837      0   1008      0   1462      0    786      0      0      0   0.00   0.00      0   0.00    2.2  0.008    0.0  0.000      0      0      0      0      0
09/27/1990   3989      0   2383   1606      0   1279      0   1470      0    735      0      0      0   0.00   0.00      0   0.00    2.2  0.008    0.0  0.000      0      0      0      0      0
09/28/1990   3641      0   2250   1391      0   1588      0   1423      0    687      0      0      0   0.00   0.00      0   0.00    2.3  0.008    0.0  0.000      0      0      0      0      0
09/29/1990   3293      0   2114   1179      0   1899      0   1357      0    646      0      0      0   0.00   0.00      0   0.00    2.3  0.008    0.0  0.000      0      0      0      0      0
09/30/1990   2945      0   1966    979      0   2193      0   1291      0    605      0      0      0   0.00   0.00      0   0.00    2.3  0.008    0.0  0.000      0      0      0      0      0
10/01/1990   2832      0   1785   1047      0   2470      0   1228      0    556      0      0      0   0.00   0.00      0   0.00    2.4  0.007    0.0  0.000      0      0      0      0      0
10/02/1990   2720      0   1580   1140      0   2749      0   1153      0    514      0      0      0   0.00   0.00      0   0.00    2.4  0.007    0.0  0.000      0      0      0      0      0
10/03/1990   2610      0   1347   1263      0   3011      0   1078      0    501      0      0      0   0.00   0.00      0   0.00    2.4  0.007    0.0  0.000      0      0      0      0      0
10/04/1990   2572      0   1162   1410      0   3186      0    998      0    538      0      0      0   0.00   0.00      0   0.00    2.5  0.007    0.0  0.000      0      0      0      0      0
10/05/1990   2569      0   1058   1511      0   3298      0    932      0    576      0      0      0   0.00   0.00      0   0.00    2.6  0.007    0.0  0.000      0      0      0      0      0
10/06/1990   2592      0   1022   1570      0   3356      0    892      0    594      0      0      0   0.00   0.00      0   0.00    2.6  0.007    0.0  0.000      0      0      0      0      0
10/07/1990   2647      0   1028   1619      0   3369      0    890      0    573      0      0      0   0.00   0.00      0   0.00    2.7  0.007    0.0  0.000      0      0      0      0      0
10/08/1990   2725      0   1078   1647      0   3330      0    903      0    561      0      0      0   0.00   0.00      0   0.00    2.8  0.006    0.0  0.000      0      0      0      0      0
10/09/1990   2793      0   1179   1614      0   3246      0    930      0    572      0      0      0   0.00   0.00      0   0.00    2.8  0.006    0.0  0.000      0      0      0      0      0
10/10/1990   2859      0   1338   1521      0   3137      0    949      0    587      0      0      0   0.00   0.00      0   0.00    2.9  0.006    0.0  0.000      0      0      0      0      0
10/11/1990   2935      0   1588   1347      0   3002      0    963      0    588      0      0      0   0.00   0.00      0   0.00    2.9  0.006    0.0  0.000      0      0      0      0      0
10/12/1990   2991      0   1899   1092      0   2893      0    964      0    561      0      0      0   0.00   0.00      0   0.00    3.0  0.006    0.0  0.000      0      0      0      0      0
10/13/1990   3065      0   2193    872      0   2799      0    960      0    516      0      0      0   0.00   0.00      0   0.00    3.0  0.006    0.0  0.000      0      0      0      0      0
10/14/1990   3150      0   2470    680      0   2714      0    957      0    457      0      0      0   0.00   0.00      0   0.00    3.0  0.006    0.0  0.000      0      0      0      0      0
10/15/1990   3244      0   2749    495      0   2616      0    952      0    389      0      0      0   0.00   0.00      0   0.00    3.0  0.006    0.0  0.000      0      0      0      0      0
10/16/1990   3330      0   3011    319      0   2542      0    915      0    320      0      0      0   0.00   0.00      0   0.00    3.0  0.006    0.0  0.000      0      0      0      0      0
10/17/1990   3427      0   3256    171      0   2500      0    842      0    246      0      0      0   0.00   0.00      0   0.00    3.0  0.006    0.0  0.000      0      0      0      0      0
10/18/1990   3543      0   3484     59      0   2468      0    754      0    171      0      0      0   0.00   0.00      0   0.00    3.0  0.006    0.0  0.000      0      0      0      0      0
10/19/1990   3698      0   3698      0      0   2443      0    647      0     99      0      0      0   0.00   0.00      0   0.00    3.0  0.006    0.0  0.000      0      0      0      0      0
10/20/1990   3902      0   3902      0      0   2415      0    527      0     43      0      0      0   0.00   0.00      0   0.00    2.9  0.006    0.0  0.000      0      0      0      0      0
10/21/1990   4089      0   4089      0      0   2379      0    409      0     10      0      0      0   0.00   0.00      0   0.00    2.9  0.006    0.0  0.000      0      0      0      0      0
10/22/1990   4254      0   4254      0      0   2344      0    289      0      0      0      0      0   0.00   0.00      0   0.00    2.9  0.006    0.0  0.000      0      0      0      0      0
10/23/1990   4416      0   4416      0      0   2290      0    181      0      0      0      0      0   0.00   0.00      0   0.00    2.9  0.006    0.0  0.000      0      0      0      0      0
10/24/1990   4590      0   4590      0      0   2198      0     99      0      0      0      0      0   0.00   0.00      0   0.00    2.8  0.006    0.0  0.000      0      0      0      0      0
10/25/1990   4792      0   4722     70      0   2052      0     43      0      0      0      0      0   0.00   0.00      0   0.00    2.8  0.006    0.0  0.000      0      0      0      0      0
10/26/1990   4992      0   4806    186      0   1885      0     10      0     12      0      0      0   0.00   0.00      0   0.00    2.8  0.006    0.0  0.000      0      0      0      0      0
10/27/1990   5184      0   4842    342      0   1703      0      0      0     46      0      0      0   0.00   0.00      0   0.00    2.8  0.006    0.0  0.000      0      0      0      0      0
10/28/1990   5365      0   4832    533      0   1522      0      0      0    102      0      0      0   0.00   0.00      0   0.00    2.7  0.006    0.0  0.000      0      0      0      0      0
10/29/1990   5553      0   4794    759      0   1334      0     12      0    170      0      0      0   0.00   0.00      0   0.00    2.7  0.006    0.0  0.000      0      0      0      0      0
10/30/1990   5756      0   4748   1008      0   1131      0     46      0    235      0      0      0   0.00   0.00      0   0.00    2.8  0.006    0.0  0.000      0      0      0      0      0
10/31/1990   5952      0   4673   1279      0    935      0    102      0    296      0      0      0   0.00   0.00      0   0.00    2.8  0.006    0.0  0.000      0      0      0      0      0
11/01/1990   6133      0   4553   1580      0    746      0    182      0    329      0      0      0   0.00   0.00      0   0.00    2.8  0.006    0.0  0.000      0      0      0      0      0
11/02/1990   6232      0   4418   1814      0    570      0    281      0    350      0      0      0   0.00   0.00      0   0.00    2.9  0.006    0.0  0.000      0      0      0      0      0
11/03/1990   6261      0   4275   1986      0    431      0    386      0    373      0      0      0   0.00   0.00      0   0.00    2.9  0.005    0.0  0.000      0      0      0      0      0
11/04/1990   6230      0   4128   2102      0    335      0    465      0    423      0      0      0   0.00   0.00      0   0.00    3.0  0.005    0.0  0.000      0      0      0      0      0
11/05/1990   6143      0   3957   2186      0    283      0    529      0    477      0      0      0   0.00   0.00      0   0.00    3.1  0.005    0.0  0.000      0      0      0      0      0
11/06/1990   5996      0   3777   2219      0    281      0    589      0    486      0      0      0   0.00   0.00      0   0.00    3.1  0.005    0.0  0.000      0      0      0      0      0
11/07/1990   5801      0   3588   2213      0    324      0    653      0    471      0      0      0   0.00   0.00      0   0.00    3.2  0.005    0.0  0.000      0      0      0      0      0
11/08/1990   5562      0   3393   2169      0    408      0    710      0    466      0      0      0   0.00   0.00      0   0.00    3.3  0.005    0.0  0.000      0      0      0      0      0
11/09/1990   5263      0   3189   2074      0    511      0    746      0    492      0      0      0   0.00   0.00      0   0.00    3.4  0.005    0.0  0.000      0      0      0      0      0
11/10/1990   4952      0   2985   1967      0    631      0    774      0    519      0      0      0   0.00   0.00      0   0.00    3.4  0.005    0.0  0.000      0      0      0      0      0
11/11/1990   4658      0   2798   1860      0    771      0    803      0    525      0      0      0   0.00   0.00      0   0.00    3.5  0.005    0.0  0.000      0      0      0      0      0
11/12/1990   4381      0   2633   1748      0    934      0    815      0    528      0      0      0   0.00   0.00      0   0.00    3.5  0.004    0.0  0.000      0      0      0      0      0
11/13/1990   4102      0   2471   1631      0   1108      0    816      0    530      0      0      0   0.00   0.00      0   0.00    3.6  0.004    0.0  0.000      0      0      0      0      0
11/14/1990   3840      0   2297   1543      0   1257      0    842      0    502      0      0      0   0.00   0.00      0   0.00    3.7  0.004    0.0  0.000      0      0      0      0      0
11/15/1990   3595      0   2095   1500      0   1405      0    872      0    459      0      0      0   0.00   0.00      0   0.00    3.7  0.004    0.0  0.000      0      0      0      0      0
11/16/1990   3379      0   1907   1472      0   1562      0    880      0    428      0      0      0   0.00   0.00      0   0.00    3.8  0.004    0.0  0.000      0      0      0      0      0
11/17/1990   3199      0   1749   1450      0   1703      0    852      0    432      0      0      0   0.00   0.00      0   0.00    3.8  0.004    0.0  0.000      0      0      0      0      0
11/18/1990   3051      0   1624   1427      0   1822      0    812      0    436      0      0      0   0.00   0.00      0   0.00    3.9  0.004    0.0  0.000      0      0      0      0      0
11/19/1990   2944      0   1516   1428      0   1917      0    783      0    431      0      0      0   0.00   0.00      0   0.00    3.9  0.004    0.0  0.000      0      0      0      0      0
11/20/1990   3035      0   1412   1623      0   1996      0    756      0    383      0      0      0   0.00   0.00      0   0.00    4.0  0.004    0.0  0.000      0      0      0      0      0
11/21/1990   2988      0   1333   1655      0   2056      0    718      0    342      0      0      0   0.00   0.00      0   0.00    4.0  0.004    0.0  0.000      0      0      0      0      0
11/22/1990   2774      0   1257   1517      0   2090      0    712      0    308      0      0      0   0.00   0.00      0   0.00    4.1  0.004    0.0  0.000      0      0      0      0      0
11/23/1990   2692      0   1201   1491      0   2105      0    680      0    307      0      0      0   0.00   0.00      0   0.00    4.2  0.004    0.0  0.000      0      0      0      0      0
11/24/1990   2632      0   1190   1442      0   2111      0    632      0    311      0      0      0   0.00   0.00      0   0.00    4.2  0.004    0.0  0.000      0      0      0      0      0
11/25/1990   2787      0   1223   1564      0   2099      0    588      0    316      0      0      0   0.00   0.00      0   0.00    4.2  0.004    0.0  0.000      0      0      0      0      0
11/26/1990   2953      0   1289   1664      0   2064      0    551      0    293      0      0      0   0.00   0.00      0   0.00    4.2  0.004    0.0  0.000      0      0      0      0      0
11/27/1990   3094      0   1356   1738      0   2056      0    512      0    264      0      0      0   0.00   0.00      0   0.00    4.2  0.004    0.0  0.000      0      0      0      0      0
11/28/1990   3234      0   1448   1786      0   2011      0    521      0    242      0      0      0   0.00   0.00      0   0.00    4.3  0.004    0.0  0.000      0      0      0      0      0
11/29/1990   3045      0   1584   1461      0   1940      0    502      0    270      0      0      0   0.00   0.00      0   0.00    4.3  0.004    0.0  0.000      0      0      0      0      0
11/30/1990   3035      0   1749   1286      0   1872      0    468      0    293      0      0      0   0.00   0.00      0   0.00    4.4  0.004    0.0  0.000      0      0      0      0      0
12/01/1990   3202      0   1924   1278      0   1799      0    456      0    276      0      0      0   0.00   0.00      0   0.00    4.4  0.004    0.0  0.000      0      0      0      0      0
12/02/1990   3369      0   2099   1270      0   1726      0    461      0    231      0      0      0   0.00   0.00      0   0.00    4.4  0.004    0.0  0.000      0      0      0      0      0
12/03/1990   3349      0   2277   1072      0   1660      0    445      0    205      0      0      0   0.00   0.00      0   0.00    4.4  0.004    0.0  0.000      0      0      0      0      0
12/04/1990   3336      0   2454    882      0   1562      0    439      0    200      0      0      0   0.00   0.00      0   0.00    4.5  0.004    0.0  0.000      0      0      0      0      0
12/05/1990   3477      0   2601    876      0   1488      0    428      0    186      0      0      0   0.00   0.00      0   0.00    4.4  0.004    0.0  0.000      0      0      0      0      0
12/06/1990   3432      0   2736    696      0   1443      0    408      0    173      0      0      0   0.00   0.00      0   0.00    4.5  0.004    0.0  0.000      0      0      0      0      0
12/07/1990   2954      0   2870     84      0   1404      0    369      0    157      0      0      0   0.00   0.00      0   0.00    4.4  0.004    0.0  0.000      0      0      0      0      0
12/08/1990   3054      0   2987     67      0   1349      0    321      0    116      0      0      0   0.00   0.00      0   0.00    4.4  0.004    0.0  0.000      0      0      0      0      0
12/09/1990   3166      0   3070     96      0   1283      0    305      0     64      0      0      0   0.00   0.00      0   0.00    4.4  0.004    0.0  0.000      0      0      0      0      0
12/10/1990   3303      0   3131    172      0   1204      0    295      0     23      0      0      0   0.00   0.00      0   0.00    4.4  0.004    0.0  0.000      0      0      0      0      0
12/11/1990   3401      0   3135    266      0   1171      0    232      0     37      0      0      0   0.00   0.00      0   0.00    4.4  0.004    0.0  0.000      0      0      0      0      0
12/12/1990   3494      0   3116    378      0   1141      0    169      0     60      0      0      0   0.00   0.00      0   0.00    4.4  0.004    0.0  0.000      0      0      0      0      0
12/13/1990   3596      0   3110    486      0   1082      0    132      0     83      0      0      0   0.00   0.00      0   0.00    4.4  0.004    0.0  0.000      0      0      0      0      0
12/14/1990   3693      0   3092    601      0   1037      0     96      0     80      0      0      0   0.00   0.00      0   0.00    4.3  0.004    0.0  0.000      0      0      0      0      0
12/15/1990   3790      0   3054    736      0    987      0     72      0     80      0      0      0   0.00   0.00      0   0.00    4.3  0.004    0.0  0.000      0      0      0      0      0
12/16/1990   3897      0   3003    894      0    882      0     99      0     76      0      0      0   0.00   0.00      0   0.00    4.3  0.004    0.0  0.000      0      0      0      0      0
12/17/1990   3971      0   2908   1063      0    808      0    112      0     98      0      0      0   0.00   0.00      0   0.00    4.3  0.004    0.0  0.000      0      0      0      0      0
12/18/1990   4039      0   2832   1207      0    746      0    129      0    121      0      0      0   0.00   0.00      0   0.00    4.3  0.004    0.0  0.000      0      0      0      0      0
12/19/1990   4125      0   2774   1351      0    677      0    138      0    140      0      0      0   0.00   0.00      0   0.00    4.2  0.004    0.0  0.000      0      0      0      0      0
12/20/1990   4228      0   2712   1516      0    598      0    150      0    117      0      0      0   0.00   0.00      0   0.00    4.2  0.004    0.0  0.000      0      0      0      0      0
12/21/1990   4320      0   2633   1687      0    536      0    167      0     66      0      0      0   0.00   0.00      0   0.00    4.2  0.004    0.0  0.000      0      0      0      0      0
12/22/1990   4388      0   2531   1857      0    481      0    198      0     17      0      0      0   0.00   0.00      0   0.00    4.2  0.004    0.0  0.000      0      0      0      0      0
12/23/1990   4445      0   2418   2027      0    447      0    187      0      0      0      0      0   0.00   0.00      0   0.00    4.2  0.004    0.0  0.000      0      0      0      0      0
12/24/1990   4510      0   2310   2200      0    407      0    157      0      0      0      0      0   0.00   0.00      0   0.00    4.1  0.004    0.0  0.000      0      0      0      0      0
12/25/1990   4573      0   2201   2372      0    379      0    117      0     13      0      0      0   0.00   0.00      0   0.00    4.1  0.004    0.0  0.000      0      0      0      0      0
12/26/1990   4616      0   2102   2514      0    382      0     66      0     47      0      0      0   0.00   0.00      0   0.00    4.1  0.004    0.0  0.000      0      0      0      0      0
12/27/1990   4668      0   2024   2644      0    374      0     17      0     97      0      0      0   0.00   0.00      0   0.00    4.1  0.004    0.0  0.000      0      0      0      0      0
12/28/1990   4715      0   1930   2785      0    339      0     13      0    143      0      0      0   0.00   0.00      0   0.00    4.1  0.004    0.0  0.000      0      0      0      0      0
12/29/1990   4717      0   1786   2931      0    332      0     47      0    135      0      0      0   0.00   0.00      0   0.00    4.1  0.004    0.0  0.000      0      0      0      0      0
12/30/1990   4717      0   1652   3065      0    327      0     97      0    130      0      0      0   0.00   0.00      0   0.00    4.1  0.004    0.0  0.000      0      0      0      0      0
12/31/1990   4723      0   1522   3201      0    316      0    156      0    119      0      0      0   0.00   0.00      0   0.00    4.1  0.004    0.0  0.000      0      0      0      0      0
