Varroa Population Simulation - Nov 23,2015  02:36:48 PM
VarroaPop Version 3.2.5.8  June, 2015

                                        Capped  Capped                                                                      Prop           Conc          Conc                                     
            Colony  Adult  Adult         Drone   Wkr    Drone  Wkr    Drone  Wkr  Free   DBrood WBrood DMite  WMite  Mites  Mites  Colony Pollen Colony Nectar   Dead   Dead   Dead   Dead   Dead
     Date   Size   Drones   Wkr   Forgrs Brood  Brood   Larv   Larv    Eggs  Eggs Mites  Mites  Mites  /Cell  /Cell  Dying  Dying  Pollen  Pest  Nectar  Pest    DLarv  WLarv  DAdlt  WAdlt  Forgrs
Initial     10000      0   6762   3238      0      0      0      0      0      0      0      0      0   0.00   0.00      0   0.00    0.0  0.000    0.0  0.000      0      0      0      0      0
08/01/1990   9678      0   6440   3238      0      0      0      0      1    490      0      0      0   0.00   0.00      0   0.00    0.1  0.000    0.0  0.000      0      0      0      0      0
08/02/1990   9356      0   6118   3238      0      0      0      0      2    979      0      0      0   0.00   0.00      0   0.00    0.2  0.000    0.0  0.000      0      0      0      0      0
08/03/1990   9034      0   5796   3238      0      0      0      0      3   1467      0      0      0   0.00   0.00      0   0.00    0.3  0.000    0.0  0.000      0      0      0      0      0
08/04/1990   8712      0   5474   3238      0      0      1    490      4   1468      0      0      0   0.00   0.00      0   0.00    0.4  0.000    0.0  0.000      0      0      0      0      0
08/05/1990   8390      0   5152   3238      0      0      2    979      5   1482      0      0      0   0.00   0.00      0   0.00    0.5  0.000    0.0  0.000      0      0      0      0      0
08/06/1990   8068      0   4830   3238      0      0      3   1467      6   1499      0      0      0   0.00   0.00      0   0.00    0.6  0.000    0.0  0.000      0      0      0      0      0
08/07/1990   7746      0   4508   3238      0      0      5   1958      6   1513      0      0      0   0.00   0.00      0   0.00    0.7  0.000    0.0  0.000      0      0      0      0      0
08/08/1990   7424      0   4186   3238      0      0      7   2461      6   1515      0      0      0   0.00   0.00      0   0.00    0.9  0.000    0.0  0.000      0      0      0      0      0
08/09/1990   7102      0   3864   3238      0    490      9   2476      6   1515      0      0      0   0.00   0.00      0   0.00    1.0  0.000    0.0  0.000      0      0      0      0      0
08/10/1990   6762      0   3542   3220      0    979     11   2492      6   1515      0      0      0   0.00   0.00      0   0.00    1.1  0.000    0.0  0.000      0      0      0      0      0
08/11/1990   6270      0   3220   3050      1   1467     12   2509      6   1514      0      0      0   0.00   0.00      0   0.00    1.2  0.002    0.0  0.000      0      0      0      0    164
08/12/1990   5962      0   2898   3064      2   1958     13   2523      5   1499      0      0      0   0.00   0.00      0   0.00    1.3  0.002    0.0  0.000      0      0      0      0      3
08/13/1990   5656      0   2576   3080      3   2461     14   2525      4   1473      0      0      0   0.00   0.00      0   0.00    1.4  0.002    0.0  0.000      0      0      0      0      1
08/14/1990   5351      0   2254   3097      5   2966     14   2524      3   1424      0      0      0   0.00   0.00      0   0.00    1.5  0.002    0.0  0.000      0      0      0      0      0
08/15/1990   5046      0   1932   3114      7   3471     13   2509      3   1359      0      0      0   0.00   0.00      0   0.00    1.7  0.002    0.0  0.000      0      0      0      0      0
08/16/1990   4741      0   1610   3131      9   3976     12   2483      3   1314      0      0      0   0.00   0.00      0   0.00    1.8  0.002    0.0  0.000      0      0      0      0      0
08/17/1990   4436      0   1288   3148     11   4481     11   2433      3   1303      0      0      0   0.00   0.00      0   0.00    1.9  0.002    0.0  0.000      0      0      0      0      0
08/18/1990   4131      0    966   3165     13   4986     10   2353      3   1291      0      0      0   0.00   0.00      0   0.00    2.1  0.002    0.0  0.000      0      0      0      0      0
08/19/1990   3826      0    644   3182     15   5490      9   2283      3   1270      0      0      0   0.00   0.00      0   0.00    2.2  0.002    0.0  0.000      0      0      0      0      0
08/20/1990   3521      0    322   3199     17   5980      8   2237      3   1262      0      0      0   0.00   0.00      0   0.00    2.3  0.002    0.0  0.000      0      0      0      0      0
08/21/1990   3216      0      0   3216     19   6459      7   2171      3   1293      0      0      0   0.00   0.00      0   0.00    2.5  0.001    0.0  0.000      0      0      0      0      0
08/22/1990   3387      0    490   2897     20   6424      7   2129      3   1345      0      0      0   0.00   0.00      0   0.00    2.6  0.001    0.0  0.000      0      0      0      0      0
08/23/1990   3555      0    979   2576     21   6360      7   2140      3   1358      0      0      0   0.00   0.00      0   0.00    2.7  0.001    0.0  0.000      0      0      0      0      0
08/24/1990   3721      0   1467   2254     22   6306      7   2150      2   1295      0      0      0   0.00   0.00      0   0.00    2.8  0.001    0.0  0.000      0      0      0      0      0
08/25/1990   3891      1   1958   1932     22   6259      7   2171      1   1157      0      0      0   0.00   0.00      0   0.00    2.9  0.001    0.0  0.000      0      0      0      0      0
08/26/1990   4073      2   2461   1610     22   6169      7   2207      0   1019      0      0      0   0.00   0.00      0   0.00    2.9  0.001    0.0  0.000      0      0      0      0      0
08/27/1990   4257      3   2966   1288     22   6077      6   2175      0    930      0      0      0   0.00   0.00      0   0.00    3.0  0.001    0.0  0.000      0      0      0      0      0
08/28/1990   4442      5   3471    966     21   6008      5   2066      0    864      0      0      0   0.00   0.00      0   0.00    3.0  0.001    0.0  0.000      0      0      0      0      0
08/29/1990   4627      7   3976    644     20   5947      4   1933      0    773      0      0      0   0.00   0.00      0   0.00    3.0  0.001    0.0  0.000      0      0      0      0      0
08/30/1990   4812      9   4481    322     19   5907      3   1760      0    636      0      0      0   0.00   0.00      0   0.00    3.0  0.001    0.0  0.000      0      0      0      0      0
08/31/1990   4997     11   4986      0     18   5851      2   1572      0    461      0      0      0   0.00   0.00      0   0.00    3.0  0.001    0.0  0.000      0      0      0      0      0
09/01/1990   5503     13   5490      0     17   5728      1   1411      0    241      0      0      0   0.00   0.00      0   0.00    2.9  0.001    0.0  0.000      0      0      0      0      0
09/02/1990   5995     15   5980      0     16   5565      0   1239      0     86      0      0      0   0.00   0.00      0   0.00    2.9  0.001    0.0  0.000      0      0      0      0      0
09/03/1990   6476     17   6459      0     14   5397      0   1014      0      0      0      0      0   0.00   0.00      0   0.00    2.9  0.001    0.0  0.000      0      0      0      0      0
09/04/1990   6933     19   6914      0     12   5234      0    722      0      0      0      0      0   0.00   0.00      0   0.00    2.8  0.001    0.0  0.000      0      0      0      0      0
09/05/1990   7359     20   7339      0     11   5070      0    461      0      0      0      0      0   0.00   0.00      0   0.00    2.8  0.001    0.0  0.000      0      0      0      0      0
09/06/1990   7794     21   7773      0     10   4856      0    241      0      0      0      0      0   0.00   0.00      0   0.00    2.7  0.001    0.0  0.000      0      0      0      0      0
09/07/1990   8239     22   8217      0      9   4567      0     86      0      0      0      0      0   0.00   0.00      0   0.00    2.7  0.001    0.0  0.000      0      0      0      0      0
09/08/1990   8653     23   8630      0      8   4240      0      0      0      0      0      0      0   0.00   0.00      0   0.00    2.6  0.001    0.0  0.000      0      0      0      0      0
09/09/1990   9067     24   9043      0      7   3827      0      0      0      0      0      0      0   0.00   0.00      0   0.00    2.5  0.001    0.0  0.000      0      0      0      0      0
09/10/1990   9504     25   9479      0      6   3391      0      0      0      0      0      0      0   0.00   0.00      0   0.00    2.5  0.001    0.0  0.000      0      0      0      0      0
09/11/1990   9949     26   9923      0      5   2947      0      0      0      0      0      0      0   0.00   0.00      0   0.00    2.4  0.001    0.0  0.000      0      0      0      0      0
09/12/1990  10415     27   9898    490      4   2482      0      0      0      0      0      0      0   0.00   0.00      0   0.00    2.4  0.001    0.0  0.000      0      0      0      0      0
09/13/1990  10865     28   9858    979      3   2033      0      0      0    129      0      0      0   0.00   0.00      0   0.00    2.3  0.001    0.0  0.000      0      0      0      0      0
09/14/1990  11247     29   9751   1467      2   1652      0      0      0    333      0      0      0   0.00   0.00      0   0.00    2.3  0.001    0.0  0.000      0      0      0      0      0
09/15/1990  11574     29   9587   1958      1   1325      0      0      0    601      0      0      0   0.00   0.00      0   0.00    2.4  0.001    0.0  0.000      0      0      0      0      0
09/16/1990  11885     29   9395   2461      0   1014      0    129      0    795      0      0      0   0.00   0.00      0   0.00    2.4  0.001    0.0  0.000      0      0      0      0      0
09/17/1990  12176     28   9182   2966      0    722      0    333      0    967      0      0      0   0.00   0.00      0   0.00    2.5  0.001    0.0  0.000      0      0      0      0      0
09/18/1990  12435     26   8938   3471      0    461      0    601      1   1108      0      0      0   0.00   0.00      0   0.00    2.6  0.001    0.0  0.000      0      0      0      0      0
09/19/1990  12653     24   8653   3976      0    241      0    924      2   1224      0      0      0   0.00   0.00      0   0.00    2.7  0.001    0.0  0.000      0      0      0      0      0
09/20/1990  12806     22   8303   4481      0     86      0   1300      4   1346      0      0      0   0.00   0.00      0   0.00    2.8  0.001    0.0  0.000      0      0      0      0      0
09/21/1990  12890     20   7884   4986      0    129      1   1580      6   1468      0      0      0   0.00   0.00      0   0.00    3.0  0.001    0.0  0.000      0      0      0      0      0
09/22/1990  12398     18   7380   5000      0    333      2   1815      9   1553      0      0      0   0.00   0.00      0   0.00    3.2  0.001    0.0  0.000      0      0      0      0      0
09/23/1990  11907     16   6890   5001      0    601      4   2045     11   1549      0      0      0   0.00   0.00      0   0.00    3.4  0.001    0.0  0.000      0      0      0      0      0
09/24/1990  11417     14   6411   4992      0    924      7   2253     12   1540      0      0      0   0.00   0.00      0   0.00    3.5  0.001    0.0  0.000      0      0      0      0      0
09/25/1990  10924     12   5956   4956      0   1300     11   2401     12   1533      0      0      0   0.00   0.00      0   0.00    3.7  0.001    0.0  0.000      0      0      0      0      0
09/26/1990  10420     11   5531   4878      0   1709     15   2486     12   1553      0      0      0   0.00   0.00      0   0.00    3.9  0.001    0.0  0.000      0      0      0      0      0
09/27/1990   9914     10   5097   4807      0   2148     19   2569     12   1542      0      0      0   0.00   0.00      0   0.00    4.1  0.001    0.0  0.000      0      0      0      0      0
09/28/1990   9408      9   4653   4746      1   2646     22   2588     12   1545      0      0      0   0.00   0.00      0   0.00    4.2  0.001    0.0  0.000      0      0      0      0      0
09/29/1990   8902      8   4240   4654      2   3177     25   2571     12   1572      0      0      0   0.00   0.00      0   0.00    4.4  0.001    0.0  0.000      0      0      0      0      0
09/30/1990   8396      7   3827   4562      4   3701     27   2558     12   1612      0      0      0   0.00   0.00      0   0.00    4.6  0.001    0.0  0.000      0      0      0      0      0
10/01/1990   7890      6   3391   4493      7   4195     28   2584     12   1642      0      0      0   0.00   0.00      0   0.00    4.7  0.001    0.0  0.000      0      0      0      0      0
10/02/1990   7385      5   2947   4433     11   4717     28   2603     11   1612      0      0      0   0.00   0.00      0   0.00    4.9  0.001    0.0  0.000      0      0      0      0      0
10/03/1990   6894      4   2482   4408     15   5234     28   2637     10   1573      0      0      0   0.00   0.00      0   0.00    5.1  0.001    0.0  0.000      0      0      0      0      0
10/04/1990   6543      3   2162   4378     19   5619     28   2673      9   1576      0      0      0   0.00   0.00      0   0.00    5.3  0.001    0.0  0.000      0      0      0      0      0
10/05/1990   6291      2   1985   4304     23   5926     27   2673      9   1572      0      0      0   0.00   0.00      0   0.00    5.5  0.000    0.0  0.000      0      0      0      0      0
10/06/1990   6133      1   1926   4206     27   6178     26   2665      9   1519      0      0      0   0.00   0.00      0   0.00    5.6  0.000    0.0  0.000      0      0      0      0      0
10/07/1990   6021      0   1938   4083     31   6396     25   2677      8   1385      0      0      0   0.00   0.00      0   0.00    5.8  0.000    0.0  0.000      0      0      0      0      0
10/08/1990   5953      0   2022   3931     35   6571     24   2633      7   1300      0      0      0   0.00   0.00      0   0.00    6.0  0.000    0.0  0.000      0      0      0      0      0
10/09/1990   5949      0   2170   3779     39   6712     23   2542      6   1283      0      0      0   0.00   0.00      0   0.00    6.1  0.000    0.0  0.000      0      0      0      0      0
10/10/1990   5975      0   2389   3586     43   6784     21   2450      6   1286      0      0      0   0.00   0.00      0   0.00    6.3  0.000    0.0  0.000      0      0      0      0      0
10/11/1990   6037      0   2732   3305     47   6798     19   2360      5   1277      0      0      0   0.00   0.00      0   0.00    6.4  0.000    0.0  0.000      0      0      0      0      0
10/12/1990   6125      1   3177   2947     49   6820     18   2249      4   1237      0      0      0   0.00   0.00      0   0.00    6.5  0.000    0.0  0.000      0      0      0      0      0
10/13/1990   6185      2   3701   2482     51   6803     17   2164      2   1189      0      0      0   0.00   0.00      0   0.00    6.6  0.000    0.0  0.000      0      0      0      0      0
10/14/1990   6232      4   4195   2033     52   6768     15   2118      1   1120      0      0      0   0.00   0.00      0   0.00    6.7  0.000    0.0  0.000      0      0      0      0      0
10/15/1990   6376      7   4717   1652     52   6665     13   2101      0   1029      0      0      0   0.00   0.00      0   0.00    6.7  0.000    0.0  0.000      0      0      0      0      0
10/16/1990   6570     11   5234   1325     51   6570     10   2053      0    922      0      0      0   0.00   0.00      0   0.00    6.7  0.000    0.0  0.000      0      0      0      0      0
10/17/1990   6777     15   5748   1014     49   6498      8   1955      0    808      0      0      0   0.00   0.00      0   0.00    6.8  0.000    0.0  0.000      0      0      0      0      0
10/18/1990   7000     19   6259    722     47   6409      6   1844      0    692      0      0      0   0.00   0.00      0   0.00    6.7  0.000    0.0  0.000      0      0      0      0      0
10/19/1990   7263     23   6779    461     45   6302      4   1698      0    559      0      0      0   0.00   0.00      0   0.00    6.7  0.000    0.0  0.000      0      0      0      0      0
10/20/1990   7588     27   7320    241     43   6163      2   1526      0    415      0      0      0   0.00   0.00      0   0.00    6.7  0.000    0.0  0.000      0      0      0      0      0
10/21/1990   7988     31   7871     86     40   5986      1   1347      0    273      0      0      0   0.00   0.00      0   0.00    6.6  0.000    0.0  0.000      0      0      0      0      0
10/22/1990   8456     35   8421      0     37   5780      0   1137      0    159      0      0      0   0.00   0.00      0   0.00    6.6  0.000    0.0  0.000      0      0      0      0      0
10/23/1990   8971     39   8932      0     33   5580      0    912      0     73      0      0      0   0.00   0.00      0   0.00    6.5  0.000    0.0  0.000      0      0      0      0      0
10/24/1990   9487     43   9444      0     29   5335      0    698      0     20      0      0      0   0.00   0.00      0   0.00    6.5  0.000    0.0  0.000      0      0      0      0      0
10/25/1990  10044     47   9868    129     25   5012      0    488      0      0      0      0      0   0.00   0.00      0   0.00    6.4  0.000    0.0  0.000      0      0      0      0      0
10/26/1990  10554     50  10171    333     22   4700      0    293      0     30      0      0      0   0.00   0.00      0   0.00    6.3  0.000    0.0  0.000      0      0      0      0      0
10/27/1990  11016     53  10362    601     19   4375      0    159      0    106      0      0      0   0.00   0.00      0   0.00    6.3  0.000    0.0  0.000      0      0      0      0      0
10/28/1990  11438     56  10458    924     16   4042      0     73      0    226      0      0      0   0.00   0.00      0   0.00    6.3  0.000    0.0  0.000      0      0      0      0      0
10/29/1990  11863     59  10504   1300     13   3673      0     50      0    361      0      0      0   0.00   0.00      0   0.00    6.3  0.000    0.0  0.000      0      0      0      0      0
10/30/1990  12308     62  10537   1709     10   3251      0    106      0    479      0      0      0   0.00   0.00      0   0.00    6.3  0.000    0.0  0.000      0      0      0      0      0
10/31/1990  12732     64  10520   2148      8   2829      0    226      0    581      0      0      0   0.00   0.00      0   0.00    6.3  0.000    0.0  0.000      0      0      0      0      0
11/01/1990  13139     66  10435   2638      6   2416      0    391      0    625      0      0      0   0.00   0.00      0   0.00    6.3  0.000    0.0  0.000      0      0      0      0      0
11/02/1990  13533     67  10306   3160      4   2014      0    585      0    650      0      0      0   0.00   0.00      0   0.00    6.4  0.000    0.0  0.000      0      0      0      0      0
11/03/1990  13898     68  10156   3674      2   1670      0    777      0    683      0      0      0   0.00   0.00      0   0.00    6.5  0.000    0.0  0.000      0      0      0      0      0
11/04/1990  14105     67  10006   4032      1   1402      0    910      1    779      0      0      0   0.00   0.00      0   0.00    6.6  0.000    0.0  0.000      0      0      0      0      0
11/05/1990  14204     65   9795   4344      0   1211      0   1009      2    889      0      0      0   0.00   0.00      0   0.00    6.7  0.000    0.0  0.000      0      0      0      0      0
11/06/1990  14194     61   9545   4588      0   1109      0   1099      3    921      0      0      0   0.00   0.00      0   0.00    6.9  0.000    0.0  0.000      0      0      0      0      0
11/07/1990  14093     57   9261   4775      0   1073      1   1210      3    905      0      0      0   0.00   0.00      0   0.00    7.0  0.000    0.0  0.000      0      0      0      0      0
11/08/1990  13905     53   8945   4907      0   1100      2   1317      4    911      0      0      0   0.00   0.00      0   0.00    7.2  0.000    0.0  0.000      0      0      0      0      0
11/09/1990  13624     49   8559   5016      0   1175      3   1395      5    981      0      0      0   0.00   0.00      0   0.00    7.4  0.000    0.0  0.000      0      0      0      0      0
11/10/1990  13266     45   8104   5117      0   1308      4   1465      6   1061      0      0      0   0.00   0.00      0   0.00    7.5  0.000    0.0  0.000      0      0      0      0      0
11/11/1990  12817     41   7606   5170      0   1510      6   1545      7   1113      0      0      0   0.00   0.00      0   0.00    7.7  0.000    0.0  0.000      0      0      0      0      0
11/12/1990  12302     37   7076   5189      0   1795      8   1597      8   1164      0      0      0   0.00   0.00      0   0.00    7.9  0.000    0.0  0.000      0      0      0      0      0
11/13/1990  11774     33   6565   5176      0   2124     10   1637      9   1217      0      0      0   0.00   0.00      0   0.00    8.1  0.000    0.0  0.000      0      0      0      0      0
11/14/1990  11276     29   6053   5194      1   2411     12   1737      8   1196      0      0      0   0.00   0.00      0   0.00    8.3  0.000    0.0  0.000      0      0      0      0      0
11/15/1990  10750     25   5500   5225      2   2700     14   1856      7   1136      0      0      0   0.00   0.00      0   0.00    8.5  0.000    0.0  0.000      0      0      0      0      0
11/16/1990  10260     22   5023   5215      3   3005     16   1943      7   1098      0      0      0   0.00   0.00      0   0.00    8.6  0.000    0.0  0.000      0      0      0      0      0
11/17/1990   9819     19   4640   5160      4   3286     17   1952      8   1134      0      0      0   0.00   0.00      0   0.00    8.8  0.000    0.0  0.000      0      0      0      0      0
11/18/1990   9425     16   4341   5068      6   3535     17   1931      8   1160      0      0      0   0.00   0.00      0   0.00    9.0  0.000    0.0  0.000      0      0      0      0      0
11/19/1990   9067     13   4084   4970      8   3757     18   1928      7   1155      0      0      0   0.00   0.00      0   0.00    9.2  0.000    0.0  0.000      0      0      0      0      0
11/20/1990   9248     10   3836   5402     10   3971     19   1922      5   1030      0      0      0   0.00   0.00      0   0.00    9.4  0.000    0.0  0.000      0      0      0      0      0
11/21/1990   8928      8   3636   5284     13   4171     18   1874      4    907      0      0      0   0.00   0.00      0   0.00    9.6  0.000    0.0  0.000      0      0      0      0      0
11/22/1990   8045      6   3432   4607     16   4328     17   1887      3    795      0      0      0   0.00   0.00      0   0.00    9.8  0.000    0.0  0.000      0      0      0      0      0
11/23/1990   7751      4   3249   4498     19   4457     15   1816      3    771      0      0      0   0.00   0.00      0   0.00   10.0  0.000    0.0  0.000      0      0      0      0      0
11/24/1990   7492      2   3130   4360     21   4586     14   1683      3    775      0      0      0   0.00   0.00      0   0.00   10.2  0.000    0.0  0.000      0      0      0      0      0
11/25/1990   7786      1   3091   4694     23   4683     13   1548      3    788      0      0      0   0.00   0.00      0   0.00   10.2  0.000    0.0  0.000      0      0      0      0      0
11/26/1990   8104      0   3109   4995     26   4728     11   1427      2    730      0      0      0   0.00   0.00      0   0.00   10.1  0.000    0.0  0.000      0      0      0      0      0
11/27/1990   8381      0   3129   5252     29   4820      9   1303      1    655      0      0      0   0.00   0.00      0   0.00   10.1  0.000    0.0  0.000      0      0      0      0      0
11/28/1990   8661      1   3188   5472     30   4808      8   1306      1    591      0      0      0   0.00   0.00      0   0.00   10.3  0.000    0.0  0.000      0      0      0      0      0
11/29/1990   7954      2   3328   4624     31   4724      6   1250      2    654      0      0      0   0.00   0.00      0   0.00   10.5  0.000    0.0  0.000      0      0      0      0      0
11/30/1990   7856      3   3551   4302     31   4634      5   1163      3    719      0      0      0   0.00   0.00      0   0.00   10.7  0.000    0.0  0.000      0      0      0      0      0
12/01/1990   8216      4   3834   4378     31   4518      5   1126      2    700      0      0      0   0.00   0.00      0   0.00   10.9  0.000    0.0  0.000      0      0      0      0      0
12/02/1990   8595      6   4168   4421     30   4386      5   1129      1    611      0      0      0   0.00   0.00      0   0.00   10.9  0.000    0.0  0.000      0      0      0      0      0
12/03/1990   8591      8   4556   4027     29   4258      5   1094      0    558      0      0      0   0.00   0.00      0   0.00   11.0  0.000    0.0  0.000      0      0      0      0      0
12/04/1990   8598     10   4978   3610     28   4031      4   1096      0    564      0      0      0   0.00   0.00      0   0.00   11.1  0.000    0.0  0.000      0      0      0      0      0
12/05/1990   8957     13   5344   3600     26   3845      3   1085      0    550      0      0      0   0.00   0.00      0   0.00   11.1  0.000    0.0  0.000      0      0      0      0      0
12/06/1990   8872     16   5692   3164     23   3713      3   1061      0    545      0      0      0   0.00   0.00      0   0.00   11.2  0.000    0.0  0.000      0      0      0      0      0
12/07/1990   8446     19   6046   2381     20   3587      3   1006      0    531      0      0      0   0.00   0.00      0   0.00   11.3  0.000    0.0  0.000      0      0      0      0      0
12/08/1990   8455     21   6372   2062     19   3430      2    916      0    536      0      0      0   0.00   0.00      0   0.00   11.3  0.000    0.0  0.000      0      0      0      0      0
12/09/1990   7542     23   6626    893     18   3253      1    906      0    502      0      0      0   0.00   0.00      0   0.00   11.3  0.000    0.0  0.000      0      0      0      0      0
12/10/1990   7697     26   6840    831     16   3043      0    926      0    426      0      0      0   0.00   0.00      0   0.00   11.3  0.000    0.0  0.000      0      0      0      0      0
12/11/1990   7786     29   6923    834     13   2958      0    894      0    373      0      0      0   0.00   0.00      0   0.00   11.3  0.000    0.0  0.000      0      0      0      0      0
12/12/1990   8031     31   6952   1048     11   2910      0    844      0    318      0      0      0   0.00   0.00      0   0.00   11.3  0.000    0.0  0.000      0      0      0      0      0
12/13/1990   8292     33   7010   1249      9   2798      0    802      0    306      0      0      0   0.00   0.00      0   0.00   11.3  0.000    0.0  0.000      0      0      0      0      0
12/14/1990   8538     34   7044   1460      8   2732      0    722      0    250      0      0      0   0.00   0.00      0   0.00   11.2  0.000    0.0  0.000      0      0      0      0      0
12/15/1990   8786     35   7044   1707      7   2666      0    631      0    225      0      0      0   0.00   0.00      0   0.00   11.2  0.000    0.0  0.000      0      0      0      0      0
12/16/1990   9059     36   7019   2004      6   2546      0    572      0    197      0      0      0   0.00   0.00      0   0.00   11.1  0.000    0.0  0.000      0      0      0      0      0
12/17/1990   9247     37   6885   2325      5   2504      0    470      0    239      0      0      0   0.00   0.00      0   0.00   11.1  0.000    0.0  0.000      0      0      0      0      0
12/18/1990   9419     38   6778   2603      4   2437      0    430      0    281      0      0      0   0.00   0.00      0   0.00   11.0  0.000    0.0  0.000      0      0      0      0      0
12/19/1990   9626     38   6705   2883      3   2328      0    396      0    315      0      0      0   0.00   0.00      0   0.00   11.0  0.000    0.0  0.000      0      0      0      0      0
12/20/1990   9874     37   6628   3209      3   2168      0    391      0    260      0      0      0   0.00   0.00      0   0.00   10.9  0.000    0.0  0.000      0      0      0      0      0
12/21/1990  10109     36   6516   3557      3   2024      0    405      0    145      0      0      0   0.00   0.00      0   0.00   10.9  0.000    0.0  0.000      0      0      0      0      0
12/22/1990  10296     36   6344   3916      2   1878      0    461      0     38      0      0      0   0.00   0.00      0   0.00   10.8  0.000    0.0  0.000      0      0      0      0      0
12/23/1990  10454     35   6126   4293      1   1782      0    426      0      0      0      0      0   0.00   0.00      0   0.00   10.8  0.000    0.0  0.000      0      0      0      0      0
12/24/1990  10636     34   5910   4692      0   1663      0    353      0      0      0      0      0   0.00   0.00      0   0.00   10.8  0.000    0.0  0.000      0      0      0      0      0
12/25/1990  10828     32   5691   5105      0   1553      0    260      0     28      0      0      0   0.00   0.00      0   0.00   10.7  0.000    0.0  0.000      0      0      0      0      0
12/26/1990  10970     29   5480   5461      0   1513      0    145      0     96      0      0      0   0.00   0.00      0   0.00   10.7  0.000    0.0  0.000      0      0      0      0      0
12/27/1990  11144     26   5319   5799      0   1433      0     38      0    194      0      0      0   0.00   0.00      0   0.00   10.6  0.000    0.0  0.000      0      0      0      0      0
12/28/1990  11320     23   5124   6173      0   1282      0     28      0    282      0      0      0   0.00   0.00      0   0.00   10.6  0.000    0.0  0.000      0      0      0      0      0
12/29/1990  11468     21   4882   6565      0   1122      0     96      0    265      0      0      0   0.00   0.00      0   0.00   10.6  0.000    0.0  0.000      0      0      0      0      0
12/30/1990  11608     19   4661   6928      0    969      0    194      0    257      0      0      0   0.00   0.00      0   0.00   10.5  0.000    0.0  0.000      0      0      0      0      0
12/31/1990  11707     16   4395   7296      0    856      0    310      0    236      0      0      0   0.00   0.00      0   0.00   10.5  0.000    0.0  0.000      0      0      0      0      0
