Varroa Population Simulation - Nov 24,2015  04:08:42 PM
VarroaPop Version 3.2.5.8  June, 2015

                                        Capped  Capped                                                                      Prop           Conc          Conc                                     
            Colony  Adult  Adult         Drone   Wkr    Drone  Wkr    Drone  Wkr  Free   DBrood WBrood DMite  WMite  Mites  Mites  Colony Pollen Colony Nectar   Dead   Dead   Dead   Dead   Dead
     Date   Size   Drones   Wkr   Forgrs Brood  Brood   Larv   Larv    Eggs  Eggs Mites  Mites  Mites  /Cell  /Cell  Dying  Dying  Pollen  Pest  Nectar  Pest    DLarv  WLarv  DAdlt  WAdlt  Forgrs
Initial     10000      0   7497   2503      0      0      0      0      0      0      0      0      0   0.00   0.00      0   0.00    0.0  0.000    0.0  0.000      0      0      0      0      0
05/01/1990   9643      0   7140   2503      0      0      0      0      0    252      0      0      0   0.00   0.00      0   0.00    0.1  0.000    0.0  0.000      0      0      0      0      0
05/02/1990   9286      0   6783   2503      0      0      0      0      0    523      0      0      0   0.00   0.00      0   0.00    0.1  0.000    0.0  0.000      0      0      0      0      0
05/03/1990   8929      0   6426   2503      0      0      0      0      0    817      0      0      0   0.00   0.00      0   0.00    0.2  0.000    0.0  0.000      0      0      0      0      0
05/04/1990   8572      0   6069   2503      0      0      0    252      0    871      0      0      0   0.00   0.00      0   0.00    0.3  0.000    0.0  0.000      0      0      0      0      0
05/05/1990   8215      0   5712   2503      0      0      0    523      0    913      0      0      0   0.00   0.00      0   0.00    0.3  0.000    0.0  0.000      0      0      0      0      0
05/06/1990   7858      0   5355   2503      0      0      0    817      0    926      0      0      0   0.00   0.00      0   0.00    0.4  0.000    0.0  0.000      0      0      0      0      0
05/07/1990   7497      0   4998   2499      0      0      0   1123      0    905      0      0      0   0.00   0.00      0   0.00    0.5  0.000    0.0  0.000      0      0      0      0      0
05/08/1990   7140      0   4641   2499      0      0      0   1436      0    872      0      0      0   0.00   0.00      0   0.00    0.6  0.000    0.0  0.000      0      0      0      0      0
05/09/1990   6783      0   4284   2499      0    252      0   1491      0    825      0      0      0   0.00   0.00      0   0.00    0.6  0.000    0.0  0.000      0      0      0      0      0
05/10/1990   6426      0   3927   2499      0    523      0   1505      0    763      0      0      0   0.00   0.00      0   0.00    0.7  0.000    0.0  0.000      0      0      0      0      0
05/11/1990   6069      0   3570   2499      0    817      0   1491      0    729      0      0      0   0.00   0.00      0   0.00    0.8  0.000    0.0  0.000      0      0      0      0      0
05/12/1990   5712      0   3213   2499      0   1123      0   1445      0    724      0      0      0   0.00   0.00      0   0.00    0.9  0.000    0.0  0.000      0      0      0      0      0
05/13/1990   5355      0   2856   2499      0   1436      0   1355      0    761      0      0      0   0.00   0.00      0   0.00    1.0  0.000    0.0  0.000      0      0      0      0      0
05/14/1990   4998      0   2499   2499      0   1743      0   1294      0    774      0      0      0   0.00   0.00      0   0.00    1.1  0.000    0.0  0.000      0      0      0      0      0
05/15/1990   4641      0   2142   2499      0   2028      0   1264      0    768      0      0      0   0.00   0.00      0   0.00    1.2  0.000    0.0  0.000      0      0      0      0      0
05/16/1990   4284      0   1785   2499      0   2308      0   1244      0    785      0      0      0   0.00   0.00      0   0.00    1.3  0.000    0.0  0.000      0      0      0      0      0
05/17/1990   3927      0   1428   2499      0   2568      0   1243      0    786      0      0      0   0.00   0.00      0   0.00    1.4  0.000    0.0  0.000      0      0      0      0      0
05/18/1990   3570      0   1071   2499      0   2791      0   1269      0    769      0      0      0   0.00   0.00      0   0.00    1.5  0.000    0.0  0.000      0      0      0      0      0
05/19/1990   3213      0    714   2499      0   3037      0   1300      0    718      0      0      0   0.00   0.00      0   0.00    1.6  0.000    0.0  0.000      0      0      0      0      0
05/20/1990   2856      0    357   2499      0   3292      0   1305      0    715      0      0      0   0.00   0.00      0   0.00    1.7  0.000    0.0  0.000      0      0      0      0      0
05/21/1990   2499      0      0   2499      0   3552      0   1277      0    751      0      0      0   0.00   0.00      0   0.00    1.8  0.000    0.0  0.000      0      0      0      0      0
05/22/1990   2394      0    252   2142      0   3559      0   1244      0    798      0      0      0   0.00   0.00      0   0.00    1.9  0.000    0.0  0.000      0      0      0      0      0
05/23/1990   2665      0    523   2142      0   3537      0   1252      0    748      0      0      0   0.00   0.00      0   0.00    1.9  0.000    0.0  0.000      0      0      0      0      0
05/24/1990   2602      0    817   1785      0   3520      0   1243      0    685      0      0      0   0.00   0.00      0   0.00    2.0  0.000    0.0  0.000      0      0      0      0      0
05/25/1990   2551      0   1123   1428      0   3474      0   1256      0    619      0      0      0   0.00   0.00      0   0.00    2.0  0.000    0.0  0.000      0      0      0      0      0
05/26/1990   2507      0   1436   1071      0   3393      0   1231      0    595      0      0      0   0.00   0.00      0   0.00    2.1  0.000    0.0  0.000      0      0      0      0      0
05/27/1990   2814      0   1743   1071      0   3312      0   1210      0    521      0      0      0   0.00   0.00      0   0.00    2.0  0.000    0.0  0.000      0      0      0      0      0
05/28/1990   3099      0   2028   1071      0   3284      0   1160      0    444      0      0      0   0.00   0.00      0   0.00    2.0  0.000    0.0  0.000      0      0      0      0      0
05/29/1990   3022      0   2308    714      0   3272      0   1075      0    401      0      0      0   0.00   0.00      0   0.00    2.1  0.000    0.0  0.000      0      0      0      0      0
05/30/1990   2925      0   2568    357      0   3285      0    933      0    375      0      0      0   0.00   0.00      0   0.00    2.1  0.000    0.0  0.000      0      0      0      0      0
05/31/1990   2791      0   2791      0      0   3269      0    856      0    301      0      0      0   0.00   0.00      0   0.00    2.0  0.000    0.0  0.000      0      0      0      0      0
06/01/1990   3037      0   3037      0      0   3228      0    791      0    161      0      0      0   0.00   0.00      0   0.00    2.0  0.000    0.0  0.000      0      0      0      0      0
06/02/1990   3292      0   3292      0      0   3180      0    689      0     56      0      0      0   0.00   0.00      0   0.00    2.0  0.000    0.0  0.000      0      0      0      0      0
06/03/1990   3552      0   3552      0      0   3103      0    562      0      0      0      0      0   0.00   0.00      0   0.00    2.0  0.000    0.0  0.000      0      0      0      0      0
06/04/1990   3811      0   3811      0      0   2975      0    431      0      0      0      0      0   0.00   0.00      0   0.00    2.0  0.000    0.0  0.000      0      0      0      0      0
06/05/1990   4060      0   4060      0      0   2856      0    301      0      0      0      0      0   0.00   0.00      0   0.00    1.9  0.000    0.0  0.000      0      0      0      0      0
06/06/1990   4337      0   4337      0      0   2719      0    161      0      0      0      0      0   0.00   0.00      0   0.00    1.9  0.000    0.0  0.000      0      0      0      0      0
06/07/1990   4597      0   4597      0      0   2564      0     56      0      0      0      0      0   0.00   0.00      0   0.00    1.9  0.000    0.0  0.000      0      0      0      0      0
06/08/1990   4829      0   4829      0      0   2388      0      0      0      0      0      0      0   0.00   0.00      0   0.00    1.8  0.000    0.0  0.000      0      0      0      0      0
06/09/1990   5055      0   5055      0      0   2162      0      0      0      0      0      0      0   0.00   0.00      0   0.00    1.8  0.000    0.0  0.000      0      0      0      0      0
06/10/1990   5312      0   5312      0      0   1905      0      0      0      0      0      0      0   0.00   0.00      0   0.00    1.8  0.000    0.0  0.000      0      0      0      0      0
06/11/1990   5580      0   5580      0      0   1637      0      0      0      0      0      0      0   0.00   0.00      0   0.00    1.7  0.000    0.0  0.000      0      0      0      0      0
06/12/1990   5853      0   5601    252      0   1364      0      0      0      0      0      0      0   0.00   0.00      0   0.00    1.7  0.000    0.0  0.000      0      0      0      0      0
06/13/1990   6060      0   5537    523      0   1157      0      0      0     46      0      0      0   0.00   0.00      0   0.00    1.7  0.000    0.0  0.000      0      0      0      0      0
06/14/1990   6265      0   5448    817      0    952      0      0      0    131      0      0      0   0.00   0.00      0   0.00    1.7  0.000    0.0  0.000      0      0      0      0      0
06/15/1990   6472      0   5349   1123      0    745      0      0      0    255      0      0      0   0.00   0.00      0   0.00    1.7  0.000    0.0  0.000      0      0      0      0      0
06/16/1990   6655      0   5219   1436      0    562      0     46      0    378      0      0      0   0.00   0.00      0   0.00    1.7  0.000    0.0  0.000      0      0      0      0      0
06/17/1990   6786      0   5043   1743      0    431      0    131      0    503      0      0      0   0.00   0.00      0   0.00    1.8  0.000    0.0  0.000      0      0      0      0      0
06/18/1990   6916      0   4888   2028      0    301      0    255      0    606      0      0      0   0.00   0.00      0   0.00    1.8  0.000    0.0  0.000      0      0      0      0      0
06/19/1990   6804      0   4748   2056      0    161      0    424      0    706      0      0      0   0.00   0.00      0   0.00    1.9  0.000    0.0  0.000      0      0      0      0      0
06/20/1990   6638      0   4593   2045      0     56      0    634      0    790      0      0      0   0.00   0.00      0   0.00    2.0  0.000    0.0  0.000      0      0      0      0      0
06/21/1990   6400      0   4426   1974      0     46      0    815      0    856      0      0      0   0.00   0.00      0   0.00    2.0  0.000    0.0  0.000      0      0      0      0      0
06/22/1990   6094      0   4180   1914      0    131      0    999      0    854      0      0      0   0.00   0.00      0   0.00    2.1  0.000    0.0  0.000      0      0      0      0      0
06/23/1990   5781      0   3925   1856      0    255      0   1169      0    821      0      0      0   0.00   0.00      0   0.00    2.1  0.000    0.0  0.000      0      0      0      0      0
06/24/1990   5474      0   3665   1809      0    424      0   1293      0    789      0      0      0   0.00   0.00      0   0.00    2.2  0.000    0.0  0.000      0      0      0      0      0
06/25/1990   5189      0   3406   1783      0    634      0   1350      0    779      0      0      0   0.00   0.00      0   0.00    2.2  0.000    0.0  0.000      0      0      0      0      0
06/26/1990   4909      0   3157   1752      0    861      0   1384      0    775      0      0      0   0.00   0.00      0   0.00    2.3  0.000    0.0  0.000      0      0      0      0      0
06/27/1990   4649      0   2880   1769      0   1130      0   1376      0    764      0      0      0   0.00   0.00      0   0.00    2.3  0.000    0.0  0.000      0      0      0      0      0
06/28/1990   4426      0   2620   1806      0   1424      0   1339      0    755      0      0      0   0.00   0.00      0   0.00    2.4  0.000    0.0  0.000      0      0      0      0      0
06/29/1990   4180      0   2388   1792      0   1717      0   1303      0    762      0      0      0   0.00   0.00      0   0.00    2.5  0.000    0.0  0.000      0      0      0      0      0
06/30/1990   3925      0   2162   1763      0   1984      0   1286      0    776      0      0      0   0.00   0.00      0   0.00    2.5  0.000    0.0  0.000      0      0      0      0      0
07/01/1990   3665      0   1905   1760      0   2245      0   1273      0    788      0      0      0   0.00   0.00      0   0.00    2.6  0.000    0.0  0.000      0      0      0      0      0
07/02/1990   3406      0   1637   1769      0   2506      0   1276      0    774      0      0      0   0.00   0.00      0   0.00    2.6  0.000    0.0  0.000      0      0      0      0      0
07/03/1990   3157      0   1364   1793      0   2763      0   1283      0    759      0      0      0   0.00   0.00      0   0.00    2.7  0.000    0.0  0.000      0      0      0      0      0
07/04/1990   2926      0   1203   1723      0   2974      0   1286      0    741      0      0      0   0.00   0.00      0   0.00    2.8  0.000    0.0  0.000      0      0      0      0      0
07/05/1990   2751      0   1083   1668      0   3139      0   1286      0    730      0      0      0   0.00   0.00      0   0.00    2.8  0.000    0.0  0.000      0      0      0      0      0
07/06/1990   2643      0   1000   1643      0   3263      0   1287      0    716      0      0      0   0.00   0.00      0   0.00    2.9  0.000    0.0  0.000      0      0      0      0      0
07/07/1990   2586      0    986   1600      0   3358      0   1265      0    714      0      0      0   0.00   0.00      0   0.00    3.0  0.000    0.0  0.000      0      0      0      0      0
07/08/1990   2539      0   1065   1474      0   3412      0   1240      0    713      0      0      0   0.00   0.00      0   0.00    3.0  0.000    0.0  0.000      0      0      0      0      0
07/09/1990   2498      0   1162   1336      0   3445      0   1215      0    706      0      0      0   0.00   0.00      0   0.00    3.1  0.000    0.0  0.000      0      0      0      0      0
07/10/1990   2494      0   1291   1203      0   3426      0   1205      0    688      0      0      0   0.00   0.00      0   0.00    3.1  0.000    0.0  0.000      0      0      0      0      0
07/11/1990   2581      0   1480   1101      0   3381      0   1194      0    659      0      0      0   0.00   0.00      0   0.00    3.2  0.000    0.0  0.000      0      0      0      0      0
07/12/1990   2669      0   1717    952      0   3330      0   1180      0    628      0      0      0   0.00   0.00      0   0.00    3.2  0.000    0.0  0.000      0      0      0      0      0
07/13/1990   2729      0   1984    745      0   3302      0   1163      0    583      0      0      0   0.00   0.00      0   0.00    3.2  0.000    0.0  0.000      0      0      0      0      0
07/14/1990   2807      0   2245    562      0   3276      0   1137      0    521      0      0      0   0.00   0.00      0   0.00    3.2  0.000    0.0  0.000      0      0      0      0      0
07/15/1990   2937      0   2506    431      0   3255      0   1094      0    442      0      0      0   0.00   0.00      0   0.00    3.2  0.000    0.0  0.000      0      0      0      0      0
07/16/1990   3064      0   2763    301      0   3236      0   1033      0    357      0      0      0   0.00   0.00      0   0.00    3.2  0.000    0.0  0.000      0      0      0      0      0
07/17/1990   3181      0   3020    161      0   3207      0    952      0    277      0      0      0   0.00   0.00      0   0.00    3.2  0.000    0.0  0.000      0      0      0      0      0
07/18/1990   3326      0   3270     56      0   3179      0    848      0    198      0      0      0   0.00   0.00      0   0.00    3.2  0.000    0.0  0.000      0      0      0      0      0
07/19/1990   3518      0   3518      0      0   3140      0    731      0    119      0      0      0   0.00   0.00      0   0.00    3.2  0.000    0.0  0.000      0      0      0      0      0
07/20/1990   3782      0   3782      0      0   3073      0    601      0     52      0      0      0   0.00   0.00      0   0.00    3.2  0.000    0.0  0.000      0      0      0      0      0
07/21/1990   4046      0   4046      0      0   2986      0    463      0     13      0      0      0   0.00   0.00      0   0.00    3.1  0.000    0.0  0.000      0      0      0      0      0
07/22/1990   4306      0   4306      0      0   2873      0    329      0      0      0      0      0   0.00   0.00      0   0.00    3.1  0.000    0.0  0.000      0      0      0      0      0
07/23/1990   4556      0   4556      0      0   2741      0    211      0      0      0      0      0   0.00   0.00      0   0.00    3.1  0.000    0.0  0.000      0      0      0      0      0
07/24/1990   4805      0   4805      0      0   2584      0    119      0      0      0      0      0   0.00   0.00      0   0.00    3.1  0.000    0.0  0.000      0      0      0      0      0
07/25/1990   5047      0   5001     46      0   2409      0     52      0      0      0      0      0   0.00   0.00      0   0.00    3.0  0.000    0.0  0.000      0      0      0      0      0
07/26/1990   5286      0   5155    131      0   2209      0     13      0     10      0      0      0   0.00   0.00      0   0.00    3.0  0.000    0.0  0.000      0      0      0      0      0
07/27/1990   5521      0   5266    255      0   1987      0      0      0     40      0      0      0   0.00   0.00      0   0.00    3.0  0.000    0.0  0.000      0      0      0      0      0
07/28/1990   5761      0   5337    424      0   1747      0      0      0     98      0      0      0   0.00   0.00      0   0.00    2.9  0.000    0.0  0.000      0      0      0      0      0
07/29/1990   5999      0   5365    634      0   1509      0     10      0    179      0      0      0   0.00   0.00      0   0.00    2.9  0.000    0.0  0.000      0      0      0      0      0
07/30/1990   6227      0   5366    861      0   1281      0     40      0    276      0      0      0   0.00   0.00      0   0.00    2.9  0.000    0.0  0.000      0      0      0      0      0
07/31/1990   6449      0   5319   1130      0   1059      0     98      0    378      0      0      0   0.00   0.00      0   0.00    3.0  0.000    0.0  0.000      0      0      0      0      0
08/01/1990   6612      0   5234   1378      0    850      0    189      0    481      0      0      0   0.00   0.00      0   0.00    3.0  0.000    0.0  0.000      0      0      0      0      0
08/02/1990   6724      0   5138   1586      0    653      0    316      0    576      0      0      0   0.00   0.00      0   0.00    3.0  0.000    0.0  0.000      0      0      0      0      0
08/03/1990   6777      0   5048   1729      0    486      0    466      0    659      0      0      0   0.00   0.00      0   0.00    3.1  0.000    0.0  0.000      0      0      0      0      0
08/04/1990   6755      0   4934   1821      0    369      0    630      0    724      0      0      0   0.00   0.00      0   0.00    3.1  0.000    0.0  0.000      0      0      0      0      0
08/05/1990   6663      0   4791   1872      0    309      0    794      0    776      0      0      0   0.00   0.00      0   0.00    3.2  0.000    0.0  0.000      0      0      0      0      0
08/06/1990   6528      0   4626   1902      0    308      0    946      0    813      0      0      0   0.00   0.00      0   0.00    3.2  0.000    0.0  0.000      0      0      0      0      0
08/07/1990   6326      0   4436   1890      0    368      0   1078      0    837      0      0      0   0.00   0.00      0   0.00    3.3  0.000    0.0  0.000      0      0      0      0      0
08/08/1990   6071      0   4225   1846      0    489      0   1192      0    845      0      0      0   0.00   0.00      0   0.00    3.3  0.000    0.0  0.000      0      0      0      0      0
08/09/1990   5791      0   3990   1801      0    670      0   1278      0    842      0      0      0   0.00   0.00      0   0.00    3.4  0.000    0.0  0.000      0      0      0      0      0
08/10/1990   5524      0   3726   1798      0    892      0   1339      0    832      0      0      0   0.00   0.00      0   0.00    3.4  0.000    0.0  0.000      0      0      0      0      0
08/11/1990   5263      0   3462   1801      0   1135      0   1378      0    823      0      0      0   0.00   0.00      0   0.00    3.5  0.000    0.0  0.000      0      0      0      0      0
08/12/1990   5002      0   3202   1800      0   1394      0   1396      0    818      0      0      0   0.00   0.00      0   0.00    3.5  0.000    0.0  0.000      0      0      0      0      0
08/13/1990   4745      0   2952   1793      0   1668      0   1395      0    811      0      0      0   0.00   0.00      0   0.00    3.6  0.000    0.0  0.000      0      0      0      0      0
08/14/1990   4488      0   2703   1785      0   1948      0   1388      0    789      0      0      0   0.00   0.00      0   0.00    3.7  0.000    0.0  0.000      0      0      0      0      0
08/15/1990   4238      0   2461   1777      0   2231      0   1377      0    749      0      0      0   0.00   0.00      0   0.00    3.7  0.000    0.0  0.000      0      0      0      0      0
08/16/1990   4000      0   2232   1768      0   2503      0   1361      0    720      0      0      0   0.00   0.00      0   0.00    3.8  0.000    0.0  0.000      0      0      0      0      0
08/17/1990   3766      0   2027   1739      0   2750      0   1335      0    710      0      0      0   0.00   0.00      0   0.00    3.8  0.000    0.0  0.000      0      0      0      0      0
08/18/1990   3560      0   1845   1715      0   2965      0   1294      0    699      0      0      0   0.00   0.00      0   0.00    3.9  0.000    0.0  0.000      0      0      0      0      0
08/19/1990    548      0    548      0      0   3147      0   1054      0    680      0      0      0   0.00   0.00      0   0.00    4.0  0.042    0.0  0.000      0    204      0   1144   1692
08/20/1990    637      0    637      0      0   3182      0   1133      0    439      0      0      0   0.00   0.00      0   0.00    4.0  0.042    0.0  0.000      0      0      0      1     37
08/21/1990    759      0    759      0      0   3194      0   1182      0    218      0      0      0   0.00   0.00      0   0.00    3.9  0.042    0.0  0.000      0      0      0      1     37
08/22/1990    915      0    915      0      0   3251      0   1149      0      0      0      0      0   0.00   0.00      0   0.00    3.9  0.042    0.0  0.000      0      0      0      1     37
08/23/1990   1100      0   1100      0      0   3261      0    917      0      0      0      0      0   0.00   0.00      0   0.00    3.9  0.042    0.0  0.000      0      0      0      0     37
08/24/1990   1307      0   1306      1      0   3255      0    680      0      0      0      0      0   0.00   0.00      0   0.00    3.9  0.042    0.0  0.000      0      0      0      0     36
08/25/1990   1531      0   1528      3      0   3237      0    439      0      0      0      0      0   0.00   0.00      0   0.00    3.9  0.042    0.0  0.000      0      0      0      0     35
08/26/1990   1772      0   1765      7      0   3184      0    218      0      0      0      0      0   0.00   0.00      0   0.00    3.9  0.042    0.0  0.000      0      0      0      0     33
08/27/1990   2052      0   2008     44      0   3122      0      0      0      0      0      0      0   0.00   0.00      0   0.00    3.9  0.042    0.0  0.000      0      0      0      0      0
08/28/1990   2335      0   2254     81      0   2839      0      0      0     10      0      0      0   0.00   0.00      0   0.00    3.9  0.042    0.0  0.000      0      0      0      0      0
08/29/1990   2617      0   2499    118      0   2557      0      0      0     28      0      0      0   0.00   0.00      0   0.00    3.9  0.042    0.0  0.000      0      0      0      0      0
08/30/1990   2894      0   2739    155      0   2280      0      0      0     53      0      0      0   0.00   0.00      0   0.00    3.9  0.042    0.0  0.000      0      0      0      0      0
08/31/1990   3166      0   3011    155      0   2007      0     10      0     76      0      0      0   0.00   0.00      0   0.00    3.9  0.042    0.0  0.000      0      0      0      0      0
09/01/1990   3437      0   3283    154      0   1734      0     28      0     92      0      0      0   0.00   0.00      0   0.00    3.9  0.042    0.0  0.000      0      0      0      0      0
09/02/1990   3599      0   3444    155      0   1572      0     53      0    101      0      0      0   0.00   0.00      0   0.00    3.8  0.042    0.0  0.000      0      0      0      0      0
09/03/1990   3767      0   3615    152      0   1400      0     86      0    102      0      0      0   0.00   0.00      0   0.00    3.8  0.042    0.0  0.000      0      0      0      0      0
09/04/1990   3981      0   3865    116      0   1149      0    120      0    101      0      0      0   0.00   0.00      0   0.00    3.8  0.042    0.0  0.000      0      0      0      0      0
09/05/1990   4176      0   4096     80      0    927      0    144      0     93      0      0      0   0.00   0.00      0   0.00    3.8  0.042    0.0  0.000      0      0      0      0      0
09/06/1990   4376      0   4332     44      0    708      0    160      0     77      0      0      0   0.00   0.00      0   0.00    3.8  0.042    0.0  0.000      0      0      0      0      0
09/07/1990   4580      0   4540     40      0    492      0    168      0     54      0      0      0   0.00   0.00      0   0.00    3.7  0.042    0.0  0.000      0      0      0      0      0
09/08/1990   4800      0   4728     72      0    304      0    161      0     37      0      0      0   0.00   0.00      0   0.00    3.7  0.042    0.0  0.000      0      0      0      0      0
09/09/1990   5016      0   4878    138      0    120      0    145      0     35      0      0      0   0.00   0.00      0   0.00    3.7  0.042    0.0  0.000      0      0      0      0      0
09/10/1990   5015      0   4752    263      0    154      0    121      0     57      0      0      0   0.00   0.00      0   0.00    3.6  0.042    0.0  0.000      0      0      0      0      0
09/11/1990   5014      0   4593    421      0    188      0     96      0    104      0      0      0   0.00   0.00      0   0.00    3.6  0.042    0.0  0.000      0      0      0      0      0
09/12/1990   5013      0   4400    613      0    221      0     79      0    173      0      0      0   0.00   0.00      0   0.00    3.6  0.042    0.0  0.000      0      0      0      0      0
09/13/1990   5012      0   4178    834      0    247      0     85      0    256      0      0      0   0.00   0.00      0   0.00    3.6  0.042    0.0  0.000      0      0      0      0      0
09/14/1990   4979      0   3935   1044      0    265      0    123      0    336      0      0      0   0.00   0.00      0   0.00    3.7  0.042    0.0  0.000      0      0      0      0      0
09/15/1990   4946      0   3676   1270      0    275      0    198      0    409      0      0      0   0.00   0.00      0   0.00    3.7  0.041    0.0  0.000      0      0      0      0      0
09/16/1990   4878      0   3402   1476      0    284      0    304      0    475      0      0      0   0.00   0.00      0   0.00    3.7  0.041    0.0  0.000      0      0      0      0      0
09/17/1990   4752      0   3122   1630      0    300      0    424      0    544      0      0      0   0.00   0.00      0   0.00    3.8  0.040    0.0  0.000      0      0      0      0      0
09/18/1990   4603      0   2849   1754      0    322      0    550      0    601      0      0      0   0.00   0.00      0   0.00    3.8  0.040    0.0  0.000      0      0      0      0      0
09/19/1990   4428      0   2585   1843      0    360      0    675      0    642      0      0      0   0.00   0.00      0   0.00    3.9  0.039    0.0  0.000      0      0      0      0      0
09/20/1990   4231      0   2333   1898      0    420      0    795      0    680      0      0      0   0.00   0.00      0   0.00    4.0  0.038    0.0  0.000      0      0      0      0      0
09/21/1990   4021      0   2093   1928      0    502      0    895      0    714      0      0      0   0.00   0.00      0   0.00    4.0  0.038    0.0  0.000      0      0      0      0      0
09/22/1990   3796      0   1854   1942      0    604      0    981      0    728      0      0      0   0.00   0.00      0   0.00    4.1  0.037    0.0  0.000      0      0      0      0      0
09/23/1990   3556      0   1726   1830      0    728      0   1066      0    708      0      0      0   0.00   0.00      0   0.00    4.2  0.037    0.0  0.000      0      0      0      0      0
09/24/1990   3310      0   1588   1722      0    875      0   1134      0    686      0      0      0   0.00   0.00      0   0.00    4.2  0.036    0.0  0.000      0      0      0      0      0
09/25/1990   3060      0   1370   1690      0   1047      0   1165      0    666      0      0      0   0.00   0.00      0   0.00    4.3  0.035    0.0  0.000      0      0      0      0      0
09/26/1990   2804      0   1164   1640      0   1236      0   1173      0    657      0      0      0   0.00   0.00      0   0.00    4.4  0.035    0.0  0.000      0      0      0      0      0
09/27/1990   2545      0    945   1600      0   1440      0   1178      0    640      0      0      0   0.00   0.00      0   0.00    4.4  0.034    0.0  0.000      0      0      0      0      0
09/28/1990   2282      0    714   1568      0   1673      0   1151      0    635      0      0      0   0.00   0.00      0   0.00    4.5  0.034    0.0  0.000      0      0      0      0      0
09/29/1990   2018      0    502   1516      0   1913      0   1116      0    639      0      0      0   0.00   0.00      0   0.00    4.6  0.033    0.0  0.000      0      0      0      0      0
09/30/1990   1872      0    300   1572      0   2133      0   1090      0    649      0      0      0   0.00   0.00      0   0.00    4.6  0.033    0.0  0.000      0      0      0      0      0
10/01/1990   1732      0    332   1400      0   2324      0   1078      0    664      0      0      0   0.00   0.00      0   0.00    4.7  0.032    0.0  0.000      0      0      0      0      0
10/02/1990   1537      0    388   1149      0   2495      0   1069      0    642      0      0      0   0.00   0.00      0   0.00    4.7  0.032    0.0  0.000      0      0      0      0      0
10/03/1990   1390      0    473    917      0   2626      0   1073      0    594      0      0      0   0.00   0.00      0   0.00    4.8  0.032    0.0  0.000      0      0      0      0      0
10/04/1990   1268      0    588    680      0   2725      0   1085      0    526      0      0      0   0.00   0.00      0   0.00    4.8  0.032    0.0  0.000      0      0      0      0      0
10/05/1990   1163      0    724    439      0   2799      0   1071      0    446      0      0      0   0.00   0.00      0   0.00    4.8  0.032    0.0  0.000      0      0      0      0      0
10/06/1990   1100      0    882    218      0   2852      0   1032      0    348      0      0      0   0.00   0.00      0   0.00    4.8  0.032    0.0  0.000      0      0      0      0      0
10/07/1990   1063      0   1063      0      0   2889      0    972      0    227      0      0      0   0.00   0.00      0   0.00    4.8  0.032    0.0  0.000      0      0      0      0      0
10/08/1990   1268      0   1268      0      0   2904      0    868      0    111      0      0      0   0.00   0.00      0   0.00    4.8  0.032    0.0  0.000      0      0      0      0      0
10/09/1990   1483      0   1473     10      0   2915      0    716      0     37      0      0      0   0.00   0.00      0   0.00    4.8  0.032    0.0  0.000      0      0      0      0      0
10/10/1990   1705      0   1677     28      0   2889      0    557      0      1      0      0      0   0.00   0.00      0   0.00    4.8  0.032    0.0  0.000      0      0      0      0      0
10/11/1990   1948      0   1895     53      0   2818      0    385      0      6      0      0      0   0.00   0.00      0   0.00    4.8  0.032    0.0  0.000      0      0      0      0      0
10/12/1990   2197      0   2111     86      0   2727      0    227      0     16      0      0      0   0.00   0.00      0   0.00    4.8  0.032    0.0  0.000      0      0      0      0      0
10/13/1990   2433      0   2313    120      0   2607      0    112      0     31      0      0      0   0.00   0.00      0   0.00    4.8  0.032    0.0  0.000      0      0      0      0      0
10/14/1990   2656      0   2502    154      0   2458      0     43      0     48      0      0      0   0.00   0.00      0   0.00    4.8  0.032    0.0  0.000      0      0      0      0      0
10/15/1990   2883      0   2695    188      0   2268      0     16      0     66      0      0      0   0.00   0.00      0   0.00    4.7  0.032    0.0  0.000      0      0      0      0      0
10/16/1990   3089      0   2878    211      0   2052      0     32      0     84      0      0      0   0.00   0.00      0   0.00    4.7  0.032    0.0  0.000      0      0      0      0      0
10/17/1990   3285      0   3066    219      0   1838      0     54      0    100      0      0      0   0.00   0.00      0   0.00    4.7  0.032    0.0  0.000      0      0      0      0      0
10/18/1990   3470      0   3258    212      0   1629      0     81      0    112      0      0      0   0.00   0.00      0   0.00    4.7  0.032    0.0  0.000      0      0      0      0      0
10/19/1990   3648      0   3459    189      0   1423      0    110      0    112      0      0      0   0.00   0.00      0   0.00    4.7  0.032    0.0  0.000      0      0      0      0      0
10/20/1990   3832      0   3668    164      0   1215      0    138      0    102      0      0      0   0.00   0.00      0   0.00    4.7  0.032    0.0  0.000      0      0      0      0      0
10/21/1990   4018      0   3872    146      0   1011      0    162      0     90      0      0      0   0.00   0.00      0   0.00    4.7  0.032    0.0  0.000      0      0      0      0      0
10/22/1990   4210      0   4066    144      0    807      0    174      0     80      0      0      0   0.00   0.00      0   0.00    4.6  0.032    0.0  0.000      0      0      0      0      0
10/23/1990   4373      0   4206    167      0    639      0    174      0     77      0      0      0   0.00   0.00      0   0.00    4.6  0.032    0.0  0.000      0      0      0      0      0
10/24/1990   4519      0   4293    226      0    501      0    168      0     79      0      0      0   0.00   0.00      0   0.00    4.6  0.032    0.0  0.000      0      0      0      0      0
10/25/1990   4659      0   4336    323      0    381      0    154      0     96      0      0      0   0.00   0.00      0   0.00    4.6  0.032    0.0  0.000      0      0      0      0      0
10/26/1990   4765      0   4316    449      0    305      0    139      0    123      0      0      0   0.00   0.00      0   0.00    4.6  0.032    0.0  0.000      0      0      0      0      0
10/27/1990   4830      0   4232    598      0    265      0    135      0    165      0      0      0   0.00   0.00      0   0.00    4.6  0.032    0.0  0.000      0      0      0      0      0
10/28/1990   4851      0   4088    763      0    256      0    148      0    212      0      0      0   0.00   0.00      0   0.00    4.6  0.032    0.0  0.000      0      0      0      0      0
10/29/1990   4819      0   3883    936      0    284      0    172      0    265      0      0      0   0.00   0.00      0   0.00    4.6  0.031    0.0  0.000      0      0      0      0      0
10/30/1990   4763      0   3668   1095      0    308      0    220      0    306      0      0      0   0.00   0.00      0   0.00    4.6  0.031    0.0  0.000      0      0      0      0      0
10/31/1990   4679      0   3447   1232      0    332      0    283      0    339      0      0      0   0.00   0.00      0   0.00    4.7  0.031    0.0  0.000      0      0      0      0      0
11/01/1990   4562      0   3209   1353      0    357      0    358      0    341      0      0      0   0.00   0.00      0   0.00    4.7  0.031    0.0  0.000      0      0      0      0      0
11/02/1990   4430      0   2970   1460      0    388      0    430      0    334      0      0      0   0.00   0.00      0   0.00    4.7  0.031    0.0  0.000      0      0      0      0      0
11/03/1990   4283      0   2750   1533      0    424      0    499      0    332      0      0      0   0.00   0.00      0   0.00    4.8  0.030    0.0  0.000      0      0      0      0      0
11/04/1990   4120      0   2549   1571      0    474      0    534      0    361      0      0      0   0.00   0.00      0   0.00    4.8  0.030    0.0  0.000      0      0      0      0      0
11/05/1990   3940      0   2350   1590      0    534      0    552      0    396      0      0      0   0.00   0.00      0   0.00    4.9  0.030    0.0  0.000      0      0      0      0      0
11/06/1990   3757      0   2168   1589      0    605      0    566      0    396      0      0      0   0.00   0.00      0   0.00    4.9  0.029    0.0  0.000      0      0      0      0      0
11/07/1990   3572      0   1992   1580      0    680      0    589      0    378      0      0      0   0.00   0.00      0   0.00    5.0  0.029    0.0  0.000      0      0      0      0      0
11/08/1990   3369      0   1822   1547      0    761      0    609      0    370      0      0      0   0.00   0.00      0   0.00    5.0  0.029    0.0  0.000      0      0      0      0      0
11/09/1990   3154      0   1645   1509      0    834      0    621      0    389      0      0      0   0.00   0.00      0   0.00    5.1  0.028    0.0  0.000      0      0      0      0      0
11/10/1990   2946      0   1455   1491      0    912      0    633      0    410      0      0      0   0.00   0.00      0   0.00    5.2  0.028    0.0  0.000      0      0      0      0      0
11/11/1990   2751      0   1263   1488      0   1003      0    647      0    420      0      0      0   0.00   0.00      0   0.00    5.2  0.028    0.0  0.000      0      0      0      0      0
11/12/1990   2548      0   1061   1487      0   1115      0    649      0    432      0      0      0   0.00   0.00      0   0.00    5.3  0.027    0.0  0.000      0      0      0      0      0
11/13/1990   2357      0    890   1467      0   1231      0    647      0    448      0      0      0   0.00   0.00      0   0.00    5.3  0.027    0.0  0.000      0      0      0      0      0
11/14/1990   2173      0    748   1425      0   1320      0    671      0    438      0      0      0   0.00   0.00      0   0.00    5.4  0.027    0.0  0.000      0      0      0      0      0
11/15/1990   2004      0    631   1373      0   1397      0    703      0    412      0      0      0   0.00   0.00      0   0.00    5.5  0.027    0.0  0.000      0      0      0      0      0
11/16/1990   1845      0    567   1278      0   1478      0    725      0    390      0      0      0   0.00   0.00      0   0.00    5.5  0.026    0.0  0.000      0      0      0      0      0
11/17/1990   1699      0    565   1134      0   1544      0    720      0    390      0      0      0   0.00   0.00      0   0.00    5.6  0.026    0.0  0.000      0      0      0      0      0
11/18/1990   1567      0    616    951      0   1595      0    705      0    380      0      0      0   0.00   0.00      0   0.00    5.6  0.026    0.0  0.000      0      0      0      0      0
11/19/1990   1447      0    721    726      0   1633      0    695      0    350      0      0      0   0.00   0.00      0   0.00    5.6  0.026    0.0  0.000      0      0      0      0      0
11/20/1990   1554      0    834    720      0   1670      0    678      0    279      0      0      0   0.00   0.00      0   0.00    5.6  0.026    0.0  0.000      0      0      0      0      0
11/21/1990   1482      0    954    528      0   1704      0    637      0    218      0      0      0   0.00   0.00      0   0.00    5.7  0.026    0.0  0.000      0      0      0      0      0
11/22/1990   1269      0   1056    213      0   1730      0    607      0    160      0      0      0   0.00   0.00      0   0.00    5.7  0.026    0.0  0.000      0      0      0      0      0
11/23/1990   1262      0   1152    110      0   1748      0    545      0    118      0      0      0   0.00   0.00      0   0.00    5.7  0.026    0.0  0.000      0      0      0      0      0
11/24/1990   1310      0   1255     55      0   1762      0    465      0     76      0      0      0   0.00   0.00      0   0.00    5.7  0.026    0.0  0.000      0      0      0      0      0
11/25/1990   1442      0   1369     73      0   1759      0    377      0     36      0      0      0   0.00   0.00      0   0.00    5.6  0.026    0.0  0.000      0      0      0      0      0
11/26/1990   1579      0   1482     97      0   1732      0    283      0     21      0      0      0   0.00   0.00      0   0.00    5.6  0.026    0.0  0.000      0      0      0      0      0
11/27/1990   1695      0   1567    128      0   1716      0    191      0     16      0      0      0   0.00   0.00      0   0.00    5.6  0.026    0.0  0.000      0      0      0      0      0
11/28/1990   1810      0   1647    163      0   1660      0    134      0     21      0      0      0   0.00   0.00      0   0.00    5.6  0.026    0.0  0.000      0      0      0      0      0
11/29/1990   1913      0   1740    173      0   1580      0     86      0     31      0      0      0   0.00   0.00      0   0.00    5.6  0.026    0.0  0.000      0      0      0      0      0
11/30/1990   2046      0   1844    202      0   1487      0     47      0     41      0      0      0   0.00   0.00      0   0.00    5.6  0.026    0.0  0.000      0      0      0      0      0
12/01/1990   2180      0   1955    225      0   1368      0     37      0     46      0      0      0   0.00   0.00      0   0.00    5.6  0.026    0.0  0.000      0      0      0      0      0
12/02/1990   2318      0   2070    248      0   1236      0     41      0     45      0      0      0   0.00   0.00      0   0.00    5.6  0.026    0.0  0.000      0      0      0      0      0
12/03/1990   2463      0   2196    267      0   1091      0     52      0     46      0      0      0   0.00   0.00      0   0.00    5.6  0.026    0.0  0.000      0      0      0      0      0
12/04/1990   2612      0   2326    286      0    941      0     62      0     52      0      0      0   0.00   0.00      0   0.00    5.6  0.026    0.0  0.000      0      0      0      0      0
12/05/1990   2739      0   2429    310      0    814      0     70      0     56      0      0      0   0.00   0.00      0   0.00    5.6  0.026    0.0  0.000      0      0      0      0      0
12/06/1990   2856      0   2512    344      0    700      0     77      0     62      0      0      0   0.00   0.00      0   0.00    5.6  0.026    0.0  0.000      0      0      0      0      0
12/07/1990   2865      0   2593    272      0    582      0     83      0     69      0      0      0   0.00   0.00      0   0.00    5.6  0.026    0.0  0.000      0      0      0      0      0
12/08/1990   2960      0   2654    306      0    465      0     85      0     73      0      0      0   0.00   0.00      0   0.00    5.6  0.026    0.0  0.000      0      0      0      0      0
12/09/1990   3014      0   2680    334      0    366      0     93      0     76      0      0      0   0.00   0.00      0   0.00    5.6  0.026    0.0  0.000      0      0      0      0      0
12/10/1990   3089      0   2678    411      0    277      0    107      0     85      0      0      0   0.00   0.00      0   0.00    5.6  0.026    0.0  0.000      0      0      0      0      0
12/11/1990   3097      0   2627    470      0    232      0    112      0    107      0      0      0   0.00   0.00      0   0.00    5.6  0.026    0.0  0.000      0      0      0      0      0
12/12/1990   3143      0   2559    584      0    200      0    117      0    126      0      0      0   0.00   0.00      0   0.00    5.6  0.026    0.0  0.000      0      0      0      0      0
12/13/1990   3181      0   2497    684      0    173      0    136      0    135      0      0      0   0.00   0.00      0   0.00    5.6  0.025    0.0  0.000      0      0      0      0      0
12/14/1990   3194      0   2411    783      0    176      0    157      0    114      0      0      0   0.00   0.00      0   0.00    5.6  0.025    0.0  0.000      0      0      0      0      0
12/15/1990   3198      0   2303    895      0    193      0    174      0    103      0      0      0   0.00   0.00      0   0.00    5.5  0.025    0.0  0.000      0      0      0      0      0
12/16/1990   3196      0   2172   1024      0    210      0    198      0     91      0      0      0   0.00   0.00      0   0.00    5.5  0.025    0.0  0.000      0      0      0      0      0
12/17/1990   3194      0   2036   1158      0    231      0    195      0    111      0      0      0   0.00   0.00      0   0.00    5.5  0.025    0.0  0.000      0      0      0      0      0
12/18/1990   3193      0   1923   1270      0    262      0    192      0    130      0      0      0   0.00   0.00      0   0.00    5.5  0.025    0.0  0.000      0      0      0      0      0
12/19/1990   3196      0   1815   1381      0    296      0    182      0    145      0      0      0   0.00   0.00      0   0.00    5.5  0.025    0.0  0.000      0      0      0      0      0
12/20/1990   3204      0   1697   1507      0    326      0    180      0    119      0      0      0   0.00   0.00      0   0.00    5.5  0.025    0.0  0.000      0      0      0      0      0
12/21/1990   3213      0   1575   1638      0    356      0    187      0     66      0      0      0   0.00   0.00      0   0.00    5.5  0.025    0.0  0.000      0      0      0      0      0
12/22/1990   3221      0   1451   1770      0    364      0    213      0     17      0      0      0   0.00   0.00      0   0.00    5.4  0.025    0.0  0.000      0      0      0      0      0
12/23/1990   3228      0   1322   1906      0    384      0    196      0      0      0      0      0   0.00   0.00      0   0.00    5.4  0.025    0.0  0.000      0      0      0      0      0
12/24/1990   3237      0   1189   2048      0    401      0    162      0      0      0      0      0   0.00   0.00      0   0.00    5.4  0.025    0.0  0.000      0      0      0      0      0
12/25/1990   3250      0   1055   2195      0    423      0    119      0     12      0      0      0   0.00   0.00      0   0.00    5.4  0.025    0.0  0.000      0      0      0      0      0
12/26/1990   3260      0    940   2320      0    458      0     66      0     43      0      0      0   0.00   0.00      0   0.00    5.4  0.025    0.0  0.000      0      0      0      0      0
12/27/1990   3275      0    839   2436      0    484      0     17      0     88      0      0      0   0.00   0.00      0   0.00    5.4  0.025    0.0  0.000      0      0      0      0      0
12/28/1990   3295      0    734   2561      0    473      0     12      0    130      0      0      0   0.00   0.00      0   0.00    5.4  0.025    0.0  0.000      0      0      0      0      0
12/29/1990   3309      0    623   2686      0    451      0     43      0    122      0      0      0   0.00   0.00      0   0.00    5.4  0.025    0.0  0.000      0      0      0      0      0
12/30/1990   3327      0    535   2792      0    425      0     88      0    118      0      0      0   0.00   0.00      0   0.00    5.4  0.025    0.0  0.000      0      0      0      0      0
12/31/1990   3357      0    469   2888      0    388      0    142      0    108      0      0      0   0.00   0.00      0   0.00    5.4  0.025    0.0  0.000      0      0      0      0      0
