Varroa Population Simulation - Nov 24,2015  04:11:55 PM
VarroaPop Version 3.2.5.8  June, 2015

                                        Capped  Capped                                                                      Prop           Conc          Conc                                     
            Colony  Adult  Adult         Drone   Wkr    Drone  Wkr    Drone  Wkr  Free   DBrood WBrood DMite  WMite  Mites  Mites  Colony Pollen Colony Nectar   Dead   Dead   Dead   Dead   Dead
     Date   Size   Drones   Wkr   Forgrs Brood  Brood   Larv   Larv    Eggs  Eggs Mites  Mites  Mites  /Cell  /Cell  Dying  Dying  Pollen  Pest  Nectar  Pest    DLarv  WLarv  DAdlt  WAdlt  Forgrs
Initial     10000      0   7224   2776      0      0      0      0      0      0      0      0      0   0.00   0.00      0   0.00    0.0  0.000    0.0  0.000      0      0      0      0      0
05/01/1990   9656      0   6880   2776      0      0      0      0      1    445      0      0      0   0.00   0.00      0   0.00    0.1  0.000    0.0  0.000      0      0      0      0      0
05/02/1990   9312      0   6536   2776      0      0      0      0      2    924      0      0      0   0.00   0.00      0   0.00    0.2  0.000    0.0  0.000      0      0      0      0      0
05/03/1990   8968      0   6192   2776      0      0      0      0      3   1445      0      0      0   0.00   0.00      0   0.00    0.2  0.000    0.0  0.000      0      0      0      0      0
05/04/1990   8624      0   5848   2776      0      0      1    445      3   1542      0      0      0   0.00   0.00      0   0.00    0.3  0.000    0.0  0.000      0      0      0      0      0
05/05/1990   8280      0   5504   2776      0      0      2    924      3   1617      0      0      0   0.00   0.00      0   0.00    0.4  0.000    0.0  0.000      0      0      0      0      0
05/06/1990   7936      0   5160   2776      0      0      3   1445      3   1639      0      0      0   0.00   0.00      0   0.00    0.5  0.000    0.0  0.000      0      0      0      0      0
05/07/1990   7592      0   4816   2776      0      0      4   1987      3   1601      0      0      0   0.00   0.00      0   0.00    0.6  0.000    0.0  0.000      0      0      0      0      0
05/08/1990   7224      0   4472   2752      0      0      5   2541      3   1542      0      0      0   0.00   0.00      0   0.00    0.7  0.000    0.0  0.000      0      0      0      0      0
05/09/1990   6880      0   4128   2752      0    445      6   2639      3   1454      0      0      0   0.00   0.00      0   0.00    0.8  0.000    0.0  0.000      0      0      0      0      0
05/10/1990   6536      0   3784   2752      0    924      7   2664      2   1342      0      0      0   0.00   0.00      0   0.00    0.8  0.000    0.0  0.000      0      0      0      0      0
05/11/1990   6192      0   3440   2752      1   1445      7   2638      1   1280      0      0      0   0.00   0.00      0   0.00    0.9  0.000    0.0  0.000      0      0      0      0      0
05/12/1990   5848      0   3096   2752      2   1987      7   2551      1   1272      0      0      0   0.00   0.00      0   0.00    1.0  0.000    0.0  0.000      0      0      0      0      0
05/13/1990   5504      0   2752   2752      3   2541      6   2389      2   1335      0      0      0   0.00   0.00      0   0.00    1.1  0.000    0.0  0.000      0      0      0      0      0
05/14/1990   5160      0   2408   2752      4   3084      5   2279      3   1356      0      0      0   0.00   0.00      0   0.00    1.2  0.000    0.0  0.000      0      0      0      0      0
05/15/1990   4816      0   2064   2752      5   3588      5   2222      3   1345      0      0      0   0.00   0.00      0   0.00    1.3  0.000    0.0  0.000      0      0      0      0      0
05/16/1990   4472      0   1720   2752      6   4083      5   2182      3   1378      0      0      0   0.00   0.00      0   0.00    1.5  0.000    0.0  0.000      0      0      0      0      0
05/17/1990   4128      0   1376   2752      7   4538      5   2181      3   1380      0      0      0   0.00   0.00      0   0.00    1.6  0.000    0.0  0.000      0      0      0      0      0
05/18/1990   3784      0   1032   2752      8   4930      5   2225      2   1352      0      0      0   0.00   0.00      0   0.00    1.7  0.000    0.0  0.000      0      0      0      0      0
05/19/1990   3440      0    688   2752      9   5363      5   2280      1   1260      0      0      0   0.00   0.00      0   0.00    1.8  0.000    0.0  0.000      0      0      0      0      0
05/20/1990   3096      0    344   2752      9   5810      6   2289      1   1254      0      0      0   0.00   0.00      0   0.00    1.9  0.000    0.0  0.000      0      0      0      0      0
05/21/1990   2752      0      0   2752      9   6265      6   2242      2   1316      0      0      0   0.00   0.00      0   0.00    2.0  0.000    0.0  0.000      0      0      0      0      0
05/22/1990   2853      0    445   2408     10   6274      5   2184      3   1401      0      0      0   0.00   0.00      0   0.00    2.1  0.000    0.0  0.000      0      0      0      0      0
05/23/1990   3332      0    924   2408     11   6231      5   2198      2   1320      0      0      0   0.00   0.00      0   0.00    2.1  0.000    0.0  0.000      0      0      0      0      0
05/24/1990   3509      0   1445   2064     12   6198      5   2180      1   1216      0      0      0   0.00   0.00      0   0.00    2.2  0.000    0.0  0.000      0      0      0      0      0
05/25/1990   3708      1   1987   1720     12   6112      5   2205      0   1112      0      0      0   0.00   0.00      0   0.00    2.3  0.000    0.0  0.000      0      0      0      0      0
05/26/1990   3919      2   2541   1376     12   5966      4   2166      0   1087      0      0      0   0.00   0.00      0   0.00    2.3  0.000    0.0  0.000      0      0      0      0      0
05/27/1990   4463      3   3084   1376     12   5819      3   2136      0    982      0      0      0   0.00   0.00      0   0.00    2.3  0.000    0.0  0.000      0      0      0      0      0
05/28/1990   4968      4   3588   1376     11   5765      3   2063      0    863      0      0      0   0.00   0.00      0   0.00    2.3  0.000    0.0  0.000      0      0      0      0      0
05/29/1990   5120      5   4083   1032     10   5740      3   1937      0    796      0      0      0   0.00   0.00      0   0.00    2.3  0.000    0.0  0.000      0      0      0      0      0
05/30/1990   5232      6   4538    688     10   5766      2   1717      0    766      0      0      0   0.00   0.00      0   0.00    2.3  0.000    0.0  0.000      0      0      0      0      0
05/31/1990   5281      7   4930    344     10   5743      1   1606      0    671      0      0      0   0.00   0.00      0   0.00    2.3  0.000    0.0  0.000      0      0      0      0      0
06/01/1990   5371      8   5363      0     10   5676      0   1517      0    488      0      0      0   0.00   0.00      0   0.00    2.3  0.000    0.0  0.000      0      0      0      0      0
06/02/1990   5819      9   5810      0      9   5606      0   1371      0    257      0      0      0   0.00   0.00      0   0.00    2.2  0.000    0.0  0.000      0      0      0      0      0
06/03/1990   6274      9   6265      0      9   5495      0   1190      0     94      0      0      0   0.00   0.00      0   0.00    2.2  0.000    0.0  0.000      0      0      0      0      0
06/04/1990   6728      9   6719      0      9   5302      0   1023      0      0      0      0      0   0.00   0.00      0   0.00    2.2  0.000    0.0  0.000      0      0      0      0      0
06/05/1990   7165     10   7155      0      8   5124      0    765      0      0      0      0      0   0.00   0.00      0   0.00    2.1  0.000    0.0  0.000      0      0      0      0      0
06/06/1990   7654     11   7643      0      7   4913      0    488      0      0      0      0      0   0.00   0.00      0   0.00    2.1  0.000    0.0  0.000      0      0      0      0      0
06/07/1990   8111     12   8099      0      6   4688      0    257      0      0      0      0      0   0.00   0.00      0   0.00    2.0  0.000    0.0  0.000      0      0      0      0      0
06/08/1990   8520     13   8507      0      5   4443      0     94      0      0      0      0      0   0.00   0.00      0   0.00    2.0  0.000    0.0  0.000      0      0      0      0      0
06/09/1990   8917     14   8903      0      4   4141      0      0      0      0      0      0      0   0.00   0.00      0   0.00    1.9  0.000    0.0  0.000      0      0      0      0      0
06/10/1990   9368     15   9353      0      3   3691      0      0      0      0      0      0      0   0.00   0.00      0   0.00    1.8  0.000    0.0  0.000      0      0      0      0      0
06/11/1990   9838     15   9823      0      3   3221      0      0      0      0      0      0      0   0.00   0.00      0   0.00    1.8  0.000    0.0  0.000      0      0      0      0      0
06/12/1990  10319     15   9859    445      3   2740      0      0      0      0      0      0      0   0.00   0.00      0   0.00    1.7  0.000    0.0  0.000      0      0      0      0      0
06/13/1990  10689     16   9749    924      2   2371      0      0      0    128      0      0      0   0.00   0.00      0   0.00    1.7  0.000    0.0  0.000      0      0      0      0      0
06/14/1990  11056     17   9594   1445      1   2005      0      0      0    348      0      0      0   0.00   0.00      0   0.00    1.7  0.000    0.0  0.000      0      0      0      0      0
06/15/1990  11433     17   9429   1987      0   1628      0      0      0    659      0      0      0   0.00   0.00      0   0.00    1.7  0.000    0.0  0.000      0      0      0      0      0
06/16/1990  11776     16   9219   2541      0   1284      0    128      0    939      0      0      0   0.00   0.00      0   0.00    1.8  0.000    0.0  0.000      0      0      0      0      0
06/17/1990  12036     15   8937   3084      0   1023      0    348      0   1216      0      0      0   0.00   0.00      0   0.00    1.8  0.000    0.0  0.000      0      0      0      0      0
06/18/1990  12293     14   8691   3588      0    765      0    659      1   1432      0      0      0   0.00   0.00      0   0.00    1.9  0.000    0.0  0.000      0      0      0      0      0
06/19/1990  12569     13   8473   4083      0    488      0   1067      4   1636      0      0      0   0.00   0.00      0   0.00    2.1  0.000    0.0  0.000      0      0      0      0      0
06/20/1990  12354     12   8249   4093      0    257      0   1564      8   1845      0      0      0   0.00   0.00      0   0.00    2.2  0.000    0.0  0.000      0      0      0      0      0
06/21/1990  12037     11   8020   4006      0    222      1   1963     11   2026      0      0      0   0.00   0.00      0   0.00    2.3  0.000    0.0  0.000      0      0      0      0      0
06/22/1990  11609     10   7681   3918      0    348      4   2355     12   2067      0      0      0   0.00   0.00      0   0.00    2.4  0.000    0.0  0.000      0      0      0      0      0
06/23/1990  11066      9   7234   3823      0    659      8   2750     12   2005      0      0      0   0.00   0.00      0   0.00    2.6  0.000    0.0  0.000      0      0      0      0      0
06/24/1990  10512      9   6779   3724      0   1067     12   3050     11   1946      0      0      0   0.00   0.00      0   0.00    2.7  0.000    0.0  0.000      0      0      0      0      0
06/25/1990   9969      9   6325   3635      0   1564     16   3206     10   1933      0      0      0   0.00   0.00      0   0.00    2.8  0.000    0.0  0.000      0      0      0      0      0
06/26/1990   9464      8   5889   3567      0   2091     20   3323      9   1927      0      0      0   0.00   0.00      0   0.00    2.9  0.000    0.0  0.000      0      0      0      0      0
06/27/1990   8968      7   5401   3560      0   2703     23   3360      9   1899      0      0      0   0.00   0.00      0   0.00    3.0  0.000    0.0  0.000      0      0      0      0      0
06/28/1990   8512      6   4945   3561      1   3409     25   3294      9   1869      0      0      0   0.00   0.00      0   0.00    3.1  0.000    0.0  0.000      0      0      0      0      0
06/29/1990   8119      5   4537   3577      4   4117     25   3224      9   1873      0      0      0   0.00   0.00      0   0.00    3.3  0.000    0.0  0.000      0      0      0      0      0
06/30/1990   7685      4   4141   3540      8   4770     24   3192      9   1900      0      0      0   0.00   0.00      0   0.00    3.4  0.000    0.0  0.000      0      0      0      0      0
07/01/1990   7237      3   3691   3543     12   5414     23   3158      9   1932      0      0      0   0.00   0.00      0   0.00    3.5  0.000    0.0  0.000      0      0      0      0      0
07/02/1990   6782      3   3221   3558     16   6063     22   3151      9   1907      0      0      0   0.00   0.00      0   0.00    3.6  0.000    0.0  0.000      0      0      0      0      0
07/03/1990   6328      3   2740   3585     20   6703     21   3159      9   1873      0      0      0   0.00   0.00      0   0.00    3.8  0.000    0.0  0.000      0      0      0      0      0
07/04/1990   6019      2   2499   3518     23   7213     21   3163      9   1825      0      0      0   0.00   0.00      0   0.00    3.9  0.000    0.0  0.000      0      0      0      0      0
07/05/1990   5750      1   2353   3396     26   7614     21   3159      9   1804      0      0      0   0.00   0.00      0   0.00    4.0  0.000    0.0  0.000      0      0      0      0      0
07/06/1990   5604      0   2287   3317     29   7913     21   3163      8   1778      0      0      0   0.00   0.00      0   0.00    4.2  0.000    0.0  0.000      0      0      0      0      0
07/07/1990   5604      0   2351   3253     32   8147     21   3115      7   1782      0      0      0   0.00   0.00      0   0.00    4.3  0.000    0.0  0.000      0      0      0      0      0
07/08/1990   5705      0   2587   3118     35   8298     21   3063      6   1784      0      0      0   0.00   0.00      0   0.00    4.4  0.000    0.0  0.000      0      0      0      0      0
07/09/1990   5782      0   2856   2926     38   8413     20   3009      6   1788      0      0      0   0.00   0.00      0   0.00    4.5  0.000    0.0  0.000      0      0      0      0      0
07/10/1990   5924      0   3191   2733     41   8418     19   2990      6   1783      0      0      0   0.00   0.00      0   0.00    4.6  0.000    0.0  0.000      0      0      0      0      0
07/11/1990   6149      0   3666   2483     44   8326     18   2974      5   1764      0      0      0   0.00   0.00      0   0.00    4.7  0.000    0.0  0.000      0      0      0      0      0
07/12/1990   6489      1   4211   2277     46   8212     17   2972      4   1721      0      0      0   0.00   0.00      0   0.00    4.8  0.000    0.0  0.000      0      0      0      0      0
07/13/1990   6779      4   4770   2005     46   8155     16   2969      2   1651      0      0      0   0.00   0.00      0   0.00    4.9  0.000    0.0  0.000      0      0      0      0      0
07/14/1990   7050      8   5414   1628     45   8099     14   2960      1   1558      0      0      0   0.00   0.00      0   0.00    4.9  0.000    0.0  0.000      0      0      0      0      0
07/15/1990   7359     12   6063   1284     44   8048     12   2911      0   1435      0      0      0   0.00   0.00      0   0.00    4.9  0.000    0.0  0.000      0      0      0      0      0
07/16/1990   7742     16   6703   1023     42   8006     10   2836      0   1267      0      0      0   0.00   0.00      0   0.00    5.0  0.000    0.0  0.000      0      0      0      0      0
07/17/1990   8126     20   7341    765     40   7960      8   2730      0   1081      0      0      0   0.00   0.00      0   0.00    4.9  0.000    0.0  0.000      0      0      0      0      0
07/18/1990   8473     23   7962    488     39   7932      6   2563      0    901      0      0      0   0.00   0.00      0   0.00    4.9  0.000    0.0  0.000      0      0      0      0      0
07/19/1990   8855     26   8572    257     38   7901      4   2339      0    720      0      0      0   0.00   0.00      0   0.00    4.9  0.000    0.0  0.000      0      0      0      0      0
07/20/1990   9337     29   9214     94     37   7808      2   2090      0    521      0      0      0   0.00   0.00      0   0.00    4.8  0.000    0.0  0.000      0      0      0      0      0
07/21/1990   9894     32   9862      0     35   7683      1   1813      0    314      0      0      0   0.00   0.00      0   0.00    4.7  0.000    0.0  0.000      0      0      0      0      0
07/22/1990  10539     35  10504      0     33   7527      0   1501      0    140      0      0      0   0.00   0.00      0   0.00    4.7  0.000    0.0  0.000      0      0      0      0      0
07/23/1990  11159     38  11121      0     30   7336      0   1176      0     39      0      0      0   0.00   0.00      0   0.00    4.6  0.000    0.0  0.000      0      0      0      0      0
07/24/1990  11776     41  11735      0     27   7077      0    860      0      0      0      0      0   0.00   0.00      0   0.00    4.5  0.000    0.0  0.000      0      0      0      0      0
07/25/1990  12373     44  12201    128     24   6783      0    560      0      0      0      0      0   0.00   0.00      0   0.00    4.4  0.000    0.0  0.000      0      0      0      0      0
07/26/1990  12972     47  12577    348     21   6433      0    314      0     48      0      0      0   0.00   0.00      0   0.00    4.4  0.000    0.0  0.000      0      0      0      0      0
07/27/1990  13563     50  12854    659     18   6019      0    140      0    173      0      0      0   0.00   0.00      0   0.00    4.3  0.000    0.0  0.000      0      0      0      0      0
07/28/1990  14164     53  13044   1067     15   5522      0     39      0    391      0      0      0   0.00   0.00      0   0.00    4.3  0.000    0.0  0.000      0      0      0      0      0
07/29/1990  14765     56  13145   1564     12   4963      0     48      0    656      0      0      0   0.00   0.00      0   0.00    4.3  0.000    0.0  0.000      0      0      0      0      0
07/30/1990  15359     58  13210   2091     10   4371      0    173      0    938      0      0      0   0.00   0.00      0   0.00    4.3  0.000    0.0  0.000      0      0      0      0      0
07/31/1990  15954     60  13191   2703      8   3778      0    391      0   1203      0      0      0   0.00   0.00      0   0.00    4.3  0.000    0.0  0.000      0      0      0      0      0
08/01/1990  16535     62  13064   3409      6   3199      0    704      1   1449      0      0      0   0.00   0.00      0   0.00    4.4  0.000    0.0  0.000      0      0      0      0      0
08/02/1990  16957     63  12905   3989      4   2650      0   1111      4   1673      0      0      0   0.00   0.00      0   0.00    4.5  0.000    0.0  0.000      0      0      0      0      0
08/03/1990  17259     62  12775   4422      2   2175      0   1546      8   1872      0      0      0   0.00   0.00      0   0.00    4.6  0.000    0.0  0.000      0      0      0      0      0
08/04/1990  17431     59  12617   4755      1   1814      1   1980     12   2034      0      0      0   0.00   0.00      0   0.00    4.7  0.000    0.0  0.000      0      0      0      0      0
08/05/1990  17446     56  12394   4996      0   1606      4   2393     14   2167      0      0      0   0.00   0.00      0   0.00    4.8  0.000    0.0  0.000      0      0      0      0      0
08/06/1990  17300     52  12109   5139      0   1564      8   2762     15   2270      0      0      0   0.00   0.00      0   0.00    5.0  0.000    0.0  0.000      0      0      0      0      0
08/07/1990  17069     48  11771   5250      0   1671     13   3076     16   2343      0      0      0   0.00   0.00      0   0.00    5.1  0.000    0.0  0.000      0      0      0      0      0
08/08/1990  16700     45  11396   5259      0   1908     18   3357     17   2382      0      0      0   0.00   0.00      0   0.00    5.3  0.000    0.0  0.000      0      0      0      0      0
08/09/1990  16165     42  10960   5163      0   2293     23   3583     18   2400      0      0      0   0.00   0.00      0   0.00    5.4  0.000    0.0  0.000      0      0      0      0      0
08/10/1990  15555     39  10419   5097      0   2823     29   3746     18   2402      0      0      0   0.00   0.00      0   0.00    5.6  0.000    0.0  0.000      0      0      0      0      0
08/11/1990  14938     36   9810   5092      1   3466     34   3867     18   2391      0      0      0   0.00   0.00      0   0.00    5.7  0.000    0.0  0.000      0      0      0      0      0
08/12/1990  14291     33   9168   5090      4   4187     37   3949     18   2377      0      0      0   0.00   0.00      0   0.00    5.9  0.000    0.0  0.000      0      0      0      0      0
08/13/1990  13639     30   8551   5058      8   4951     39   3981     17   2351      0      0      0   0.00   0.00      0   0.00    6.1  0.000    0.0  0.000      0      0      0      0      0
08/14/1990  12996     27   7937   5032     13   5736     40   3988     16   2287      0      0      0   0.00   0.00      0   0.00    6.2  0.000    0.0  0.000      0      0      0      0      0
08/15/1990  12355     24   7343   4988     18   6530     41   3983     15   2173      0      0      0   0.00   0.00      0   0.00    6.4  0.000    0.0  0.000      0      0      0      0      0
08/16/1990  11779     21   6795   4963     23   7285     41   3950     15   2089      0      0      0   0.00   0.00      0   0.00    6.6  0.000    0.0  0.000      0      0      0      0      0
08/17/1990  11291     18   6332   4941     29   7963     40   3875     15   2058      0      0      0   0.00   0.00      0   0.00    6.7  0.000    0.0  0.000      0      0      0      0      0
08/18/1990  10864     15   5952   4897     35   8541     39   3754     15   2029      0      0      0   0.00   0.00      0   0.00    6.9  0.000    0.0  0.000      0      0      0      0      0
08/19/1990   3592      0   3432    160     41   9020     34   3643     15   1984      0      0      0   0.00   0.00      0   0.00    7.1  0.029    0.0  0.000      2      5     10   2230   4676
08/20/1990   3852      0   3599    253     46   9398     34   3555     10   1343      0      0      0   0.00   0.00      0   0.00    7.1  0.029    0.0  0.000      0      0      0      1    126
08/21/1990   4230      0   3842    388     51   9684     34   3432      5    784      0      0      0   0.00   0.00      0   0.00    7.0  0.029    0.0  0.000      0      0      0      1     84
08/22/1990   4717      0   4161    556     56   9853     34   3345      0    275      0      0      0   0.00   0.00      0   0.00    7.0  0.029    0.0  0.000      0      0      0      1     51
08/23/1990   5299      0   4552    747     60   9897     30   2726      0    402      0      0      0   0.00   0.00      0   0.00    7.0  0.029    0.0  0.000      0      0      0      1     28
08/24/1990   5946      0   4995    951     65   9901     25   2127      0    524      0      0      0   0.00   0.00      0   0.00    7.1  0.029    0.0  0.000      0      0      0      0     15
08/25/1990   6639      0   5477   1162     69   9877     20   1562      0    623      0      0      0   0.00   0.00      0   0.00    7.1  0.029    0.0  0.000      0      0      1      0      8
08/26/1990   7380      2   6002   1376     71   9759     15   1099      0    717      0      0      0   0.00   0.00      0   0.00    7.1  0.029    0.0  0.000      0      0      1      0      5
08/27/1990   8149      6   6548   1595     72   9615     10    667      0    837      0      0      0   0.00   0.00      0   0.00    7.1  0.029    0.0  0.000      0      0      0      0      0
08/28/1990   8835     11   7103   1721     72   8877      5    842      0    982      0      0      0   0.00   0.00      0   0.00    7.2  0.029    0.0  0.000      0      0      0      0      0
08/29/1990   9488     16   7667   1805     72   8161      0   1032      0   1113      0      0      0   0.00   0.00      0   0.00    7.2  0.029    0.0  0.000      0      0      0      0      0
08/30/1990  10108     21   8231   1856     67   7490      0   1229      0   1187      0      0      0   0.00   0.00      0   0.00    7.3  0.029    0.0  0.000      0      0      0      0      0
08/31/1990  10699     27   9002   1670     61   6877      0   1422      0   1218      0      0      0   0.00   0.00      0   0.00    7.3  0.029    0.0  0.000      0      0      0      0      0
09/01/1990  11273     33   9769   1471     55   6294      0   1621      0   1203      0      0      0   0.00   0.00      0   0.00    7.3  0.029    0.0  0.000      0      0      0      0      0
09/02/1990  12064     39  10529   1496     49   5740      0   1793      0   1164      0      0      0   0.00   0.00      0   0.00    7.2  0.029    0.0  0.000      0      0      0      0      0
09/03/1990  12607     44  11273   1290     44   5248      0   1923      0   1122      0      0      0   0.00   0.00      0   0.00    7.2  0.029    0.0  0.000      0      0      0      0      0
09/04/1990  13106     49  11976   1081     39   4849      0   1987      0   1057      0      0      0   0.00   0.00      0   0.00    7.2  0.029    0.0  0.000      0      0      0      0      0
09/05/1990  13547     54  12626    867     34   4550      0   1975      0    989      0      0      0   0.00   0.00      0   0.00    7.1  0.029    0.0  0.000      0      0      0      0      0
09/06/1990  13998     58  13287    653     30   4272      0   1932      0    878      0      0      0   0.00   0.00      0   0.00    7.1  0.029    0.0  0.000      0      0      0      0      0
09/07/1990  14461     63  13820    578     25   3978      0   1857      0    753      0      0      0   0.00   0.00      0   0.00    7.0  0.029    0.0  0.000      0      0      0      0      0
09/08/1990  14873     68  14302    503     20   3739      0   1746      0    638      0      0      0   0.00   0.00      0   0.00    6.9  0.029    0.0  0.000      0      0      0      0      0
09/09/1990  15494     73  14643    778     15   3491      0   1607      0    548      0      0      0   0.00   0.00      0   0.00    6.9  0.029    0.0  0.000      0      0      0      0      0
09/10/1990  15505     78  14293   1134     10   3799      0   1446      0    586      0      0      0   0.00   0.00      0   0.00    6.8  0.029    0.0  0.000      0      0      0      0      0
09/11/1990  15572     83  13898   1591      5   4077      0   1262      0    714      0      0      0   0.00   0.00      0   0.00    6.8  0.029    0.0  0.000      0      0      0      0      0
09/12/1990  15684     88  13472   2124      0   4273      0   1098      0    934      0      0      0   0.00   0.00      0   0.00    6.8  0.029    0.0  0.000      0      0      0      0      0
09/13/1990  15842     88  13025   2729      0   4386      0   1043      0   1151      0      0      0   0.00   0.00      0   0.00    6.8  0.029    0.0  0.000      0      0      0      0      0
09/14/1990  16026     88  12552   3386      0   4431      0   1098      1   1332      0      0      0   0.00   0.00      0   0.00    6.9  0.028    0.0  0.000      0      0      0      0      0
09/15/1990  16093     88  12062   3943      0   4403      0   1279      3   1493      0      0      0   0.00   0.00      0   0.00    7.0  0.028    0.0  0.000      0      0      0      0      0
09/16/1990  16204     86  11575   4543      0   4307      0   1556      6   1624      0      0      0   0.00   0.00      0   0.00    7.1  0.027    0.0  0.000      0      0      0      0      0
09/17/1990  16229     82  11119   5028      0   4142      1   1882      9   1778      0      0      0   0.00   0.00      0   0.00    7.2  0.027    0.0  0.000      0      0      0      0      0
09/18/1990  16194     77  10701   5416      0   4007      3   2186     12   1895      0      0      0   0.00   0.00      0   0.00    7.4  0.026    0.0  0.000      0      0      0      0      0
09/19/1990  16115     72  10306   5737      0   3908      6   2466     14   1980      0      0      0   0.00   0.00      0   0.00    7.6  0.026    0.0  0.000      0      0      0      0      0
09/20/1990  15955     67   9906   5982      0   3889     10   2726     16   2068      0      0      0   0.00   0.00      0   0.00    7.8  0.025    0.0  0.000      0      0      0      0      0
09/21/1990  15726     61   9517   6148      0   3940     15   2930     17   2158      0      0      0   0.00   0.00      0   0.00    8.0  0.024    0.0  0.000      0      0      0      0      0
09/22/1990  15431     55   9118   6258      0   4037     20   3114     18   2199      0      0      0   0.00   0.00      0   0.00    8.2  0.024    0.0  0.000      0      0      0      0      0
09/23/1990  15068     49   8697   6322      0   4218     26   3301     18   2145      0      0      0   0.00   0.00      0   0.00    8.4  0.023    0.0  0.000      0      0      0      0      0
09/24/1990  14664     44   8293   6327      1   4442     31   3464     18   2112      0      0      0   0.00   0.00      0   0.00    8.6  0.023    0.0  0.000      0      0      0      0      0
09/25/1990  14202     39   7893   6270      3   4758     35   3535     18   2111      0      0      0   0.00   0.00      0   0.00    8.9  0.022    0.0  0.000      0      0      0      0      0
09/26/1990  13699     34   7514   6151      6   5124     38   3551     18   2141      0      0      0   0.00   0.00      0   0.00    9.1  0.021    0.0  0.000      0      0      0      0      0
09/27/1990  13146     30   7082   6034     10   5544     40   3596     18   2126      0      0      0   0.00   0.00      0   0.00    9.3  0.021    0.0  0.000      0      0      0      0      0
09/28/1990  12541     25   6588   5928     15   6073     41   3578     18   2126      0      0      0   0.00   0.00      0   0.00    9.5  0.020    0.0  0.000      0      0      0      0      0
09/29/1990  11921     20   6123   5778     20   6644     42   3534     18   2160      0      0      0   0.00   0.00      0   0.00    9.8  0.020    0.0  0.000      0      0      0      0      0
09/30/1990  11288     15   5646   5627     26   7195     42   3523     18   2210      0      0      0   0.00   0.00      0   0.00   10.0  0.020    0.0  0.000      0      0      0      0      0
10/01/1990  10739     10   5831   4898     32   7632     42   3559     18   2248      0      0      0   0.00   0.00      0   0.00   10.1  0.019    0.0  0.000      0      0      0      0      0
10/02/1990  10274      5   6053   4216     38   8042     42   3582     17   2165      0      0      0   0.00   0.00      0   0.00   10.3  0.019    0.0  0.000      0      0      0      0      0
10/03/1990   9925      0   6305   3620     44   8372     42   3622     15   2030      0      0      0   0.00   0.00      0   0.00   10.4  0.019    0.0  0.000      0      0      0      0      0
10/04/1990   9708      0   6580   3128     50   8622     42   3666     12   1900      0      0      0   0.00   0.00      0   0.00   10.5  0.019    0.0  0.000      0      0      0      0      0
10/05/1990   9512      0   6861   2651     56   8836     41   3621      9   1772      0      0      0   0.00   0.00      0   0.00   10.6  0.018    0.0  0.000      0      0      0      0      0
10/06/1990   9360      0   7175   2185     62   9005     39   3526      5   1597      0      0      0   0.00   0.00      0   0.00   10.6  0.018    0.0  0.000      0      0      0      0      0
10/07/1990   9303      0   7487   1816     68   9158     36   3406      2   1342      0      0      0   0.00   0.00      0   0.00   10.6  0.018    0.0  0.000      0      0      0      0      0
10/08/1990   9307      1   7802   1504     73   9268     32   3183      0   1145      0      0      0   0.00   0.00      0   0.00   10.6  0.018    0.0  0.000      0      0      0      0      0
10/09/1990   9915      3   8088   1824     77   9358     26   2875      0   1017      0      0      0   0.00   0.00      0   0.00   10.7  0.018    0.0  0.000      0      0      0      0      0
10/10/1990  10505      6   8354   2145     80   9343     20   2583      0    999      0      0      0   0.00   0.00      0   0.00   10.7  0.018    0.0  0.000      0      0      0      0      0
10/11/1990  11109     10   8683   2416     82   9230     14   2298      0   1051      0      0      0   0.00   0.00      0   0.00   10.8  0.018    0.0  0.000      0      0      0      0      0
10/12/1990  11683     15   9028   2640     82   9100      9   1992      0   1154      0      0      0   0.00   0.00      0   0.00   10.8  0.018    0.0  0.000      0      0      0      0      0
10/13/1990  12194     20   9350   2824     81   8916      5   1810      0   1240      0      0      0   0.00   0.00      0   0.00   10.9  0.018    0.0  0.000      0      0      0      0      0
10/14/1990  12647     26   9664   2957     78   8682      2   1752      1   1311      0      0      0   0.00   0.00      0   0.00   11.0  0.018    0.0  0.000      0      0      0      0      0
10/15/1990  13095     32  10018   3045     74   8330      0   1804      2   1367      0      0      0   0.00   0.00      0   0.00   11.0  0.018    0.0  0.000      0      0      0      0      0
10/16/1990  13486     38  10404   3044     68   7950      0   1905      3   1404      0      0      0   0.00   0.00      0   0.00   11.1  0.018    0.0  0.000      0      0      0      0      0
10/17/1990  13824     44  10816   2964     62   7558      1   2046      3   1417      0      0      0   0.00   0.00      0   0.00   11.2  0.017    0.0  0.000      0      0      0      0      0
10/18/1990  14126     50  11266   2810     56   7203      2   2172      3   1415      0      0      0   0.00   0.00      0   0.00   11.2  0.017    0.0  0.000      0      0      0      0      0
10/19/1990  14443     56  11777   2610     50   6875      3   2258      2   1351      0      0      0   0.00   0.00      0   0.00   11.3  0.017    0.0  0.000      0      0      0      0      0
10/20/1990  14784     62  12338   2384     44   6552      4   2309      1   1242      0      0      0   0.00   0.00      0   0.00   11.3  0.017    0.0  0.000      0      0      0      0      0
10/21/1990  15151     68  12928   2155     38   6233      5   2347      0   1146      0      0      0   0.00   0.00      0   0.00   11.3  0.017    0.0  0.000      0      0      0      0      0
10/22/1990  15545     74  13439   2032     32   5938      5   2298      0   1097      0      0      0   0.00   0.00      0   0.00   11.3  0.017    0.0  0.000      0      0      0      0      0
10/23/1990  15845     80  13789   1976     26   5754      5   2184      0   1091      0      0      0   0.00   0.00      0   0.00   11.3  0.017    0.0  0.000      0      0      0      0      0
10/24/1990  16142     86  14024   2032     21   5607      4   2089      0   1081      0      0      0   0.00   0.00      0   0.00   11.3  0.017    0.0  0.000      0      0      0      0      0
10/25/1990  16474     92  14188   2194     16   5455      3   1978      0   1101      0      0      0   0.00   0.00      0   0.00   11.3  0.017    0.0  0.000      0      0      0      0      0
10/26/1990  16756     97  14229   2430     12   5397      2   1860      0   1113      0      0      0   0.00   0.00      0   0.00   11.3  0.017    0.0  0.000      0      0      0      0      0
10/27/1990  17001    101  14128   2772      9   5361      1   1819      0   1151      0      0      0   0.00   0.00      0   0.00   11.3  0.017    0.0  0.000      0      0      0      0      0
10/28/1990  17190    104  13906   3180      7   5355      0   1837      0   1191      0      0      0   0.00   0.00      0   0.00   11.4  0.017    0.0  0.000      0      0      0      0      0
10/29/1990  17361    105  13596   3660      5   5398      0   1827      1   1268      0      0      0   0.00   0.00      0   0.00   11.4  0.017    0.0  0.000      0      0      0      0      0
10/30/1990  17434    103  13250   4081      5   5441      0   1873      3   1304      0      0      0   0.00   0.00      0   0.00   11.5  0.017    0.0  0.000      0      0      0      0      0
10/31/1990  17471    100  12925   4446      5   5447      0   1937      5   1331      0      0      0   0.00   0.00      0   0.00   11.6  0.017    0.0  0.000      0      0      0      0      0
11/01/1990  17461     96  12579   4786      5   5428      1   2014      6   1266      0      0      0   0.00   0.00      0   0.00   11.8  0.017    0.0  0.000      0      0      0      0      0
11/02/1990  17410     91  12246   5073      5   5388      3   2076      6   1189      0      0      0   0.00   0.00      0   0.00   11.9  0.016    0.0  0.000      0      0      0      0      0
11/03/1990  17344     86  11966   5292      5   5320      5   2155      7   1139      0      0      0   0.00   0.00      0   0.00   12.1  0.016    0.0  0.000      0      0      0      0      0
11/04/1990  17245     80  11745   5420      5   5268      7   2129      8   1207      0      0      0   0.00   0.00      0   0.00   12.2  0.016    0.0  0.000      0      0      0      0      0
11/05/1990  17121     74  11501   5546      5   5212      9   2074     10   1308      0      0      0   0.00   0.00      0   0.00   12.4  0.016    0.0  0.000      0      0      0      0      0
11/06/1990  16940     68  11259   5613      5   5184     12   2026     10   1307      0      0      0   0.00   0.00      0   0.00   12.6  0.015    0.0  0.000      0      0      0      0      0
11/07/1990  16741     63  11021   5657      4   5155     15   2032     10   1251      0      0      0   0.00   0.00      0   0.00   12.7  0.015    0.0  0.000      0      0      0      0      0
11/08/1990  16534     58  10790   5686      4   5128     18   2051     10   1231      0      0      0   0.00   0.00      0   0.00   12.9  0.015    0.0  0.000      0      0      0      0      0
11/09/1990  16205     53  10484   5668      5   5099     19   2067     11   1306      0      0      0   0.00   0.00      0   0.00   13.1  0.015    0.0  0.000      0      0      0      0      0
11/10/1990  15809     48  10103   5658      6   5102     20   2094     12   1395      0      0      0   0.00   0.00      0   0.00   13.3  0.015    0.0  0.000      0      0      0      0      0
11/11/1990  15466     43   9726   5697      7   5121     22   2143     12   1448      0      0      0   0.00   0.00      0   0.00   13.5  0.014    0.0  0.000      0      0      0      0      0
11/12/1990  15141     37   9333   5771      9   5209     24   2166     12   1502      0      0      0   0.00   0.00      0   0.00   13.7  0.014    0.0  0.000      0      0      0      0      0
11/13/1990  14771     31   9029   5711     12   5319     25   2181     13   1566      0      0      0   0.00   0.00      0   0.00   13.9  0.014    0.0  0.000      0      0      0      0      0
11/14/1990  14418     25   8777   5616     15   5347     26   2284     13   1538      0      0      0   0.00   0.00      0   0.00   14.0  0.014    0.0  0.000      0      0      0      0      0
11/15/1990  14083     19   8534   5530     19   5359     26   2417     12   1458      0      0      0   0.00   0.00      0   0.00   14.2  0.014    0.0  0.000      0      0      0      0      0
11/16/1990  13741     14   8370   5357     22   5437     28   2516     11   1399      0      0      0   0.00   0.00      0   0.00   14.4  0.013    0.0  0.000      0      0      0      0      0
11/17/1990  13428     10   8331   5087     25   5502     29   2516     11   1430      0      0      0   0.00   0.00      0   0.00   14.6  0.013    0.0  0.000      0      0      0      0      0
11/18/1990  13102      7   8383   4712     29   5563     28   2480     11   1442      0      0      0   0.00   0.00      0   0.00   14.7  0.013    0.0  0.000      0      0      0      0      0
11/19/1990  12790      5   8493   4292     33   5617     28   2467     10   1407      0      0      0   0.00   0.00      0   0.00   14.9  0.013    0.0  0.000      0      0      0      0      0
11/20/1990  13223      5   8618   4600     37   5700     28   2444      7   1223      0      0      0   0.00   0.00      0   0.00   15.0  0.013    0.0  0.000      0      0      0      0      0
11/21/1990  12918      5   8715   4198     41   5798     27   2356      5   1054      0      0      0   0.00   0.00      0   0.00   15.1  0.013    0.0  0.000      0      0      0      0      0
11/22/1990  12029      6   8708   3315     44   5889     26   2336      3    898      0      0      0   0.00   0.00      0   0.00   15.2  0.013    0.0  0.000      0      0      0      0      0
11/23/1990  11773      8   8653   3112     47   5969     22   2209      2    845      0      0      0   0.00   0.00      0   0.00   15.3  0.013    0.0  0.000      0      0      0      0      0
11/24/1990  11640     10   8614   3016     49   6058     19   2011      1    818      0      0      0   0.00   0.00      0   0.00   15.4  0.013    0.0  0.000      0      0      0      0      0
11/25/1990  12081     12   8604   3465     50   6112     17   1804      0    809      0      0      0   0.00   0.00      0   0.00   15.3  0.013    0.0  0.000      0      0      0      0      0
11/26/1990  12540     14   8594   3932     52   6103     13   1612      0    751      0      0      0   0.00   0.00      0   0.00   15.3  0.013    0.0  0.000      0      0      0      0      0
11/27/1990  12929     17   8517   4395     53   6158      9   1422      0    688      0      0      0   0.00   0.00      0   0.00   15.2  0.013    0.0  0.000      0      0      0      0      0
11/28/1990  13313     19   8438   4856     53   6084      6   1390      1    646      0      0      0   0.00   0.00      0   0.00   15.4  0.012    0.0  0.000      0      0      0      0      0
11/29/1990  12964     22   8410   4532     52   5926      3   1309      2    740      0      0      0   0.00   0.00      0   0.00   15.5  0.012    0.0  0.000      0      0      0      0      0
11/30/1990  13104     24   8472   4608     50   5750      2   1212      3    842      0      0      0   0.00   0.00      0   0.00   15.7  0.012    0.0  0.000      0      0      0      0      0
12/01/1990  13577     26   8591   4960     48   5534      2   1191      3    848      0      0      0   0.00   0.00      0   0.00   15.8  0.012    0.0  0.000      0      0      0      0      0
12/02/1990  14069     29   8712   5328     45   5296      2   1231      3    767      0      0      0   0.00   0.00      0   0.00   15.8  0.012    0.0  0.000      0      0      0      0      0
12/03/1990  14284     33   8877   5374     41   5057      3   1245      3    725      0      0      0   0.00   0.00      0   0.00   16.0  0.012    0.0  0.000      0      0      0      0      0
12/04/1990  14486     37   9066   5383     37   4719      4   1288      4    759      0      0      0   0.00   0.00      0   0.00   16.1  0.012    0.0  0.000      0      0      0      0      0
12/05/1990  14951     41   9169   5741     33   4446      5   1310      4    771      0      0      0   0.00   0.00      0   0.00   16.1  0.012    0.0  0.000      0      0      0      0      0
12/06/1990  15018     45   9234   5739     29   4245      6   1324      5    799      0      0      0   0.00   0.00      0   0.00   16.3  0.012    0.0  0.000      0      0      0      0      0
12/07/1990  13279     50   9352   3877     24   4060      8   1307      5    825      0      0      0   0.00   0.00      0   0.00   16.4  0.012    0.0  0.000      0      0      0      0      0
12/08/1990  13315     54   9448   3813     21   3858      8   1239      4    849      0      0      0   0.00   0.00      0   0.00   16.5  0.012    0.0  0.000      0      0      0      0      0
12/09/1990  13303     57   9485   3761     19   3651      9   1275      3    826      0      0      0   0.00   0.00      0   0.00   16.6  0.011    0.0  0.000      0      0      0      0      0
12/10/1990  12974     61   9491   3422     16   3420     10   1365      2    857      0      0      0   0.00   0.00      0   0.00   16.7  0.011    0.0  0.000      0      0      0      0      0
12/11/1990  12934     65   9367   3502     13   3360      9   1363      3    924      0      0      0   0.00   0.00      0   0.00   16.8  0.011    0.0  0.000      0      0      0      0      0
12/12/1990  13216     68   9208   3940     11   3356      9   1342      3    959      0      0      0   0.00   0.00      0   0.00   16.7  0.011    0.0  0.000      0      0      0      0      0
12/13/1990  13504     70   9123   4311      9   3293      9   1451      3    894      0      0      0   0.00   0.00      0   0.00   16.9  0.011    0.0  0.000      0      0      0      0      0
12/14/1990  13759     69   9023   4667     10   3314      8   1488      2    702      0      0      0   0.00   0.00      0   0.00   16.8  0.011    0.0  0.000      0      0      0      0      0
12/15/1990  14009     68   8887   5054     10   3363      8   1476      1    578      0      0      0   0.00   0.00      0   0.00   16.7  0.011    0.0  0.000      0      0      0      0      0
12/16/1990  14284     67   8725   5492     11   3333      7   1496      0    465      0      0      0   0.00   0.00      0   0.00   16.7  0.011    0.0  0.000      0      0      0      0      0
12/17/1990  14479     65   8466   5948     13   3389      5   1364      1    528      0      0      0   0.00   0.00      0   0.00   16.6  0.011    0.0  0.000      0      0      0      0      0
12/18/1990  14664     62   8268   6334     13   3532      5   1197      2    581      0      0      0   0.00   0.00      0   0.00   16.5  0.011    0.0  0.000      0      0      0      0      0
12/19/1990  14894     59   8120   6715     14   3611      4   1037      3    621      0      0      0   0.00   0.00      0   0.00   16.5  0.011    0.0  0.000      0      0      0      0      0
12/20/1990  15180     55   7975   7150     15   3608      4    933      2    497      0      0      0   0.00   0.00      0   0.00   16.4  0.011    0.0  0.000      0      0      0      0      0
12/21/1990  15466     52   7804   7610     16   3584      4    884      1    271      0      0      0   0.00   0.00      0   0.00   16.4  0.011    0.0  0.000      0      0      0      0      0
12/22/1990  15702     50   7573   8079     16   3465      4    956      0     69      0      0      0   0.00   0.00      0   0.00   16.3  0.011    0.0  0.000      0      0      0      0      0
12/23/1990  15907     47   7294   8566     16   3419      3    852      0      0      0      0      0   0.00   0.00      0   0.00   16.3  0.011    0.0  0.000      0      0      0      0      0
12/24/1990  16150     44   7027   9079     15   3324      3    690      0      0      0      0      0   0.00   0.00      0   0.00   16.2  0.011    0.0  0.000      0      0      0      0      0
12/25/1990  16418     41   6766   9611     14   3234      3    497      0     45      0      0      0   0.00   0.00      0   0.00   16.2  0.011    0.0  0.000      0      0      0      0      0
12/26/1990  16634     38   6527  10069     13   3229      3    271      0    154      0      0      0   0.00   0.00      0   0.00   16.1  0.011    0.0  0.000      0      0      0      0      0
12/27/1990  16904     35   6368  10501     13   3146      2     69      1    308      0      0      0   0.00   0.00      0   0.00   16.1  0.011    0.0  0.000      0      0      0      0      0
12/28/1990  17197     32   6192  10973     12   2906      1     45      3    443      0      0      0   0.00   0.00      0   0.00   16.0  0.011    0.0  0.000      0      0      0      0      0
12/29/1990  17436     29   5946  11461     12   2651      0    154      3    413      0      0      0   0.00   0.00      0   0.00   16.0  0.011    0.0  0.000      0      0      0      0      0
12/30/1990  17684     28   5752  11904     10   2389      1    308      3    395      0      0      0   0.00   0.00      0   0.00   16.0  0.011    0.0  0.000      0      0      0      0      0
12/31/1990  18009     26   5642  12341      8   2049      3    488      2    358      0      0      0   0.00   0.00      0   0.00   15.9  0.011    0.0  0.000      0      0      0      0      0
