Varroa Population Simulation - Nov 24,2015  04:09:54 PM
VarroaPop Version 3.2.5.8  June, 2015

                                        Capped  Capped                                                                      Prop           Conc          Conc                                     
            Colony  Adult  Adult         Drone   Wkr    Drone  Wkr    Drone  Wkr  Free   DBrood WBrood DMite  WMite  Mites  Mites  Colony Pollen Colony Nectar   Dead   Dead   Dead   Dead   Dead
     Date   Size   Drones   Wkr   Forgrs Brood  Brood   Larv   Larv    Eggs  Eggs Mites  Mites  Mites  /Cell  /Cell  Dying  Dying  Pollen  Pest  Nectar  Pest    DLarv  WLarv  DAdlt  WAdlt  Forgrs
Initial     10000      0   6363   3637      0      0      0      0      0      0      0      0      0   0.00   0.00      0   0.00    0.0  0.000    0.0  0.000      0      0      0      0      0
05/01/1990   9697      0   6060   3637      0      0      0      0      1    307      0      0      0   0.00   0.00      0   0.00    0.1  0.000    0.0  0.000      0      0      0      0      0
05/02/1990   9394      0   5757   3637      0      0      0      0      2    638      0      0      0   0.00   0.00      0   0.00    0.2  0.000    0.0  0.000      0      0      0      0      0
05/03/1990   9091      0   5454   3637      0      0      0      0      3    999      0      0      0   0.00   0.00      0   0.00    0.4  0.000    0.0  0.000      0      0      0      0      0
05/04/1990   8788      0   5151   3637      0      0      1    307      3   1067      0      0      0   0.00   0.00      0   0.00    0.5  0.000    0.0  0.000      0      0      0      0      0
05/05/1990   8485      0   4848   3637      0      0      2    638      3   1119      0      0      0   0.00   0.00      0   0.00    0.6  0.000    0.0  0.000      0      0      0      0      0
05/06/1990   8182      0   4545   3637      0      0      3    999      3   1133      0      0      0   0.00   0.00      0   0.00    0.8  0.000    0.0  0.000      0      0      0      0      0
05/07/1990   7879      0   4242   3637      0      0      4   1374      3   1106      0      0      0   0.00   0.00      0   0.00    0.9  0.000    0.0  0.000      0      0      0      0      0
05/08/1990   7576      0   3939   3637      0      0      5   1757      3   1066      0      0      0   0.00   0.00      0   0.00    1.0  0.000    0.0  0.000      0      0      0      0      0
05/09/1990   7273      0   3636   3637      0    307      6   1825      3   1008      0      0      0   0.00   0.00      0   0.00    1.2  0.000    0.0  0.000      0      0      0      0      0
05/10/1990   6970      0   3333   3637      0    638      7   1842      2    932      0      0      0   0.00   0.00      0   0.00    1.3  0.000    0.0  0.000      0      0      0      0      0
05/11/1990   6667      0   3030   3637      1    999      7   1824      2    889      0      0      0   0.00   0.00      0   0.00    1.4  0.000    0.0  0.000      0      0      0      0      0
05/12/1990   6363      0   2727   3636      2   1374      7   1766      2    883      0      0      0   0.00   0.00      0   0.00    1.6  0.000    0.0  0.000      0      0      0      0      0
05/13/1990   6060      0   2424   3636      3   1757      6   1655      3    928      0      0      0   0.00   0.00      0   0.00    1.7  0.000    0.0  0.000      0      0      0      0      0
05/14/1990   5757      0   2121   3636      4   2132      6   1580      3    944      0      0      0   0.00   0.00      0   0.00    1.9  0.000    0.0  0.000      0      0      0      0      0
05/15/1990   5454      0   1818   3636      5   2480      6   1543      3    936      0      0      0   0.00   0.00      0   0.00    2.0  0.000    0.0  0.000      0      0      0      0      0
05/16/1990   5151      0   1515   3636      6   2823      6   1517      3    959      0      0      0   0.00   0.00      0   0.00    2.2  0.000    0.0  0.000      0      0      0      0      0
05/17/1990   4848      0   1212   3636      7   3140      6   1516      3    960      0      0      0   0.00   0.00      0   0.00    2.3  0.000    0.0  0.000      0      0      0      0      0
05/18/1990   4545      0    909   3636      8   3412      6   1547      3    940      0      0      0   0.00   0.00      0   0.00    2.5  0.000    0.0  0.000      0      0      0      0      0
05/19/1990   4242      0    606   3636      9   3712      6   1587      2    876      0      0      0   0.00   0.00      0   0.00    2.6  0.000    0.0  0.000      0      0      0      0      0
05/20/1990   3939      0    303   3636      9   4023      7   1593      2    872      0      0      0   0.00   0.00      0   0.00    2.8  0.000    0.0  0.000      0      0      0      0      0
05/21/1990   3636      0      0   3636     10   4340      7   1559      2    917      0      0      0   0.00   0.00      0   0.00    2.9  0.000    0.0  0.000      0      0      0      0      0
05/22/1990   3640      0    307   3333     11   4349      6   1519      3    975      0      0      0   0.00   0.00      0   0.00    3.1  0.000    0.0  0.000      0      0      0      0      0
05/23/1990   3971      0    638   3333     12   4321      6   1529      2    927      0      0      0   0.00   0.00      0   0.00    3.1  0.000    0.0  0.000      0      0      0      0      0
05/24/1990   4029      0    999   3030     13   4300      6   1517      1    861      0      0      0   0.00   0.00      0   0.00    3.2  0.000    0.0  0.000      0      0      0      0      0
05/25/1990   4102      1   1374   2727     13   4242      6   1534      0    808      0      0      0   0.00   0.00      0   0.00    3.3  0.000    0.0  0.000      0      0      0      0      0
05/26/1990   4183      2   1757   2424     13   4142      5   1516      0    814      0      0      0   0.00   0.00      0   0.00    3.4  0.000    0.0  0.000      0      0      0      0      0
05/27/1990   4559      3   2132   2424     13   4043      4   1502      0    775      0      0      0   0.00   0.00      0   0.00    3.4  0.000    0.0  0.000      0      0      0      0      0
05/28/1990   4908      4   2480   2424     13   4008      3   1470      0    715      0      0      0   0.00   0.00      0   0.00    3.4  0.000    0.0  0.000      0      0      0      0      0
05/29/1990   4949      5   2823   2121     12   3993      3   1413      0    681      0      0      0   0.00   0.00      0   0.00    3.5  0.000    0.0  0.000      0      0      0      0      0
05/30/1990   4964      6   3140   1818     12   4010      2   1302      0    681      0      0      0   0.00   0.00      0   0.00    3.5  0.000    0.0  0.000      0      0      0      0      0
05/31/1990   4934      7   3412   1515     12   4003      1   1258      0    653      0      0      0   0.00   0.00      0   0.00    3.6  0.000    0.0  0.000      0      0      0      0      0
06/01/1990   4932      8   3712   1212     12   3965      0   1233      0    593      0      0      0   0.00   0.00      0   0.00    3.6  0.000    0.0  0.000      0      0      0      0      0
06/02/1990   4941      9   4023    909     11   3935      0   1175      0    545      0      0      0   0.00   0.00      0   0.00    3.6  0.000    0.0  0.000      0      0      0      0      0
06/03/1990   4955      9   4340    606     11   3889      0   1097      0    500      0      0      0   0.00   0.00      0   0.00    3.6  0.000    0.0  0.000      0      0      0      0      0
06/04/1990   4969     10   4656    303     10   3796      0   1051      0    432      0      0      0   0.00   0.00      0   0.00    3.6  0.000    0.0  0.000      0      0      0      0      0
06/05/1990   4970     11   4959      0      9   3714      0   1005      0    318      0      0      0   0.00   0.00      0   0.00    3.6  0.000    0.0  0.000      0      0      0      0      0
06/06/1990   5311     12   5299      0      8   3611      0    916      0    170      0      0      0   0.00   0.00      0   0.00    3.6  0.000    0.0  0.000      0      0      0      0      0
06/07/1990   5629     13   5616      0      7   3517      0    802      0     61      0      0      0   0.00   0.00      0   0.00    3.5  0.000    0.0  0.000      0      0      0      0      0
06/08/1990   5913     14   5899      0      6   3427      0    670      0      0      0      0      0   0.00   0.00      0   0.00    3.5  0.000    0.0  0.000      0      0      0      0      0
06/09/1990   6190     15   6175      0      5   3328      0    493      0      0      0      0      0   0.00   0.00      0   0.00    3.4  0.000    0.0  0.000      0      0      0      0      0
06/10/1990   6504     16   6488      0      4   3190      0    318      0      0      0      0      0   0.00   0.00      0   0.00    3.4  0.000    0.0  0.000      0      0      0      0      0
06/11/1990   6833     17   6816      0      3   3010      0    170      0      0      0      0      0   0.00   0.00      0   0.00    3.3  0.000    0.0  0.000      0      0      0      0      0
06/12/1990   7167     17   6843    307      3   2785      0     61      0      0      0      0      0   0.00   0.00      0   0.00    3.3  0.000    0.0  0.000      0      0      0      0      0
06/13/1990   7433     18   6777    638      2   2581      0      0      0     56      0      0      0   0.00   0.00      0   0.00    3.3  0.000    0.0  0.000      0      0      0      0      0
06/14/1990   7696     19   6678    999      1   2319      0      0      0    155      0      0      0   0.00   0.00      0   0.00    3.3  0.000    0.0  0.000      0      0      0      0      0
06/15/1990   7977     19   6584   1374      0   2038      0      0      0    300      0      0      0   0.00   0.00      0   0.00    3.3  0.000    0.0  0.000      0      0      0      0      0
06/16/1990   8247     18   6472   1757      0   1767      0     56      0    438      0      0      0   0.00   0.00      0   0.00    3.3  0.000    0.0  0.000      0      0      0      0      0
06/17/1990   8469     17   6320   2132      0   1544      0    155      0    579      0      0      0   0.00   0.00      0   0.00    3.4  0.000    0.0  0.000      0      0      0      0      0
06/18/1990   8689     16   6193   2480      0   1323      0    300      0    692      0      0      0   0.00   0.00      0   0.00    3.5  0.000    0.0  0.000      0      0      0      0      0
06/19/1990   8925     15   6087   2823      0   1086      0    494      0    800      0      0      0   0.00   0.00      0   0.00    3.6  0.000    0.0  0.000      0      0      0      0      0
06/20/1990   9147     14   5993   3140      0    863      0    734      0    911      0      0      0   0.00   0.00      0   0.00    3.7  0.000    0.0  0.000      0      0      0      0      0
06/21/1990   9339     13   5914   3412      0    726      0    936      1   1025      0      0      0   0.00   0.00      0   0.00    3.8  0.000    0.0  0.000      0      0      0      0      0
06/22/1990   9515     12   5791   3712      0    648      0   1139      2   1085      0      0      0   0.00   0.00      0   0.00    3.9  0.000    0.0  0.000      0      0      0      0      0
06/23/1990   9689     11   5655   4023      0    618      0   1345      3   1112      0      0      0   0.00   0.00      0   0.00    4.0  0.000    0.0  0.000      0      0      0      0      0
06/24/1990   9530     11   5486   4033      0    664      1   1523      4   1140      0      0      0   0.00   0.00      0   0.00    4.2  0.000    0.0  0.000      0      0      0      0      0
06/25/1990   9307     10   5279   4018      0    795      2   1645      5   1178      0      0      0   0.00   0.00      0   0.00    4.3  0.000    0.0  0.000      0      0      0      0      0
06/26/1990   9006      9   5037   3960      0    992      3   1765      6   1203      0      0      0   0.00   0.00      0   0.00    4.5  0.000    0.0  0.000      0      0      0      0      0
06/27/1990   8630      8   4697   3925      0   1294      5   1863      6   1196      0      0      0   0.00   0.00      0   0.00    4.6  0.000    0.0  0.000      0      0      0      0      0
06/28/1990   8246      7   4380   3859      0   1645      7   1912      6   1181      0      0      0   0.00   0.00      0   0.00    4.7  0.000    0.0  0.000      0      0      0      0      0
06/29/1990   7870      6   4097   3767      0   2017      9   1943      6   1180      0      0      0   0.00   0.00      0   0.00    4.9  0.000    0.0  0.000      0      0      0      0      0
06/30/1990   7521      5   3821   3695      0   2379     11   1974      6   1187      0      0      0   0.00   0.00      0   0.00    5.0  0.000    0.0  0.000      0      0      0      0      0
07/01/1990   7177      4   3508   3665      1   2757     12   1981      5   1198      0      0      0   0.00   0.00      0   0.00    5.2  0.000    0.0  0.000      0      0      0      0      0
07/02/1990   6859      3   3180   3676      2   3157     13   1983      4   1175      0      0      0   0.00   0.00      0   0.00    5.3  0.000    0.0  0.000      0      0      0      0      0
07/03/1990   6587      3   2846   3738      3   3557     14   1983      3   1151      0      0      0   0.00   0.00      0   0.00    5.4  0.000    0.0  0.000      0      0      0      0      0
07/04/1990   6342      2   2637   3703      5   3904     13   1976      3   1120      0      0      0   0.00   0.00      0   0.00    5.6  0.000    0.0  0.000      0      0      0      0      0
07/05/1990   6129      1   2474   3654      7   4198     12   1962      3   1109      0      0      0   0.00   0.00      0   0.00    5.7  0.000    0.0  0.000      0      0      0      0      0
07/06/1990   5956      0   2338   3618      9   4438     11   1953      3   1100      0      0      0   0.00   0.00      0   0.00    5.9  0.000    0.0  0.000      0      0      0      0      0
07/07/1990   5834      0   2261   3573     11   4646     10   1916      3   1112      0      0      0   0.00   0.00      0   0.00    6.0  0.000    0.0  0.000      0      0      0      0      0
07/08/1990   5771      0   2278   3493     13   4806      9   1884      3   1122      0      0      0   0.00   0.00      0   0.00    6.1  0.000    0.0  0.000      0      0      0      0      0
07/09/1990   5689      0   2315   3374     15   4944      8   1855      3   1133      0      0      0   0.00   0.00      0   0.00    6.3  0.000    0.0  0.000      0      0      0      0      0
07/10/1990   5674      0   2380   3294     17   5021      7   1853      3   1141      0      0      0   0.00   0.00      0   0.00    6.4  0.000    0.0  0.000      0      0      0      0      0
07/11/1990   5742      0   2508   3234     18   5046      7   1855      3   1148      0      0      0   0.00   0.00      0   0.00    6.5  0.000    0.0  0.000      0      0      0      0      0
07/12/1990   5838      0   2687   3151     19   5039      7   1868      3   1152      0      0      0   0.00   0.00      0   0.00    6.7  0.000    0.0  0.000      0      0      0      0      0
07/13/1990   5887      0   2872   3015     20   5045      7   1885      3   1144      0      0      0   0.00   0.00      0   0.00    6.8  0.000    0.0  0.000      0      0      0      0      0
07/14/1990   5937      0   3075   2862     21   5034      7   1903      3   1127      0      0      0   0.00   0.00      0   0.00    6.9  0.000    0.0  0.000      0      0      0      0      0
07/15/1990   6004      1   3327   2676     21   5011      7   1908      2   1103      0      0      0   0.00   0.00      0   0.00    7.0  0.000    0.0  0.000      0      0      0      0      0
07/16/1990   6140      2   3618   2520     21   4989      7   1907      1   1061      0      0      0   0.00   0.00      0   0.00    7.1  0.000    0.0  0.000      0      0      0      0      0
07/17/1990   6282      3   3960   2319     21   4964      7   1897      0   1015      0      0      0   0.00   0.00      0   0.00    7.2  0.000    0.0  0.000      0      0      0      0      0
07/18/1990   6396      5   4353   2038     20   4956      6   1870      0    970      0      0      0   0.00   0.00      0   0.00    7.2  0.000    0.0  0.000      0      0      0      0      0
07/19/1990   6512      7   4738   1767     19   4956      5   1820      0    929      0      0      0   0.00   0.00      0   0.00    7.3  0.000    0.0  0.000      0      0      0      0      0
07/20/1990   6693      9   5140   1544     18   4936      4   1760      0    878      0      0      0   0.00   0.00      0   0.00    7.3  0.000    0.0  0.000      0      0      0      0      0
07/21/1990   6874     11   5540   1323     17   4913      3   1696      0    813      0      0      0   0.00   0.00      0   0.00    7.3  0.000    0.0  0.000      0      0      0      0      0
07/22/1990   7035     13   5936   1086     16   4885      2   1622      0    742      0      0      0   0.00   0.00      0   0.00    7.4  0.000    0.0  0.000      0      0      0      0      0
07/23/1990   7193     15   6315    863     15   4864      1   1535      0    658      0      0      0   0.00   0.00      0   0.00    7.3  0.000    0.0  0.000      0      0      0      0      0
07/24/1990   7378     17   6691    670     14   4823      0   1448      0    560      0      0      0   0.00   0.00      0   0.00    7.3  0.000    0.0  0.000      0      0      0      0      0
07/25/1990   7567     18   7000    549     13   4780      0   1349      0    458      0      0      0   0.00   0.00      0   0.00    7.3  0.000    0.0  0.000      0      0      0      0      0
07/26/1990   7761     19   7269    473     12   4725      0   1223      0    378      0      0      0   0.00   0.00      0   0.00    7.3  0.000    0.0  0.000      0      0      0      0      0
07/27/1990   7981     20   7491    470     11   4652      0   1079      0    326      0      0      0   0.00   0.00      0   0.00    7.3  0.000    0.0  0.000      0      0      0      0      0
07/28/1990   8250     21   7674    555     10   4546      0    929      0    304      0      0      0   0.00   0.00      0   0.00    7.2  0.000    0.0  0.000      0      0      0      0      0
07/29/1990   8568     22   7812    734      9   4416      0    788      0    311      0      0      0   0.00   0.00      0   0.00    7.2  0.000    0.0  0.000      0      0      0      0      0
07/30/1990   8947     23   7932    992      8   4261      0    663      0    355      0      0      0   0.00   0.00      0   0.00    7.2  0.000    0.0  0.000      0      0      0      0      0
07/31/1990   9333     24   8015   1294      7   4063      0    575      0    433      0      0      0   0.00   0.00      0   0.00    7.2  0.000    0.0  0.000      0      0      0      0      0
08/01/1990   9719     25   8049   1645      6   3828      0    539      0    533      0      0      0   0.00   0.00      0   0.00    7.2  0.000    0.0  0.000      0      0      0      0      0
08/02/1990  10102     26   8059   2017      5   3567      0    560      0    640      0      0      0   0.00   0.00      0   0.00    7.3  0.000    0.0  0.000      0      0      0      0      0
08/03/1990  10480     27   8074   2379      4   3297      0    630      0    746      0      0      0   0.00   0.00      0   0.00    7.3  0.000    0.0  0.000      0      0      0      0      0
08/04/1990  10849     28   8064   2757      3   3027      0    746      0    845      0      0      0   0.00   0.00      0   0.00    7.4  0.000    0.0  0.000      0      0      0      0      0
08/05/1990  11207     28   8022   3157      2   2768      0    896      0    945      0      0      0   0.00   0.00      0   0.00    7.5  0.000    0.0  0.000      0      0      0      0      0
08/06/1990  11486     28   7957   3501      1   2547      0   1065      1   1039      0      0      0   0.00   0.00      0   0.00    7.6  0.000    0.0  0.000      0      0      0      0      0
08/07/1990  11709     28   7876   3805      0   2367      0   1236      2   1124      0      0      0   0.00   0.00      0   0.00    7.7  0.000    0.0  0.000      0      0      0      0      0
08/08/1990  11875     26   7796   4053      0   2231      0   1408      4   1189      0      0      0   0.00   0.00      0   0.00    7.8  0.000    0.0  0.000      0      0      0      0      0
08/09/1990  11973     24   7705   4244      0   2151      1   1571      5   1240      0      0      0   0.00   0.00      0   0.00    7.9  0.000    0.0  0.000      0      0      0      0      0
08/10/1990  12002     22   7574   4406      0   2129      2   1720      6   1279      0      0      0   0.00   0.00      0   0.00    8.1  0.000    0.0  0.000      0      0      0      0      0
08/11/1990  11990     20   7422   4548      0   2164      4   1851      6   1311      0      0      0   0.00   0.00      0   0.00    8.2  0.000    0.0  0.000      0      0      0      0      0
08/12/1990  11909     18   7249   4642      0   2254      6   1966      7   1334      0      0      0   0.00   0.00      0   0.00    8.4  0.000    0.0  0.000      0      0      0      0      0
08/13/1990  11743     16   7057   4670      0   2416      8   2054      8   1341      0      0      0   0.00   0.00      0   0.00    8.6  0.000    0.0  0.000      0      0      0      0      0
08/14/1990  11519     14   6831   4674      0   2643     10   2123      9   1317      0      0      0   0.00   0.00      0   0.00    8.7  0.000    0.0  0.000      0      0      0      0      0
08/15/1990  11277     13   6587   4677      0   2920     13   2176      8   1259      0      0      0   0.00   0.00      0   0.00    8.9  0.000    0.0  0.000      0      0      0      0      0
08/16/1990  11005     12   6326   4667      1   3227     15   2206      7   1216      0      0      0   0.00   0.00      0   0.00    9.0  0.000    0.0  0.000      0      0      0      0      0
08/17/1990  10702     11   6057   4634      2   3557     17   2200      6   1202      0      0      0   0.00   0.00      0   0.00    9.2  0.000    0.0  0.000      0      0      0      0      0
08/18/1990  10400     10   5779   4611      4   3895     17   2156      6   1186      0      0      0   0.00   0.00      0   0.00    9.4  0.000    0.0  0.000      0      0      0      0      0
08/19/1990   5942      0   5439    503      6   4227     15   2071      6   1160      0      0      0   0.00   0.00      0   0.00    9.5  0.025    0.0  0.000      2     40      1     70   4068
08/20/1990   5806      0   5233    573      8   4503     14   2060      4    845      0      0      0   0.00   0.00      0   0.00    9.5  0.025    0.0  0.000      1      1      0      0    236
08/21/1990   5807      0   5062    745     10   4763     13   2000      2    573      0      0      0   0.00   0.00      0   0.00    9.5  0.025    0.0  0.000      1      0      0      0    134
08/22/1990   5923      0   4928    995     12   4970     13   1954      0    334      0      0      0   0.00   0.00      0   0.00    9.5  0.026    0.0  0.000      0      0      0      0     56
08/23/1990   6110      0   4829   1281     14   5114     11   1654      0    413      0      0      0   0.00   0.00      0   0.00    9.6  0.026    0.0  0.000      0      0      0      0     20
08/24/1990   6345      0   4764   1581     16   5232      9   1358      0    494      0      0      0   0.00   0.00      0   0.00    9.6  0.027    0.0  0.000      0      0      0      0      6
08/25/1990   6614      0   4729   1885     17   5327      8   1086      0    555      0      0      0   0.00   0.00      0   0.00    9.7  0.027    0.0  0.000      0      0      0      0      2
08/26/1990   6920      0   4730   2190     19   5355      6    881      0    612      0      0      0   0.00   0.00      0   0.00    9.7  0.028    0.0  0.000      0      0      0      0      1
08/27/1990   7255      0   4759   2496     21   5353      4    692      0    692      0      0      0   0.00   0.00      0   0.00    9.8  0.028    0.0  0.000      0      0      0      0      0
08/28/1990   7611      0   4809   2802     23   5048      2    796      0    791      0      0      0   0.00   0.00      0   0.00    9.9  0.027    0.0  0.000      0      0      0      0      0
08/29/1990   7983      0   4875   3108     25   4739      0    920      0    888      0      0      0   0.00   0.00      0   0.00   10.0  0.027    0.0  0.000      0      0      0      0      0
08/30/1990   8370      1   4955   3414     24   4447      0   1050      0    953      0      0      0   0.00   0.00      0   0.00   10.1  0.027    0.0  0.000      0      0      0      0      0
08/31/1990   8767      2   5206   3559     23   4182      0   1174      1   1001      0      0      0   0.00   0.00      0   0.00   10.3  0.026    0.0  0.000      0      0      0      0      0
09/01/1990   9103      4   5466   3633     21   3922      0   1314      2   1038      0      0      0   0.00   0.00      0   0.00   10.4  0.026    0.0  0.000      0      0      0      0      0
09/02/1990   9523      6   5698   3819     19   3701      0   1448      3   1076      0      0      0   0.00   0.00      0   0.00   10.4  0.026    0.0  0.000      0      0      0      0      0
09/03/1990   9748      8   5949   3791     17   3493      1   1563      3   1107      0      0      0   0.00   0.00      0   0.00   10.5  0.026    0.0  0.000      0      0      0      0      0
09/04/1990   9879     10   6184   3685     15   3338      2   1660      3   1116      0      0      0   0.00   0.00      0   0.00   10.6  0.025    0.0  0.000      0      0      0      0      0
09/05/1990   9946     12   6391   3543     13   3241      3   1733      3   1121      0      0      0   0.00   0.00      0   0.00   10.7  0.025    0.0  0.000      0      0      0      0      0
09/06/1990  10007     14   6606   3387     11   3166      4   1782      3   1114      0      0      0   0.00   0.00      0   0.00   10.8  0.025    0.0  0.000      0      0      0      0      0
09/07/1990  10071     16   6916   3139      9   3089      5   1823      3   1099      0      0      0   0.00   0.00      0   0.00   10.9  0.025    0.0  0.000      0      0      0      0      0
09/08/1990  10102     17   7195   2890      8   3056      6   1853      2   1065      0      0      0   0.00   0.00      0   0.00   11.0  0.024    0.0  0.000      0      0      0      0      0
09/09/1990  10131     19   7457   2655      6   3044      7   1858      1   1026      0      0      0   0.00   0.00      0   0.00   11.1  0.024    0.0  0.000      0      0      0      0      0
09/10/1990   9878     21   7408   2449      5   3320      7   1846      0    995      0      0      0   0.00   0.00      0   0.00   11.1  0.024    0.0  0.000      0      0      0      0      0
09/11/1990   9637     23   7336   2278      4   3590      6   1811      0    957      0      0      0   0.00   0.00      0   0.00   11.2  0.024    0.0  0.000      0      0      0      0      0
09/12/1990   9427     25   7258   2144      3   3826      5   1768      0    916      0      0      0   0.00   0.00      0   0.00   11.2  0.024    0.0  0.000      0      0      0      0      0
09/13/1990   9413     25   7181   2207      4   4028      4   1720      0    867      0      0      0   0.00   0.00      0   0.00   11.3  0.024    0.0  0.000      0      0      0      0      0
09/14/1990   9227     25   7084   2118      5   4210      3   1654      0    826      0      0      0   0.00   0.00      0   0.00   11.3  0.024    0.0  0.000      0      0      0      0      0
09/15/1990   9238     25   6968   2245      6   4370      2   1585      0    791      0      0      0   0.00   0.00      0   0.00   11.4  0.024    0.0  0.000      0      0      0      0      0
09/16/1990   9281     25   6848   2408      7   4481      1   1522      0    775      0      0      0   0.00   0.00      0   0.00   11.4  0.024    0.0  0.000      0      0      0      0      0
09/17/1990   9361     25   6737   2599      8   4544      0   1454      0    792      0      0      0   0.00   0.00      0   0.00   11.5  0.023    0.0  0.000      0      0      0      0      0
09/18/1990   9471     25   6635   2811      8   4574      0   1381      0    823      0      0      0   0.00   0.00      0   0.00   11.6  0.023    0.0  0.000      0      0      0      0      0
09/19/1990   9699     25   6547   3127      8   4550      0   1340      0    855      0      0      0   0.00   0.00      0   0.00   11.7  0.023    0.0  0.000      0      0      0      0      0
09/20/1990   9931     24   6450   3457      8   4507      0   1330      0    905      0      0      0   0.00   0.00      0   0.00   11.8  0.023    0.0  0.000      0      0      0      0      0
09/21/1990  10161     23   6357   3781      8   4440      0   1337      1    969      0      0      0   0.00   0.00      0   0.00   11.9  0.023    0.0  0.000      0      0      0      0      0
09/22/1990  10380     21   6274   4085      8   4338      0   1369      2   1019      0      0      0   0.00   0.00      0   0.00   12.0  0.022    0.0  0.000      0      0      0      0      0
09/23/1990  10570     19   6225   4326      8   4222      0   1444      3   1026      0      0      0   0.00   0.00      0   0.00   12.2  0.022    0.0  0.000      0      0      0      0      0
09/24/1990  10730     18   6163   4549      7   4108      1   1531      4   1041      0      0      0   0.00   0.00      0   0.00   12.4  0.022    0.0  0.000      0      0      0      0      0
09/25/1990  10852     17   6114   4721      6   4014      2   1596      5   1067      0      0      0   0.00   0.00      0   0.00   12.5  0.021    0.0  0.000      0      0      0      0      0
09/26/1990  10942     16   6095   4831      5   3924      3   1647      6   1106      0      0      0   0.00   0.00      0   0.00   12.7  0.021    0.0  0.000      0      0      0      0      0
09/27/1990  10996     15   6062   4919      4   3849      5   1717      6   1122      0      0      0   0.00   0.00      0   0.00   12.9  0.021    0.0  0.000      0      0      0      0      0
09/28/1990  11003     14   6011   4978      3   3820      7   1758      6   1144      0      0      0   0.00   0.00      0   0.00   13.1  0.021    0.0  0.000      0      0      0      0      0
09/29/1990  10966     14   5974   4978      2   3828      9   1784      7   1181      0      0      0   0.00   0.00      0   0.00   13.3  0.020    0.0  0.000      0      0      0      0      0
09/30/1990  10896     13   5928   4955      1   3842     11   1820      8   1225      0      0      0   0.00   0.00      0   0.00   13.4  0.020    0.0  0.000      0      0      0      0      0
10/01/1990  10807     12   6161   4634      1   3851     12   1876      9   1259      0      0      0   0.00   0.00      0   0.00   13.6  0.020    0.0  0.000      0      0      0      0      0
10/02/1990  10679     10   6358   4311      2   3912     14   1924      8   1233      0      0      0   0.00   0.00      0   0.00   13.8  0.020    0.0  0.000      0      0      0      0      0
10/03/1990  10528      8   6510   4010      3   3993     16   1978      7   1184      0      0      0   0.00   0.00      0   0.00   13.9  0.019    0.0  0.000      0      0      0      0      0
10/04/1990  10359      8   6615   3736      5   4090     17   2029      6   1150      0      0      0   0.00   0.00      0   0.00   14.0  0.019    0.0  0.000      0      0      0      0      0
10/05/1990  10202      8   6690   3504      7   4208     17   2035      5   1114      0      0      0   0.00   0.00      0   0.00   14.1  0.019    0.0  0.000      0      0      0      0      0
10/06/1990  10018      8   6746   3264      9   4346     17   2018      4   1047      0      0      0   0.00   0.00      0   0.00   14.2  0.019    0.0  0.000      0      0      0      0      0
10/07/1990   9858      8   6778   3072     11   4496     17   1998      2    930      0      0      0   0.00   0.00      0   0.00   14.3  0.019    0.0  0.000      0      0      0      0      0
10/08/1990   9743      8   6790   2945     13   4641     16   1924      1    852      0      0      0   0.00   0.00      0   0.00   14.4  0.019    0.0  0.000      0      0      0      0      0
10/09/1990   9626      8   6778   2840     16   4782     14   1806      0    827      0      0      0   0.00   0.00      0   0.00   14.5  0.019    0.0  0.000      0      0      0      0      0
10/10/1990   9511      8   6745   2758     19   4874     11   1695      0    823      0      0      0   0.00   0.00      0   0.00   14.6  0.018    0.0  0.000      0      0      0      0      0
10/11/1990   9462      8   6742   2712     22   4920      8   1592      0    818      0      0      0   0.00   0.00      0   0.00   14.6  0.018    0.0  0.000      0      0      0      0      0
10/12/1990   9435      8   6746   2681     24   4963      6   1483      0    803      0      0      0   0.00   0.00      0   0.00   14.7  0.018    0.0  0.000      0      0      0      0      0
10/13/1990   9685      8   6726   2951     26   4969      4   1404      0    795      0      0      0   0.00   0.00      0   0.00   14.8  0.018    0.0  0.000      0      0      0      0      0
10/14/1990   9915      8   6692   3215     28   4941      2   1363      0    809      0      0      0   0.00   0.00      0   0.00   14.9  0.018    0.0  0.000      0      0      0      0      0
10/15/1990  10142      8   6680   3454     28   4852      1   1356      0    839      0      0      0   0.00   0.00      0   0.00   15.0  0.018    0.0  0.000      0      0      0      0      0
10/16/1990  10339      8   6677   3654     28   4754      0   1347      1    878      0      0      0   0.00   0.00      0   0.00   15.1  0.018    0.0  0.000      0      0      0      0      0
10/17/1990  10527      8   6677   3842     27   4662      0   1345      2    907      0      0      0   0.00   0.00      0   0.00   15.2  0.018    0.0  0.000      0      0      0      0      0
10/18/1990  10710      9   6688   4013     25   4553      0   1372      3    933      0      0      0   0.00   0.00      0   0.00   15.4  0.017    0.0  0.000      0      0      0      0      0
10/19/1990  10873     10   6722   4141     23   4428      1   1407      3    925      0      0      0   0.00   0.00      0   0.00   15.5  0.017    0.0  0.000      0      0      0      0      0
10/20/1990  11019     11   6793   4215     21   4284      2   1449      3    890      0      0      0   0.00   0.00      0   0.00   15.7  0.017    0.0  0.000      0      0      0      0      0
10/21/1990  11147     12   6887   4248     19   4123      3   1510      3    871      0      0      0   0.00   0.00      0   0.00   15.8  0.017    0.0  0.000      0      0      0      0      0
10/22/1990  11247     13   6986   4248     17   3978      4   1523      3    885      0      0      0   0.00   0.00      0   0.00   15.9  0.017    0.0  0.000      0      0      0      0      0
10/23/1990  11304     16   7069   4219     14   3890      5   1500      3    926      0      0      0   0.00   0.00      0   0.00   16.1  0.017    0.0  0.000      0      0      0      0      0
10/24/1990  11337     19   7155   4163     11   3817      6   1503      3    952      0      0      0   0.00   0.00      0   0.00   16.2  0.017    0.0  0.000      0      0      0      0      0
10/25/1990  11368     22   7269   4077      8   3735      7   1501      3    979      0      0      0   0.00   0.00      0   0.00   16.4  0.016    0.0  0.000      0      0      0      0      0
10/26/1990  11350     24   7357   3969      7   3709      7   1493      3    969      0      0      0   0.00   0.00      0   0.00   16.5  0.016    0.0  0.000      0      0      0      0      0
10/27/1990  11284     26   7411   3847      6   3695      7   1530      3    952      0      0      0   0.00   0.00      0   0.00   16.6  0.016    0.0  0.000      0      0      0      0      0
10/28/1990  11188     28   7424   3736      5   3695      7   1590      3    915      0      0      0   0.00   0.00      0   0.00   16.7  0.016    0.0  0.000      0      0      0      0      0
10/29/1990  11086     29   7417   3640      5   3728      7   1591      3    898      0      0      0   0.00   0.00      0   0.00   16.8  0.016    0.0  0.000      0      0      0      0      0
10/30/1990  11001     30   7415   3556      5   3753      7   1597      2    848      0      0      0   0.00   0.00      0   0.00   17.0  0.016    0.0  0.000      0      0      0      0      0
10/31/1990  10914     30   7392   3492      6   3798      7   1579      1    800      0      0      0   0.00   0.00      0   0.00   17.1  0.016    0.0  0.000      0      0      0      0      0
11/01/1990  10828     30   7330   3468      7   3862      7   1537      0    712      0      0      0   0.00   0.00      0   0.00   17.2  0.016    0.0  0.000      0      0      0      0      0
11/02/1990  10755     30   7249   3476      8   3929      6   1466      0    635      0      0      0   0.00   0.00      0   0.00   17.3  0.016    0.0  0.000      0      0      0      0      0
11/03/1990  10681     30   7168   3483      9   3972      5   1410      0    583      0      0      0   0.00   0.00      0   0.00   17.4  0.015    0.0  0.000      0      0      0      0      0
11/04/1990  10650     30   7113   3507     10   4005      4   1297      0    601      0      0      0   0.00   0.00      0   0.00   17.5  0.015    0.0  0.000      0      0      0      0      0
11/05/1990  10650     29   7047   3574     11   4005      3   1186      0    641      0      0      0   0.00   0.00      0   0.00   17.6  0.015    0.0  0.000      0      0      0      0      0
11/06/1990  10666     28   6979   3659     12   3992      2   1095      0    635      0      0      0   0.00   0.00      0   0.00   17.7  0.015    0.0  0.000      0      0      0      0      0
11/07/1990  10707     27   6914   3766     13   3946      1   1050      0    607      0      0      0   0.00   0.00      0   0.00   17.8  0.015    0.0  0.000      0      0      0      0      0
11/08/1990  10770     25   6858   3887     14   3872      0   1027      0    601      0      0      0   0.00   0.00      0   0.00   17.9  0.015    0.0  0.000      0      0      0      0      0
11/09/1990  10797     24   6760   4013     13   3779      0   1018      0    644      0      0      0   0.00   0.00      0   0.00   18.1  0.015    0.0  0.000      0      0      0      0      0
11/10/1990  10789     23   6623   4143     12   3691      0   1022      0    697      0      0      0   0.00   0.00      0   0.00   18.2  0.015    0.0  0.000      0      0      0      0      0
11/11/1990  10806     22   6504   4280     11   3584      0   1045      1    734      0      0      0   0.00   0.00      0   0.00   18.4  0.015    0.0  0.000      0      0      0      0      0
11/12/1990  10818     21   6386   4411     10   3495      0   1061      2    773      0      0      0   0.00   0.00      0   0.00   18.5  0.015    0.0  0.000      0      0      0      0      0
11/13/1990  10803     19   6316   4468      9   3406      0   1078      3    817      0      0      0   0.00   0.00      0   0.00   18.7  0.014    0.0  0.000      0      0      0      0      0
11/14/1990  10783     17   6272   4494      8   3267      1   1144      3    809      0      0      0   0.00   0.00      0   0.00   18.8  0.014    0.0  0.000      0      0      0      0      0
11/15/1990  10772     15   6215   4542      7   3123      2   1227      3    774      0      0      0   0.00   0.00      0   0.00   19.0  0.014    0.0  0.000      0      0      0      0      0
11/16/1990  10741     14   6171   4556      6   3038      3   1294      3    751      0      0      0   0.00   0.00      0   0.00   19.2  0.014    0.0  0.000      0      0      0      0      0
11/17/1990  10690     13   6177   4500      5   2959      4   1309      3    779      0      0      0   0.00   0.00      0   0.00   19.3  0.014    0.0  0.000      0      0      0      0      0
11/18/1990  10617     12   6200   4405      4   2905      5   1304      3    797      0      0      0   0.00   0.00      0   0.00   19.5  0.014    0.0  0.000      0      0      0      0      0
11/19/1990  10531     12   6217   4302      3   2874      6   1311      3    793      0      0      0   0.00   0.00      0   0.00   19.6  0.014    0.0  0.000      0      0      0      0      0
11/20/1990  10782     12   6198   4572      2   2884      7   1315      2    705      0      0      0   0.00   0.00      0   0.00   19.8  0.014    0.0  0.000      0      0      0      0      0
11/21/1990  10654     13   6177   4464      2   2922      7   1284      1    619      0      0      0   0.00   0.00      0   0.00   20.0  0.013    0.0  0.000      0      0      0      0      0
11/22/1990  10066     14   6111   3941      2   2971      7   1295      0    539      0      0      0   0.00   0.00      0   0.00   20.1  0.013    0.0  0.000      0      0      0      0      0
11/23/1990   9829     14   6030   3785      3   3023      6   1246      0    520      0      0      0   0.00   0.00      0   0.00   20.2  0.013    0.0  0.000      0      0      0      0      0
11/24/1990   9601     14   5965   3622      4   3090      5   1152      0    520      0      0      0   0.00   0.00      0   0.00   20.3  0.013    0.0  0.000      0      0      0      0      0
11/25/1990   9807     14   5903   3890      5   3149      4   1055      0    527      0      0      0   0.00   0.00      0   0.00   20.3  0.013    0.0  0.000      0      0      0      0      0
11/26/1990  10021     14   5832   4175      6   3179      3    969      0    487      0      0      0   0.00   0.00      0   0.00   20.3  0.013    0.0  0.000      0      0      0      0      0
11/27/1990  10200     14   5722   4464      7   3248      2    879      0    436      0      0      0   0.00   0.00      0   0.00   20.2  0.013    0.0  0.000      0      0      0      0      0
11/28/1990  10378     14   5603   4761      8   3247      1    877      0    395      0      0      0   0.00   0.00      0   0.00   20.4  0.013    0.0  0.000      0      0      0      0      0
11/29/1990   9858     14   5500   4344      9   3197      0    837      0    441      0      0      0   0.00   0.00      0   0.00   20.5  0.013    0.0  0.000      0      0      0      0      0
11/30/1990   9703     13   5441   4249      9   3143      0    776      0    496      0      0      0   0.00   0.00      0   0.00   20.7  0.013    0.0  0.000      0      0      0      0      0
12/01/1990   9933     12   5410   4511      9   3070      0    752      0    492      0      0      0   0.00   0.00      0   0.00   20.9  0.013    0.0  0.000      0      0      0      0      0
12/02/1990  10177     11   5363   4803      9   2983      0    758      0    440      0      0      0   0.00   0.00      0   0.00   20.8  0.013    0.0  0.000      0      0      0      0      0
12/03/1990  10105     10   5329   4766      9   2897      0    745      0    411      0      0      0   0.00   0.00      0   0.00   21.0  0.013    0.0  0.000      0      0      0      0      0
12/04/1990  10089      9   5301   4779      9   2740      0    757      0    428      0      0      0   0.00   0.00      0   0.00   21.2  0.013    0.0  0.000      0      0      0      0      0
12/05/1990  10326      9   5220   5097      8   2610      0    762      0    433      0      0      0   0.00   0.00      0   0.00   21.1  0.013    0.0  0.000      0      0      0      0      0
12/06/1990  10296      9   5124   5163      7   2518      0    761      0    448      0      0      0   0.00   0.00      0   0.00   21.3  0.012    0.0  0.000      0      0      0      0      0
12/07/1990  10029      9   5083   4937      6   2430      0    744      0    464      0      0      0   0.00   0.00      0   0.00   21.5  0.012    0.0  0.000      0      0      0      0      0
12/08/1990  10040      9   5047   4984      5   2327      0    699      0    504      0      0      0   0.00   0.00      0   0.00   21.7  0.012    0.0  0.000      0      0      0      0      0
12/09/1990  10035      9   5006   5020      4   2213      0    717      0    521      0      0      0   0.00   0.00      0   0.00   21.9  0.012    0.0  0.000      0      0      0      0      0
12/10/1990  10033      9   4978   5046      3   2077      0    768      1    578      0      0      0   0.00   0.00      0   0.00   22.1  0.012    0.0  0.000      0      0      0      0      0
12/11/1990   9087      9   4904   4174      2   2033      0    792      2    639      0      0      0   0.00   0.00      0   0.00   22.3  0.012    0.0  0.000      0      0      0      0      0
12/12/1990   9245      9   4825   4411      1   2022      0    810      2    654      0      0      0   0.00   0.00      0   0.00   22.2  0.012    0.0  0.000      0      0      0      0      0
12/13/1990   9413      9   4805   4599      0   1971      1    913      1    594      0      0      0   0.00   0.00      0   0.00   22.4  0.012    0.0  0.000      0      0      0      0      0
12/14/1990   9571      9   4789   4773      0   1961      2    983      0    444      0      0      0   0.00   0.00      0   0.00   22.4  0.012    0.0  0.000      0      0      0      0      0
12/15/1990   9729      9   4762   4958      0   1966      2   1000      0    355      0      0      0   0.00   0.00      0   0.00   22.3  0.012    0.0  0.000      0      0      0      0      0
12/16/1990   9904      9   4731   5164      0   1948      2   1003      0    279      0      0      0   0.00   0.00      0   0.00   22.3  0.012    0.0  0.000      0      0      0      0      0
12/17/1990  10022      9   4635   5378      0   1995      2    906      0    310      0      0      0   0.00   0.00      0   0.00   22.3  0.012    0.0  0.000      0      0      0      0      0
12/18/1990  10128      9   4563   5556      0   2108      2    777      0    334      0      0      0   0.00   0.00      0   0.00   22.2  0.012    0.0  0.000      0      0      0      0      0
12/19/1990  10261      9   4519   5733      0   2192      2    643      0    351      0      0      0   0.00   0.00      0   0.00   22.2  0.012    0.0  0.000      0      0      0      0      0
12/20/1990  10424      9   4475   5940      1   2208      1    562      0    278      0      0      0   0.00   0.00      0   0.00   22.2  0.012    0.0  0.000      0      0      0      0      0
12/21/1990  10585      9   4415   6161      2   2206      0    517      0    151      0      0      0   0.00   0.00      0   0.00   22.1  0.012    0.0  0.000      0      0      0      0      0
12/22/1990  10714      9   4314   6391      2   2144      0    550      0     38      0      0      0   0.00   0.00      0   0.00   22.1  0.012    0.0  0.000      0      0      0      0      0
12/23/1990  10825      9   4181   6635      2   2123      0    485      0      0      0      0      0   0.00   0.00      0   0.00   22.1  0.012    0.0  0.000      0      0      0      0      0
12/24/1990  10957      9   4053   6895      2   2074      0    389      0      0      0      0      0   0.00   0.00      0   0.00   22.1  0.012    0.0  0.000      0      0      0      0      0
12/25/1990  11102      9   3925   7168      2   2026      0    278      0     23      0      0      0   0.00   0.00      0   0.00   22.0  0.012    0.0  0.000      0      0      0      0      0
12/26/1990  11216      8   3805   7403      2   2024      0    151      0     80      0      0      0   0.00   0.00      0   0.00   22.0  0.012    0.0  0.000      0      0      0      0      0
12/27/1990  11361      7   3727   7627      2   1977      0     38      0    160      0      0      0   0.00   0.00      0   0.00   22.0  0.012    0.0  0.000      0      0      0      0      0
12/28/1990  11521      6   3638   7877      2   1840      0     23      0    231      0      0      0   0.00   0.00      0   0.00   21.9  0.012    0.0  0.000      0      0      0      0      0
12/29/1990  11675      5   3530   8140      2   1671      0     80      0    214      0      0      0   0.00   0.00      0   0.00   21.9  0.012    0.0  0.000      0      0      0      0      0
12/30/1990  11837      4   3451   8382      2   1494      0    160      0    204      0      0      0   0.00   0.00      0   0.00   21.9  0.012    0.0  0.000      0      0      0      0      0
12/31/1990  12053      3   3423   8627      2   1262      0    254      0    183      0      0      0   0.00   0.00      0   0.00   21.9  0.012    0.0  0.000      0      0      0      0      0
