Varroa Population Simulation - Nov 24,2015  04:09:07 PM
VarroaPop Version 3.2.5.8  June, 2015

                                        Capped  Capped                                                                      Prop           Conc          Conc                                     
            Colony  Adult  Adult         Drone   Wkr    Drone  Wkr    Drone  Wkr  Free   DBrood WBrood DMite  WMite  Mites  Mites  Colony Pollen Colony Nectar   Dead   Dead   Dead   Dead   Dead
     Date   Size   Drones   Wkr   Forgrs Brood  Brood   Larv   Larv    Eggs  Eggs Mites  Mites  Mites  /Cell  /Cell  Dying  Dying  Pollen  Pest  Nectar  Pest    DLarv  WLarv  DAdlt  WAdlt  Forgrs
Initial     10000      0   5817   4183      0      0      0      0      0      0      0      0      0   0.00   0.00      0   0.00    0.0  0.000    0.0  0.000      0      0      0      0      0
05/01/1990   9723      0   5540   4183      0      0      0      0      4    659      0      0      0   0.00   0.00      0   0.00    0.2  0.000    0.0  0.000      0      0      0      0      0
05/02/1990   9446      0   5263   4183      0      0      0      0      9   1368      0      0      0   0.00   0.00      0   0.00    0.3  0.000    0.0  0.000      0      0      0      0      0
05/03/1990   9169      0   4986   4183      0      0      0      0     14   2140      0      0      0   0.00   0.00      0   0.00    0.5  0.000    0.0  0.000      0      0      0      0      0
05/04/1990   8892      0   4709   4183      0      0      4    659     15   2285      0      0      0   0.00   0.00      0   0.00    0.6  0.000    0.0  0.000      0      0      0      0      0
05/05/1990   8615      0   4432   4183      0      0      9   1368     15   2396      0      0      0   0.00   0.00      0   0.00    0.8  0.000    0.0  0.000      0      0      0      0      0
05/06/1990   8338      0   4155   4183      0      0     14   2140     15   2428      0      0      0   0.00   0.00      0   0.00    0.9  0.000    0.0  0.000      0      0      0      0      0
05/07/1990   8061      0   3878   4183      0      0     19   2944     15   2370      0      0      0   0.00   0.00      0   0.00    1.1  0.000    0.0  0.000      0      0      0      0      0
05/08/1990   7784      0   3601   4183      0      0     24   3764     15   2284      0      0      0   0.00   0.00      0   0.00    1.2  0.000    0.0  0.000      0      0      0      0      0
05/09/1990   7507      0   3324   4183      0    659     29   3909     14   2159      0      0      0   0.00   0.00      0   0.00    1.4  0.000    0.0  0.000      0      0      0      0      0
05/10/1990   7230      0   3047   4183      0   1368     34   3946     12   1997      0      0      0   0.00   0.00      0   0.00    1.6  0.000    0.0  0.000      0      0      0      0      0
05/11/1990   6953      0   2770   4183      4   2140     35   3908     11   1907      0      0      0   0.00   0.00      0   0.00    1.7  0.000    0.0  0.000      0      0      0      0      0
05/12/1990   6676      0   2493   4183      9   2944     34   3783     11   1896      0      0      0   0.00   0.00      0   0.00    1.9  0.000    0.0  0.000      0      0      0      0      0
05/13/1990   6399      0   2216   4183     14   3764     32   3547     12   1991      0      0      0   0.00   0.00      0   0.00    2.0  0.000    0.0  0.000      0      0      0      0      0
05/14/1990   6122      0   1939   4183     19   4568     31   3387     12   2023      0      0      0   0.00   0.00      0   0.00    2.2  0.000    0.0  0.000      0      0      0      0      0
05/15/1990   5817      0   1662   4155     24   5314     30   3309     12   2004      0      0      0   0.00   0.00      0   0.00    2.4  0.000    0.0  0.000      0      0      0      0      0
05/16/1990   5540      0   1385   4155     29   6048     29   3254     13   2050      0      0      0   0.00   0.00      0   0.00    2.6  0.000    0.0  0.000      0      0      0      0      0
05/17/1990   5263      0   1108   4155     34   6727     28   3251     13   2051      0      0      0   0.00   0.00      0   0.00    2.7  0.000    0.0  0.000      0      0      0      0      0
05/18/1990   4986      0    831   4155     39   7311     27   3316     13   2007      0      0      0   0.00   0.00      0   0.00    2.9  0.000    0.0  0.000      0      0      0      0      0
05/19/1990   4709      0    554   4155     43   7955     28   3397     11   1870      0      0      0   0.00   0.00      0   0.00    3.1  0.000    0.0  0.000      0      0      0      0      0
05/20/1990   4432      0    277   4155     46   8623     29   3406     11   1861      0      0      0   0.00   0.00      0   0.00    3.3  0.000    0.0  0.000      0      0      0      0      0
05/21/1990   4155      0      0   4155     50   9302     29   3332     11   1955      0      0      0   0.00   0.00      0   0.00    3.5  0.000    0.0  0.000      0      0      0      0      0
05/22/1990   4537      0    659   3878     54   9319     28   3244     13   2080      0      0      0   0.00   0.00      0   0.00    3.6  0.000    0.0  0.000      0      0      0      0      0
05/23/1990   5246      0   1368   3878     58   9259     28   3263     12   1983      0      0      0   0.00   0.00      0   0.00    3.6  0.000    0.0  0.000      0      0      0      0      0
05/24/1990   5741      0   2140   3601     62   9212     28   3237     11   1850      0      0      0   0.00   0.00      0   0.00    3.8  0.000    0.0  0.000      0      0      0      0      0
05/25/1990   6272      4   2944   3324     62   9085     29   3273      9   1751      0      0      0   0.00   0.00      0   0.00    3.9  0.000    0.0  0.000      0      0      0      0      0
05/26/1990   6820      9   3764   3047     62   8870     27   3239      8   1782      0      0      0   0.00   0.00      0   0.00    4.0  0.000    0.0  0.000      0      0      0      0      0
05/27/1990   7629     14   4568   3047     61   8654     26   3217      6   1720      0      0      0   0.00   0.00      0   0.00    4.0  0.000    0.0  0.000      0      0      0      0      0
05/28/1990   8380     19   5314   3047     60   8576     25   3163      4   1604      0      0      0   0.00   0.00      0   0.00    4.0  0.000    0.0  0.000      0      0      0      0      0
05/29/1990   8842     24   6048   2770     58   8541     24   3066      3   1537      0      0      0   0.00   0.00      0   0.00    4.0  0.000    0.0  0.000      0      0      0      0      0
05/30/1990   9249     29   6727   2493     57   8575     21   2857      3   1551      0      0      0   0.00   0.00      0   0.00    4.1  0.000    0.0  0.000      0      0      0      0      0
05/31/1990   9561     34   7311   2216     56   8562     18   2784      2   1519      0      0      0   0.00   0.00      0   0.00    4.2  0.000    0.0  0.000      0      0      0      0      0
06/01/1990   9933     39   7955   1939     56   8484     14   2753      1   1431      0      0      0   0.00   0.00      0   0.00    4.2  0.000    0.0  0.000      0      0      0      0      0
06/02/1990  10328     43   8623   1662     55   8430     12   2657      0   1388      0      0      0   0.00   0.00      0   0.00    4.2  0.000    0.0  0.000      0      0      0      0      0
06/03/1990  10733     46   9302   1385     55   8353      9   2521      0   1370      0      0      0   0.00   0.00      0   0.00    4.2  0.000    0.0  0.000      0      0      0      0      0
06/04/1990  11136     50   9978   1108     54   8181      6   2464      0   1325      0      0      0   0.00   0.00      0   0.00    4.2  0.000    0.0  0.000      0      0      0      0      0
06/05/1990  11512     54  10627    831     52   8030      4   2441      0   1195      0      0      0   0.00   0.00      0   0.00    4.2  0.000    0.0  0.000      0      0      0      0      0
06/06/1990  11964     58  11352    554     49   7840      3   2354      0   1031      0      0      0   0.00   0.00      0   0.00    4.1  0.000    0.0  0.000      0      0      0      0      0
06/07/1990  12368     62  12029    277     46   7681      2   2238      0    833      0      0      0   0.00   0.00      0   0.00    4.1  0.000    0.0  0.000      0      0      0      0      0
06/08/1990  12700     66  12634      0     43   7542      1   2117      0    610      0      0      0   0.00   0.00      0   0.00    4.0  0.000    0.0  0.000      0      0      0      0      0
06/09/1990  13293     71  13222      0     39   7401      0   1954      0    326      0      0      0   0.00   0.00      0   0.00    3.9  0.000    0.0  0.000      0      0      0      0      0
06/10/1990  13965     75  13890      0     35   7208      0   1683      0    122      0      0      0   0.00   0.00      0   0.00    3.8  0.000    0.0  0.000      0      0      0      0      0
06/11/1990  14668     79  14589      0     31   6957      0   1357      0      0      0      0      0   0.00   0.00      0   0.00    3.7  0.000    0.0  0.000      0      0      0      0      0
06/12/1990  15384     82  14643    659     28   6646      0    955      0      0      0      0      0   0.00   0.00      0   0.00    3.6  0.000    0.0  0.000      0      0      0      0      0
06/13/1990  15959     86  14505   1368     24   6420      0    610      0    211      0      0      0   0.00   0.00      0   0.00    3.6  0.000    0.0  0.000      0      0      0      0      0
06/14/1990  16529     90  14299   2140     20   6138      0    326      0    558      0      0      0   0.00   0.00      0   0.00    3.6  0.000    0.0  0.000      0      0      0      0      0
06/15/1990  17144     91  14109   2944     15   5728      0    122      0   1034      0      0      0   0.00   0.00      0   0.00    3.6  0.000    0.0  0.000      0      0      0      0      0
06/16/1990  17744     89  13891   3764     12   5248      0    211      2   1435      0      0      0   0.00   0.00      0   0.00    3.7  0.000    0.0  0.000      0      0      0      0      0
06/17/1990  18246     87  13591   4568      9   4744      0    558      6   1821      0      0      0   0.00   0.00      0   0.00    3.8  0.000    0.0  0.000      0      0      0      0      0
06/18/1990  18742     85  13343   5314      6   4246      0   1034     11   2113      0      0      0   0.00   0.00      0   0.00    4.0  0.000    0.0  0.000      0      0      0      0      0
06/19/1990  19274     82  13144   6048      4   3711      2   1646     16   2387      0      0      0   0.00   0.00      0   0.00    4.1  0.000    0.0  0.000      0      0      0      0      0
06/20/1990  19788     78  12983   6727      3   3193      6   2379     22   2667      0      0      0   0.00   0.00      0   0.00    4.4  0.000    0.0  0.000      0      0      0      0      0
06/21/1990  20250     74  12865   7311      2   2938     11   2936     28   2961      0      0      0   0.00   0.00      0   0.00    4.6  0.000    0.0  0.000      0      0      0      0      0
06/22/1990  20693     70  12668   7955      1   2838     18   3475     32   3100      0      0      0   0.00   0.00      0   0.00    4.9  0.000    0.0  0.000      0      0      0      0      0
06/23/1990  21165     67  12475   8623      0   2839     28   4012     34   3144      0      0      0   0.00   0.00      0   0.00    5.2  0.000    0.0  0.000      0      0      0      0      0
06/24/1990  21610     64  12244   9302      0   3003     39   4462     36   3194      0      0      0   0.00   0.00      0   0.00    5.5  0.000    0.0  0.000      0      0      0      0      0
06/25/1990  22008     60  11970   9978      0   3334     50   4754     40   3312      0      0      0   0.00   0.00      0   0.00    5.9  0.000    0.0  0.000      0      0      0      0      0
06/26/1990  22349     56  11666  10627      2   3757     60   5043     44   3441      0      0      0   0.00   0.00      0   0.00    6.2  0.000    0.0  0.000      0      0      0      0      0
06/27/1990  21970     52  11225  10693      6   4359     69   5269     48   3521      0      0      0   0.00   0.00      0   0.00    6.6  0.000    0.0  0.000      0      0      0      0      0
06/28/1990  21461     48  10752  10661     11   5168     79   5399     50   3554      0      0      0   0.00   0.00      0   0.00    7.0  0.000    0.0  0.000      0      0      0      0      0
06/29/1990  20807     44  10269  10494     18   6108     88   5523     51   3604      0      0      0   0.00   0.00      0   0.00    7.4  0.000    0.0  0.000      0      0      0      0      0
06/30/1990  19998     39   9681  10278     28   7133     95   5690     51   3648      0      0      0   0.00   0.00      0   0.00    7.8  0.000    0.0  0.000      0      0      0      0      0
07/01/1990  19174     35   9013  10126     39   8190    101   5809     51   3696      0      0      0   0.00   0.00      0   0.00    8.2  0.000    0.0  0.000      0      0      0      0      0
07/02/1990  18366     31   8314  10021     50   9302    107   5933     50   3629      0      0      0   0.00   0.00      0   0.00    8.6  0.000    0.0  0.000      0      0      0      0      0
07/03/1990  17617     28   7601   9988     62  10445    112   6026     49   3548      0      0      0   0.00   0.00      0   0.00    9.0  0.000    0.0  0.000      0      0      0      0      0
07/04/1990  17090     24   7241   9825     75  11420    116   6064     47   3436      0      0      0   0.00   0.00      0   0.00    9.4  0.000    0.0  0.000      0      0      0      0      0
07/05/1990  16754     20   7022   9712     90  12265    117   6041     46   3388      0      0      0   0.00   0.00      0   0.00    9.7  0.000    0.0  0.000      0      0      0      0      0
07/06/1990  16641     15   6884   9742    106  12965    117   6020     45   3351      0      0      0   0.00   0.00      0   0.00   10.1  0.000    0.0  0.000      0      0      0      0      0
07/07/1990  16606     12   6894   9700    123  13589    115   5896     45   3394      0      0      0   0.00   0.00      0   0.00   10.5  0.000    0.0  0.000      0      0      0      0      0
07/08/1990  16668      9   7123   9536    140  14092    113   5781     46   3436      0      0      0   0.00   0.00      0   0.00   10.9  0.000    0.0  0.000      0      0      0      0      0
07/09/1990  16754      6   7393   9355    157  14548    111   5675     46   3489      0      0      0   0.00   0.00      0   0.00   11.2  0.000    0.0  0.000      0      0      0      0      0
07/10/1990  16964      6   7744   9214    172  14831    109   5661     47   3538      0      0      0   0.00   0.00      0   0.00   11.6  0.000    0.0  0.000      0      0      0      0      0
07/11/1990  17331      9   8239   9083    185  14973    108   5669     47   3588      0      0      0   0.00   0.00      0   0.00   11.9  0.000    0.0  0.000      0      0      0      0      0
07/12/1990  17672     13   8835   8824    196  15023    107   5728     48   3625      0      0      0   0.00   0.00      0   0.00   12.3  0.000    0.0  0.000      0      0      0      0      0
07/13/1990  18026     19   9413   8594    205  15119    107   5811     47   3616      0      0      0   0.00   0.00      0   0.00   12.6  0.000    0.0  0.000      0      0      0      0      0
07/14/1990  18487     28   9995   8464    210  15180    108   5906     46   3586      0      0      0   0.00   0.00      0   0.00   12.9  0.000    0.0  0.000      0      0      0      0      0
07/15/1990  19022     39  10659   8324    214  15223    109   5959     44   3555      0      0      0   0.00   0.00      0   0.00   13.2  0.000    0.0  0.000      0      0      0      0      0
07/16/1990  19508     50  11400   8058    218  15243    109   5991     42   3497      0      0      0   0.00   0.00      0   0.00   13.5  0.000    0.0  0.000      0      0      0      0      0
07/17/1990  20007     62  12241   7704    221  15228    109   6003     40   3427      0      0      0   0.00   0.00      0   0.00   13.8  0.000    0.0  0.000      0      0      0      0      0
07/18/1990  20499     75  13149   7275    224  15240    107   5976     38   3366      0      0      0   0.00   0.00      0   0.00   14.1  0.000    0.0  0.000      0      0      0      0      0
07/19/1990  21119     90  14121   6908    224  15277    105   5900     37   3330      0      0      0   0.00   0.00      0   0.00   14.3  0.000    0.0  0.000      0      0      0      0      0
07/20/1990  21805    106  15235   6464    224  15249    102   5805     35   3301      0      0      0   0.00   0.00      0   0.00   14.5  0.000    0.0  0.000      0      0      0      0      0
07/21/1990  22444    123  16471   5850    223  15208     98   5726     34   3239      0      0      0   0.00   0.00      0   0.00   14.6  0.000    0.0  0.000      0      0      0      0      0
07/22/1990  23083    140  17695   5248    222  15167     94   5644     31   3145      0      0      0   0.00   0.00      0   0.00   14.7  0.000    0.0  0.000      0      0      0      0      0
07/23/1990  23765    157  18864   4744    220  15175     90   5551     27   2984      0      0      0   0.00   0.00      0   0.00   14.8  0.000    0.0  0.000      0      0      0      0      0
07/24/1990  24439    174  20019   4246    218  15157     86   5468     22   2766      0      0      0   0.00   0.00      0   0.00   14.9  0.000    0.0  0.000      0      0      0      0      0
07/25/1990  25033    191  20920   3922    215  15158     81   5362     18   2539      0      0      0   0.00   0.00      0   0.00   14.9  0.000    0.0  0.000      0      0      0      0      0
07/26/1990  25652    207  21694   3751    212  15153     75   5169     16   2386      0      0      0   0.00   0.00      0   0.00   14.9  0.000    0.0  0.000      0      0      0      0      0
07/27/1990  26320    223  22336   3761    209  15136     68   4904     14   2337      0      0      0   0.00   0.00      0   0.00   14.9  0.000    0.0  0.000      0      0      0      0      0
07/28/1990  27043    238  22879   3926    206  15065     61   4600     14   2359      0      0      0   0.00   0.00      0   0.00   15.0  0.000    0.0  0.000      0      0      0      0      0
07/29/1990  27746    253  23309   4184    203  14956     54   4316     14   2410      0      0      0   0.00   0.00      0   0.00   15.0  0.000    0.0  0.000      0      0      0      0      0
07/30/1990  28484    268  23712   4504    199  14792     47   4096     15   2470      0      0      0   0.00   0.00      0   0.00   15.0  0.000    0.0  0.000      0      0      0      0      0
07/31/1990  29299    281  24030   4988    195  14511     41   3975     16   2540      0      0      0   0.00   0.00      0   0.00   15.1  0.000    0.0  0.000      0      0      0      0      0
08/01/1990  30179    293  24230   5656    188  14134     37   3960     18   2631      0      0      0   0.00   0.00      0   0.00   15.2  0.000    0.0  0.000      0      0      0      0      0
08/02/1990  31113    303  24376   6434    180  13706     35   4027     21   2747      0      0      0   0.00   0.00      0   0.00   15.3  0.000    0.0  0.000      0      0      0      0      0
08/03/1990  32113    312  24546   7255    170  13281     35   4129     25   2892      0      0      0   0.00   0.00      0   0.00   15.5  0.000    0.0  0.000      0      0      0      0      0
08/04/1990  33180    318  24672   8190    159  12885     37   4254     29   3056      0      0      0   0.00   0.00      0   0.00   15.6  0.000    0.0  0.000      0      0      0      0      0
08/05/1990  34362    323  24737   9302    148  12510     40   4415     35   3249      0      0      0   0.00   0.00      0   0.00   15.9  0.000    0.0  0.000      0      0      0      0      0
08/06/1990  35503    327  24731  10445    137  12194     46   4611     41   3451      0      0      0   0.00   0.00      0   0.00   16.2  0.000    0.0  0.000      0      0      0      0      0
08/07/1990  36619    330  24658  11631    127  11928     52   4840     47   3649      0      0      0   0.00   0.00      0   0.00   16.6  0.000    0.0  0.000      0      0      0      0      0
08/08/1990  37736    331  24582  12823    118  11684     61   5124     52   3817      0      0      0   0.00   0.00      0   0.00   17.0  0.000    0.0  0.000      0      0      0      0      0
08/09/1990  38624    329  24507  13788    110  11495     72   5431     58   3967      0      0      0   0.00   0.00      0   0.00   17.4  0.000    0.0  0.000      0      0      0      0      0
08/10/1990  39358    326  24355  14677    103  11374     83   5742     63   4097      0      0      0   0.00   0.00      0   0.00   17.9  0.000    0.0  0.000      0      0      0      0      0
08/11/1990  39931    321  24173  15437     98  11337     95   6049     68   4206      0      0      0   0.00   0.00      0   0.00   18.4  0.000    0.0  0.000      0      0      0      0      0
08/12/1990  40321    316  23956  16049     94  11406    109   6342     71   4292      0      0      0   0.00   0.00      0   0.00   19.0  0.000    0.0  0.000      0      0      0      0      0
08/13/1990  40505    310  23710  16485     93  11639    121   6590     74   4325      0      0      0   0.00   0.00      0   0.00   19.6  0.000    0.0  0.000      0      0      0      0      0
08/14/1990  40567    304  23391  16872     93  12022    134   6804     74   4266      0      0      0   0.00   0.00      0   0.00   20.2  0.000    0.0  0.000      0      0      0      0      0
08/15/1990  40453    296  23059  17098     98  12516    145   6985     71   4098      0      0      0   0.00   0.00      0   0.00   20.8  0.000    0.0  0.000      0      0      0      0      0
08/16/1990  40201    287  22708  17206    107  13070    154   7098     69   3980      0      0      0   0.00   0.00      0   0.00   21.4  0.000    0.0  0.000      0      0      0      0      0
08/17/1990  39916    277  22377  17262    118  13652    161   7103     69   3952      0      0      0   0.00   0.00      0   0.00   22.0  0.000    0.0  0.000      0      0      0      0      0
08/18/1990  39683    267  22024  17392    132  14254    164   6986     69   3916      0      0      0   0.00   0.00      0   0.00   22.6  0.000    0.0  0.000      0      0      0      0      0
08/19/1990  28094    224  20626   7244    149  14866    142   6559     68   3847      0      0      0   0.00   0.00      0   0.00   23.2  0.014    0.0  0.000     21    313     33   1047  10232
08/20/1990  27933    216  20388   7329    163  15161    148   6763     55   3460      0      0      0   0.00   0.00      0   0.00   23.4  0.017    0.0  0.000      0      0      1      0    517
08/21/1990  27870    209  20175   7486    176  15726    152   6577     44   3187      0      0      0   0.00   0.00      0   0.00   23.6  0.018    0.0  0.000      0      0      1      0    445
08/22/1990  27909    203  20002   7704    189  16188    156   6453     33   2968      0      0      0   0.00   0.00      0   0.00   23.9  0.019    0.0  0.000      0      0      0      0    384
08/23/1990  28058    197  19880   7981    203  16512    148   6125     34   3073      0      0      0   0.00   0.00      0   0.00   24.1  0.019    0.0  0.000      0      0      0      0    325
08/24/1990  28308    192  19812   8304    221  16814    135   5784     34   3072      0      0      0   0.00   0.00      0   0.00   24.3  0.019    0.0  0.000      0      0      0      0    279
08/25/1990  28897    188  19803   8906    236  17084    124   5469     34   2958      0      0      0   0.00   0.00      0   0.00   24.6  0.019    0.0  0.000      0      0      0      0      0
08/26/1990  29567    185  19874   9508    251  17179    113   5282     34   2874      0      0      0   0.00   0.00      0   0.00   24.9  0.019    0.0  0.000      0      0      0      0      0
08/27/1990  30302    184  20008  10110    265  17210    100   5009     37   2958      0      0      0   0.00   0.00      0   0.00   25.2  0.019    0.0  0.000      0      0      0      0      0
08/28/1990  31093    184  20197  10712    276  16895     89   4967     41   3167      0      0      0   0.00   0.00      0   0.00   25.6  0.019    0.0  0.000      0      0      0      0      0
08/29/1990  31937    187  20436  11314    284  16549     79   4969     46   3373      0      0      0   0.00   0.00      0   0.00   25.9  0.019    0.0  0.000      0      0      0      0      0
08/30/1990  32828    192  20720  11916    279  16211     82   4999     49   3474      0      0      0   0.00   0.00      0   0.00   26.3  0.018    0.0  0.000      0      0      0      0      0
08/31/1990  33755    198  21220  12337    273  15871     86   5061     51   3521      0      0      0   0.00   0.00      0   0.00   26.7  0.018    0.0  0.000      0      0      0      0      0
09/01/1990  34713    206  21749  12758    265  15415     92   5270     52   3563      0      0      0   0.00   0.00      0   0.00   27.2  0.018    0.0  0.000      0      0      0      0      0
09/02/1990  35866    217  21987  13662    255  15190     97   5515     54   3650      0      0      0   0.00   0.00      0   0.00   27.0  0.018    0.0  0.000      0      0      0      0      0
09/03/1990  36827    224  22520  14083    248  14733    103   5708     57   3743      0      0      0   0.00   0.00      0   0.00   27.5  0.017    0.0  0.000      0      0      0      0      0
09/04/1990  37726    231  22990  14505    241  14420    110   5875     60   3788      0      0      0   0.00   0.00      0   0.00   28.0  0.017    0.0  0.000      0      0      0      0      0
09/05/1990  38452    238  23373  14841    235  14259    117   5998     63   3849      0      0      0   0.00   0.00      0   0.00   28.5  0.017    0.0  0.000      0      0      0      0      0
09/06/1990  39139    246  23788  15105    230  14126    123   6078     65   3910      0      0      0   0.00   0.00      0   0.00   29.0  0.016    0.0  0.000      0      0      0      0      0
09/07/1990  39797    259  24355  15183    221  13942    129   6189     66   3962      0      0      0   0.00   0.00      0   0.00   29.6  0.016    0.0  0.000      0      0      0      0      0
09/08/1990  40299    270  24827  15202    216  13864    134   6326     66   3963      0      0      0   0.00   0.00      0   0.00   30.1  0.016    0.0  0.000      0      0      0      0      0
09/09/1990  40762    289  25272  15201    210  13842    139   6425     66   3966      0      0      0   0.00   0.00      0   0.00   30.6  0.016    0.0  0.000      0      0      0      0      0
09/10/1990  40657    310  25384  14963    203  14132    144   6501     67   4021      0      0      0   0.00   0.00      0   0.00   31.1  0.015    0.0  0.000      0      0      0      0      0
09/11/1990  40568    328  25490  14750    199  14420    148   6546     67   4043      0      0      0   0.00   0.00      0   0.00   31.6  0.015    0.0  0.000      0      0      0      0      0
09/12/1990  40531    345  25609  14577    196  14662    151   6603     67   4027      0      0      0   0.00   0.00      0   0.00   32.0  0.015    0.0  0.000      0      0      0      0      0
09/13/1990  40516    351  25710  14455    205  14908    154   6673     66   3952      0      0      0   0.00   0.00      0   0.00   32.5  0.015    0.0  0.000      0      0      0      0      0
09/14/1990  40413    356  25670  14387    215  15258    155   6679     64   3826      0      0      0   0.00   0.00      0   0.00   33.0  0.014    0.0  0.000      0      0      0      0      0
09/15/1990  40249    360  25511  14378    226  15666    155   6668     62   3707      0      0      0   0.00   0.00      0   0.00   33.4  0.014    0.0  0.000      0      0      0      0      0
09/16/1990  40329    364  25335  14630    236  15997    155   6662     59   3597      0      0      0   0.00   0.00      0   0.00   33.9  0.014    0.0  0.000      0      0      0      0      0
09/17/1990  39583    365  25177  14041    247  16266    153   6539     59   3618      0      0      0   0.00   0.00      0   0.00   34.4  0.014    0.0  0.000      0      0      0      0      0
09/18/1990  39805    365  25029  14411    258  16520    151   6354     58   3612      0      0      0   0.00   0.00      0   0.00   34.8  0.014    0.0  0.000      0      0      0      0      0
09/19/1990  40085    363  24891  14831    268  16667    148   6216     58   3600      0      0      0   0.00   0.00      0   0.00   35.3  0.014    0.0  0.000      0      0      0      0      0
09/20/1990  40341    361  24684  15296    277  16819    145   6130     59   3636      0      0      0   0.00   0.00      0   0.00   35.8  0.013    0.0  0.000      0      0      0      0      0
09/21/1990  40608    359  24453  15796    284  16951    142   6014     62   3733      0      0      0   0.00   0.00      0   0.00   36.4  0.013    0.0  0.000      0      0      0      0      0
09/22/1990  41055    357  24248  16450    289  16930    139   5990     64   3772      0      0      0   0.00   0.00      0   0.00   36.9  0.013    0.0  0.000      0      0      0      0      0
09/23/1990  41520    352  24355  16813    294  16876    138   6059     63   3674      0      0      0   0.00   0.00      0   0.00   37.5  0.013    0.0  0.000      0      0      0      0      0
09/24/1990  41980    351  24184  17445    297  16805    140   6150     63   3628      0      0      0   0.00   0.00      0   0.00   38.1  0.013    0.0  0.000      0      0      0      0      0
09/25/1990  42406    351  24083  17972    299  16760    141   6144     64   3649      0      0      0   0.00   0.00      0   0.00   38.8  0.012    0.0  0.000      0      0      0      0      0
09/26/1990  42845    352  24106  18387    299  16639    142   6121     66   3735      0      0      0   0.00   0.00      0   0.00   39.4  0.012    0.0  0.000      0      0      0      0      0
09/27/1990  43261    353  24114  18794    299  16495    144   6178     67   3758      0      0      0   0.00   0.00      0   0.00   40.1  0.012    0.0  0.000      0      0      0      0      0
09/28/1990  43620    350  24093  19177    297  16434    147   6157     69   3816      0      0      0   0.00   0.00      0   0.00   40.8  0.012    0.0  0.000      0      0      0      0      0
09/29/1990  43914    350  24153  19411    294  16409    150   6123     73   3935      0      0      0   0.00   0.00      0   0.00   41.5  0.012    0.0  0.000      0      0      0      0      0
09/30/1990  44167    349  24233  19585    293  16301    152   6164     77   4085      0      0      0   0.00   0.00      0   0.00   42.2  0.011    0.0  0.000      0      0      0      0      0
10/01/1990  44389    347  24654  19388    293  16087    154   6299     80   4213      0      0      0   0.00   0.00      0   0.00   42.9  0.011    0.0  0.000      0      0      0      0      0
10/02/1990  44503    347  25009  19147    292  15994    159   6430     79   4173      0      0      0   0.00   0.00      0   0.00   43.6  0.011    0.0  0.000      0      0      0      0      0
10/03/1990  44543    347  25292  18904    290  15923    166   6600     77   4096      0      0      0   0.00   0.00      0   0.00   44.3  0.011    0.0  0.000      0      0      0      0      0
10/04/1990  44536    359  25533  18644    289  15870    171   6777     77   4108      0      0      0   0.00   0.00      0   0.00   45.0  0.011    0.0  0.000      0      0      0      0      0
10/05/1990  44385    370  25763  18252    289  15926    174   6845     76   4098      0      0      0   0.00   0.00      0   0.00   45.6  0.010    0.0  0.000      0      0      0      0      0
10/06/1990  44187    381  26041  17765    289  16032    177   6880     73   3960      0      0      0   0.00   0.00      0   0.00   46.2  0.010    0.0  0.000      0      0      0      0      0
10/07/1990  43959    391  26256  17312    290  16208    181   6950     66   3616      0      0      0   0.00   0.00      0   0.00   46.8  0.010    0.0  0.000      0      0      0      0      0
10/08/1990  44054    400  26423  17231    294  16393    181   6858     62   3404      0      0      0   0.00   0.00      0   0.00   47.4  0.010    0.0  0.000      0      0      0      0      0
10/09/1990  43815    409  26486  16920    300  16633    177   6627     61   3386      0      0      0   0.00   0.00      0   0.00   48.0  0.010    0.0  0.000      0      0      0      0      0
10/10/1990  43631    416  26483  16732    308  16781    170   6393     61   3434      0      0      0   0.00   0.00      0   0.00   48.6  0.010    0.0  0.000      0      0      0      0      0
10/11/1990  43614    422  26585  16607    315  16853    163   6166     61   3470      0      0      0   0.00   0.00      0   0.00   49.1  0.010    0.0  0.000      0      0      0      0      0
10/12/1990  43585    426  26698  16461    321  17008    159   5905     60   3448      0      0      0   0.00   0.00      0   0.00   49.7  0.010    0.0  0.000      0      0      0      0      0
10/13/1990  43463    428  26692  16343    327  17107    154   5729     60   3442      0      0      0   0.00   0.00      0   0.00   50.2  0.010    0.0  0.000      0      0      0      0      0
10/14/1990  43382    432  26609  16341    333  17139    147   5676     60   3448      0      0      0   0.00   0.00      0   0.00   50.8  0.009    0.0  0.000      0      0      0      0      0
10/15/1990  43377    437  26583  16357    335  16996    143   5737     60   3457      0      0      0   0.00   0.00      0   0.00   51.3  0.009    0.0  0.000      0      0      0      0      0
10/16/1990  43664    440  26553  16671    336  16862    141   5767     60   3462      0      0      0   0.00   0.00      0   0.00   51.9  0.009    0.0  0.000      0      0      0      0      0
10/17/1990  43939    441  26495  17003    336  16790    141   5738     60   3458      0      0      0   0.00   0.00      0   0.00   52.5  0.009    0.0  0.000      0      0      0      0      0
10/18/1990  44173    443  26431  17299    334  16672    141   5760     61   3468      0      0      0   0.00   0.00      0   0.00   53.1  0.009    0.0  0.000      0      0      0      0      0
10/19/1990  44411    444  26407  17560    333  16516    140   5759     59   3375      0      0      0   0.00   0.00      0   0.00   53.7  0.009    0.0  0.000      0      0      0      0      0
10/20/1990  44805    444  26467  17894    331  16303    140   5748     56   3201      0      0      0   0.00   0.00      0   0.00   54.3  0.009    0.0  0.000      0      0      0      0      0
10/21/1990  45302    445  26550  18307    328  16029    141   5786     54   3100      0      0      0   0.00   0.00      0   0.00   54.9  0.009    0.0  0.000      0      0      0      0      0
10/22/1990  45753    447  26599  18707    324  15751    139   5686     56   3141      0      0      0   0.00   0.00      0   0.00   55.6  0.009    0.0  0.000      0      0      0      0      0
10/23/1990  46027    451  26597  18979    318  15587    136   5492     60   3293      0      0      0   0.00   0.00      0   0.00   56.3  0.008    0.0  0.000      0      0      0      0      0
10/24/1990  46242    456  26619  19167    311  15395    135   5424     63   3406      0      0      0   0.00   0.00      0   0.00   56.9  0.008    0.0  0.000      0      0      0      0      0
10/25/1990  46501    460  26755  19286    304  15101    135   5369     65   3526      0      0      0   0.00   0.00      0   0.00   57.6  0.008    0.0  0.000      0      0      0      0      0
10/26/1990  46663    463  26869  19331    299  14957    136   5317     65   3523      0      0      0   0.00   0.00      0   0.00   58.3  0.008    0.0  0.000      0      0      0      0      0
10/27/1990  46691    466  26872  19353    294  14810    138   5455     65   3504      0      0      0   0.00   0.00      0   0.00   59.0  0.008    0.0  0.000      0      0      0      0      0
10/28/1990  46565    471  26774  19320    288  14686    139   5694     64   3419      0      0      0   0.00   0.00      0   0.00   59.7  0.008    0.0  0.000      0      0      0      0      0
10/29/1990  46429    475  26655  19299    282  14653    142   5740     64   3405      0      0      0   0.00   0.00      0   0.00   60.4  0.008    0.0  0.000      0      0      0      0      0
10/30/1990  46345    477  26646  19222    277  14565    147   5818     61   3259      0      0      0   0.00   0.00      0   0.00   61.0  0.008    0.0  0.000      0      0      0      0      0
10/31/1990  46218    478  26608  19132    276  14545    149   5820     58   3111      0      0      0   0.00   0.00      0   0.00   61.7  0.008    0.0  0.000      0      0      0      0      0
11/01/1990  46038    478  26489  19071    276  14589    150   5739     52   2801      0      0      0   0.00   0.00      0   0.00   62.4  0.008    0.0  0.000      0      0      0      0      0
11/02/1990  45857    480  26361  19016    276  14643    148   5551     46   2517      0      0      0   0.00   0.00      0   0.00   63.1  0.008    0.0  0.000      0      0      0      0      0
11/03/1990  45659    481  26278  18900    278  14626    144   5408     42   2323      0      0      0   0.00   0.00      0   0.00   63.7  0.007    0.0  0.000      0      0      0      0      0
11/04/1990  45486    480  26263  18743    280  14645    137   5036     43   2390      0      0      0   0.00   0.00      0   0.00   64.4  0.007    0.0  0.000      0      0      0      0      0
11/05/1990  45310    478  26190  18642    281  14605    129   4649     47   2539      0      0      0   0.00   0.00      0   0.00   65.0  0.007    0.0  0.000      0      0      0      0      0
11/06/1990  45063    477  26091  18495    283  14569    121   4326     46   2500      0      0      0   0.00   0.00      0   0.00   65.7  0.007    0.0  0.000      0      0      0      0      0
11/07/1990  44868    477  25986  18405    284  14446    116   4167     43   2367      0      0      0   0.00   0.00      0   0.00   66.3  0.007    0.0  0.000      0      0      0      0      0
11/08/1990  44721    475  25900  18346    285  14248    112   4077     41   2309      0      0      0   0.00   0.00      0   0.00   67.0  0.007    0.0  0.000      0      0      0      0      0
11/09/1990  44458    473  25650  18335    284  13995    106   4025     44   2435      0      0      0   0.00   0.00      0   0.00   67.6  0.007    0.0  0.000      0      0      0      0      0
11/10/1990  44216    471  25252  18493    282  13762    101   4017     47   2596      0      0      0   0.00   0.00      0   0.00   68.3  0.007    0.0  0.000      0      0      0      0      0
11/11/1990  44090    469  24915  18706    276  13471    101   4063     49   2695      0      0      0   0.00   0.00      0   0.00   69.0  0.007    0.0  0.000      0      0      0      0      0
11/12/1990  43977    463  24578  18936    271  13244    104   4070     51   2801      0      0      0   0.00   0.00      0   0.00   69.6  0.007    0.0  0.000      0      0      0      0      0
11/13/1990  43862    454  24372  19036    268  13008    106   4074     54   2922      0      0      0   0.00   0.00      0   0.00   70.3  0.007    0.0  0.000      0      0      0      0      0
11/14/1990  43852    446  24225  19181    265  12565    107   4258     54   2873      0      0      0   0.00   0.00      0   0.00   71.0  0.007    0.0  0.000      0      0      0      0      0
11/15/1990  43873    439  23996  19438    262  12085    108   4504     52   2734      0      0      0   0.00   0.00      0   0.00   71.7  0.007    0.0  0.000      0      0      0      0      0
11/16/1990  43727    435  23797  19495    254  11794    114   4687     50   2648      0      0      0   0.00   0.00      0   0.00   72.4  0.007    0.0  0.000      0      0      0      0      0
11/17/1990  43608    432  23769  19407    245  11496    118   4696     51   2741      0      0      0   0.00   0.00      0   0.00   73.2  0.007    0.0  0.000      0      0      0      0      0
11/18/1990  43508    427  23799  19282    238  11262    119   4642     52   2808      0      0      0   0.00   0.00      0   0.00   73.9  0.006    0.0  0.000      0      0      0      0      0
11/19/1990  43447    424  23798  19225    233  11084    120   4640     52   2805      0      0      0   0.00   0.00      0   0.00   74.6  0.006    0.0  0.000      0      0      0      0      0
11/20/1990  44456    424  23642  20390    227  11038    122   4636     46   2511      0      0      0   0.00   0.00      0   0.00   75.3  0.006    0.0  0.000      0      0      0      0      0
11/21/1990  44197    425  23476  20296    223  11073    122   4528     40   2211      0      0      0   0.00   0.00      0   0.00   76.1  0.006    0.0  0.000      0      0      0      0      0
11/22/1990  42517    426  23129  18962    220  11156    121   4572     35   1934      0      0      0   0.00   0.00      0   0.00   76.8  0.006    0.0  0.000      0      0      0      0      0
11/23/1990  41992    424  22711  18857    220  11255    114   4413     34   1895      0      0      0   0.00   0.00      0   0.00   77.4  0.006    0.0  0.000      0      0      0      0      0
11/24/1990  41474    422  22357  18695    219  11398    108   4091     34   1941      0      0      0   0.00   0.00      0   0.00   78.1  0.006    0.0  0.000      0      0      0      0      0
11/25/1990  42318    417  22071  19830    220  11507    104   3765     35   2018      0      0      0   0.00   0.00      0   0.00   78.0  0.006    0.0  0.000      0      0      0      0      0
11/26/1990  43183    410  21793  20980    224  11524     98   3500     33   1875      0      0      0   0.00   0.00      0   0.00   77.8  0.006    0.0  0.000      0      0      0      0      0
11/27/1990  43905    404  21395  22106    228  11703     91   3227     30   1676      0      0      0   0.00   0.00      0   0.00   77.7  0.006    0.0  0.000      0      0      0      0      0
11/28/1990  44615    400  20980  23235    229  11651     87   3272     28   1491      0      0      0   0.00   0.00      0   0.00   78.6  0.006    0.0  0.000      0      0      0      0      0
11/29/1990  42678    397  20634  21647    229  11426     79   3164     31   1635      0      0      0   0.00   0.00      0   0.00   79.4  0.006    0.0  0.000      0      0      0      0      0
11/30/1990  42114    390  20455  21269    228  11202     75   2969     35   1829      0      0      0   0.00   0.00      0   0.00   80.2  0.006    0.0  0.000      0      0      0      0      0
12/01/1990  42982    383  20375  22224    226  10950     75   2868     34   1823      0      0      0   0.00   0.00      0   0.00   81.1  0.006    0.0  0.000      0      0      0      0      0
12/02/1990  43887    377  20229  23281    223  10672     75   2858     31   1640      0      0      0   0.00   0.00      0   0.00   80.9  0.006    0.0  0.000      0      0      0      0      0
12/03/1990  43533    375  20115  23043    218  10419     76   2780     30   1520      0      0      0   0.00   0.00      0   0.00   81.8  0.006    0.0  0.000      0      0      0      0      0
12/04/1990  43211    374  20004  22833    213   9903     75   2816     31   1566      0      0      0   0.00   0.00      0   0.00   82.7  0.006    0.0  0.000      0      0      0      0      0
12/05/1990  44070    372  19696  24002    209   9475     71   2822     31   1577      0      0      0   0.00   0.00      0   0.00   82.6  0.006    0.0  0.000      0      0      0      0      0
12/06/1990  43468    370  19323  23775    200   9176     73   2809     31   1623      0      0      0   0.00   0.00      0   0.00   83.5  0.006    0.0  0.000      0      0      0      0      0
12/07/1990  41897    368  19129  22400    189   8890     76   2747     32   1661      0      0      0   0.00   0.00      0   0.00   84.4  0.006    0.0  0.000      0      0      0      0      0
12/08/1990  41770    363  18933  22474    183   8563     74   2570     34   1792      0      0      0   0.00   0.00      0   0.00   85.3  0.006    0.0  0.000      0      0      0      0      0
12/09/1990  41562    357  18712  22493    179   8191     73   2609     35   1847      0      0      0   0.00   0.00      0   0.00   86.1  0.005    0.0  0.000      0      0      0      0      0
12/10/1990  41303    353  18529  22421    174   7725     73   2768     39   2048      0      0      0   0.00   0.00      0   0.00   87.0  0.005    0.0  0.000      0      0      0      0      0
12/11/1990  40834    349  18185  22300    166   7572     74   2842     44   2258      0      0      0   0.00   0.00      0   0.00   87.9  0.005    0.0  0.000      0      0      0      0      0
12/12/1990  41416    345  17812  23259    158   7546     77   2890     46   2368      0      0      0   0.00   0.00      0   0.00   87.8  0.005    0.0  0.000      0      0      0      0      0
12/13/1990  42040    341  17662  24037    152   7368     82   3239     43   2201      0      0      0   0.00   0.00      0   0.00   88.8  0.005    0.0  0.000      0      0      0      0      0
12/14/1990  42654    334  17563  24757    151   7300     87   3477     32   1691      0      0      0   0.00   0.00      0   0.00   88.6  0.005    0.0  0.000      0      0      0      0      0
12/15/1990  43278    327  17430  25521    149   7266     92   3597     25   1338      0      0      0   0.00   0.00      0   0.00   88.5  0.005    0.0  0.000      0      0      0      0      0
12/16/1990  43979    324  17290  26365    148   7142     94   3648     18   1037      0      0      0   0.00   0.00      0   0.00   88.4  0.005    0.0  0.000      0      0      0      0      0
12/17/1990  44453    322  16899  27232    149   7272     87   3321     21   1144      0      0      0   0.00   0.00      0   0.00   88.3  0.005    0.0  0.000      0      0      0      0      0
12/18/1990  44881    319  16606  27956    149   7638     83   2887     24   1222      0      0      0   0.00   0.00      0   0.00   88.1  0.005    0.0  0.000      0      0      0      0      0
12/19/1990  45395    316  16414  28665    148   7909     77   2427     26   1278      0      0      0   0.00   0.00      0   0.00   88.0  0.005    0.0  0.000      0      0      0      0      0
12/20/1990  46006    308  16225  29473    155   8005     69   2097     20   1007      0      0      0   0.00   0.00      0   0.00   87.9  0.005    0.0  0.000      0      0      0      0      0
12/21/1990  46624    303  16000  30321    163   8010     63   1908     10    544      0      0      0   0.00   0.00      0   0.00   87.8  0.005    0.0  0.000      0      0      0      0      0
12/22/1990  47131    301  15641  31189    166   7777     57   2014      2    137      0      0      0   0.00   0.00      0   0.00   87.7  0.005    0.0  0.000      0      0      0      0      0
12/23/1990  47562    298  15170  32094    167   7703     46   1766      0      0      0      0      0   0.00   0.00      0   0.00   87.6  0.005    0.0  0.000      0      0      0      0      0
12/24/1990  48059    294  14719  33046    160   7527     41   1415      0      0      0      0      0   0.00   0.00      0   0.00   87.5  0.005    0.0  0.000      0      0      0      0      0
12/25/1990  48606    288  14285  34033    157   7355     34   1007      1     79      0      0      0   0.00   0.00      0   0.00   87.4  0.005    0.0  0.000      0      0      0      0      0
12/26/1990  49041    280  13874  34887    154   7348     28    544      5    267      0      0      0   0.00   0.00      0   0.00   87.3  0.005    0.0  0.000      0      0      0      0      0
12/27/1990  49579    273  13608  35698    151   7182     20    137     10    529      0      0      0   0.00   0.00      0   0.00   87.2  0.005    0.0  0.000      0      0      0      0      0
12/28/1990  50161    265  13298  36598    150   6701     11     79     15    752      0      0      0   0.00   0.00      0   0.00   87.1  0.005    0.0  0.000      0      0      0      0      0
12/29/1990  50725    257  12925  37543    149   6100      7    267     13    694      0      0      0   0.00   0.00      0   0.00   87.0  0.005    0.0  0.000      0      0      0      0      0
12/30/1990  51319    252  12647  38420    140   5472     10    529     13    653      0      0      0   0.00   0.00      0   0.00   86.9  0.005    0.0  0.000      0      0      0      0      0
12/31/1990  52103    247  12541  39315    128   4653     16    831     12    580      0      0      0   0.00   0.00      0   0.00   86.8  0.005    0.0  0.000      0      0      0      0      0
