Varroa Population Simulation - Nov 23,2015  02:34:38 PM
VarroaPop Version 3.2.5.8  June, 2015

                                        Capped  Capped                                                                      Prop           Conc          Conc                                     
            Colony  Adult  Adult         Drone   Wkr    Drone  Wkr    Drone  Wkr  Free   DBrood WBrood DMite  WMite  Mites  Mites  Colony Pollen Colony Nectar   Dead   Dead   Dead   Dead   Dead
     Date   Size   Drones   Wkr   Forgrs Brood  Brood   Larv   Larv    Eggs  Eggs Mites  Mites  Mites  /Cell  /Cell  Dying  Dying  Pollen  Pest  Nectar  Pest    DLarv  WLarv  DAdlt  WAdlt  Forgrs
Initial     10000      0   6993   3007      0      0      0      0      0      0      0      0      0   0.00   0.00      0   0.00    0.0  0.000    0.0  0.000      0      0      0      0      0
08/01/1990   9667      0   6660   3007      0      0      0      0      2    589      0      0      0   0.00   0.00      0   0.00    0.1  0.000    0.0  0.000      0      0      0      0      0
08/02/1990   9334      0   6327   3007      0      0      0      0      4   1177      0      0      0   0.00   0.00      0   0.00    0.2  0.000    0.0  0.000      0      0      0      0      0
08/03/1990   9001      0   5994   3007      0      0      0      0      6   1764      0      0      0   0.00   0.00      0   0.00    0.3  0.000    0.0  0.000      0      0      0      0      0
08/04/1990   8668      0   5661   3007      0      0      2    589      6   1765      0      0      0   0.00   0.00      0   0.00    0.4  0.000    0.0  0.000      0      0      0      0      0
08/05/1990   8335      0   5328   3007      0      0      4   1177      6   1782      0      0      0   0.00   0.00      0   0.00    0.5  0.000    0.0  0.000      0      0      0      0      0
08/06/1990   8002      0   4995   3007      0      0      6   1764      6   1802      0      0      0   0.00   0.00      0   0.00    0.6  0.000    0.0  0.000      0      0      0      0      0
08/07/1990   7669      0   4662   3007      0      0      8   2354      6   1819      0      0      0   0.00   0.00      0   0.00    0.7  0.000    0.0  0.000      0      0      0      0      0
08/08/1990   7336      0   4329   3007      0      0     10   2959      6   1822      0      0      0   0.00   0.00      0   0.00    0.8  0.000    0.0  0.000      0      0      0      0      0
08/09/1990   6993      0   3996   2997      0    589     12   2977      6   1823      0      0      0   0.00   0.00      0   0.00    0.9  0.000    0.0  0.000      0      0      0      0      0
08/10/1990   6660      0   3663   2997      0   1177     14   2996      6   1822      0      0      0   0.00   0.00      0   0.00    1.0  0.000    0.0  0.000      0      0      0      0      0
08/11/1990    583      0    583      0      2   1764      6   2357      6   1821      0      0      0   0.00   0.00      0   0.00    1.1  0.335    0.0  0.000      6    660      0   2740   2994
08/12/1990    530      0    530      0      2   1951      7   2760      4   1213      0      0      0   0.00   0.00      0   0.00    1.1  0.335    0.0  0.000      1     18      0      0     53
08/13/1990    480      0    477      3      2   2299      8   3008      2    607      0      0      0   0.00   0.00      0   0.00    1.1  0.335    0.0  0.000      1     10      0      0     50
08/14/1990    435      0    424     11      2   2888      9   3019      0      0      0      0      0   0.00   0.00      0   0.00    1.1  0.335    0.0  0.000      1      7      0      0     45
08/15/1990    400      0    371     29      2   3485      8   2422      0      0      0      0      0   0.00   0.00      0   0.00    1.1  0.335    0.0  0.000      1      0      0      0     35
08/16/1990    376      0    318     58      3   4086      6   1821      0      0      0      0      0   0.00   0.00      0   0.00    1.1  0.335    0.0  0.000      1      0      0      0     24
08/17/1990    363      0    265     98      4   4694      4   1213      0      0      0      0      0   0.00   0.00      0   0.00    1.1  0.335    0.0  0.000      1      0      0      0     13
08/18/1990    355      0    212    143      5   5300      3    607      0      0      0      0      0   0.00   0.00      0   0.00    1.1  0.335    0.0  0.000      0      0      0      0      8
08/19/1990    355      0    159    196      6   5907      2      0      0     48      0      0      0   0.00   0.00      0   0.00    1.1  0.332    0.0  0.000      0      0      0      0      0
08/20/1990    355      0    106    249      7   5907      1      0      0    116      0      0      0   0.00   0.00      0   0.00    1.1  0.329    0.0  0.000      0      0      0      0      0
08/21/1990    355      0     53    302      8   5907      0      0      0    201      0      0      0   0.00   0.00      0   0.00    1.1  0.325    0.0  0.000      0      0      0      0      0
08/22/1990    941      0    589    352      8   5318      0     48      0    260      0      0      0   0.00   0.00      0   0.00    1.1  0.321    0.0  0.000      0      0      0      0      0
08/23/1990   1521      0   1177    344      8   4730      0    116      0    316      0      0      0   0.00   0.00      0   0.00    1.1  0.318    0.0  0.000      0      0      0      0      0
08/24/1990   2090      0   1764    326      8   4143      0    201      0    341      0      0      0   0.00   0.00      0   0.00    1.1  0.317    0.0  0.000      0      0      0      0      0
08/25/1990   2250      2   1951    297      6   3956      0    308      0    331      0      0      0   0.00   0.00      0   0.00    1.1  0.316    0.0  0.000      0      0      0      0      0
08/26/1990   2558      2   2299    257      6   3608      0    432      0    300      0      0      0   0.00   0.00      0   0.00    1.1  0.316    0.0  0.000      0      0      0      0      0
08/27/1990   3102      2   2888    212      6   3067      0    494      0    276      0      0      0   0.00   0.00      0   0.00    1.1  0.316    0.0  0.000      0      0      0      0      0
08/28/1990   3646      2   3485    159      6   2538      0    523      0    254      0      0      0   0.00   0.00      0   0.00    1.1  0.316    0.0  0.000      0      0      0      0      0
08/29/1990   4194      2   4086    106      6   2022      0    531      0    220      0      0      0   0.00   0.00      0   0.00    1.1  0.316    0.0  0.000      0      0      0      0      0
08/30/1990   4750      3   4694     53      5   1521      0    510      0    173      0      0      0   0.00   0.00      0   0.00    1.1  0.315    0.0  0.000      0      0      0      0      0
08/31/1990   5304      4   5300      0      4   1039      0    461      0    117      0      0      0   0.00   0.00      0   0.00    1.0  0.315    0.0  0.000      0      0      0      0      0
09/01/1990   5912      5   5907      0      3    542      0    410      0     58      0      0      0   0.00   0.00      0   0.00    1.0  0.315    0.0  0.000      0      0      0      0      0
09/02/1990   5913      6   5907      0      2    639      0    352      0     19      0      0      0   0.00   0.00      0   0.00    1.0  0.314    0.0  0.000      0      0      0      0      0
09/03/1990   5914      7   5907      0      1    732      0    278      0      0      0      0      0   0.00   0.00      0   0.00    0.9  0.314    0.0  0.000      0      0      0      0      0
09/04/1990   5915      8   5907      0      0    818      0    192      0      0      0      0      0   0.00   0.00      0   0.00    0.9  0.313    0.0  0.000      0      0      0      0      0
09/05/1990   5915      8   5907      0      0    893      0    117      0      0      0      0      0   0.00   0.00      0   0.00    0.9  0.313    0.0  0.000      0      0      0      0      0
09/06/1990   5915      8   5907      0      0    952      0     58      0      0      0      0      0   0.00   0.00      0   0.00    0.8  0.312    0.0  0.000      0      0      0      0      0
09/07/1990   5915      8   5907      0      0    991      0     19      0      0      0      0      0   0.00   0.00      0   0.00    0.8  0.311    0.0  0.000      0      0      0      0      0
09/08/1990   5915      8   5907      0      0   1010      0      0      0      0      0      0      0   0.00   0.00      0   0.00    0.7  0.310    0.0  0.000      0      0      0      0      0
09/09/1990   5963      8   5955      0      0    962      0      0      0      0      0      0      0   0.00   0.00      0   0.00    0.7  0.308    0.0  0.000      0      0      0      0      0
09/10/1990   6031      8   6023      0      0    894      0      0      0      0      0      0      0   0.00   0.00      0   0.00    0.6  0.306    0.0  0.000      0      0      0      0      0
09/11/1990   6116      8   6108      0      0    809      0      0      0      0      0      0      0   0.00   0.00      0   0.00    0.6  0.304    0.0  0.000      0      0      0      0      0
09/12/1990   6223      8   5626    589      0    702      0      0      0      0      0      0      0   0.00   0.00      0   0.00    0.6  0.304    0.0  0.000      0      0      0      0      0
09/13/1990   6347      8   5162   1177      0    578      0      0      0    187      0      0      0   0.00   0.00      0   0.00    0.6  0.296    0.0  0.000      0      0      0      0      0
09/14/1990   6457      8   4685   1764      0    468      0      0      0    478      0      0      0   0.00   0.00      0   0.00    0.6  0.277    0.0  0.000      0      0      0      0      0
09/15/1990   6552      6   4595   1951      0    371      0      0      0    856      0      0      0   0.00   0.00      0   0.00    0.7  0.255    0.0  0.000      0      0      0      0      0
09/16/1990   6645      6   4340   2299      0    278      0    187      0   1071      0      0      0   0.00   0.00      0   0.00    0.7  0.230    0.0  0.000      0      0      0      0      0
09/17/1990   6731      6   3837   2888      0    192      0    478      0   1233      0      0      0   0.00   0.00      0   0.00    0.8  0.202    0.0  0.000      0      0      0      0      0
09/18/1990   6806      6   3315   3485      0    117      0    856      1   1359      0      0      0   0.00   0.00      0   0.00    1.0  0.174    0.0  0.000      0      0      0      0      0
09/19/1990   6865      6   2773   4086      0     58      0   1258      3   1506      0      0      0   0.00   0.00      0   0.00    1.1  0.148    0.0  0.000      0      0      0      0      0
09/20/1990   6903      5   2204   4694      0     19      0   1711      7   1682      0      0      0   0.00   0.00      0   0.00    1.3  0.126    0.0  0.000      0      0      0      0      0
09/21/1990   6332      4   1617   4711      0    187      1   2028     11   1855      0      0      0   0.00   0.00      0   0.00    1.5  0.110    0.0  0.000      0      0      0      0      0
09/22/1990   5743      3   1010   4730      0    478      3   2286     14   1944      0      0      0   0.00   0.00      0   0.00    1.8  0.097    0.0  0.000      0      0      0      0      0
09/23/1990   5155      2   1010   4143      0    856      7   2537     14   1917      0      0      0   0.00   0.00      0   0.00    1.9  0.088    0.0  0.000      0      0      0      0      0
09/24/1990   4967      1   1010   3956      0   1258     12   2812     13   1836      0      0      0   0.00   0.00      0   0.00    2.1  0.081    0.0  0.000      0      0      0      0      0
09/25/1990   4618      0   1010   3608      0   1711     17   2997     11   1776      0      0      0   0.00   0.00      0   0.00    2.3  0.075    0.0  0.000      0      0      0      0      0
09/26/1990   4029      0   1010   3019      0   2215     21   3095      9   1725      0      0      0   0.00   0.00      0   0.00    2.4  0.072    0.0  0.000      0      0      0      0      0
09/27/1990   3432      0   1010   2422      0   2764     25   3142      6   1633      0      0      0   0.00   0.00      0   0.00    2.5  0.069    0.0  0.000      0      0      0      0      0
09/28/1990   2831      0   1010   1821      1   3393     27   3091      3   1512      0      0      0   0.00   0.00      0   0.00    2.5  0.067    0.0  0.000      0      0      0      0      0
09/29/1990   2223      0   1010   1213      3   4070     27   2965      1   1364      0      0      0   0.00   0.00      0   0.00    2.6  0.066    0.0  0.000      0      0      0      0      0
09/30/1990   1617      0    962    655      7   4708     24   2831      0   1177      0      0      0   0.00   0.00      0   0.00    2.6  0.065    0.0  0.000      0      0      0      0      0
10/01/1990   1010      0    894    116     12   5310     19   2686      0    923      0      0      0   0.00   0.00      0   0.00    2.6  0.065    0.0  0.000      0      0      0      0      0
10/02/1990   1010      0    809    201     17   5906     14   2493      0    520      0      0      0   0.00   0.00      0   0.00    2.6  0.065    0.0  0.000      0      0      0      0      0
10/03/1990   1010      0    702    308     21   6484     10   2232      0    203      0      0      0   0.00   0.00      0   0.00    2.6  0.065    0.0  0.000      0      0      0      0      0
10/04/1990   1197      0    765    432     25   6848      6   1884      0      0      0      0      0   0.00   0.00      0   0.00    2.6  0.065    0.0  0.000      0      0      0      0      0
10/05/1990   1488      0    946    542     28   7061      3   1380      0    136      0      0      0   0.00   0.00      0   0.00    2.6  0.064    0.0  0.000      0      0      0      0      0
10/06/1990   1866      0   1227    639     30   7140      1    923      0    285      0      0      0   0.00   0.00      0   0.00    2.7  0.064    0.0  0.000      0      0      0      0      0
10/07/1990   2268      0   1536    732     31   7141      0    520      0    443      0      0      0   0.00   0.00      0   0.00    2.7  0.063    0.0  0.000      0      0      0      0      0
10/08/1990   2721      0   1903    818     31   7005      0    339      0    485      0      0      0   0.00   0.00      0   0.00    2.7  0.063    0.0  0.000      0      0      0      0      0
10/09/1990   3177      0   2332    845     31   6704      0    285      0    543      0      0      0   0.00   0.00      0   0.00    2.7  0.062    0.0  0.000      0      0      0      0      0
10/10/1990   3658      0   2822    836     31   6155      0    443      0    592      0      0      0   0.00   0.00      0   0.00    2.7  0.062    0.0  0.000      0      0      0      0      0
10/11/1990   4202      0   3412    790     31   5526      0    621      0    620      0      0      0   0.00   0.00      0   0.00    2.8  0.061    0.0  0.000      0      0      0      0      0
10/12/1990   4773      1   4070    702     30   4849      0    828      0    613      0      0      0   0.00   0.00      0   0.00    2.8  0.061    0.0  0.000      0      0      0      0      0
10/13/1990   5289      3   4708    578     28   4347      0    899      0    587      0      0      0   0.00   0.00      0   0.00    2.8  0.061    0.0  0.000      0      0      0      0      0
10/14/1990   5785      7   5310    468     24   3894      0    956      0    538      0      0      0   0.00   0.00      0   0.00    2.8  0.061    0.0  0.000      0      0      0      0      0
10/15/1990   6289     12   5906    371     19   3456      0    998      0    472      0      0      0   0.00   0.00      0   0.00    2.8  0.061    0.0  0.000      0      0      0      0      0
10/16/1990   6779     17   6484    278     14   3056      0   1001      0    398      0      0      0   0.00   0.00      0   0.00    2.7  0.061    0.0  0.000      0      0      0      0      0
10/17/1990   7248     21   7035    192     10   2712      0    951      0    324      0      0      0   0.00   0.00      0   0.00    2.7  0.061    0.0  0.000      0      0      0      0      0
10/18/1990   7681     25   7539    117      6   2415      0    878      0    251      0      0      0   0.00   0.00      0   0.00    2.7  0.061    0.0  0.000      0      0      0      0      0
10/19/1990   8082     28   7996     58      3   2164      0    779      0    178      0      0      0   0.00   0.00      0   0.00    2.6  0.061    0.0  0.000      0      0      0      0      0
10/20/1990   8448     30   8399     19      1   1961      0    662      0    110      0      0      0   0.00   0.00      0   0.00    2.6  0.061    0.0  0.000      0      0      0      0      0
10/21/1990   8747     31   8716      0      0   1825      0    542      0     54      0      0      0   0.00   0.00      0   0.00    2.5  0.061    0.0  0.000      0      0      0      0      0
10/22/1990   8950     31   8919      0      0   1779      0    419      0     20      0      0      0   0.00   0.00      0   0.00    2.4  0.061    0.0  0.000      0      0      0      0      0
10/23/1990   8950     31   8919      0      0   1913      0    300      0      5      0      0      0   0.00   0.00      0   0.00    2.4  0.061    0.0  0.000      0      0      0      0      0
10/24/1990   8950     31   8919      0      0   2020      0    198      0      0      0      0      0   0.00   0.00      0   0.00    2.3  0.061    0.0  0.000      0      0      0      0      0
10/25/1990   8950     31   8732    187      0   2103      0    115      0      0      0      0      0   0.00   0.00      0   0.00    2.3  0.061    0.0  0.000      0      0      0      0      0
10/26/1990   9086     31   8577    478      0   2028      0     54      0     54      0      0      0   0.00   0.00      0   0.00    2.2  0.061    0.0  0.000      0      0      0      0      0
10/27/1990   9235     31   8348    856      0   1913      0     20      0    184      0      0      0   0.00   0.00      0   0.00    2.2  0.061    0.0  0.000      0      0      0      0      0
10/28/1990   9393     31   8104   1258      0   1770      0      5      0    382      0      0      0   0.00   0.00      0   0.00    2.2  0.061    0.0  0.000      0      0      0      0      0
10/29/1990   9571     31   7829   1711      0   1597      0     54      0    585      0      0      0   0.00   0.00      0   0.00    2.2  0.060    0.0  0.000      0      0      0      0      0
10/30/1990   9778     31   7532   2215      0   1390      0    184      0    746      0      0      0   0.00   0.00      0   0.00    2.2  0.059    0.0  0.000      0      0      0      0      0
10/31/1990   9985     31   7190   2764      0   1183      0    382      0    874      0      0      0   0.00   0.00      0   0.00    2.3  0.057    0.0  0.000      0      0      0      0      0
11/01/1990  10183     31   6767   3385      0    977      0    639      0    918      0      0      0   0.00   0.00      0   0.00    2.4  0.055    0.0  0.000      0      0      0      0      0
11/02/1990  10373     30   6290   4053      0    777      0    930      1    938      0      0      0   0.00   0.00      0   0.00    2.6  0.052    0.0  0.000      0      0      0      0      0
11/03/1990  10358     28   5833   4497      0    650      0   1202      2    974      0      0      0   0.00   0.00      0   0.00    2.7  0.049    0.0  0.000      0      0      0      0      0
11/04/1990  10214     24   5388   4802      0    623      0   1373      4   1093      0      0      0   0.00   0.00      0   0.00    2.9  0.046    0.0  0.000      0      0      0      0      0
11/05/1990   9960     19   4926   5015      0    687      1   1486      6   1229      0      0      0   0.00   0.00      0   0.00    3.1  0.043    0.0  0.000      0      0      0      0      0
11/06/1990   9656     14   4455   5187      0    837      2   1591      7   1250      0      0      0   0.00   0.00      0   0.00    3.3  0.040    0.0  0.000      0      0      0      0      0
11/07/1990   9279     10   3987   5282      0   1045      4   1720      8   1212      0      0      0   0.00   0.00      0   0.00    3.5  0.038    0.0  0.000      0      0      0      0      0
11/08/1990   8830      6   3544   5280      0   1310      7   1841      8   1204      0      0      0   0.00   0.00      0   0.00    3.7  0.036    0.0  0.000      0      0      0      0      0
11/09/1990   8311      3   3121   5187      0   1577      9   1923      9   1282      0      0      0   0.00   0.00      0   0.00    3.9  0.034    0.0  0.000      0      0      0      0      0
11/10/1990   7695      1   2733   4961      0   1873     12   1994      9   1369      0      0      0   0.00   0.00      0   0.00    4.1  0.032    0.0  0.000      0      0      0      0      0
11/11/1990   7022      0   2421   4601      0   2230     15   2071      9   1407      0      0      0   0.00   0.00      0   0.00    4.3  0.031    0.0  0.000      0      0      0      0      0
11/12/1990   6384      0   2218   4166      1   2650     17   2112      9   1428      0      0      0   0.00   0.00      0   0.00    4.5  0.030    0.0  0.000      0      0      0      0      0
11/13/1990   5783      0   2218   3565      2   3097     19   2134      9   1435      0      0      0   0.00   0.00      0   0.00    4.6  0.029    0.0  0.000      0      0      0      0      0
11/14/1990   5189      0   2218   2971      4   3480     20   2228      7   1340      0      0      0   0.00   0.00      0   0.00    4.7  0.028    0.0  0.000      0      0      0      0      0
11/15/1990   4614      0   2218   2396      7   3862     20   2328      4   1188      0      0      0   0.00   0.00      0   0.00    4.8  0.027    0.0  0.000      0      0      0      0      0
11/16/1990   4120      0   2136   1984      9   4247     21   2365      1   1035      0      0      0   0.00   0.00      0   0.00    4.9  0.027    0.0  0.000      0      0      0      0      0
11/17/1990   3749      0   2117   1632     12   4578     19   2286      0    956      0      0      0   0.00   0.00      0   0.00    5.0  0.027    0.0  0.000      0      0      0      0      0
11/18/1990   3493      0   2157   1336     15   4849     16   2147      0    876      0      0      0   0.00   0.00      0   0.00    5.0  0.027    0.0  0.000      0      0      0      0      0
11/19/1990   3350      0   2236   1114     18   5069     13   1993      0    777      0      0      0   0.00   0.00      0   0.00    5.0  0.026    0.0  0.000      0      0      0      0      0
11/20/1990   3635      0   2320   1315     21   5260     10   1814      0    619      0      0      0   0.00   0.00      0   0.00    5.1  0.026    0.0  0.000      0      0      0      0      0
11/21/1990   3648      0   2439   1209     24   5410      7   1588      0    511      0      0      0   0.00   0.00      0   0.00    5.1  0.026    0.0  0.000      0      0      0      0      0
11/22/1990   3749      0   2534   1215     27   5491      4   1430      0    431      0      0      0   0.00   0.00      0   0.00    5.1  0.026    0.0  0.000      0      0      0      0      0
11/23/1990   4052      0   2645   1407     30   5510      1   1245      0    432      0      0      0   0.00   0.00      0   0.00    5.2  0.026    0.0  0.000      0      0      0      0      0
11/24/1990   4405      0   2826   1579     31   5471      0   1064      0    454      0      0      0   0.00   0.00      0   0.00    5.2  0.025    0.0  0.000      0      0      0      0      0
11/25/1990   4816      0   3089   1727     31   5354      0    905      0    508      0      0      0   0.00   0.00      0   0.00    5.2  0.025    0.0  0.000      0      0      0      0      0
11/26/1990   5255      1   3402   1852     30   5157      0    801      0    503      0      0      0   0.00   0.00      0   0.00    5.2  0.025    0.0  0.000      0      0      0      0      0
11/27/1990   5630      2   3678   1950     29   4998      0    741      0    470      0      0      0   0.00   0.00      0   0.00    5.2  0.025    0.0  0.000      0      0      0      0      0
11/28/1990   6005      4   3977   2024     27   4761      0    794      0    432      0      0      0   0.00   0.00      0   0.00    5.3  0.025    0.0  0.000      0      0      0      0      0
11/29/1990   6178      7   4355   1816     24   4464      0    793      0    483      0      0      0   0.00   0.00      0   0.00    5.3  0.025    0.0  0.000      0      0      0      0      0
11/30/1990   6486      9   4782   1695     22   4147      0    780      0    537      0      0      0   0.00   0.00      0   0.00    5.4  0.024    0.0  0.000      0      0      0      0      0
12/01/1990   6949     12   5236   1701     19   3824      0    794      0    524      0      0      0   0.00   0.00      0   0.00    5.4  0.024    0.0  0.000      0      0      0      0      0
12/02/1990   7420     15   5708   1697     16   3511      0    822      0    456      0      0      0   0.00   0.00      0   0.00    5.4  0.024    0.0  0.000      0      0      0      0      0
12/03/1990   7732     18   6190   1524     13   3227      0    809      0    412      0      0      0   0.00   0.00      0   0.00    5.4  0.024    0.0  0.000      0      0      0      0      0
12/04/1990   8009     21   6666   1322     10   2892      0    815      0    411      0      0      0   0.00   0.00      0   0.00    5.4  0.024    0.0  0.000      0      0      0      0      0
12/05/1990   8386     24   7048   1314      7   2641      0    808      0    394      0      0      0   0.00   0.00      0   0.00    5.4  0.024    0.0  0.000      0      0      0      0      0
12/06/1990   8519     27   7378   1114      4   2471      0    789      0    382      0      0      0   0.00   0.00      0   0.00    5.4  0.024    0.0  0.000      0      0      0      0      0
12/07/1990   8462     30   7647    785      1   2340      0    743      0    360      0      0      0   0.00   0.00      0   0.00    5.4  0.024    0.0  0.000      0      0      0      0      0
12/08/1990   8195     31   7820    344      0   2222      0    665      0    348      0      0      0   0.00   0.00      0   0.00    5.3  0.024    0.0  0.000      0      0      0      0      0
12/09/1990   8366     31   7872    463      0   2119      0    647      0    269      0      0      0   0.00   0.00      0   0.00    5.3  0.024    0.0  0.000      0      0      0      0      0
12/10/1990   8534     31   7839    664      0   2019      0    647      0    230      0      0      0   0.00   0.00      0   0.00    5.3  0.024    0.0  0.000      0      0      0      0      0
12/11/1990   8645     31   7693    921      0   2015      0    601      0    248      0      0      0   0.00   0.00      0   0.00    5.2  0.024    0.0  0.000      0      0      0      0      0
12/12/1990   8781     31   7509   1241      0   2019      0    505      0    330      0      0      0   0.00   0.00      0   0.00    5.2  0.024    0.0  0.000      0      0      0      0      0
12/13/1990   8919     31   7352   1536      0   1982      0    483      0    387      0      0      0   0.00   0.00      0   0.00    5.2  0.024    0.0  0.000      0      0      0      0      0
12/14/1990   9059     31   7187   1841      0   1965      0    467      0    348      0      0      0   0.00   0.00      0   0.00    5.2  0.024    0.0  0.000      0      0      0      0      0
12/15/1990   9217     31   6989   2197      0   1925      0    475      0    323      0      0      0   0.00   0.00      0   0.00    5.1  0.024    0.0  0.000      0      0      0      0      0
12/16/1990   9408     31   6767   2610      0   1822      0    522      0    288      0      0      0   0.00   0.00      0   0.00    5.1  0.024    0.0  0.000      0      0      0      0      0
12/17/1990   9541     30   6461   3050      0   1731      0    546      0    350      0      0      0   0.00   0.00      0   0.00    5.0  0.024    0.0  0.000      0      0      0      0      0
12/18/1990   9665     29   6209   3427      0   1685      0    568      0    411      0      0      0   0.00   0.00      0   0.00    5.0  0.024    0.0  0.000      0      0      0      0      0
12/19/1990   9817     27   5987   3803      0   1638      0    562      0    458      0      0      0   0.00   0.00      0   0.00    4.9  0.024    0.0  0.000      0      0      0      0      0
12/20/1990   9999     24   5740   4235      0   1578      0    566      0    377      0      0      0   0.00   0.00      0   0.00    4.9  0.024    0.0  0.000      0      0      0      0      0
12/21/1990  10175     22   5464   4689      0   1535      0    592      0    209      0      0      0   0.00   0.00      0   0.00    4.8  0.024    0.0  0.000      0      0      0      0      0
12/22/1990  10312     19   5142   5151      0   1462      0    672      0     55      0      0      0   0.00   0.00      0   0.00    4.8  0.024    0.0  0.000      0      0      0      0      0
12/23/1990  10425     16   4789   5620      0   1445      0    620      0      0      0      0      0   0.00   0.00      0   0.00    4.8  0.024    0.0  0.000      0      0      0      0      0
12/24/1990  10555     13   4448   6094      0   1411      0    513      0      0      0      0      0   0.00   0.00      0   0.00    4.7  0.024    0.0  0.000      0      0      0      0      0
12/25/1990  10690     10   4118   6562      0   1401      0    377      0     39      0      0      0   0.00   0.00      0   0.00    4.7  0.024    0.0  0.000      0      0      0      0      0
12/26/1990  10786      7   3843   6936      0   1462      0    209      0    135      0      0      0   0.00   0.00      0   0.00    4.7  0.024    0.0  0.000      0      0      0      0      0
12/27/1990  10903      4   3642   7257      0   1487      0     55      0    271      0      0      0   0.00   0.00      0   0.00    4.7  0.024    0.0  0.000      0      0      0      0      0
12/28/1990  11015      1   3443   7571      0   1418      0     39      1    391      0      0      0   0.00   0.00      0   0.00    4.6  0.024    0.0  0.000      0      0      0      0      0
12/29/1990  11100      0   3235   7865      0   1323      0    135      1    365      0      0      0   0.00   0.00      0   0.00    4.6  0.024    0.0  0.000      0      0      0      0      0
12/30/1990  11141      0   3035   8106      0   1273      0    271      1    350      0      0      0   0.00   0.00      0   0.00    4.6  0.024    0.0  0.000      0      0      0      0      0
12/31/1990  11217      0   2896   8321      0   1188      1    430      0    318      0      0      0   0.00   0.00      0   0.00    4.6  0.024    0.0  0.000      0      0      0      0      0
