Varroa Population Simulation - Nov 23,2015  02:35:35 PM
VarroaPop Version 3.2.5.8  June, 2015

                                        Capped  Capped                                                                      Prop           Conc          Conc                                     
            Colony  Adult  Adult         Drone   Wkr    Drone  Wkr    Drone  Wkr  Free   DBrood WBrood DMite  WMite  Mites  Mites  Colony Pollen Colony Nectar   Dead   Dead   Dead   Dead   Dead
     Date   Size   Drones   Wkr   Forgrs Brood  Brood   Larv   Larv    Eggs  Eggs Mites  Mites  Mites  /Cell  /Cell  Dying  Dying  Pollen  Pest  Nectar  Pest    DLarv  WLarv  DAdlt  WAdlt  Forgrs
Initial     10000      0   6552   3448      0      0      0      0      0      0      0      0      0   0.00   0.00      0   0.00    0.0  0.000    0.0  0.000      0      0      0      0      0
08/01/1990   9688      0   6240   3448      0      0      0      0      1    379      0      0      0   0.00   0.00      0   0.00    0.1  0.000    0.0  0.000      0      0      0      0      0
08/02/1990   9376      0   5928   3448      0      0      0      0      2    758      0      0      0   0.00   0.00      0   0.00    0.2  0.000    0.0  0.000      0      0      0      0      0
08/03/1990   9064      0   5616   3448      0      0      0      0      3   1137      0      0      0   0.00   0.00      0   0.00    0.3  0.000    0.0  0.000      0      0      0      0      0
08/04/1990   8752      0   5304   3448      0      0      1    379      3   1138      0      0      0   0.00   0.00      0   0.00    0.5  0.000    0.0  0.000      0      0      0      0      0
08/05/1990   8440      0   4992   3448      0      0      2    758      3   1149      0      0      0   0.00   0.00      0   0.00    0.6  0.000    0.0  0.000      0      0      0      0      0
08/06/1990   8128      0   4680   3448      0      0      3   1137      3   1161      0      0      0   0.00   0.00      0   0.00    0.7  0.000    0.0  0.000      0      0      0      0      0
08/07/1990   7816      0   4368   3448      0      0      4   1517      3   1173      0      0      0   0.00   0.00      0   0.00    0.8  0.000    0.0  0.000      0      0      0      0      0
08/08/1990   7504      0   4056   3448      0      0      5   1907      3   1175      0      0      0   0.00   0.00      0   0.00    0.9  0.000    0.0  0.000      0      0      0      0      0
08/09/1990   7192      0   3744   3448      0    379      6   1919      3   1176      0      0      0   0.00   0.00      0   0.00    1.1  0.000    0.0  0.000      0      0      0      0      0
08/10/1990   6880      0   3432   3448      0    758      7   1932      3   1176      0      0      0   0.00   0.00      0   0.00    1.2  0.000    0.0  0.000      0      0      0      0      0
08/11/1990    319      0    319      0      1   1137      3   1180      3   1176      0      0      0   0.00   0.00      0   0.00    1.3  1.048    0.0  0.000      4    765      0   2801   3431
08/12/1990    290      0    290      0      1   1137      3   1522      2    784      0      0      0   0.00   0.00      0   0.00    1.3  1.048    0.0  0.000      1     50      0      0     29
08/13/1990    261      0    261      0      1   1142      3   1900      1    392      0      0      0   0.00   0.00      0   0.00    1.3  1.048    0.0  0.000      1      9      0      0     29
08/14/1990    232      0    232      0      1   1483      3   1946      0      0      0      0      0   0.00   0.00      0   0.00    1.3  1.048    0.0  0.000      1      5      0      0     29
08/15/1990    203      0    203      0      1   1866      2   1560      0      0      0      0      0   0.00   0.00      0   0.00    1.3  1.048    0.0  0.000      1      3      0      0     29
08/16/1990    174      0    174      0      1   2253      1   1171      0      0      0      0      0   0.00   0.00      0   0.00    1.3  1.048    0.0  0.000      1      2      0      0     29
08/17/1990    145      0    145      0      1   2642      0    780      0      0      0      0      0   0.00   0.00      0   0.00    1.3  1.048    0.0  0.000      1      2      0      0     29
08/18/1990    116      0    116      0      1   3032      0    390      0      0      0      0      0   0.00   0.00      0   0.00    1.3  1.048    0.0  0.000      0      0      0      0     29
08/19/1990    116      0     87     29      1   3422      0      0      0      0      0      0      0   0.00   0.00      0   0.00    1.3  1.048    0.0  0.000      0      0      0      0      0
08/20/1990    116      0     58     58      1   3422      0      0      0      5      0      0      0   0.00   0.00      0   0.00    1.3  1.046    0.0  0.000      0      0      0      0      0
08/21/1990    116      0     29     87      1   3422      0      0      0     17      0      0      0   0.00   0.00      0   0.00    1.3  1.043    0.0  0.000      0      0      0      0      0
08/22/1990    495      0    379    116      1   3043      0      0      0     36      0      0      0   0.00   0.00      0   0.00    1.3  1.040    0.0  0.000      0      0      0      0      0
08/23/1990    874      0    758    116      1   2664      0      5      0     58      0      0      0   0.00   0.00      0   0.00    1.3  1.039    0.0  0.000      0      0      0      0      0
08/24/1990   1253      0   1137    116      1   2285      0     17      0     70      0      0      0   0.00   0.00      0   0.00    1.3  1.039    0.0  0.000      0      0      0      0      0
08/25/1990   1254      1   1137    116      0   2285      0     36      0     73      0      0      0   0.00   0.00      0   0.00    1.3  1.039    0.0  0.000      0      0      0      0      0
08/26/1990   1259      1   1142    116      0   2280      0     63      0     69      0      0      0   0.00   0.00      0   0.00    1.3  1.039    0.0  0.000      0      0      0      0      0
08/27/1990   1600      1   1483    116      0   1939      0     87      0     69      0      0      0   0.00   0.00      0   0.00    1.3  1.039    0.0  0.000      0      0      0      0      0
08/28/1990   1983      1   1866    116      0   1561      0    104      0     72      0      0      0   0.00   0.00      0   0.00    1.3  1.039    0.0  0.000      0      0      0      0      0
08/29/1990   2370      1   2253    116      0   1186      0    115      0     75      0      0      0   0.00   0.00      0   0.00    1.3  1.039    0.0  0.000      0      0      0      0      0
08/30/1990   2730      1   2642     87      0    816      0    120      0     76      0      0      0   0.00   0.00      0   0.00    1.3  1.039    0.0  0.000      0      0      0      0      0
08/31/1990   3091      1   3032     58      0    453      0    118      0     69      0      0      0   0.00   0.00      0   0.00    1.3  1.039    0.0  0.000      0      0      0      0      0
09/01/1990   3452      1   3422     29      0     87      0    120      0     56      0      0      0   0.00   0.00      0   0.00    1.3  1.038    0.0  0.000      0      0      0      0      0
09/02/1990   3452      1   3422     29      0    109      0    123      0     37      0      0      0   0.00   0.00      0   0.00    1.2  1.038    0.0  0.000      0      0      0      0      0
09/03/1990   3423      1   3422      0      0    132      0    118      0     25      0      0      0   0.00   0.00      0   0.00    1.2  1.038    0.0  0.000      0      0      0      0      0
09/04/1990   3423      1   3422      0      0    156      0    107      0     12      0      0      0   0.00   0.00      0   0.00    1.2  1.037    0.0  0.000      0      0      0      0      0
09/05/1990   3423      1   3422      0      0    181      0     88      0      6      0      0      0   0.00   0.00      0   0.00    1.2  1.037    0.0  0.000      0      0      0      0      0
09/06/1990   3423      1   3422      0      0    207      0     68      0      0      0      0      0   0.00   0.00      0   0.00    1.2  1.037    0.0  0.000      0      0      0      0      0
09/07/1990   3423      1   3422      0      0    232      0     43      0      0      0      0      0   0.00   0.00      0   0.00    1.1  1.036    0.0  0.000      0      0      0      0      0
09/08/1990   3423      1   3422      0      0    250      0     25      0      0      0      0      0   0.00   0.00      0   0.00    1.1  1.036    0.0  0.000      0      0      0      0      0
09/09/1990   3423      1   3422      0      0    263      0     12      0      0      0      0      0   0.00   0.00      0   0.00    1.1  1.035    0.0  0.000      0      0      0      0      0
09/10/1990   3428      1   3427      0      0    264      0      6      0      0      0      0      0   0.00   0.00      0   0.00    1.0  1.034    0.0  0.000      0      0      0      0      0
09/11/1990   3440      1   3439      0      0    258      0      0      0      0      0      0      0   0.00   0.00      0   0.00    1.0  1.033    0.0  0.000      0      0      0      0      0
09/12/1990   3459      1   3079    379      0    239      0      0      0      0      0      0      0   0.00   0.00      0   0.00    1.0  1.033    0.0  0.000      0      0      0      0      0
09/13/1990   3486      1   2727    758      0    212      0      0      0     78      0      0      0   0.00   0.00      0   0.00    1.0  1.020    0.0  0.000      0      0      0      0      0
09/14/1990   3510      1   2372   1137      0    188      0      0      0    204      0      0      0   0.00   0.00      0   0.00    1.1  0.991    0.0  0.000      0      0      0      0      0
09/15/1990   3531      0   2394   1137      0    166      0      0      0    374      0      0      0   0.00   0.00      0   0.00    1.1  0.963    0.0  0.000      0      0      0      0      0
09/16/1990   3554      0   2412   1142      0    143      0     78      0    466      0      0      0   0.00   0.00      0   0.00    1.1  0.935    0.0  0.000      0      0      0      0      0
09/17/1990   3578      0   2095   1483      0    119      0    204      0    514      0      0      0   0.00   0.00      0   0.00    1.2  0.893    0.0  0.000      0      0      0      0      0
09/18/1990   3603      0   1737   1866      0     94      0    374      0    548      0      0      0   0.00   0.00      0   0.00    1.2  0.841    0.0  0.000      0      0      0      0      0
09/19/1990   3629      0   1376   2253      0     68      0    544      0    610      0      0      0   0.00   0.00      0   0.00    1.3  0.783    0.0  0.000      0      0      0      0      0
09/20/1990   3654      0   1012   2642      0     43      0    718      0    712      0      0      0   0.00   0.00      0   0.00    1.4  0.721    0.0  0.000      0      0      0      0      0
09/21/1990   3672      0    640   3032      0    103      0    844      0    812      0      0      0   0.00   0.00      0   0.00    1.6  0.660    0.0  0.000      0      0      0      0      0
09/22/1990   3685      0    263   3422      0    216      0    950      0    888      0      0      0   0.00   0.00      0   0.00    1.7  0.603    0.0  0.000      0      0      0      0      0
09/23/1990   3312      0    269   3043      0    380      0   1056      1    921      0      0      0   0.00   0.00      0   0.00    1.9  0.559    0.0  0.000      0      0      0      0      0
09/24/1990   2939      0    275   2664      0    544      0   1190      1    924      0      0      0   0.00   0.00      0   0.00    2.0  0.526    0.0  0.000      0      0      0      0      0
09/25/1990   2560      0    275   2285      0    718      0   1324      1    899      0      0      0   0.00   0.00      0   0.00    2.1  0.501    0.0  0.000      0      0      0      0      0
09/26/1990   2560      0    275   2285      0    922      1   1429      0    849      0      0      0   0.00   0.00      0   0.00    2.2  0.478    0.0  0.000      0      0      0      0      0
09/27/1990   2555      0    275   2280      0   1154      1   1504      0    802      0      0      0   0.00   0.00      0   0.00    2.3  0.458    0.0  0.000      0      0      0      0      0
09/28/1990   2214      0    275   1939      0   1430      1   1511      0    785      0      0      0   0.00   0.00      0   0.00    2.4  0.441    0.0  0.000      0      0      0      0      0
09/29/1990   1831      0    275   1556      0   1734      1   1466      0    778      0      0      0   0.00   0.00      0   0.00    2.4  0.429    0.0  0.000      0      0      0      0      0
09/30/1990   1444      0    275   1169      0   2042      1   1418      0    744      0      0      0   0.00   0.00      0   0.00    2.5  0.421    0.0  0.000      0      0      0      0      0
10/01/1990   1055      0    270    785      0   2351      1   1375      0    665      0      0      0   0.00   0.00      0   0.00    2.5  0.416    0.0  0.000      0      0      0      0      0
10/02/1990    665      0    258    407      0   2658      1   1320      0    544      0      0      0   0.00   0.00      0   0.00    2.5  0.413    0.0  0.000      0      0      0      0      0
10/03/1990    275      0    239     36      1   2941      0   1263      0    396      0      0      0   0.00   0.00      0   0.00    2.5  0.413    0.0  0.000      0      0      0      0      0
10/04/1990    353      0    290     63      1   3122      0   1191      0    209      0      0      0   0.00   0.00      0   0.00    2.5  0.413    0.0  0.000      0      0      0      0      0
10/05/1990    479      0    392     87      1   3256      0   1062      0     78      0      0      0   0.00   0.00      0   0.00    2.5  0.413    0.0  0.000      0      0      0      0      0
10/06/1990    649      0    540    109      1   3352      0    874      0      0      0      0      0   0.00   0.00      0   0.00    2.5  0.413    0.0  0.000      0      0      0      0      0
10/07/1990    819      0    687    132      1   3434      0    622      0     19      0      0      0   0.00   0.00      0   0.00    2.5  0.413    0.0  0.000      0      0      0      0      0
10/08/1990    993      0    837    156      1   3486      0    396      0     42      0      0      0   0.00   0.00      0   0.00    2.5  0.413    0.0  0.000      0      0      0      0      0
10/09/1990   1197      0   1016    181      1   3469      0    209      0     71      0      0      0   0.00   0.00      0   0.00    2.5  0.413    0.0  0.000      0      0      0      0      0
10/10/1990   1429      0   1222    207      1   3368      0     97      0     86      0      0      0   0.00   0.00      0   0.00    2.5  0.412    0.0  0.000      0      0      0      0      0
10/11/1990   1705      0   1473    232      1   3170      0     42      0    101      0      0      0   0.00   0.00      0   0.00    2.5  0.412    0.0  0.000      0      0      0      0      0
10/12/1990   2004      0   1759    245      1   2866      0     71      0    115      0      0      0   0.00   0.00      0   0.00    2.5  0.411    0.0  0.000      0      0      0      0      0
10/13/1990   2300      0   2054    246      1   2558      0    105      0    125      0      0      0   0.00   0.00      0   0.00    2.5  0.411    0.0  0.000      0      0      0      0      0
10/14/1990   2590      0   2357    233      1   2249      0    143      0    132      0      0      0   0.00   0.00      0   0.00    2.5  0.411    0.0  0.000      0      0      0      0      0
10/15/1990   2870      0   2658    212      1   1961      0    167      0    132      0      0      0   0.00   0.00      0   0.00    2.5  0.411    0.0  0.000      0      0      0      0      0
10/16/1990   3129      0   2941    188      1   1701      0    188      0    127      0      0      0   0.00   0.00      0   0.00    2.5  0.411    0.0  0.000      0      0      0      0      0
10/17/1990   3367      1   3200    166      0   1471      0    204      0    116      0      0      0   0.00   0.00      0   0.00    2.5  0.411    0.0  0.000      0      0      0      0      0
10/18/1990   3604      1   3460    143      0   1245      0    213      0    104      0      0      0   0.00   0.00      0   0.00    2.5  0.411    0.0  0.000      0      0      0      0      0
10/19/1990   3846      1   3726    119      0   1017      0    214      0     89      0      0      0   0.00   0.00      0   0.00    2.5  0.411    0.0  0.000      0      0      0      0      0
10/20/1990   4073      1   3978     94      0    808      0    205      0     73      0      0      0   0.00   0.00      0   0.00    2.5  0.411    0.0  0.000      0      0      0      0      0
10/21/1990   4273      1   4204     68      0    626      0    192      0     58      0      0      0   0.00   0.00      0   0.00    2.4  0.411    0.0  0.000      0      0      0      0      0
10/22/1990   4435      1   4391     43      0    484      0    171      0     45      0      0      0   0.00   0.00      0   0.00    2.4  0.411    0.0  0.000      0      0      0      0      0
10/23/1990   4548      1   4522     25      0    396      0    146      0     34      0      0      0   0.00   0.00      0   0.00    2.4  0.411    0.0  0.000      0      0      0      0      0
10/24/1990   4613      1   4600     12      0    357      0    123      0     22      0      0      0   0.00   0.00      0   0.00    2.4  0.411    0.0  0.000      0      0      0      0      0
10/25/1990   4607      1   4522     84      0    391      0    100      0     12      0      0      0   0.00   0.00      0   0.00    2.3  0.411    0.0  0.000      0      0      0      0      0
10/26/1990   4601      1   4396    204      0    422      0     76      0     20      0      0      0   0.00   0.00      0   0.00    2.3  0.411    0.0  0.000      0      0      0      0      0
10/27/1990   4601      1   4226    374      0    446      0     56      0     52      0      0      0   0.00   0.00      0   0.00    2.3  0.411    0.0  0.000      0      0      0      0      0
10/28/1990   4620      1   4075    544      0    445      0     39      0    112      0      0      0   0.00   0.00      0   0.00    2.3  0.411    0.0  0.000      0      0      0      0      0
10/29/1990   4643      1   3924    718      0    438      0     38      0    179      0      0      0   0.00   0.00      0   0.00    2.3  0.410    0.0  0.000      0      0      0      0      0
10/30/1990   4672      1   3749    922      0    420      0     63      0    238      0      0      0   0.00   0.00      0   0.00    2.3  0.408    0.0  0.000      0      0      0      0      0
10/31/1990   4706      1   3551   1154      0    393      0    117      0    286      0      0      0   0.00   0.00      0   0.00    2.3  0.404    0.0  0.000      0      0      0      0      0
11/01/1990   4736      1   3313   1422      0    359      0    195      0    309      0      0      0   0.00   0.00      0   0.00    2.4  0.397    0.0  0.000      0      0      0      0      0
11/02/1990   4770      1   3052   1717      0    317      0    289      0    326      0      0      0   0.00   0.00      0   0.00    2.4  0.388    0.0  0.000      0      0      0      0      0
11/03/1990   4804      1   2788   2015      0    288      0    383      0    352      0      0      0   0.00   0.00      0   0.00    2.5  0.378    0.0  0.000      0      0      0      0      0
11/04/1990   4838      1   2524   2313      0    279      0    452      0    411      0      0      0   0.00   0.00      0   0.00    2.6  0.365    0.0  0.000      0      0      0      0      0
11/05/1990   4796      1   2260   2535      0    297      0    503      0    483      0      0      0   0.00   0.00      0   0.00    2.7  0.352    0.0  0.000      0      0      0      0      0
11/06/1990   4703      1   2016   2686      0    340      0    556      0    511      0      0      0   0.00   0.00      0   0.00    2.8  0.338    0.0  0.000      0      0      0      0      0
11/07/1990   4561      0   1791   2770      0    401      0    625      0    513      0      0      0   0.00   0.00      0   0.00    2.9  0.325    0.0  0.000      0      0      0      0      0
11/08/1990   4418      0   1562   2856      0    479      0    700      0    521      0      0      0   0.00   0.00      0   0.00    3.0  0.312    0.0  0.000      0      0      0      0      0
11/09/1990   4265      0   1320   2945      0    560      0    758      0    562      0      0      0   0.00   0.00      0   0.00    3.1  0.300    0.0  0.000      0      0      0      0      0
11/10/1990   4077      0   1086   2991      0    654      0    812      0    609      0      0      0   0.00   0.00      0   0.00    3.2  0.288    0.0  0.000      0      0      0      0      0
11/11/1990   3860      0    876   2984      0    773      0    869      0    640      0      0      0   0.00   0.00      0   0.00    3.4  0.277    0.0  0.000      0      0      0      0      0
11/12/1990   3595      0    700   2895      0    926      0    909      0    669      0      0      0   0.00   0.00      0   0.00    3.5  0.267    0.0  0.000      0      0      0      0      0
11/13/1990   3298      0    576   2722      0   1103      0    938      0    694      0      0      0   0.00   0.00      0   0.00    3.6  0.259    0.0  0.000      0      0      0      0      0
11/14/1990   2994      0    502   2492      0   1262      0    998      0    670      0      0      0   0.00   0.00      0   0.00    3.7  0.251    0.0  0.000      0      0      0      0      0
11/15/1990   2687      0    503   2184      0   1427      0   1065      0    618      0      0      0   0.00   0.00      0   0.00    3.8  0.245    0.0  0.000      0      0      0      0      0
11/16/1990   2397      0    518   1879      0   1604      0   1111      0    564      0      0      0   0.00   0.00      0   0.00    3.9  0.240    0.0  0.000      0      0      0      0      0
11/17/1990   2153      0    554   1599      0   1772      0   1106      0    541      0      0      0   0.00   0.00      0   0.00    4.0  0.236    0.0  0.000      0      0      0      0      0
11/18/1990   1958      0    596   1362      0   1924      0   1074      0    508      0      0      0   0.00   0.00      0   0.00    4.0  0.233    0.0  0.000      0      0      0      0      0
11/19/1990   1783      0    655   1128      0   2065      0   1035      0    460      0      0      0   0.00   0.00      0   0.00    4.1  0.230    0.0  0.000      0      0      0      0      0
11/20/1990   1870      0    721   1149      0   2203      0    978      0    372      0      0      0   0.00   0.00      0   0.00    4.1  0.228    0.0  0.000      0      0      0      0      0
11/21/1990   1717      0    796    921      0   2332      0    888      0    302      0      0      0   0.00   0.00      0   0.00    4.1  0.226    0.0  0.000      0      0      0      0      0
11/22/1990   1359      0    863    496      0   2426      0    825      0    237      0      0      0   0.00   0.00      0   0.00    4.2  0.225    0.0  0.000      0      0      0      0      0
11/23/1990   1287      0    932    355      0   2495      0    732      0    193      0      0      0   0.00   0.00      0   0.00    4.2  0.224    0.0  0.000      0      0      0      0      0
11/24/1990   1294      0   1023    271      0   2544      0    626      0    149      0      0      0   0.00   0.00      0   0.00    4.2  0.224    0.0  0.000      0      0      0      0      0
11/25/1990   1450      0   1142    308      0   2556      0    521      0    107      0      0      0   0.00   0.00      0   0.00    4.2  0.224    0.0  0.000      0      0      0      0      0
11/26/1990   1626      0   1283    343      0   2520      0    417      0     85      0      0      0   0.00   0.00      0   0.00    4.2  0.224    0.0  0.000      0      0      0      0      0
11/27/1990   1781      0   1407    374      0   2493      0    315      0     73      0      0      0   0.00   0.00      0   0.00    4.2  0.224    0.0  0.000      0      0      0      0      0
11/28/1990   1939      0   1539    400      0   2415      0    256      0     72      0      0      0   0.00   0.00      0   0.00    4.2  0.224    0.0  0.000      0      0      0      0      0
11/29/1990   2059      0   1700    359      0   2301      0    200      0     84      0      0      0   0.00   0.00      0   0.00    4.2  0.223    0.0  0.000      0      0      0      0      0
11/30/1990   2253      0   1880    373      0   2168      0    151      0     94      0      0      0   0.00   0.00      0   0.00    4.2  0.223    0.0  0.000      0      0      0      0      0
12/01/1990   2456      0   2075    381      0   1999      0    135      0     94      0      0      0   0.00   0.00      0   0.00    4.2  0.223    0.0  0.000      0      0      0      0      0
12/02/1990   2669      0   2282    387      0   1810      0    135      0     83      0      0      0   0.00   0.00      0   0.00    4.2  0.223    0.0  0.000      0      0      0      0      0
12/03/1990   2891      0   2504    387      0   1606      0    138      0     79      0      0      0   0.00   0.00      0   0.00    4.2  0.223    0.0  0.000      0      0      0      0      0
12/04/1990   3115      0   2735    380      0   1390      0    144      0     81      0      0      0   0.00   0.00      0   0.00    4.2  0.223    0.0  0.000      0      0      0      0      0
12/05/1990   3303      0   2930    373      0   1213      0    145      0     82      0      0      0   0.00   0.00      0   0.00    4.2  0.223    0.0  0.000      0      0      0      0      0
12/06/1990   3467      0   3110    357      0   1060      0    145      0     82      0      0      0   0.00   0.00      0   0.00    4.2  0.223    0.0  0.000      0      0      0      0      0
12/07/1990   3608      0   3279    329      0    910      0    141      0     82      0      0      0   0.00   0.00      0   0.00    4.1  0.223    0.0  0.000      0      0      0      0      0
12/08/1990   3752      0   3419    333      0    766      0    133      0     86      0      0      0   0.00   0.00      0   0.00    4.1  0.223    0.0  0.000      0      0      0      0      0
12/09/1990   3863      0   3506    357      0    646      0    133      0     86      0      0      0   0.00   0.00      0   0.00    4.1  0.223    0.0  0.000      0      0      0      0      0
12/10/1990   3834      0   3560    274      0    533      0    140      0     96      0      0      0   0.00   0.00      0   0.00    4.1  0.223    0.0  0.000      0      0      0      0      0
12/11/1990   3890      0   3553    337      0    473      0    140      0    100      0      0      0   0.00   0.00      0   0.00    4.1  0.223    0.0  0.000      0      0      0      0      0
12/12/1990   3958      0   3522    436      0    425      0    138      0    106      0      0      0   0.00   0.00      0   0.00    4.1  0.223    0.0  0.000      0      0      0      0      0
12/13/1990   4020      0   3488    532      0    378      0    154      0    104      0      0      0   0.00   0.00      0   0.00    4.1  0.223    0.0  0.000      0      0      0      0      0
12/14/1990   4055      0   3420    635      0    362      0    158      0     92      0      0      0   0.00   0.00      0   0.00    4.1  0.223    0.0  0.000      0      0      0      0      0
12/15/1990   4080      0   3319    761      0    358      0    162      0     87      0      0      0   0.00   0.00      0   0.00    4.0  0.223    0.0  0.000      0      0      0      0      0
12/16/1990   4100      0   3184    916      0    357      0    172      0     80      0      0      0   0.00   0.00      0   0.00    4.0  0.222    0.0  0.000      0      0      0      0      0
12/17/1990   4113      0   3022   1091      0    363      0    164      0    101      0      0      0   0.00   0.00      0   0.00    4.0  0.222    0.0  0.000      0      0      0      0      0
12/18/1990   4126      0   2881   1245      0    381      0    153      0    124      0      0      0   0.00   0.00      0   0.00    4.0  0.222    0.0  0.000      0      0      0      0      0
12/19/1990   4146      0   2743   1403      0    385      0    152      0    143      0      0      0   0.00   0.00      0   0.00    3.9  0.222    0.0  0.000      0      0      0      0      0
12/20/1990   4172      0   2585   1587      0    385      0    159      0    119      0      0      0   0.00   0.00      0   0.00    3.9  0.222    0.0  0.000      0      0      0      0      0
12/21/1990   4197      0   2413   1784      0    391      0    173      0     67      0      0      0   0.00   0.00      0   0.00    3.9  0.222    0.0  0.000      0      0      0      0      0
12/22/1990   4218      0   2228   1990      0    383      0    203      0     17      0      0      0   0.00   0.00      0   0.00    3.9  0.222    0.0  0.000      0      0      0      0      0
12/23/1990   4234      0   2028   2206      0    389      0    191      0      0      0      0      0   0.00   0.00      0   0.00    3.9  0.222    0.0  0.000      0      0      0      0      0
12/24/1990   4255      0   1823   2432      0    392      0    160      0      0      0      0      0   0.00   0.00      0   0.00    3.9  0.222    0.0  0.000      0      0      0      0      0
12/25/1990   4278      0   1615   2663      0    403      0    119      0     14      0      0      0   0.00   0.00      0   0.00    3.9  0.222    0.0  0.000      0      0      0      0      0
12/26/1990   4295      0   1440   2855      0    431      0     67      0     50      0      0      0   0.00   0.00      0   0.00    3.8  0.222    0.0  0.000      0      0      0      0      0
12/27/1990   4316      0   1287   3029      0    453      0     17      0    103      0      0      0   0.00   0.00      0   0.00    3.8  0.222    0.0  0.000      0      0      0      0      0
12/28/1990   4339      0   1133   3206      0    440      0     14      0    152      0      0      0   0.00   0.00      0   0.00    3.8  0.222    0.0  0.000      0      0      0      0      0
12/29/1990   4359      0    985   3374      0    412      0     50      0    144      0      0      0   0.00   0.00      0   0.00    3.8  0.222    0.0  0.000      0      0      0      0      0
12/30/1990   4380      0    865   3515      0    384      0    103      0    140      0      0      0   0.00   0.00      0   0.00    3.8  0.222    0.0  0.000      0      0      0      0      0
12/31/1990   4413      0    769   3644      0    344      0    166      0    129      0      0      0   0.00   0.00      0   0.00    3.8  0.222    0.0  0.000      0      0      0      0      0
