Varroa Population Simulation - Nov 24,2015  04:11:18 PM
VarroaPop Version 3.2.5.8  June, 2015

                                        Capped  Capped                                                                      Prop           Conc          Conc                                     
            Colony  Adult  Adult         Drone   Wkr    Drone  Wkr    Drone  Wkr  Free   DBrood WBrood DMite  WMite  Mites  Mites  Colony Pollen Colony Nectar   Dead   Dead   Dead   Dead   Dead
     Date   Size   Drones   Wkr   Forgrs Brood  Brood   Larv   Larv    Eggs  Eggs Mites  Mites  Mites  /Cell  /Cell  Dying  Dying  Pollen  Pest  Nectar  Pest    DLarv  WLarv  DAdlt  WAdlt  Forgrs
Initial     10000      0   6552   3448      0      0      0      0      0      0      0      0      0   0.00   0.00      0   0.00    0.0  0.000    0.0  0.000      0      0      0      0      0
05/01/1990   9688      0   6240   3448      0      0      0      0      2    498      0      0      0   0.00   0.00      0   0.00    0.1  0.000    0.0  0.000      0      0      0      0      0
05/02/1990   9376      0   5928   3448      0      0      0      0      4   1036      0      0      0   0.00   0.00      0   0.00    0.2  0.000    0.0  0.000      0      0      0      0      0
05/03/1990   9064      0   5616   3448      0      0      0      0      6   1621      0      0      0   0.00   0.00      0   0.00    0.3  0.000    0.0  0.000      0      0      0      0      0
05/04/1990   8752      0   5304   3448      0      0      2    498      7   1731      0      0      0   0.00   0.00      0   0.00    0.5  0.000    0.0  0.000      0      0      0      0      0
05/05/1990   8440      0   4992   3448      0      0      4   1036      8   1813      0      0      0   0.00   0.00      0   0.00    0.6  0.000    0.0  0.000      0      0      0      0      0
05/06/1990   8128      0   4680   3448      0      0      6   1621      9   1836      0      0      0   0.00   0.00      0   0.00    0.7  0.000    0.0  0.000      0      0      0      0      0
05/07/1990   7816      0   4368   3448      0      0      9   2229      8   1793      0      0      0   0.00   0.00      0   0.00    0.8  0.000    0.0  0.000      0      0      0      0      0
05/08/1990   7504      0   4056   3448      0      0     12   2849      7   1729      0      0      0   0.00   0.00      0   0.00    0.9  0.000    0.0  0.000      0      0      0      0      0
05/09/1990   7192      0   3744   3448      0    498     15   2959      6   1634      0      0      0   0.00   0.00      0   0.00    1.1  0.000    0.0  0.000      0      0      0      0      0
05/10/1990   6880      0   3432   3448      0   1036     17   2986      5   1511      0      0      0   0.00   0.00      0   0.00    1.2  0.000    0.0  0.000      0      0      0      0      0
05/11/1990   6552      0   3120   3432      2   1621     17   2957      5   1442      0      0      0   0.00   0.00      0   0.00    1.3  0.000    0.0  0.000      0      0      0      0      0
05/12/1990   6240      0   2808   3432      4   2229     17   2862      5   1433      0      0      0   0.00   0.00      0   0.00    1.4  0.000    0.0  0.000      0      0      0      0      0
05/13/1990   5928      0   2496   3432      6   2849     16   2684      6   1503      0      0      0   0.00   0.00      0   0.00    1.6  0.000    0.0  0.000      0      0      0      0      0
05/14/1990   5616      0   2184   3432      9   3457     15   2563      6   1526      0      0      0   0.00   0.00      0   0.00    1.7  0.000    0.0  0.000      0      0      0      0      0
05/15/1990   5304      0   1872   3432     12   4022     14   2502      6   1512      0      0      0   0.00   0.00      0   0.00    1.8  0.000    0.0  0.000      0      0      0      0      0
05/16/1990   4992      0   1560   3432     15   4578     13   2458      6   1549      0      0      0   0.00   0.00      0   0.00    2.0  0.000    0.0  0.000      0      0      0      0      0
05/17/1990   4680      0   1248   3432     17   5091     13   2455      6   1552      0      0      0   0.00   0.00      0   0.00    2.1  0.000    0.0  0.000      0      0      0      0      0
05/18/1990   4368      0    936   3432     19   5533     13   2503      6   1521      0      0      0   0.00   0.00      0   0.00    2.3  0.000    0.0  0.000      0      0      0      0      0
05/19/1990   4056      0    624   3432     21   6020     13   2565      5   1418      0      0      0   0.00   0.00      0   0.00    2.4  0.000    0.0  0.000      0      0      0      0      0
05/20/1990   3744      0    312   3432     22   6524     14   2574      5   1411      0      0      0   0.00   0.00      0   0.00    2.6  0.000    0.0  0.000      0      0      0      0      0
05/21/1990   3432      0      0   3432     24   7036     14   2521      5   1481      0      0      0   0.00   0.00      0   0.00    2.7  0.000    0.0  0.000      0      0      0      0      0
05/22/1990   3618      0    498   3120     26   7048     13   2457      6   1575      0      0      0   0.00   0.00      0   0.00    2.9  0.000    0.0  0.000      0      0      0      0      0
05/23/1990   4156      0   1036   3120     28   7000     13   2473      5   1494      0      0      0   0.00   0.00      0   0.00    2.9  0.000    0.0  0.000      0      0      0      0      0
05/24/1990   4429      0   1621   2808     30   6964     13   2453      4   1387      0      0      0   0.00   0.00      0   0.00    3.0  0.000    0.0  0.000      0      0      0      0      0
05/25/1990   4727      2   2229   2496     30   6869     13   2480      3   1296      0      0      0   0.00   0.00      0   0.00    3.1  0.000    0.0  0.000      0      0      0      0      0
05/26/1990   5037      4   2849   2184     30   6708     12   2446      2   1301      0      0      0   0.00   0.00      0   0.00    3.2  0.000    0.0  0.000      0      0      0      0      0
05/27/1990   5647      6   3457   2184     30   6546     11   2422      1   1229      0      0      0   0.00   0.00      0   0.00    3.1  0.000    0.0  0.000      0      0      0      0      0
05/28/1990   6215      9   4022   2184     29   6487     10   2365      0   1125      0      0      0   0.00   0.00      0   0.00    3.1  0.000    0.0  0.000      0      0      0      0      0
05/29/1990   6462     12   4578   1872     27   6460      9   2266      0   1066      0      0      0   0.00   0.00      0   0.00    3.2  0.000    0.0  0.000      0      0      0      0      0
05/30/1990   6666     15   5091   1560     26   6487      7   2076      0   1060      0      0      0   0.00   0.00      0   0.00    3.2  0.000    0.0  0.000      0      0      0      0      0
05/31/1990   6798     17   5533   1248     26   6470      5   1996      0   1007      0      0      0   0.00   0.00      0   0.00    3.2  0.000    0.0  0.000      0      0      0      0      0
06/01/1990   6975     19   6020    936     26   6405      3   1945      0    895      0      0      0   0.00   0.00      0   0.00    3.2  0.000    0.0  0.000      0      0      0      0      0
06/02/1990   7169     21   6524    624     25   6350      2   1840      0    793      0      0      0   0.00   0.00      0   0.00    3.2  0.000    0.0  0.000      0      0      0      0      0
06/03/1990   7370     22   7036    312     25   6268      1   1702      0    686      0      0      0   0.00   0.00      0   0.00    3.2  0.000    0.0  0.000      0      0      0      0      0
06/04/1990   7570     24   7546      0     24   6108      0   1611      0    531      0      0      0   0.00   0.00      0   0.00    3.2  0.000    0.0  0.000      0      0      0      0      0
06/05/1990   8062     26   8036      0     22   5963      0   1508      0    289      0      0      0   0.00   0.00      0   0.00    3.1  0.000    0.0  0.000      0      0      0      0      0
06/06/1990   8613     28   8585      0     20   5785      0   1322      0    104      0      0      0   0.00   0.00      0   0.00    3.0  0.000    0.0  0.000      0      0      0      0      0
06/07/1990   9128     30   9098      0     18   5616      0   1082      0      0      0      0      0   0.00   0.00      0   0.00    3.0  0.000    0.0  0.000      0      0      0      0      0
06/08/1990   9589     32   9557      0     16   5449      0    790      0      0      0      0      0   0.00   0.00      0   0.00    2.9  0.000    0.0  0.000      0      0      0      0      0
06/09/1990  10037     34  10003      0     14   5262      0    531      0      0      0      0      0   0.00   0.00      0   0.00    2.8  0.000    0.0  0.000      0      0      0      0      0
06/10/1990  10545     36  10509      0     12   4998      0    289      0      0      0      0      0   0.00   0.00      0   0.00    2.8  0.000    0.0  0.000      0      0      0      0      0
06/11/1990  11076     38  11038      0     10   4654      0    104      0      0      0      0      0   0.00   0.00      0   0.00    2.7  0.000    0.0  0.000      0      0      0      0      0
06/12/1990  11617     39  11080    498      9   4218      0      0      0      0      0      0      0   0.00   0.00      0   0.00    2.6  0.000    0.0  0.000      0      0      0      0      0
06/13/1990  12044     41  10967   1036      7   3793      0      0      0    141      0      0      0   0.00   0.00      0   0.00    2.6  0.000    0.0  0.000      0      0      0      0      0
06/14/1990  12468     43  10804   1621      5   3371      0      0      0    379      0      0      0   0.00   0.00      0   0.00    2.6  0.000    0.0  0.000      0      0      0      0      0
06/15/1990  12917     43  10645   2229      3   2922      0      0      0    714      0      0      0   0.00   0.00      0   0.00    2.6  0.000    0.0  0.000      0      0      0      0      0
06/16/1990  13346     42  10455   2849      2   2492      0    141      0   1010      0      0      0   0.00   0.00      0   0.00    2.7  0.000    0.0  0.000      0      0      0      0      0
06/17/1990  13695     41  10197   3457      1   2142      0    379      1   1301      0      0      0   0.00   0.00      0   0.00    2.8  0.000    0.0  0.000      0      0      0      0      0
06/18/1990  14038     39   9977   4022      0   1797      0    714      3   1525      0      0      0   0.00   0.00      0   0.00    2.9  0.000    0.0  0.000      0      0      0      0      0
06/19/1990  14406     36   9792   4578      0   1426      0   1151      7   1736      0      0      0   0.00   0.00      0   0.00    3.0  0.000    0.0  0.000      0      0      0      0      0
06/20/1990  14747     33   9623   5091      0   1082      1   1680     11   1953      0      0      0   0.00   0.00      0   0.00    3.2  0.000    0.0  0.000      0      0      0      0      0
06/21/1990  15037     31   9473   5533      0    931      3   2098     15   2177      0      0      0   0.00   0.00      0   0.00    3.4  0.000    0.0  0.000      0      0      0      0      0
06/22/1990  15294     29   9245   6020      0    910      7   2508     17   2288      0      0      0   0.00   0.00      0   0.00    3.6  0.000    0.0  0.000      0      0      0      0      0
06/23/1990  15036     27   8983   6026      0   1003     12   2919     19   2327      0      0      0   0.00   0.00      0   0.00    3.8  0.000    0.0  0.000      0      0      0      0      0
06/24/1990  14682     26   8656   6000      0   1255     18   3265     20   2345      0      0      0   0.00   0.00      0   0.00    4.0  0.000    0.0  0.000      0      0      0      0      0
06/25/1990  14199     24   8250   5925      0   1680     24   3495     21   2384      0      0      0   0.00   0.00      0   0.00    4.2  0.000    0.0  0.000      0      0      0      0      0
06/26/1990  13589     22   7760   5807      0   2239     31   3721     21   2401      0      0      0   0.00   0.00      0   0.00    4.4  0.000    0.0  0.000      0      0      0      0      0
06/27/1990  12967     20   7211   5736      1   2887     37   3874     21   2381      0      0      0   0.00   0.00      0   0.00    4.6  0.000    0.0  0.000      0      0      0      0      0
06/28/1990  12357     18   6698   5641      3   3633     42   3926     20   2348      0      0      0   0.00   0.00      0   0.00    4.8  0.000    0.0  0.000      0      0      0      0      0
06/29/1990  11790     16   6239   5535      7   4416     45   3945     20   2345      0      0      0   0.00   0.00      0   0.00    5.0  0.000    0.0  0.000      0      0      0      0      0
06/30/1990  11232     14   5793   5425     12   5175     47   3967     19   2361      0      0      0   0.00   0.00      0   0.00    5.2  0.000    0.0  0.000      0      0      0      0      0
07/01/1990  10717     12   5287   5418     18   5960     47   3947     19   2383      0      0      0   0.00   0.00      0   0.00    5.4  0.000    0.0  0.000      0      0      0      0      0
07/02/1990  10273     10   4758   5505     24   6761     48   3945     18   2340      0      0      0   0.00   0.00      0   0.00    5.6  0.000    0.0  0.000      0      0      0      0      0
07/03/1990   9785      9   4218   5558     31   7559     47   3944     18   2298      0      0      0   0.00   0.00      0   0.00    5.8  0.000    0.0  0.000      0      0      0      0      0
07/04/1990   9420      7   3934   5479     38   8220     46   3929     18   2242      0      0      0   0.00   0.00      0   0.00    6.0  0.000    0.0  0.000      0      0      0      0      0
07/05/1990   9144      5   3750   5389     45   8763     45   3904     18   2222      0      0      0   0.00   0.00      0   0.00    6.2  0.000    0.0  0.000      0      0      0      0      0
07/06/1990   8967      3   3636   5328     52   9193     44   3894     17   2200      0      0      0   0.00   0.00      0   0.00    6.5  0.000    0.0  0.000      0      0      0      0      0
07/07/1990   8913      2   3643   5268     59   9555     43   3826     17   2221      0      0      0   0.00   0.00      0   0.00    6.7  0.000    0.0  0.000      0      0      0      0      0
07/08/1990   8892      1   3822   5069     65   9823     43   3765     17   2239      0      0      0   0.00   0.00      0   0.00    6.9  0.000    0.0  0.000      0      0      0      0      0
07/09/1990   8937      0   4036   4901     72  10051     41   3711     17   2258      0      0      0   0.00   0.00      0   0.00    7.1  0.000    0.0  0.000      0      0      0      0      0
07/10/1990   9126      0   4313   4813     78  10159     41   3707     16   2273      0      0      0   0.00   0.00      0   0.00    7.2  0.000    0.0  0.000      0      0      0      0      0
07/11/1990   9427      1   4715   4711     83  10168     41   3706     15   2289      0      0      0   0.00   0.00      0   0.00    7.4  0.000    0.0  0.000      0      0      0      0      0
07/12/1990   9706      3   5206   4497     87  10116     40   3727     15   2301      0      0      0   0.00   0.00      0   0.00    7.6  0.000    0.0  0.000      0      0      0      0      0
07/13/1990   9940      7   5706   4227     89  10093     39   3758     15   2282      0      0      0   0.00   0.00      0   0.00    7.7  0.000    0.0  0.000      0      0      0      0      0
07/14/1990  10190     12   6249   3929     90  10041     38   3795     15   2237      0      0      0   0.00   0.00      0   0.00    7.9  0.000    0.0  0.000      0      0      0      0      0
07/15/1990  10572     18   6865   3689     90   9992     37   3807     14   2174      0      0      0   0.00   0.00      0   0.00    8.0  0.000    0.0  0.000      0      0      0      0      0
07/16/1990  10954     24   7559   3371     89   9948     37   3801     12   2087      0      0      0   0.00   0.00      0   0.00    8.1  0.000    0.0  0.000      0      0      0      0      0
07/17/1990  11314     31   8361   2922     88   9898     36   3774     10   1987      0      0      0   0.00   0.00      0   0.00    8.2  0.000    0.0  0.000      0      0      0      0      0
07/18/1990  11672     38   9142   2492     87   9884     34   3708      8   1877      0      0      0   0.00   0.00      0   0.00    8.3  0.000    0.0  0.000      0      0      0      0      0
07/19/1990  12094     45   9907   2142     85   9889     32   3599      6   1764      0      0      0   0.00   0.00      0   0.00    8.3  0.000    0.0  0.000      0      0      0      0      0
07/20/1990  12555     52  10706   1797     83   9854     30   3460      3   1643      0      0      0   0.00   0.00      0   0.00    8.3  0.000    0.0  0.000      0      0      0      0      0
07/21/1990  12988     59  11503   1426     81   9805     27   3303      1   1506      0      0      0   0.00   0.00      0   0.00    8.3  0.000    0.0  0.000      0      0      0      0      0
07/22/1990  13437     65  12290   1082     80   9743     23   3126      0   1348      0      0      0   0.00   0.00      0   0.00    8.3  0.000    0.0  0.000      0      0      0      0      0
07/23/1990  13908     72  13046    790     78   9688     18   2929      0   1154      0      0      0   0.00   0.00      0   0.00    8.2  0.000    0.0  0.000      0      0      0      0      0
07/24/1990  14410     78  13801    531     77   9594     13   2722      0    933      0      0      0   0.00   0.00      0   0.00    8.1  0.000    0.0  0.000      0      0      0      0      0
07/25/1990  14905     84  14391    430     75   9488      9   2487      0    711      0      0      0   0.00   0.00      0   0.00    8.1  0.000    0.0  0.000      0      0      0      0      0
07/26/1990  15462     90  14889    483     72   9343      6   2206      0    546      0      0      0   0.00   0.00      0   0.00    8.0  0.000    0.0  0.000      0      0      0      0      0
07/27/1990  16097     96  15287    714     69   9158      3   1891      0    479      0      0      0   0.00   0.00      0   0.00    7.9  0.000    0.0  0.000      0      0      0      0      0
07/28/1990  16855    102  15602   1151     65   8910      1   1555      0    543      0      0      0   0.00   0.00      0   0.00    7.8  0.000    0.0  0.000      0      0      0      0      0
07/29/1990  17615    108  15827   1680     60   8610      0   1246      0    728      0      0      0   0.00   0.00      0   0.00    7.8  0.000    0.0  0.000      0      0      0      0      0
07/30/1990  18372    113  16020   2239     55   8248      0   1022      0    987      0      0      0   0.00   0.00      0   0.00    7.8  0.000    0.0  0.000      0      0      0      0      0
07/31/1990  19145    119  16139   2887     49   7791      0    944      0   1259      0      0      0   0.00   0.00      0   0.00    7.8  0.000    0.0  0.000      0      0      0      0      0
08/01/1990  19920    124  16163   3633     43   7254      0   1041      1   1508      0      0      0   0.00   0.00      0   0.00    7.9  0.000    0.0  0.000      0      0      0      0      0
08/02/1990  20687    127  16144   4416     38   6658      0   1298      4   1735      0      0      0   0.00   0.00      0   0.00    8.0  0.000    0.0  0.000      0      0      0      0      0
08/03/1990  21436    128  16133   5175     33   6055      0   1657      9   1947      0      0      0   0.00   0.00      0   0.00    8.1  0.000    0.0  0.000      0      0      0      0      0
08/04/1990  22161    128  16073   5960     28   5496      1   2070     14   2143      0      0      0   0.00   0.00      0   0.00    8.2  0.000    0.0  0.000      0      0      0      0      0
08/05/1990  22720    127  15973   6620     23   5027      4   2490     18   2336      0      0      0   0.00   0.00      0   0.00    8.4  0.000    0.0  0.000      0      0      0      0      0
08/06/1990  23142    126  15836   7180     18   4696      9   2876     22   2508      0      0      0   0.00   0.00      0   0.00    8.7  0.000    0.0  0.000      0      0      0      0      0
08/07/1990  23430    124  15659   7647     13   4496     15   3226     26   2651      0      0      0   0.00   0.00      0   0.00    8.9  0.000    0.0  0.000      0      0      0      0      0
08/08/1990  23581    121  15469   7991      9   4409     22   3567     30   2747      0      0      0   0.00   0.00      0   0.00    9.1  0.000    0.0  0.000      0      0      0      0      0
08/09/1990  23596    117  15252   8227      6   4440     31   3876     32   2818      0      0      0   0.00   0.00      0   0.00    9.4  0.000    0.0  0.000      0      0      0      0      0
08/10/1990  23537    113  14957   8467      3   4588     41   4142     33   2869      0      0      0   0.00   0.00      0   0.00    9.7  0.000    0.0  0.000      0      0      0      0      0
08/11/1990  23338    108  14614   8616      2   4850     51   4367     33   2908      0      0      0   0.00   0.00      0   0.00   10.0  0.000    0.0  0.000      0      0      0      0      0
08/12/1990  22977    103  14217   8657      4   5235     59   4551     34   2934      0      0      0   0.00   0.00      0   0.00   10.2  0.000    0.0  0.000      0      0      0      0      0
08/13/1990  22497     96  13771   8630      9   5770     65   4675     34   2928      0      0      0   0.00   0.00      0   0.00   10.5  0.000    0.0  0.000      0      0      0      0      0
08/14/1990  21965     90  13249   8626     15   6425     70   4767     34   2860      0      0      0   0.00   0.00      0   0.00   10.8  0.000    0.0  0.000      0      0      0      0      0
08/15/1990  21342     84  12686   8572     22   7175     75   4834     32   2723      0      0      0   0.00   0.00      0   0.00   11.1  0.000    0.0  0.000      0      0      0      0      0
08/16/1990  20680     78  12095   8507     31   7971     77   4856     32   2621      0      0      0   0.00   0.00      0   0.00   11.4  0.000    0.0  0.000      0      0      0      0      0
08/17/1990  20042     72  11528   8442     41   8764     78   4809     32   2585      0      0      0   0.00   0.00      0   0.00   11.7  0.000    0.0  0.000      0      0      0      0      0
08/18/1990  19466     66  11008   8392     52   9501     77   4688     32   2547      0      0      0   0.00   0.00      0   0.00   12.0  0.000    0.0  0.000      0      0      0      0      0
08/19/1990    104      0    104      0     63  10151     56   3859     31   2492      0      0      0   0.00   0.00      0   0.00   12.3  0.251    0.0  0.000     20    710     60  10479   8362
08/20/1990    527      0    527      0     69  10213     61   4248     20   1616      0      0      0   0.00   0.00      0   0.00   12.3  0.251    0.0  0.000      0      0      0      0      2
08/21/1990   1029      0   1029      0     75  10460     65   4307     10    806      0      0      0   0.00   0.00      0   0.00   12.3  0.251    0.0  0.000      0      0      0      0      2
08/22/1990   1606      0   1606      0     81  10793     69   4201      0      0      0      0      0   0.00   0.00      0   0.00   12.3  0.251    0.0  0.000      0      0      0      0      2
08/23/1990   2256      0   2256      0     87  10989     63   3353      0      0      0      0      0   0.00   0.00      0   0.00   12.2  0.251    0.0  0.000      0      0      0      0      2
08/24/1990   2970      0   2970      0     98  11134     52   2492      0      0      0      0      0   0.00   0.00      0   0.00   12.2  0.251    0.0  0.000      0      0      0      0      2
08/25/1990   3744      1   3743      0    107  11235     42   1616      0      0      0      0      0   0.00   0.00      0   0.00   12.2  0.251    0.0  0.000      0      0      0      0      2
08/26/1990   4590      4   4586      0    115  11200     31    806      0      0      0      0      0   0.00   0.00      0   0.00   12.2  0.251    0.0  0.000      0      0      0      0      2
08/27/1990   5483      9   5472      2    121  11118     20      0      0      0      0      0      0   0.00   0.00      0   0.00   12.1  0.251    0.0  0.000      0      0      0      0      0
08/28/1990   6407     15   6388      4    125  10200     10      0      0      0      0      0      0   0.00   0.00      0   0.00   12.1  0.251    0.0  0.000      0      0      0      0      0
08/29/1990   7355     22   7327      6    128   9259      0      0      0      0      0      0      0   0.00   0.00      0   0.00   12.1  0.251    0.0  0.000      0      0      0      0      0
08/30/1990   8323     31   8284      8    119   8300      0      0      0      1      0      0      0   0.00   0.00      0   0.00   12.0  0.251    0.0  0.000      0      0      0      0      0
08/31/1990   9302     41   9244     17    109   7331      0      0      0      3      0      0      0   0.00   0.00      0   0.00   12.0  0.251    0.0  0.000      0      0      0      0      0
09/01/1990  10293     52  10215     26     98   6351      0      0      0      8      0      0      0   0.00   0.00      0   0.00   11.9  0.251    0.0  0.000      0      0      0      0      0
09/02/1990  10791     63  10693     35     87   5864      0      1      0     17      0      0      0   0.00   0.00      0   0.00   11.9  0.251    0.0  0.000      0      0      0      0      0
09/03/1990  11548     69  11435     44     81   5113      0      3      0     28      0      0      0   0.00   0.00      0   0.00   11.8  0.251    0.0  0.000      0      0      0      0      0
09/04/1990  12466     75  12338     53     75   4201      0      8      0     40      0      0      0   0.00   0.00      0   0.00   11.7  0.251    0.0  0.000      0      0      0      0      0
09/05/1990  13320     81  13177     62     69   3353      0     18      0     50      0      0      0   0.00   0.00      0   0.00   11.6  0.251    0.0  0.000      0      0      0      0      0
09/06/1990  14187     87  14029     71     63   2492      0     31      0     60      0      0      0   0.00   0.00      0   0.00   11.6  0.251    0.0  0.000      0      0      0      0      0
09/07/1990  15074     98  14900     76     52   1617      0     47      0     70      0      0      0   0.00   0.00      0   0.00   11.5  0.251    0.0  0.000      0      0      0      0      0
09/08/1990  15892    108  15705     79     42    809      0     65      0     78      0      0      0   0.00   0.00      0   0.00   11.4  0.251    0.0  0.000      0      0      0      0      0
09/09/1990  16707    119  16502     86     31      8      0     83      0     85      0      0      0   0.00   0.00      0   0.00   11.2  0.251    0.0  0.000      0      0      0      0      0
09/10/1990  16716    130  16077    509     20     18      0    100      0     92      0      0      0   0.00   0.00      0   0.00   11.2  0.251    0.0  0.000      0      0      0      0      0
09/11/1990  16724    140  15573   1011     10     31      0    115      0    231      0      0      0   0.00   0.00      0   0.00   11.1  0.251    0.0  0.000      0      0      0      0      0
09/12/1990  16725    150  14994   1581      0     48      0    128      0    483      0      0      0   0.00   0.00      0   0.00   11.1  0.251    0.0  0.000      0      0      0      0      0
09/13/1990  16707    150  14342   2215      0     68      0    142      0    830      0      0      0   0.00   0.00      0   0.00   11.1  0.251    0.0  0.000      0      0      0      0      0
09/14/1990  16698    150  13626   2922      0     91      0    286      0   1098      0      0      0   0.00   0.00      0   0.00   11.1  0.250    0.0  0.000      0      0      0      0      0
09/15/1990  16688    149  12851   3688      0    118      0    541      1   1320      0      0      0   0.00   0.00      0   0.00   11.2  0.248    0.0  0.000      0      0      0      0      0
09/16/1990  16676    146  12006   4524      0    146      0    894      4   1508      0      0      0   0.00   0.00      0   0.00   11.3  0.246    0.0  0.000      0      0      0      0      0
09/17/1990  16662    141  11118   5403      0    176      0   1299      8   1715      0      0      0   0.00   0.00      0   0.00   11.4  0.242    0.0  0.000      0      0      0      0      0
09/18/1990  16651    135  10200   6316      0    210      1   1769     12   1895      0      0      0   0.00   0.00      0   0.00   11.6  0.238    0.0  0.000      0      0      0      0      0
09/19/1990  16639    128   9259   7252      0    377      4   2171     15   2048      0      0      0   0.00   0.00      0   0.00   11.9  0.233    0.0  0.000      0      0      0      0      0
09/20/1990  16622    119   8301   8202      0    658      8   2531     20   2215      0      0      0   0.00   0.00      0   0.00   12.2  0.227    0.0  0.000      0      0      0      0      0
09/21/1990  16189    109   7334   8746      0   1037     13   2834     25   2387      0      0      0   0.00   0.00      0   0.00   12.5  0.221    0.0  0.000      0      0      0      0      0
09/22/1990  15679     98   6359   9222      0   1467     19   3121     29   2491      0      0      0   0.00   0.00      0   0.00   12.9  0.215    0.0  0.000      0      0      0      0      0
09/23/1990  15099     87   5882   9130      0   1961     28   3426     30   2475      0      0      0   0.00   0.00      0   0.00   13.2  0.209    0.0  0.000      0      0      0      0      0
09/24/1990  14454     81   5144   9229      0   2517     38   3713     31   2453      0      0      0   0.00   0.00      0   0.00   13.6  0.204    0.0  0.000      0      0      0      0      0
09/25/1990  13749     75   4249   9425      1   3142     47   3897     32   2457      0      0      0   0.00   0.00      0   0.00   14.0  0.198    0.0  0.000      0      0      0      0      0
09/26/1990  12988     69   3421   9498      4   3806     54   4006     33   2498      0      0      0   0.00   0.00      0   0.00   14.4  0.192    0.0  0.000      0      0      0      0      0
09/27/1990  12160     63   2583   9514      8   4505     61   4118     33   2503      0      0      0   0.00   0.00      0   0.00   14.8  0.187    0.0  0.000      0      0      0      0      0
09/28/1990  11288     52   1734   9502     13   5287     67   4139     33   2532      0      0      0   0.00   0.00      0   0.00   15.2  0.182    0.0  0.000      0      0      0      0      0
09/29/1990  10388     42    952   9394     19   6115     72   4117     33   2597      0      0      0   0.00   0.00      0   0.00   15.6  0.177    0.0  0.000      0      0      0      0      0
09/30/1990   9466     31    176   9259     28   6911     74   4130     33   2677      0      0      0   0.00   0.00      0   0.00   16.0  0.173    0.0  0.000      0      0      0      0      0
10/01/1990   8530     20    210   8300     38   7670     75   4196     33   2740      0      0      0   0.00   0.00      0   0.00   16.4  0.169    0.0  0.000      0      0      0      0      0
10/02/1990   7718     10    377   7331     48   8337     76   4261     32   2666      0      0      0   0.00   0.00      0   0.00   16.7  0.166    0.0  0.000      0      0      0      0      0
10/03/1990   7010      0    659   6351     58   8885     77   4350     29   2539      0      0      0   0.00   0.00      0   0.00   17.0  0.163    0.0  0.000      0      0      0      0      0
10/04/1990   6904      0   1040   5864     69   9338     77   4438     26   2424      0      0      0   0.00   0.00      0   0.00   17.3  0.160    0.0  0.000      0      0      0      0      0
10/05/1990   6588      0   1475   5113     80   9742     76   4424     22   2317      0      0      0   0.00   0.00      0   0.00   17.5  0.158    0.0  0.000      0      0      0      0      0
10/06/1990   6180      0   1979   4201     91  10097     73   4357     19   2142      0      0      0   0.00   0.00      0   0.00   17.7  0.157    0.0  0.000      0      0      0      0      0
10/07/1990   5901      0   2548   3353    102  10427     70   4265     14   1855      0      0      0   0.00   0.00      0   0.00   17.8  0.156    0.0  0.000      0      0      0      0      0
10/08/1990   5682      0   3190   2492    113  10704     65   4064     10   1610      0      0      0   0.00   0.00      0   0.00   17.9  0.155    0.0  0.000      0      0      0      0      0
10/09/1990   5491      1   3874   1616    123  10942     59   3759      5   1423      0      0      0   0.00   0.00      0   0.00   17.9  0.154    0.0  0.000      0      0      0      0      0
10/10/1990   5406      4   4596    806    131  11045     51   3454      2   1226      0      0      0   0.00   0.00      0   0.00   17.9  0.154    0.0  0.000      0      0      0      0      0
10/11/1990   5413      8   5404      1    138  11028     42   3135      0    951      0      0      0   0.00   0.00      0   0.00   17.9  0.154    0.0  0.000      0      0      0      0      0
10/12/1990   6274     13   6258      3    143  10979     32   2758      0    521      0      0      0   0.00   0.00      0   0.00   17.9  0.154    0.0  0.000      0      0      0      0      0
10/13/1990   7106     19   7079      8    145  10871     24   2363      0    198      0      0      0   0.00   0.00      0   0.00   17.8  0.154    0.0  0.000      0      0      0      0      0
10/14/1990   7908     28   7862     18    144  10695     16   1944      0      2      0      0      0   0.00   0.00      0   0.00   17.8  0.154    0.0  0.000      0      0      0      0      0
10/15/1990   8752     38   8683     31    140  10381     10   1424      0      7      0      0      0   0.00   0.00      0   0.00   17.7  0.154    0.0  0.000      0      0      0      0      0
10/16/1990   9592     48   9496     48    135  10024      5    951      0     17      0      0      0   0.00   0.00      0   0.00   17.7  0.154    0.0  0.000      0      0      0      0      0
10/17/1990  10436     58  10310     68    128   9620      2    523      0     30      0      0      0   0.00   0.00      0   0.00   17.6  0.154    0.0  0.000      0      0      0      0      0
10/18/1990  11286     69  11126     91    119   9104      0    205      0     47      0      0      0   0.00   0.00      0   0.00   17.6  0.154    0.0  0.000      0      0      0      0      0
10/19/1990  12156     80  11958    118    108   8443      0     17      0     63      0      0      0   0.00   0.00      0   0.00   17.5  0.154    0.0  0.000      0      0      0      0      0
10/20/1990  13066     91  12829    146     97   7544      0     32      0     79      0      0      0   0.00   0.00      0   0.00   17.4  0.154    0.0  0.000      0      0      0      0      0
10/21/1990  13996    102  13718    176     86   6625      0     54      0     98      0      0      0   0.00   0.00      0   0.00   17.3  0.154    0.0  0.000      0      0      0      0      0
10/22/1990  14928    113  14606    209     75   5705      0     78      0    122      0      0      0   0.00   0.00      0   0.00   17.2  0.154    0.0  0.000      0      0      0      0      0
10/23/1990  15762    124  15264    374     64   4885      0    104      0    151      0      0      0   0.00   0.00      0   0.00   17.2  0.154    0.0  0.000      0      0      0      0      0
10/24/1990  16560    135  15774    651     53   4103      0    135      0    216      0      0      0   0.00   0.00      0   0.00   17.1  0.154    0.0  0.000      0      0      0      0      0
10/25/1990  17368    146  16200   1022     42   3311      0    170      0    337      0      0      0   0.00   0.00      0   0.00   17.0  0.154    0.0  0.000      0      0      0      0      0
10/26/1990  18083    156  16483   1444     32   2615      0    208      0    499      0      0      0   0.00   0.00      0   0.00   17.0  0.154    0.0  0.000      0      0      0      0      0
10/27/1990  18691    164  16596   1931     24   2024      0    288      0    687      0      0      0   0.00   0.00      0   0.00   17.0  0.154    0.0  0.000      0      0      0      0      0
10/28/1990  19199    172  16547   2480     16   1535      0    428      0    856      0      0      0   0.00   0.00      0   0.00   17.0  0.154    0.0  0.000      0      0      0      0      0
10/29/1990  19655    178  16378   3099     10   1103      0    609      0   1022      0      0      0   0.00   0.00      0   0.00   17.0  0.154    0.0  0.000      0      0      0      0      0
10/30/1990  20062    182  16124   3756      5    723      0    853      1   1133      0      0      0   0.00   0.00      0   0.00   17.0  0.154    0.0  0.000      0      0      0      0      0
10/31/1990  20357    182  15725   4450      2    460      0   1133      3   1220      0      0      0   0.00   0.00      0   0.00   17.1  0.153    0.0  0.000      0      0      0      0      0
11/01/1990  20512    180  15114   5218      0    368      0   1415      5   1211      0      0      0   0.00   0.00      0   0.00   17.3  0.152    0.0  0.000      0      0      0      0      0
11/02/1990  20463    175  14258   6030      0    539      1   1649      6   1185      0      0      0   0.00   0.00      0   0.00   17.4  0.150    0.0  0.000      0      0      0      0      0
11/03/1990  20281    169  13432   6680      0    761      3   1854      8   1186      0      0      0   0.00   0.00      0   0.00   17.6  0.148    0.0  0.000      0      0      0      0      0
11/04/1990  19984    160  12641   7183      0   1053      5   1939     11   1301      0      0      0   0.00   0.00      0   0.00   17.9  0.147    0.0  0.000      0      0      0      0      0
11/05/1990  19591    150  11812   7629      0   1388      7   1978     14   1447      0      0      0   0.00   0.00      0   0.00   18.1  0.145    0.0  0.000      0      0      0      0      0
11/06/1990  19150    140  10992   8018      0   1766     11   2018     15   1471      0      0      0   0.00   0.00      0   0.00   18.4  0.142    0.0  0.000      0      0      0      0      0
11/07/1990  18646    130  10173   8343      0   2156     16   2107     15   1431      0      0      0   0.00   0.00      0   0.00   18.7  0.140    0.0  0.000      0      0      0      0      0
11/08/1990  18084    119   9356   8609      0   2561     21   2205     15   1430      0      0      0   0.00   0.00      0   0.00   19.0  0.138    0.0  0.000      0      0      0      0      0
11/09/1990  17454    108   8523   8823      1   2914     25   2278     16   1535      0      0      0   0.00   0.00      0   0.00   19.3  0.135    0.0  0.000      0      0      0      0      0
11/10/1990  16788     97   7655   9036      3   3262     28   2353     17   1657      0      0      0   0.00   0.00      0   0.00   19.7  0.133    0.0  0.000      0      0      0      0      0
11/11/1990  16095     86   6777   9232      5   3649     31   2449     19   1737      0      0      0   0.00   0.00      0   0.00   20.0  0.131    0.0  0.000      0      0      0      0      0
11/12/1990  15325     75   5905   9345      7   4093     35   2512     21   1818      0      0      0   0.00   0.00      0   0.00   20.4  0.128    0.0  0.000      0      0      0      0      0
11/13/1990  14518     64   5140   9314     11   4558     37   2563     23   1905      0      0      0   0.00   0.00      0   0.00   20.8  0.126    0.0  0.000      0      0      0      0      0
11/14/1990  13787     53   4454   9280     16   4904     39   2715     23   1874      0      0      0   0.00   0.00      0   0.00   21.2  0.124    0.0  0.000      0      0      0      0      0
11/15/1990  13154     42   3818   9294     21   5187     42   2899     21   1781      0      0      0   0.00   0.00      0   0.00   21.5  0.121    0.0  0.000      0      0      0      0      0
11/16/1990  12532     32   3322   9178     26   5489     45   3038     20   1718      0      0      0   0.00   0.00      0   0.00   21.9  0.119    0.0  0.000      0      0      0      0      0
11/17/1990  11988     24   2999   8965     31   5752     47   3054     20   1772      0      0      0   0.00   0.00      0   0.00   22.3  0.117    0.0  0.000      0      0      0      0      0
11/18/1990  11486     16   2819   8651     36   5988     48   3023     21   1805      0      0      0   0.00   0.00      0   0.00   22.7  0.115    0.0  0.000      0      0      0      0      0
11/19/1990  11029     10   2734   8285     42   6204     49   3019     20   1788      0      0      0   0.00   0.00      0   0.00   23.0  0.114    0.0  0.000      0      0      0      0      0
11/20/1990  11418      5   2709   8704     48   6437     50   3008     18   1583      0      0      0   0.00   0.00      0   0.00   23.4  0.112    0.0  0.000      0      0      0      0      0
11/21/1990  10984      2   2813   8169     55   6673     50   2923     15   1381      0      0      0   0.00   0.00      0   0.00   23.8  0.110    0.0  0.000      0      0      0      0      0
11/22/1990   9555      0   2994   6561     63   6867     48   2933     13   1192      0      0      0   0.00   0.00      0   0.00   24.0  0.109    0.0  0.000      0      0      0      0      0
11/23/1990   9014      1   3373   5640     70   7033     45   2810     11   1133      0      0      0   0.00   0.00      0   0.00   24.3  0.108    0.0  0.000      0      0      0      0      0
11/24/1990   8621      3   3801   4817     75   7205     42   2586      9   1103      0      0      0   0.00   0.00      0   0.00   24.5  0.107    0.0  0.000      0      0      0      0      0
11/25/1990   9107      5   4293   4809     79   7338     40   2353      7   1069      0      0      0   0.00   0.00      0   0.00   24.4  0.107    0.0  0.000      0      0      0      0      0
11/26/1990   9624      7   4813   4804     84   7391     36   2138      5    948      0      0      0   0.00   0.00      0   0.00   24.4  0.107    0.0  0.000      0      0      0      0      0
11/27/1990  10070     11   5255   4804     87   7522     31   1901      4    817      0      0      0   0.00   0.00      0   0.00   24.4  0.107    0.0  0.000      0      0      0      0      0
11/28/1990  10519     16   5694   4809     89   7490     26   1839      3    712      0      0      0   0.00   0.00      0   0.00   24.6  0.106    0.0  0.000      0      0      0      0      0
11/29/1990   9468     21   6196   3251     90   7342     21   1705      3    768      0      0      0   0.00   0.00      0   0.00   24.7  0.106    0.0  0.000      0      0      0      0      0
11/30/1990   9316     26   6727   2563     90   7179     17   1526      2    806      0      0      0   0.00   0.00      0   0.00   24.7  0.105    0.0  0.000      0      0      0      0      0
12/01/1990   9887     31   7272   2584     89   6966     14   1418      1    736      0      0      0   0.00   0.00      0   0.00   24.8  0.105    0.0  0.000      0      0      0      0      0
12/02/1990  10486     36   7835   2615     88   6708     11   1370      0    596      0      0      0   0.00   0.00      0   0.00   24.7  0.105    0.0  0.000      0      0      0      0      0
12/03/1990  10519     42   8423   2054     85   6430      8   1263      0    523      0      0      0   0.00   0.00      0   0.00   24.8  0.105    0.0  0.000      0      0      0      0      0
12/04/1990  10674     48   9026   1600     81   6009      6   1206      0    510      0      0      0   0.00   0.00      0   0.00   24.8  0.105    0.0  0.000      0      0      0      0      0
12/05/1990  11244     55   9493   1696     76   5651      4   1149      0    471      0      0      0   0.00   0.00      0   0.00   24.7  0.105    0.0  0.000      0      0      0      0      0
12/06/1990  11331     63   9867   1401     69   5361      3   1074      0    440      0      0      0   0.00   0.00      0   0.00   24.7  0.105    0.0  0.000      0      0      0      0      0
12/07/1990  11207     71  10245    891     62   5059      2    948      0    410      0      0      0   0.00   0.00      0   0.00   24.7  0.105    0.0  0.000      0      0      0      0      0
12/08/1990  11649     78  10578    993     56   4685      1    814      0    393      0      0      0   0.00   0.00      0   0.00   24.7  0.105    0.0  0.000      0      0      0      0      0
12/09/1990  12222     84  10816   1322     51   4292      0    778      0    359      0      0      0   0.00   0.00      0   0.00   24.7  0.105    0.0  0.000      0      0      0      0      0
12/10/1990  12799     91  11011   1697     44   3867      0    762      0    401      0      0      0   0.00   0.00      0   0.00   24.7  0.105    0.0  0.000      0      0      0      0      0
12/11/1990  13214     98  11028   2088     37   3625      0    684      0    514      0      0      0   0.00   0.00      0   0.00   24.7  0.105    0.0  0.000      0      0      0      0      0
12/12/1990  13586    105  10977   2504     30   3421      0    627      0    622      0      0      0   0.00   0.00      0   0.00   24.6  0.105    0.0  0.000      0      0      0      0      0
12/13/1990  13975    111  10992   2872     24   3146      0    692      0    655      0      0      0   0.00   0.00      0   0.00   24.7  0.105    0.0  0.000      0      0      0      0      0
12/14/1990  14331    115  10976   3240     19   2932      0    758      0    547      0      0      0   0.00   0.00      0   0.00   24.6  0.105    0.0  0.000      0      0      0      0      0
12/15/1990  14667    117  10894   3656     15   2728      0    839      0    469      0      0      0   0.00   0.00      0   0.00   24.5  0.105    0.0  0.000      0      0      0      0      0
12/16/1990  15017    119  10760   4138     11   2470      0    954      0    390      0      0      0   0.00   0.00      0   0.00   24.4  0.105    0.0  0.000      0      0      0      0      0
12/17/1990  15248    120  10477   4651      8   2343      0    946      0    453      0      0      0   0.00   0.00      0   0.00   24.4  0.105    0.0  0.000      0      0      0      0      0
12/18/1990  15448    118  10240   5090      6   2312      0    907      0    510      0      0      0   0.00   0.00      0   0.00   24.3  0.105    0.0  0.000      0      0      0      0      0
12/19/1990  15687    115  10041   5531      4   2272      0    830      0    556      0      0      0   0.00   0.00      0   0.00   24.2  0.105    0.0  0.000      0      0      0      0      0
12/20/1990  15968    111   9815   6042      3   2197      0    777      0    450      0      0      0   0.00   0.00      0   0.00   24.2  0.105    0.0  0.000      0      0      0      0      0
12/21/1990  16204    107   9511   6586      2   2161      0    762      0    248      0      0      0   0.00   0.00      0   0.00   24.1  0.105    0.0  0.000      0      0      0      0      0
12/22/1990  16372    103   9120   7149      1   2083      0    839      0     64      0      0      0   0.00   0.00      0   0.00   24.0  0.105    0.0  0.000      0      0      0      0      0
12/23/1990  16513     99   8674   7740      0   2070      0    758      0      0      0      0      0   0.00   0.00      0   0.00   24.0  0.105    0.0  0.000      0      0      0      0      0
12/24/1990  16673     93   8216   8364      0   2028      0    620      0      0      0      0      0   0.00   0.00      0   0.00   23.9  0.105    0.0  0.000      0      0      0      0      0
12/25/1990  16825     87   7725   9013      0   2026      0    450      0     43      0      0      0   0.00   0.00      0   0.00   23.8  0.105    0.0  0.000      0      0      0      0      0
12/26/1990  16922     80   7271   9571      0   2109      0    248      0    149      0      0      0   0.00   0.00      0   0.00   23.8  0.105    0.0  0.000      0      0      0      0      0
12/27/1990  17048     72   6875  10101      0   2144      0     64      1    300      0      0      0   0.00   0.00      0   0.00   23.7  0.105    0.0  0.000      0      0      0      0      0
12/28/1990  17167     64   6417  10686      0   2066      0     43      2    435      0      0      0   0.00   0.00      0   0.00   23.7  0.105    0.0  0.000      0      0      0      0      0
12/29/1990  17246     57   5892  11297      0   1964      0    149      2    407      0      0      0   0.00   0.00      0   0.00   23.7  0.105    0.0  0.000      0      0      0      0      0
12/30/1990  17339     51   5429  11859      0   1849      1    300      2    392      0      0      0   0.00   0.00      0   0.00   23.6  0.105    0.0  0.000      0      0      0      0      0
12/31/1990  17500     44   5030  12426      0   1665      2    478      2    357      0      0      0   0.00   0.00      0   0.00   23.6  0.105    0.0  0.000      0      0      0      0      0
