Varroa Population Simulation - Nov 24,2015  04:08:05 PM
VarroaPop Version 3.2.5.8  June, 2015

                                        Capped  Capped                                                                      Prop           Conc          Conc                                     
            Colony  Adult  Adult         Drone   Wkr    Drone  Wkr    Drone  Wkr  Free   DBrood WBrood DMite  WMite  Mites  Mites  Colony Pollen Colony Nectar   Dead   Dead   Dead   Dead   Dead
     Date   Size   Drones   Wkr   Forgrs Brood  Brood   Larv   Larv    Eggs  Eggs Mites  Mites  Mites  /Cell  /Cell  Dying  Dying  Pollen  Pest  Nectar  Pest    DLarv  WLarv  DAdlt  WAdlt  Forgrs
Initial     10000      0   6993   3007      0      0      0      0      0      0      0      0      0   0.00   0.00      0   0.00    0.0  0.000    0.0  0.000      0      0      0      0      0
05/01/1990   9667      0   6660   3007      0      0      0      0      1    371      0      0      0   0.00   0.00      0   0.00    0.1  0.000    0.0  0.000      0      0      0      0      0
05/02/1990   9334      0   6327   3007      0      0      0      0      2    771      0      0      0   0.00   0.00      0   0.00    0.2  0.000    0.0  0.000      0      0      0      0      0
05/03/1990   9001      0   5994   3007      0      0      0      0      3   1207      0      0      0   0.00   0.00      0   0.00    0.3  0.000    0.0  0.000      0      0      0      0      0
05/04/1990   8668      0   5661   3007      0      0      1    371      3   1289      0      0      0   0.00   0.00      0   0.00    0.4  0.000    0.0  0.000      0      0      0      0      0
05/05/1990   8335      0   5328   3007      0      0      2    771      3   1351      0      0      0   0.00   0.00      0   0.00    0.5  0.000    0.0  0.000      0      0      0      0      0
05/06/1990   8002      0   4995   3007      0      0      3   1207      3   1368      0      0      0   0.00   0.00      0   0.00    0.6  0.000    0.0  0.000      0      0      0      0      0
05/07/1990   7669      0   4662   3007      0      0      4   1660      3   1335      0      0      0   0.00   0.00      0   0.00    0.7  0.000    0.0  0.000      0      0      0      0      0
05/08/1990   7336      0   4329   3007      0      0      5   2122      3   1286      0      0      0   0.00   0.00      0   0.00    0.8  0.000    0.0  0.000      0      0      0      0      0
05/09/1990   6993      0   3996   2997      0    371      6   2204      3   1215      0      0      0   0.00   0.00      0   0.00    0.9  0.000    0.0  0.000      0      0      0      0      0
05/10/1990   6660      0   3663   2997      0    771      7   2224      2   1123      0      0      0   0.00   0.00      0   0.00    1.0  0.000    0.0  0.000      0      0      0      0      0
05/11/1990   6327      0   3330   2997      1   1207      7   2201      1   1072      0      0      0   0.00   0.00      0   0.00    1.1  0.000    0.0  0.000      0      0      0      0      0
05/12/1990   5994      0   2997   2997      2   1660      7   2130      1   1065      0      0      0   0.00   0.00      0   0.00    1.2  0.000    0.0  0.000      0      0      0      0      0
05/13/1990   5661      0   2664   2997      3   2122      6   1996      2   1118      0      0      0   0.00   0.00      0   0.00    1.3  0.000    0.0  0.000      0      0      0      0      0
05/14/1990   5328      0   2331   2997      4   2575      5   1905      3   1136      0      0      0   0.00   0.00      0   0.00    1.4  0.000    0.0  0.000      0      0      0      0      0
05/15/1990   4995      0   1998   2997      5   2995      5   1860      2   1127      0      0      0   0.00   0.00      0   0.00    1.5  0.000    0.0  0.000      0      0      0      0      0
05/16/1990   4662      0   1665   2997      6   3408      5   1828      2   1155      0      0      0   0.00   0.00      0   0.00    1.6  0.000    0.0  0.000      0      0      0      0      0
05/17/1990   4329      0   1332   2997      7   3790      5   1826      2   1157      0      0      0   0.00   0.00      0   0.00    1.8  0.000    0.0  0.000      0      0      0      0      0
05/18/1990   3996      0    999   2997      8   4118      4   1864      2   1133      0      0      0   0.00   0.00      0   0.00    1.9  0.000    0.0  0.000      0      0      0      0      0
05/19/1990   3663      0    666   2997      9   4480      4   1911      1   1056      0      0      0   0.00   0.00      0   0.00    2.0  0.000    0.0  0.000      0      0      0      0      0
05/20/1990   3330      0    333   2997      9   4855      5   1918      1   1051      0      0      0   0.00   0.00      0   0.00    2.2  0.000    0.0  0.000      0      0      0      0      0
05/21/1990   2997      0      0   2997      9   5236      5   1879      2   1103      0      0      0   0.00   0.00      0   0.00    2.3  0.000    0.0  0.000      0      0      0      0      0
05/22/1990   3035      0    371   2664     10   5245      4   1831      3   1173      0      0      0   0.00   0.00      0   0.00    2.4  0.000    0.0  0.000      0      0      0      0      0
05/23/1990   3435      0    771   2664     11   5211      4   1842      2   1108      0      0      0   0.00   0.00      0   0.00    2.4  0.000    0.0  0.000      0      0      0      0      0
05/24/1990   3538      0   1207   2331     12   5184      4   1827      1   1024      0      0      0   0.00   0.00      0   0.00    2.5  0.000    0.0  0.000      0      0      0      0      0
05/25/1990   3659      1   1660   1998     11   5113      5   1847      0    946      0      0      0   0.00   0.00      0   0.00    2.6  0.000    0.0  0.000      0      0      0      0      0
05/26/1990   3789      2   2122   1665     11   4993      4   1817      0    936      0      0      0   0.00   0.00      0   0.00    2.6  0.000    0.0  0.000      0      0      0      0      0
05/27/1990   4243      3   2575   1665     11   4872      3   1795      0    863      0      0      0   0.00   0.00      0   0.00    2.6  0.000    0.0  0.000      0      0      0      0      0
05/28/1990   4664      4   2995   1665     10   4829      3   1742      0    772      0      0      0   0.00   0.00      0   0.00    2.6  0.000    0.0  0.000      0      0      0      0      0
05/29/1990   4745      5   3408   1332      9   4810      3   1650      0    721      0      0      0   0.00   0.00      0   0.00    2.6  0.000    0.0  0.000      0      0      0      0      0
05/30/1990   4795      6   3790    999      9   4830      2   1485      0    705      0      0      0   0.00   0.00      0   0.00    2.7  0.000    0.0  0.000      0      0      0      0      0
05/31/1990   4791      7   4118    666      9   4814      1   1406      0    644      0      0      0   0.00   0.00      0   0.00    2.7  0.000    0.0  0.000      0      0      0      0      0
06/01/1990   4821      8   4480    333      9   4762      0   1347      0    523      0      0      0   0.00   0.00      0   0.00    2.7  0.000    0.0  0.000      0      0      0      0      0
06/02/1990   4864      9   4855      0      8   4711      0   1244      0    386      0      0      0   0.00   0.00      0   0.00    2.6  0.000    0.0  0.000      0      0      0      0      0
06/03/1990   5245      9   5236      0      8   4632      0   1114      0    214      0      0      0   0.00   0.00      0   0.00    2.6  0.000    0.0  0.000      0      0      0      0      0
06/04/1990   5625      9   5616      0      8   4489      0   1007      0     84      0      0      0   0.00   0.00      0   0.00    2.6  0.000    0.0  0.000      0      0      0      0      0
06/05/1990   5992     10   5982      0      7   4356      0    858      0      0      0      0      0   0.00   0.00      0   0.00    2.5  0.000    0.0  0.000      0      0      0      0      0
06/06/1990   6402     11   6391      0      6   4198      0    607      0      0      0      0      0   0.00   0.00      0   0.00    2.5  0.000    0.0  0.000      0      0      0      0      0
06/07/1990   6785     12   6773      0      5   4037      0    386      0      0      0      0      0   0.00   0.00      0   0.00    2.4  0.000    0.0  0.000      0      0      0      0      0
06/08/1990   7127     12   7115      0      5   3867      0    214      0      0      0      0      0   0.00   0.00      0   0.00    2.4  0.000    0.0  0.000      0      0      0      0      0
06/09/1990   7460     13   7447      0      4   3665      0     84      0      0      0      0      0   0.00   0.00      0   0.00    2.3  0.000    0.0  0.000      0      0      0      0      0
06/10/1990   7838     14   7824      0      3   3372      0      0      0      0      0      0      0   0.00   0.00      0   0.00    2.3  0.000    0.0  0.000      0      0      0      0      0
06/11/1990   8232     14   8218      0      3   2978      0      0      0      0      0      0      0   0.00   0.00      0   0.00    2.2  0.000    0.0  0.000      0      0      0      0      0
06/12/1990   8634     14   8249    371      3   2576      0      0      0      0      0      0      0   0.00   0.00      0   0.00    2.2  0.000    0.0  0.000      0      0      0      0      0
06/13/1990   8947     15   8161    771      2   2264      0      0      0     87      0      0      0   0.00   0.00      0   0.00    2.2  0.000    0.0  0.000      0      0      0      0      0
06/14/1990   9258     16   8035   1207      1   1954      0      0      0    240      0      0      0   0.00   0.00      0   0.00    2.2  0.000    0.0  0.000      0      0      0      0      0
06/15/1990   9582     16   7906   1660      0   1630      0      0      0    461      0      0      0   0.00   0.00      0   0.00    2.2  0.000    0.0  0.000      0      0      0      0      0
06/16/1990   9883     15   7746   2122      0   1328      0     87      0    667      0      0      0   0.00   0.00      0   0.00    2.2  0.000    0.0  0.000      0      0      0      0      0
06/17/1990  10119     14   7530   2575      0   1091      0    240      0    873      0      0      0   0.00   0.00      0   0.00    2.3  0.000    0.0  0.000      0      0      0      0      0
06/18/1990  10351     13   7343   2995      0    858      0    461      0   1034      0      0      0   0.00   0.00      0   0.00    2.4  0.000    0.0  0.000      0      0      0      0      0
06/19/1990  10601     12   7181   3408      0    607      0    754      1   1188      0      0      0   0.00   0.00      0   0.00    2.5  0.000    0.0  0.000      0      0      0      0      0
06/20/1990  10821     11   7020   3790      0    386      0   1113      3   1345      0      0      0   0.00   0.00      0   0.00    2.6  0.000    0.0  0.000      0      0      0      0      0
06/21/1990  10621     10   6864   3747      0    301      0   1408      6   1508      0      0      0   0.00   0.00      0   0.00    2.7  0.000    0.0  0.000      0      0      0      0      0
06/22/1990  10350      9   6632   3709      0    324      1   1702      7   1568      0      0      0   0.00   0.00      0   0.00    2.9  0.000    0.0  0.000      0      0      0      0      0
06/23/1990   9997      8   6341   3648      0    461      3   1997      7   1554      0      0      0   0.00   0.00      0   0.00    3.0  0.000    0.0  0.000      0      0      0      0      0
06/24/1990   9544      8   5960   3576      0    754      6   2249      6   1517      0      0      0   0.00   0.00      0   0.00    3.1  0.000    0.0  0.000      0      0      0      0      0
06/25/1990   9082      8   5580   3494      0   1113      8   2397      6   1512      0      0      0   0.00   0.00      0   0.00    3.2  0.000    0.0  0.000      0      0      0      0      0
06/26/1990   8628      7   5214   3407      0   1495     10   2517      6   1511      0      0      0   0.00   0.00      0   0.00    3.3  0.000    0.0  0.000      0      0      0      0      0
06/27/1990   8207      6   4805   3396      0   1942     12   2578      6   1489      0      0      0   0.00   0.00      0   0.00    3.4  0.000    0.0  0.000      0      0      0      0      0
06/28/1990   7793      5   4423   3365      0   2458     14   2564      6   1464      0      0      0   0.00   0.00      0   0.00    3.5  0.000    0.0  0.000      0      0      0      0      0
06/29/1990   7411      5   4081   3325      1   3003     15   2520      6   1462      0      0      0   0.00   0.00      0   0.00    3.7  0.000    0.0  0.000      0      0      0      0      0
06/30/1990   7082      4   3749   3329      3   3510     15   2499      6   1475      0      0      0   0.00   0.00      0   0.00    3.8  0.000    0.0  0.000      0      0      0      0      0
07/01/1990   6719      3   3372   3344      6   4012     14   2474      6   1496      0      0      0   0.00   0.00      0   0.00    3.9  0.000    0.0  0.000      0      0      0      0      0
07/02/1990   6344      3   2978   3363      8   4520     14   2465      6   1477      0      0      0   0.00   0.00      0   0.00    4.0  0.000    0.0  0.000      0      0      0      0      0
07/03/1990   5963      3   2576   3384     10   5022     14   2462      6   1455      0      0      0   0.00   0.00      0   0.00    4.2  0.000    0.0  0.000      0      0      0      0      0
07/04/1990   5669      2   2351   3316     12   5436     14   2459      6   1419      0      0      0   0.00   0.00      0   0.00    4.3  0.000    0.0  0.000      0      0      0      0      0
07/05/1990   5455      1   2194   3260     14   5769     14   2453      5   1403      0      0      0   0.00   0.00      0   0.00    4.4  0.000    0.0  0.000      0      0      0      0      0
07/06/1990   5266      0   2091   3175     16   6025     14   2453      4   1387      0      0      0   0.00   0.00      0   0.00    4.5  0.000    0.0  0.000      0      0      0      0      0
07/07/1990   5177      0   2082   3095     18   6231     14   2416      3   1394      0      0      0   0.00   0.00      0   0.00    4.7  0.000    0.0  0.000      0      0      0      0      0
07/08/1990   5194      0   2204   2990     20   6371     13   2381      3   1396      0      0      0   0.00   0.00      0   0.00    4.8  0.000    0.0  0.000      0      0      0      0      0
07/09/1990   5244      0   2353   2891     22   6487     12   2344      3   1399      0      0      0   0.00   0.00      0   0.00    4.9  0.000    0.0  0.000      0      0      0      0      0
07/10/1990   5314      0   2549   2765     24   6520     11   2333      3   1402      0      0      0   0.00   0.00      0   0.00    5.0  0.000    0.0  0.000      0      0      0      0      0
07/11/1990   5436      0   2844   2592     26   6481     10   2322      3   1402      0      0      0   0.00   0.00      0   0.00    5.1  0.000    0.0  0.000      0      0      0      0      0
07/12/1990   5579      0   3217   2362     28   6398      9   2324      2   1390      0      0      0   0.00   0.00      0   0.00    5.2  0.000    0.0  0.000      0      0      0      0      0
07/13/1990   5775      1   3594   2180     29   6355      8   2332      1   1346      0      0      0   0.00   0.00      0   0.00    5.3  0.000    0.0  0.000      0      0      0      0      0
07/14/1990   5969      3   4012   1954     29   6314      7   2337      0   1288      0      0      0   0.00   0.00      0   0.00    5.3  0.000    0.0  0.000      0      0      0      0      0
07/15/1990   6156      6   4520   1630     27   6275      6   2320      0   1219      0      0      0   0.00   0.00      0   0.00    5.4  0.000    0.0  0.000      0      0      0      0      0
07/16/1990   6358      8   5022   1328     26   6239      5   2282      0   1124      0      0      0   0.00   0.00      0   0.00    5.4  0.000    0.0  0.000      0      0      0      0      0
07/17/1990   6624     10   5523   1091     25   6202      4   2226      0   1004      0      0      0   0.00   0.00      0   0.00    5.4  0.000    0.0  0.000      0      0      0      0      0
07/18/1990   6879     12   6009    858     24   6188      3   2137      0    877      0      0      0   0.00   0.00      0   0.00    5.4  0.000    0.0  0.000      0      0      0      0      0
07/19/1990   7107     14   6486    607     23   6177      2   2004      0    761      0      0      0   0.00   0.00      0   0.00    5.4  0.000    0.0  0.000      0      0      0      0      0
07/20/1990   7387     16   6985    386     22   6130      1   1840      0    640      0      0      0   0.00   0.00      0   0.00    5.4  0.000    0.0  0.000      0      0      0      0      0
07/21/1990   7716     18   7484    214     21   6059      0   1668      0    499      0      0      0   0.00   0.00      0   0.00    5.3  0.000    0.0  0.000      0      0      0      0      0
07/22/1990   8086     20   7982     84     19   5969      0   1477      0    350      0      0      0   0.00   0.00      0   0.00    5.3  0.000    0.0  0.000      0      0      0      0      0
07/23/1990   8484     22   8462      0     17   5872      0   1261      0    210      0      0      0   0.00   0.00      0   0.00    5.2  0.000    0.0  0.000      0      0      0      0      0
07/24/1990   8963     24   8939      0     15   5728      0   1043      0     95      0      0      0   0.00   0.00      0   0.00    5.2  0.000    0.0  0.000      0      0      0      0      0
07/25/1990   9427     26   9314     87     13   5554      0    823      0     27      0      0      0   0.00   0.00      0   0.00    5.1  0.000    0.0  0.000      0      0      0      0      0
07/26/1990   9893     28   9625    240     11   5346      0    594      0     26      0      0      0   0.00   0.00      0   0.00    5.1  0.000    0.0  0.000      0      0      0      0      0
07/27/1990  10356     30   9865    461      9   5102      0    377      0     98      0      0      0   0.00   0.00      0   0.00    5.0  0.000    0.0  0.000      0      0      0      0      0
07/28/1990  10827     32  10041    754      7   4800      0    210      0    228      0      0      0   0.00   0.00      0   0.00    5.0  0.000    0.0  0.000      0      0      0      0      0
07/29/1990  11294     33  10148   1113      6   4449      0    121      0    396      0      0      0   0.00   0.00      0   0.00    5.0  0.000    0.0  0.000      0      0      0      0      0
07/30/1990  11759     34  10230   1495      5   4053      0    125      0    583      0      0      0   0.00   0.00      0   0.00    5.0  0.000    0.0  0.000      0      0      0      0      0
07/31/1990  12232     35  10255   1942      4   3608      0    228      0    767      0      0      0   0.00   0.00      0   0.00    5.0  0.000    0.0  0.000      0      0      0      0      0
08/01/1990  12699     36  10205   2458      3   3142      0    422      0    942      0      0      0   0.00   0.00      0   0.00    5.0  0.000    0.0  0.000      0      0      0      0      0
08/02/1990  13152     37  10112   3003      2   2690      0    681      0   1107      0      0      0   0.00   0.00      0   0.00    5.1  0.000    0.0  0.000      0      0      0      0      0
08/03/1990  13493     37  10033   3423      1   2288      0    969      1   1265      0      0      0   0.00   0.00      0   0.00    5.2  0.000    0.0  0.000      0      0      0      0      0
08/04/1990  13747     36   9939   3772      0   1952      0   1266      3   1405      0      0      0   0.00   0.00      0   0.00    5.3  0.000    0.0  0.000      0      0      0      0      0
08/05/1990  13906     33   9814   4059      0   1699      0   1560      6   1528      0      0      0   0.00   0.00      0   0.00    5.4  0.000    0.0  0.000      0      0      0      0      0
08/06/1990  13944     31   9645   4268      0   1560      1   1838      8   1626      0      0      0   0.00   0.00      0   0.00    5.5  0.000    0.0  0.000      0      0      0      0      0
08/07/1990  13871     29   9432   4410      0   1531      3   2088     10   1700      0      0      0   0.00   0.00      0   0.00    5.6  0.000    0.0  0.000      0      0      0      0      0
08/08/1990  13743     27   9202   4514      0   1589      6   2321     11   1746      0      0      0   0.00   0.00      0   0.00    5.8  0.000    0.0  0.000      0      0      0      0      0
08/09/1990  13511     25   8942   4544      0   1741      9   2522     12   1776      0      0      0   0.00   0.00      0   0.00    5.9  0.000    0.0  0.000      0      0      0      0      0
08/10/1990  13160     23   8610   4527      0   1998     13   2681     12   1794      0      0      0   0.00   0.00      0   0.00    6.1  0.000    0.0  0.000      0      0      0      0      0
08/11/1990  12728     21   8226   4481      0   2355     17   2802     12   1801      0      0      0   0.00   0.00      0   0.00    6.2  0.000    0.0  0.000      0      0      0      0      0
08/12/1990  12287     19   7796   4472      0   2796     21   2893     12   1797      0      0      0   0.00   0.00      0   0.00    6.3  0.000    0.0  0.000      0      0      0      0      0
08/13/1990  11810     17   7343   4450      1   3316     24   2947     12   1777      0      0      0   0.00   0.00      0   0.00    6.5  0.000    0.0  0.000      0      0      0      0      0
08/14/1990  11300     15   6866   4419      3   3886     26   2977     11   1726      0      0      0   0.00   0.00      0   0.00    6.6  0.000    0.0  0.000      0      0      0      0      0
08/15/1990  10796     13   6404   4379      6   4469     27   2990     10   1639      0      0      0   0.00   0.00      0   0.00    6.8  0.000    0.0  0.000      0      0      0      0      0
08/16/1990  10319     11   5966   4342      9   5036     28   2978      9   1575      0      0      0   0.00   0.00      0   0.00    6.9  0.000    0.0  0.000      0      0      0      0      0
08/17/1990   9903      9   5577   4317     13   5564     27   2927      9   1551      0      0      0   0.00   0.00      0   0.00    7.1  0.000    0.0  0.000      0      0      0      0      0
08/18/1990   9554      7   5238   4309     17   6035     26   2835      9   1528      0      0      0   0.00   0.00      0   0.00    7.2  0.000    0.0  0.000      0      0      0      0      0
08/19/1990   3876      0   3229    647     21   6441     21   2708      9   1494      0      0      0   0.00   0.00      0   0.00    7.4  0.033    0.0  0.000      2     44      4   1726   3618
08/20/1990   3895      0   3236    659     24   6745     20   2670      6   1122      0      0      0   0.00   0.00      0   0.00    7.4  0.034    0.0  0.000      1      0      0     18    150
08/21/1990   4002      0   3299    703     27   7001     19   2586      3    793      0      0      0   0.00   0.00      0   0.00    7.4  0.036    0.0  0.000      1      0      0     17    118
08/22/1990   4194      0   3418    776     30   7181     19   2520      0    483      0      0      0   0.00   0.00      0   0.00    7.4  0.037    0.0  0.000      0      0      0     16     89
08/23/1990   4466      0   3594    872     33   7266     16   2164      0    520      0      0      0   0.00   0.00      0   0.00    7.4  0.038    0.0  0.000      0      0      0     14     66
08/24/1990   4805      0   3820    985     35   7311     14   1804      0    551      0      0      0   0.00   0.00      0   0.00    7.5  0.040    0.0  0.000      0      0      0     12     49
08/25/1990   5195      0   4085   1110     37   7327     12   1452      0    568      0      0      0   0.00   0.00      0   0.00    7.5  0.041    0.0  0.000      0      0      0     10     37
08/26/1990   5642      0   4398   1244     40   7266      9   1156      0    593      0      0      0   0.00   0.00      0   0.00    7.5  0.042    0.0  0.000      0      0      0      0     28
08/27/1990   6141      1   4734   1406     42   7179      6    861      0    651      0      0      0   0.00   0.00      0   0.00    7.5  0.042    0.0  0.000      0      0      0      0      0
08/28/1990   6655      3   5083   1569     43   6749      3    898      0    738      0      0      0   0.00   0.00      0   0.00    7.6  0.041    0.0  0.000      0      0      0      0      0
08/29/1990   7167      6   5442   1719     43   6313      0    956      0    830      0      0      0   0.00   0.00      0   0.00    7.6  0.041    0.0  0.000      0      0      0      0      0
08/30/1990   7654      9   5808   1837     40   5886      0   1029      0    897      0      0      0   0.00   0.00      0   0.00    7.7  0.041    0.0  0.000      0      0      0      0      0
08/31/1990   8114     13   6362   1739     36   5475      0   1116      0    943      0      0      0   0.00   0.00      0   0.00    7.7  0.041    0.0  0.000      0      0      0      0      0
09/01/1990   8550     17   6915   1618     32   5063      0   1235      0    959      0      0      0   0.00   0.00      0   0.00    7.8  0.040    0.0  0.000      0      0      0      0      0
09/02/1990   9117     21   7431   1665     28   4690      0   1358      0    957      0      0      0   0.00   0.00      0   0.00    7.7  0.040    0.0  0.000      0      0      0      0      0
09/03/1990   9505     24   7954   1527     25   4335      0   1466      0    946      0      0      0   0.00   0.00      0   0.00    7.7  0.040    0.0  0.000      0      0      0      0      0
09/04/1990   9860     27   8456   1377     22   4032      0   1543      0    917      0      0      0   0.00   0.00      0   0.00    7.7  0.040    0.0  0.000      0      0      0      0      0
09/05/1990  10166     30   8918   1218     19   3800      0   1577      0    886      0      0      0   0.00   0.00      0   0.00    7.7  0.040    0.0  0.000      0      0      0      0      0
09/06/1990  10452     33   9388   1031     16   3590      0   1582      0    833      0      0      0   0.00   0.00      0   0.00    7.7  0.040    0.0  0.000      0      0      0      0      0
09/07/1990  10745     35   9830    880     14   3378      0   1563      0    767      0      0      0   0.00   0.00      0   0.00    7.7  0.040    0.0  0.000      0      0      0      0      0
09/08/1990  10999     37  10233    729     12   3215      0   1520      0    688      0      0      0   0.00   0.00      0   0.00    7.7  0.040    0.0  0.000      0      0      0      0      0
09/09/1990  11251     40  10556    655      9   3055      0   1456      0    605      0      0      0   0.00   0.00      0   0.00    7.6  0.040    0.0  0.000      0      0      0      0      0
09/10/1990  11360     43  10468    849      6   3213      0   1373      0    546      0      0      0   0.00   0.00      0   0.00    7.6  0.040    0.0  0.000      0      0      0      0      0
09/11/1990  11426     46  10328   1052      3   3368      0   1262      0    545      0      0      0   0.00   0.00      0   0.00    7.5  0.040    0.0  0.000      0      0      0      0      0
09/12/1990  11555     49  10148   1358      0   3489      0   1144      0    601      0      0      0   0.00   0.00      0   0.00    7.5  0.040    0.0  0.000      0      0      0      0      0
09/13/1990  11698     49   9928   1721      0   3579      0   1033      0    708      0      0      0   0.00   0.00      0   0.00    7.5  0.040    0.0  0.000      0      0      0      0      0
09/14/1990  11839     49   9656   2134      0   3650      0    974      0    807      0      0      0   0.00   0.00      0   0.00    7.6  0.040    0.0  0.000      0      0      0      0      0
09/15/1990  11982     49   9347   2586      0   3688      0    978      0    913      0      0      0   0.00   0.00      0   0.00    7.6  0.040    0.0  0.000      0      0      0      0      0
09/16/1990  12114     49   9015   3050      0   3674      0   1053      0   1014      0      0      0   0.00   0.00      0   0.00    7.7  0.039    0.0  0.000      0      0      0      0      0
09/17/1990  12276     48   8691   3537      0   3604      0   1176      1   1136      0      0      0   0.00   0.00      0   0.00    7.8  0.039    0.0  0.000      0      0      0      0      0
09/18/1990  12391     46   8385   3960      0   3496      0   1345      3   1245      0      0      0   0.00   0.00      0   0.00    7.9  0.038    0.0  0.000      0      0      0      0      0
09/19/1990  12454     43   8099   4312      0   3389      0   1522      5   1334      0      0      0   0.00   0.00      0   0.00    8.0  0.038    0.0  0.000      0      0      0      0      0
09/20/1990  12467     40   7812   4615      0   3308      1   1711      7   1428      0      0      0   0.00   0.00      0   0.00    8.2  0.037    0.0  0.000      0      0      0      0      0
09/21/1990  12433     36   7534   4863      0   3261      3   1882      9   1515      0      0      0   0.00   0.00      0   0.00    8.3  0.036    0.0  0.000      0      0      0      0      0
09/22/1990  12342     32   7257   5053      0   3237      5   2049     11   1564      0      0      0   0.00   0.00      0   0.00    8.5  0.036    0.0  0.000      0      0      0      0      0
09/23/1990  12189     28   7005   5156      0   3264      8   2226     12   1542      0      0      0   0.00   0.00      0   0.00    8.7  0.035    0.0  0.000      0      0      0      0      0
09/24/1990  11999     25   6747   5227      0   3329     12   2383     12   1534      0      0      0   0.00   0.00      0   0.00    8.9  0.034    0.0  0.000      0      0      0      0      0
09/25/1990  11743     22   6492   5229      0   3456     16   2477     12   1544      0      0      0   0.00   0.00      0   0.00    9.1  0.033    0.0  0.000      0      0      0      0      0
09/26/1990  11450     19   6263   5168      0   3623     20   2523     12   1574      0      0      0   0.00   0.00      0   0.00    9.3  0.033    0.0  0.000      0      0      0      0      0
09/27/1990  11123     16   6005   5102      1   3830     23   2583     12   1569      0      0      0   0.00   0.00      0   0.00    9.5  0.032    0.0  0.000      0      0      0      0      0
09/28/1990  10756     14   5708   5034      3   4117     25   2593     12   1575      0      0      0   0.00   0.00      0   0.00    9.6  0.031    0.0  0.000      0      0      0      0      0
09/29/1990  10355     12   5423   4920      5   4450     27   2582     12   1604      0      0      0   0.00   0.00      0   0.00    9.8  0.031    0.0  0.000      0      0      0      0      0
09/30/1990   9927      9   5116   4802      8   4789     28   2588     12   1644      0      0      0   0.00   0.00      0   0.00   10.0  0.030    0.0  0.000      0      0      0      0      0
10/01/1990   9493      6   5132   4355     12   5113     28   2626     12   1673      0      0      0   0.00   0.00      0   0.00   10.2  0.030    0.0  0.000      0      0      0      0      0
10/02/1990   9127      3   5175   3949     16   5439     28   2652     11   1620      0      0      0   0.00   0.00      0   0.00   10.3  0.029    0.0  0.000      0      0      0      0      0
10/03/1990   8786      0   5234   3552     20   5732     28   2688      9   1539      0      0      0   0.00   0.00      0   0.00   10.4  0.029    0.0  0.000      0      0      0      0      0
10/04/1990   8513      0   5320   3193     24   5979     28   2725      7   1472      0      0      0   0.00   0.00      0   0.00   10.5  0.029    0.0  0.000      0      0      0      0      0
10/05/1990   8303      0   5431   2872     28   6201     27   2703      5   1403      0      0      0   0.00   0.00      0   0.00   10.6  0.029    0.0  0.000      0      0      0      0      0
10/06/1990   8124      0   5579   2545     32   6394     25   2652      3   1294      0      0      0   0.00   0.00      0   0.00   10.7  0.028    0.0  0.000      0      0      0      0      0
10/07/1990   7976      0   5741   2235     36   6569     23   2593      1   1121      0      0      0   0.00   0.00      0   0.00   10.8  0.028    0.0  0.000      0      0      0      0      0
10/08/1990   7911      0   5916   1995     40   6709     20   2462      0    994      0      0      0   0.00   0.00      0   0.00   10.8  0.028    0.0  0.000      0      0      0      0      0
10/09/1990   7875      0   6086   1789     44   6822     16   2273      0    924      0      0      0   0.00   0.00      0   0.00   10.8  0.028    0.0  0.000      0      0      0      0      0
10/10/1990   8188      0   6245   1943     48   6855     12   2094      0    879      0      0      0   0.00   0.00      0   0.00   10.9  0.028    0.0  0.000      0      0      0      0      0
10/11/1990   8547      1   6447   2099     51   6820      8   1917      0    867      0      0      0   0.00   0.00      0   0.00   10.9  0.028    0.0  0.000      0      0      0      0      0
10/12/1990   8910      3   6658   2249     52   6779      5   1725      0    875      0      0      0   0.00   0.00      0   0.00   11.0  0.028    0.0  0.000      0      0      0      0      0
10/13/1990   9237      5   6850   2382     52   6694      3   1570      0    917      0      0      0   0.00   0.00      0   0.00   11.1  0.027    0.0  0.000      0      0      0      0      0
10/14/1990   9545      8   7032   2505     51   6572      1   1490      0    958      0      0      0   0.00   0.00      0   0.00   11.1  0.027    0.0  0.000      0      0      0      0      0
10/15/1990   9885     12   7246   2627     48   6366      0   1479      0    994      0      0      0   0.00   0.00      0   0.00   11.2  0.027    0.0  0.000      0      0      0      0      0
10/16/1990  10199     16   7477   2706     44   6144      0   1493      0   1025      0      0      0   0.00   0.00      0   0.00   11.3  0.027    0.0  0.000      0      0      0      0      0
10/17/1990  10480     20   7720   2740     40   5922      0   1524      0   1046      0      0      0   0.00   0.00      0   0.00   11.3  0.027    0.0  0.000      0      0      0      0      0
10/18/1990  10728     24   7982   2722     36   5676      0   1594      0   1063      0      0      0   0.00   0.00      0   0.00   11.4  0.027    0.0  0.000      0      0      0      0      0
10/19/1990  10956     28   8285   2643     32   5436      0   1651      0   1035      0      0      0   0.00   0.00      0   0.00   11.5  0.026    0.0  0.000      0      0      0      0      0
10/20/1990  11199     32   8636   2531     28   5193      0   1695      0    972      0      0      0   0.00   0.00      0   0.00   11.5  0.026    0.0  0.000      0      0      0      0      0
10/21/1990  11441     36   9021   2384     24   4949      0   1740      0    921      0      0      0   0.00   0.00      0   0.00   11.6  0.026    0.0  0.000      0      0      0      0      0
10/22/1990  11682     40   9412   2230     20   4721      0   1728      0    905      0      0      0   0.00   0.00      0   0.00   11.6  0.026    0.0  0.000      0      0      0      0      0
10/23/1990  11874     44   9711   2119     16   4567      0   1673      0    915      0      0      0   0.00   0.00      0   0.00   11.7  0.026    0.0  0.000      0      0      0      0      0
10/24/1990  12046     48   9959   2039     12   4435      0   1636      0    910      0      0      0   0.00   0.00      0   0.00   11.7  0.026    0.0  0.000      0      0      0      0      0
10/25/1990  12249     52  10176   2021      8   4295      0   1587      0    909      0      0      0   0.00   0.00      0   0.00   11.7  0.026    0.0  0.000      0      0      0      0      0
10/26/1990  12402     55  10307   2040      5   4227      0   1525      0    887      0      0      0   0.00   0.00      0   0.00   11.7  0.026    0.0  0.000      0      0      0      0      0
10/27/1990  12516     57  10340   2119      3   4176      0   1511      0    873      0      0      0   0.00   0.00      0   0.00   11.7  0.026    0.0  0.000      0      0      0      0      0
10/28/1990  12610     59  10283   2268      1   4146      0   1524      0    858      0      0      0   0.00   0.00      0   0.00   11.8  0.026    0.0  0.000      0      0      0      0      0
10/29/1990  12713     60  10165   2488      0   4154      0   1491      0    874      0      0      0   0.00   0.00      0   0.00   11.8  0.026    0.0  0.000      0      0      0      0      0
10/30/1990  12838     60  10019   2759      0   4157      0   1479      0    868      0      0      0   0.00   0.00      0   0.00   11.9  0.026    0.0  0.000      0      0      0      0      0
10/31/1990  12944     60   9828   3056      0   4182      0   1467      0    870      0      0      0   0.00   0.00      0   0.00   11.9  0.025    0.0  0.000      0      0      0      0      0
11/01/1990  13025     59   9604   3362      0   4197      0   1455      0    826      0      0      0   0.00   0.00      0   0.00   12.0  0.025    0.0  0.000      0      0      0      0      0
11/02/1990  13092     57   9379   3656      0   4191      0   1438      0    784      0      0      0   0.00   0.00      0   0.00   12.1  0.025    0.0  0.000      0      0      0      0      0
11/03/1990  13124     55   9181   3888      0   4152      0   1450      0    766      0      0      0   0.00   0.00      0   0.00   12.2  0.025    0.0  0.000      0      0      0      0      0
11/04/1990  13148     52   9020   4076      0   4112      0   1408      1    824      0      0      0   0.00   0.00      0   0.00   12.3  0.025    0.0  0.000      0      0      0      0      0
11/05/1990  13146     48   8839   4259      0   4055      0   1364      2    905      0      0      0   0.00   0.00      0   0.00   12.5  0.024    0.0  0.000      0      0      0      0      0
11/06/1990  13109     44   8662   4403      0   4001      0   1342      3    912      0      0      0   0.00   0.00      0   0.00   12.6  0.024    0.0  0.000      0      0      0      0      0
11/07/1990  13034     40   8492   4502      0   3934      1   1364      3    883      0      0      0   0.00   0.00      0   0.00   12.7  0.024    0.0  0.000      0      0      0      0      0
11/08/1990  12943     36   8333   4574      0   3862      2   1399      3    879      0      0      0   0.00   0.00      0   0.00   12.9  0.024    0.0  0.000      0      0      0      0      0
11/09/1990  12792     32   8122   4638      0   3792      3   1428      4    939      0      0      0   0.00   0.00      0   0.00   13.0  0.023    0.0  0.000      0      0      0      0      0
11/10/1990  12563     28   7860   4675      0   3746      4   1463      5   1009      0      0      0   0.00   0.00      0   0.00   13.2  0.023    0.0  0.000      0      0      0      0      0
11/11/1990  12336     24   7610   4702      0   3707      5   1512      6   1052      0      0      0   0.00   0.00      0   0.00   13.4  0.023    0.0  0.000      0      0      0      0      0
11/12/1990  12121     20   7354   4747      0   3711      7   1543      6   1096      0      0      0   0.00   0.00      0   0.00   13.5  0.022    0.0  0.000      0      0      0      0      0
11/13/1990  11924     16   7155   4753      0   3736      9   1567      6   1145      0      0      0   0.00   0.00      0   0.00   13.7  0.022    0.0  0.000      0      0      0      0      0
11/14/1990  11700     12   6981   4707      1   3709     10   1652      6   1126      0      0      0   0.00   0.00      0   0.00   13.9  0.022    0.0  0.000      0      0      0      0      0
11/15/1990  11474      8   6791   4675      2   3685     11   1756      6   1069      0      0      0   0.00   0.00      0   0.00   14.0  0.022    0.0  0.000      0      0      0      0      0
11/16/1990  11226      5   6639   4582      3   3728     12   1833      6   1029      0      0      0   0.00   0.00      0   0.00   14.2  0.021    0.0  0.000      0      0      0      0      0
11/17/1990  10995      3   6560   4432      4   3775     13   1839      6   1056      0      0      0   0.00   0.00      0   0.00   14.3  0.021    0.0  0.000      0      0      0      0      0
11/18/1990  10750      1   6528   4221      5   3836     14   1816      6   1070      0      0      0   0.00   0.00      0   0.00   14.5  0.021    0.0  0.000      0      0      0      0      0
11/19/1990  10491      0   6519   3972      7   3906     14   1810      5   1053      0      0      0   0.00   0.00      0   0.00   14.6  0.021    0.0  0.000      0      0      0      0      0
11/20/1990  10768      0   6504   4264      9   4003     14   1799      3    924      0      0      0   0.00   0.00      0   0.00   14.8  0.021    0.0  0.000      0      0      0      0      0
11/21/1990  10498      0   6519   3979     11   4111     14   1741      1    805      0      0      0   0.00   0.00      0   0.00   14.9  0.020    0.0  0.000      0      0      0      0      0
11/22/1990   9699      0   6478   3221     13   4206     13   1737      0    693      0      0      0   0.00   0.00      0   0.00   15.0  0.020    0.0  0.000      0      0      0      0      0
11/23/1990   9463      0   6413   3050     15   4288     11   1654      0    657      0      0      0   0.00   0.00      0   0.00   15.1  0.020    0.0  0.000      0      0      0      0      0
11/24/1990   9242      0   6368   2874     17   4374      9   1517      0    640      0      0      0   0.00   0.00      0   0.00   15.2  0.020    0.0  0.000      0      0      0      0      0
11/25/1990   9541      0   6344   3197     19   4438      7   1374      0    632      0      0      0   0.00   0.00      0   0.00   15.1  0.020    0.0  0.000      0      0      0      0      0
11/26/1990   9857      0   6324   3533     21   4453      5   1241      0    583      0      0      0   0.00   0.00      0   0.00   15.1  0.020    0.0  0.000      0      0      0      0      0
11/27/1990  10127      0   6255   3872     23   4515      3   1104      0    527      0      0      0   0.00   0.00      0   0.00   15.0  0.020    0.0  0.000      0      0      0      0      0
11/28/1990  10398      1   6181   4216     24   4479      1   1082      0    489      0      0      0   0.00   0.00      0   0.00   15.2  0.020    0.0  0.000      0      0      0      0      0
11/29/1990   9935      2   6140   3793     24   4379      0   1019      0    554      0      0      0   0.00   0.00      0   0.00   15.3  0.020    0.0  0.000      0      0      0      0      0
11/30/1990   9958      3   6159   3796     23   4269      0    938      0    624      0      0      0   0.00   0.00      0   0.00   15.4  0.019    0.0  0.000      0      0      0      0      0
12/01/1990  10299      4   6218   4077     22   4127      0    914      0    622      0      0      0   0.00   0.00      0   0.00   15.6  0.019    0.0  0.000      0      0      0      0      0
12/02/1990  10655      5   6271   4379     21   3967      0    933      0    557      0      0      0   0.00   0.00      0   0.00   15.5  0.019    0.0  0.000      0      0      0      0      0
12/03/1990  10742      7   6350   4385     19   3805      0    930      0    526      0      0      0   0.00   0.00      0   0.00   15.7  0.019    0.0  0.000      0      0      0      0      0
12/04/1990  10845      9   6448   4388     17   3565      0    953      0    551      0      0      0   0.00   0.00      0   0.00   15.8  0.019    0.0  0.000      0      0      0      0      0
12/05/1990  11183     11   6487   4685     15   3368      0    963      0    560      0      0      0   0.00   0.00      0   0.00   15.8  0.019    0.0  0.000      0      0      0      0      0
12/06/1990  11241     13   6510   4718     13   3225      0    967      0    581      0      0      0   0.00   0.00      0   0.00   16.0  0.019    0.0  0.000      0      0      0      0      0
12/07/1990  11021     15   6590   4416     11   3090      0    950      1    600      0      0      0   0.00   0.00      0   0.00   16.1  0.019    0.0  0.000      0      0      0      0      0
12/08/1990  10058     17   6670   3371      9   2936      0    899      1    649      0      0      0   0.00   0.00      0   0.00   16.2  0.018    0.0  0.000      0      0      0      0      0
12/09/1990  10048     19   6722   3307      7   2777      0    926      1    638      0      0      0   0.00   0.00      0   0.00   16.3  0.018    0.0  0.000      0      0      0      0      0
12/10/1990  10031     21   6769   3241      5   2594      1    993      0    667      0      0      0   0.00   0.00      0   0.00   16.4  0.018    0.0  0.000      0      0      0      0      0
12/11/1990   9647     23   6726   2898      3   2538      1   1022      0    700      0      0      0   0.00   0.00      0   0.00   16.5  0.018    0.0  0.000      0      0      0      0      0
12/12/1990   9861     25   6657   3179      1   2523      1   1013      0    717      0      0      0   0.00   0.00      0   0.00   16.5  0.018    0.0  0.000      0      0      0      0      0
12/13/1990  10082     26   6636   3420      0   2461      1   1100      0    659      0      0      0   0.00   0.00      0   0.00   16.6  0.018    0.0  0.000      0      0      0      0      0
12/14/1990  10280     26   6599   3655      0   2462      1   1141      0    503      0      0      0   0.00   0.00      0   0.00   16.5  0.018    0.0  0.000      0      0      0      0      0
12/15/1990  10475     26   6531   3918      0   2483      1   1130      0    412      0      0      0   0.00   0.00      0   0.00   16.5  0.018    0.0  0.000      0      0      0      0      0
12/16/1990  10687     26   6444   4217      0   2478      1   1110      0    330      0      0      0   0.00   0.00      0   0.00   16.4  0.018    0.0  0.000      0      0      0      0      0
12/17/1990  10835     26   6277   4532      1   2517      0   1006      0    373      0      0      0   0.00   0.00      0   0.00   16.4  0.018    0.0  0.000      0      0      0      0      0
12/18/1990  10973     26   6146   4801      1   2623      0    875      0    408      0      0      0   0.00   0.00      0   0.00   16.4  0.018    0.0  0.000      0      0      0      0      0
12/19/1990  11145     25   6050   5070      1   2689      0    740      0    435      0      0      0   0.00   0.00      0   0.00   16.3  0.018    0.0  0.000      0      0      0      0      0
12/20/1990  11357     24   5952   5381      1   2680      0    662      0    348      0      0      0   0.00   0.00      0   0.00   16.3  0.018    0.0  0.000      0      0      0      0      0
12/21/1990  11564     23   5831   5710      1   2658      0    624      0    190      0      0      0   0.00   0.00      0   0.00   16.2  0.018    0.0  0.000      0      0      0      0      0
12/22/1990  11733     22   5663   6048      1   2570      0    672      0     49      0      0      0   0.00   0.00      0   0.00   16.2  0.018    0.0  0.000      0      0      0      0      0
12/23/1990  11879     21   5457   6401      1   2535      0    598      0      0      0      0      0   0.00   0.00      0   0.00   16.1  0.018    0.0  0.000      0      0      0      0      0
12/24/1990  12053     19   5261   6773      1   2462      0    484      0      0      0      0      0   0.00   0.00      0   0.00   16.1  0.018    0.0  0.000      0      0      0      0      0
12/25/1990  12246     17   5069   7160      1   2392      0    348      0     31      0      0      0   0.00   0.00      0   0.00   16.1  0.018    0.0  0.000      0      0      0      0      0
12/26/1990  12399     15   4891   7493      1   2383      0    190      0    107      0      0      0   0.00   0.00      0   0.00   16.0  0.018    0.0  0.000      0      0      0      0      0
12/27/1990  12593     13   4773   7807      1   2316      0     49      0    216      0      0      0   0.00   0.00      0   0.00   16.0  0.018    0.0  0.000      0      0      0      0      0
12/28/1990  12804     11   4640   8153      1   2140      0     31      0    313      0      0      0   0.00   0.00      0   0.00   16.0  0.018    0.0  0.000      0      0      0      0      0
12/29/1990  13006      9   4484   8513      1   1924      0    107      0    293      0      0      0   0.00   0.00      0   0.00   15.9  0.018    0.0  0.000      0      0      0      0      0
12/30/1990  13188      7   4341   8840      1   1727      0    216      0    280      0      0      0   0.00   0.00      0   0.00   15.9  0.018    0.0  0.000      0      0      0      0      0
12/31/1990  13428      6   4254   9168      0   1473      0    344      0    254      0      0      0   0.00   0.00      0   0.00   15.9  0.018    0.0  0.000      0      0      0      0      0
