Varroa Population Simulation - Nov 24,2015  04:08:40 PM
VarroaPop Version 3.2.5.8  June, 2015

                                        Capped  Capped                                                                      Prop           Conc          Conc                                     
            Colony  Adult  Adult         Drone   Wkr    Drone  Wkr    Drone  Wkr  Free   DBrood WBrood DMite  WMite  Mites  Mites  Colony Pollen Colony Nectar   Dead   Dead   Dead   Dead   Dead
     Date   Size   Drones   Wkr   Forgrs Brood  Brood   Larv   Larv    Eggs  Eggs Mites  Mites  Mites  /Cell  /Cell  Dying  Dying  Pollen  Pest  Nectar  Pest    DLarv  WLarv  DAdlt  WAdlt  Forgrs
Initial     10000      0   6762   3238      0      0      0      0      0      0      0      0      0   0.00   0.00      0   0.00    0.0  0.000    0.0  0.000      0      0      0      0      0
05/01/1990   9678      0   6440   3238      0      0      0      0      1    386      0      0      0   0.00   0.00      0   0.00    0.1  0.000    0.0  0.000      0      0      0      0      0
05/02/1990   9356      0   6118   3238      0      0      0      0      2    802      0      0      0   0.00   0.00      0   0.00    0.2  0.000    0.0  0.000      0      0      0      0      0
05/03/1990   9034      0   5796   3238      0      0      0      0      3   1255      0      0      0   0.00   0.00      0   0.00    0.3  0.000    0.0  0.000      0      0      0      0      0
05/04/1990   8712      0   5474   3238      0      0      1    386      3   1340      0      0      0   0.00   0.00      0   0.00    0.4  0.000    0.0  0.000      0      0      0      0      0
05/05/1990   8390      0   5152   3238      0      0      2    802      3   1405      0      0      0   0.00   0.00      0   0.00    0.5  0.000    0.0  0.000      0      0      0      0      0
05/06/1990   8068      0   4830   3238      0      0      3   1255      3   1423      0      0      0   0.00   0.00      0   0.00    0.6  0.000    0.0  0.000      0      0      0      0      0
05/07/1990   7746      0   4508   3238      0      0      4   1726      3   1389      0      0      0   0.00   0.00      0   0.00    0.7  0.000    0.0  0.000      0      0      0      0      0
05/08/1990   7424      0   4186   3238      0      0      5   2207      3   1338      0      0      0   0.00   0.00      0   0.00    0.9  0.000    0.0  0.000      0      0      0      0      0
05/09/1990   7102      0   3864   3238      0    386      6   2292      3   1264      0      0      0   0.00   0.00      0   0.00    1.0  0.000    0.0  0.000      0      0      0      0      0
05/10/1990   6762      0   3542   3220      0    802      7   2313      3   1169      0      0      0   0.00   0.00      0   0.00    1.1  0.000    0.0  0.000      0      0      0      0      0
05/11/1990   6440      0   3220   3220      1   1255      7   2290      3   1115      0      0      0   0.00   0.00      0   0.00    1.2  0.000    0.0  0.000      0      0      0      0      0
05/12/1990   6118      0   2898   3220      2   1726      7   2216      3   1108      0      0      0   0.00   0.00      0   0.00    1.3  0.000    0.0  0.000      0      0      0      0      0
05/13/1990   5796      0   2576   3220      3   2207      7   2077      3   1162      0      0      0   0.00   0.00      0   0.00    1.4  0.000    0.0  0.000      0      0      0      0      0
05/14/1990   5474      0   2254   3220      4   2678      7   1982      3   1182      0      0      0   0.00   0.00      0   0.00    1.6  0.000    0.0  0.000      0      0      0      0      0
05/15/1990   5152      0   1932   3220      5   3115      7   1935      3   1171      0      0      0   0.00   0.00      0   0.00    1.7  0.000    0.0  0.000      0      0      0      0      0
05/16/1990   4830      0   1610   3220      6   3545      7   1901      3   1200      0      0      0   0.00   0.00      0   0.00    1.8  0.000    0.0  0.000      0      0      0      0      0
05/17/1990   4508      0   1288   3220      7   3942      7   1900      3   1200      0      0      0   0.00   0.00      0   0.00    2.0  0.000    0.0  0.000      0      0      0      0      0
05/18/1990   4186      0    966   3220      8   4284      7   1937      3   1176      0      0      0   0.00   0.00      0   0.00    2.1  0.000    0.0  0.000      0      0      0      0      0
05/19/1990   3864      0    644   3220      9   4660      7   1986      3   1096      0      0      0   0.00   0.00      0   0.00    2.2  0.000    0.0  0.000      0      0      0      0      0
05/20/1990   3542      0    322   3220     10   5050      7   1992      3   1091      0      0      0   0.00   0.00      0   0.00    2.4  0.000    0.0  0.000      0      0      0      0      0
05/21/1990   3220      0      0   3220     11   5446      7   1951      3   1146      0      0      0   0.00   0.00      0   0.00    2.5  0.000    0.0  0.000      0      0      0      0      0
05/22/1990   3284      0    386   2898     12   5456      7   1900      3   1220      0      0      0   0.00   0.00      0   0.00    2.6  0.000    0.0  0.000      0      0      0      0      0
05/23/1990   3700      0    802   2898     13   5419      7   1912      2   1157      0      0      0   0.00   0.00      0   0.00    2.6  0.000    0.0  0.000      0      0      0      0      0
05/24/1990   3831      0   1255   2576     14   5391      7   1897      1   1072      0      0      0   0.00   0.00      0   0.00    2.7  0.000    0.0  0.000      0      0      0      0      0
05/25/1990   3981      1   1726   2254     14   5316      7   1920      0    996      0      0      0   0.00   0.00      0   0.00    2.8  0.000    0.0  0.000      0      0      0      0      0
05/26/1990   4141      2   2207   1932     14   5190      6   1893      0    993      0      0      0   0.00   0.00      0   0.00    2.9  0.000    0.0  0.000      0      0      0      0      0
05/27/1990   4613      3   2678   1932     14   5064      5   1873      0    928      0      0      0   0.00   0.00      0   0.00    2.9  0.000    0.0  0.000      0      0      0      0      0
05/28/1990   5051      4   3115   1932     14   5018      4   1825      0    841      0      0      0   0.00   0.00      0   0.00    2.9  0.000    0.0  0.000      0      0      0      0      0
05/29/1990   5160      5   3545   1610     14   4998      3   1740      0    792      0      0      0   0.00   0.00      0   0.00    2.9  0.000    0.0  0.000      0      0      0      0      0
05/30/1990   5236      6   3942   1288     14   5020      2   1581      0    782      0      0      0   0.00   0.00      0   0.00    3.0  0.000    0.0  0.000      0      0      0      0      0
05/31/1990   5257      7   4284    966     14   5006      1   1509      0    732      0      0      0   0.00   0.00      0   0.00    3.0  0.000    0.0  0.000      0      0      0      0      0
06/01/1990   5312      8   4660    644     14   4955      0   1460      0    629      0      0      0   0.00   0.00      0   0.00    3.0  0.000    0.0  0.000      0      0      0      0      0
06/02/1990   5381      9   5050    322     13   4908      0   1367      0    525      0      0      0   0.00   0.00      0   0.00    3.0  0.000    0.0  0.000      0      0      0      0      0
06/03/1990   5456     10   5446      0     12   4837      0   1248      0    404      0      0      0   0.00   0.00      0   0.00    2.9  0.000    0.0  0.000      0      0      0      0      0
06/04/1990   5853     11   5842      0     11   4701      0   1161      0    231      0      0      0   0.00   0.00      0   0.00    2.9  0.000    0.0  0.000      0      0      0      0      0
06/05/1990   6233     12   6221      0     10   4578      0   1051      0     85      0      0      0   0.00   0.00      0   0.00    2.9  0.000    0.0  0.000      0      0      0      0      0
06/06/1990   6659     13   6646      0      9   4429      0    860      0      0      0      0      0   0.00   0.00      0   0.00    2.8  0.000    0.0  0.000      0      0      0      0      0
06/07/1990   7056     14   7042      0      8   4283      0    610      0      0      0      0      0   0.00   0.00      0   0.00    2.8  0.000    0.0  0.000      0      0      0      0      0
06/08/1990   7412     15   7397      0      7   4134      0    404      0      0      0      0      0   0.00   0.00      0   0.00    2.7  0.000    0.0  0.000      0      0      0      0      0
06/09/1990   7758     16   7742      0      6   3962      0    231      0      0      0      0      0   0.00   0.00      0   0.00    2.7  0.000    0.0  0.000      0      0      0      0      0
06/10/1990   8150     17   8133      0      5   3717      0     85      0      0      0      0      0   0.00   0.00      0   0.00    2.6  0.000    0.0  0.000      0      0      0      0      0
06/11/1990   8561     18   8543      0      4   3392      0      0      0      0      0      0      0   0.00   0.00      0   0.00    2.5  0.000    0.0  0.000      0      0      0      0      0
06/12/1990   8981     19   8576    386      3   2973      0      0      0      0      0      0      0   0.00   0.00      0   0.00    2.5  0.000    0.0  0.000      0      0      0      0      0
06/13/1990   9310     20   8488    802      2   2645      0      0      0     90      0      0      0   0.00   0.00      0   0.00    2.5  0.000    0.0  0.000      0      0      0      0      0
06/14/1990   9636     21   8360   1255      1   2320      0      0      0    248      0      0      0   0.00   0.00      0   0.00    2.5  0.000    0.0  0.000      0      0      0      0      0
06/15/1990   9979     21   8232   1726      0   1977      0      0      0    474      0      0      0   0.00   0.00      0   0.00    2.5  0.000    0.0  0.000      0      0      0      0      0
06/16/1990  10303     20   8076   2207      0   1652      0     90      0    684      0      0      0   0.00   0.00      0   0.00    2.6  0.000    0.0  0.000      0      0      0      0      0
06/17/1990  10562     19   7865   2678      0   1392      0    248      0    894      0      0      0   0.00   0.00      0   0.00    2.6  0.000    0.0  0.000      0      0      0      0      0
06/18/1990  10817     18   7684   3115      0   1136      0    474      0   1059      0      0      0   0.00   0.00      0   0.00    2.7  0.000    0.0  0.000      0      0      0      0      0
06/19/1990  11092     17   7530   3545      0    860      0    774      1   1215      0      0      0   0.00   0.00      0   0.00    2.8  0.000    0.0  0.000      0      0      0      0      0
06/20/1990  11341     16   7383   3942      0    610      0   1142      3   1374      0      0      0   0.00   0.00      0   0.00    2.9  0.000    0.0  0.000      0      0      0      0      0
06/21/1990  11546     15   7247   4284      0    494      0   1443      6   1539      0      0      0   0.00   0.00      0   0.00    3.1  0.000    0.0  0.000      0      0      0      0      0
06/22/1990  11332     14   7044   4274      0    479      1   1741      8   1624      0      0      0   0.00   0.00      0   0.00    3.2  0.000    0.0  0.000      0      0      0      0      0
06/23/1990  11061     13   6800   4248      0    559      3   2042      9   1635      0      0      0   0.00   0.00      0   0.00    3.4  0.000    0.0  0.000      0      0      0      0      0
06/24/1990  10692     12   6489   4191      0    774      6   2298      9   1626      0      0      0   0.00   0.00      0   0.00    3.5  0.000    0.0  0.000      0      0      0      0      0
06/25/1990  10220     11   6093   4116      0   1142      9   2471      9   1628      0      0      0   0.00   0.00      0   0.00    3.7  0.000    0.0  0.000      0      0      0      0      0
06/26/1990   9738     10   5714   4014      0   1533     12   2618      9   1634      0      0      0   0.00   0.00      0   0.00    3.8  0.000    0.0  0.000      0      0      0      0      0
06/27/1990   9266      9   5289   3968      0   1989     15   2709      9   1614      0      0      0   0.00   0.00      0   0.00    3.9  0.000    0.0  0.000      0      0      0      0      0
06/28/1990   8828      8   4893   3927      0   2516     18   2725      9   1586      0      0      0   0.00   0.00      0   0.00    4.1  0.000    0.0  0.000      0      0      0      0      0
06/29/1990   8397      7   4538   3852      1   3072     20   2713      9   1582      0      0      0   0.00   0.00      0   0.00    4.2  0.000    0.0  0.000      0      0      0      0      0
06/30/1990   7999      6   4193   3800      3   3613     21   2699      9   1593      0      0      0   0.00   0.00      0   0.00    4.3  0.000    0.0  0.000      0      0      0      0      0
07/01/1990   7656      5   3802   3849      6   4151     21   2676      9   1610      0      0      0   0.00   0.00      0   0.00    4.5  0.000    0.0  0.000      0      0      0      0      0
07/02/1990   7279      4   3392   3883      9   4698     21   2669      8   1585      0      0      0   0.00   0.00      0   0.00    4.6  0.000    0.0  0.000      0      0      0      0      0
07/03/1990   6888      3   2973   3912     12   5241     21   2664      8   1560      0      0      0   0.00   0.00      0   0.00    4.8  0.000    0.0  0.000      0      0      0      0      0
07/04/1990   6581      2   2735   3844     15   5695     21   2652      7   1526      0      0      0   0.00   0.00      0   0.00    4.9  0.000    0.0  0.000      0      0      0      0      0
07/05/1990   6342      1   2568   3773     18   6064     20   2640      7   1511      0      0      0   0.00   0.00      0   0.00    5.1  0.000    0.0  0.000      0      0      0      0      0
07/06/1990   6188      0   2451   3737     21   6353     20   2638      6   1494      0      0      0   0.00   0.00      0   0.00    5.2  0.000    0.0  0.000      0      0      0      0      0
07/07/1990   6063      0   2426   3637     24   6593     19   2596      6   1506      0      0      0   0.00   0.00      0   0.00    5.4  0.000    0.0  0.000      0      0      0      0      0
07/08/1990   6035      0   2534   3501     27   6763     18   2558      6   1513      0      0      0   0.00   0.00      0   0.00    5.5  0.000    0.0  0.000      0      0      0      0      0
07/09/1990   6071      0   2669   3402     30   6904     17   2522      6   1521      0      0      0   0.00   0.00      0   0.00    5.6  0.000    0.0  0.000      0      0      0      0      0
07/10/1990   6182      0   2849   3333     33   6963     16   2517      6   1525      0      0      0   0.00   0.00      0   0.00    5.8  0.000    0.0  0.000      0      0      0      0      0
07/11/1990   6318      0   3126   3192     36   6949     15   2511      6   1533      0      0      0   0.00   0.00      0   0.00    5.9  0.000    0.0  0.000      0      0      0      0      0
07/12/1990   6464      0   3476   2988     38   6891     15   2517      6   1533      0      0      0   0.00   0.00      0   0.00    6.0  0.000    0.0  0.000      0      0      0      0      0
07/13/1990   6587      1   3844   2742     40   6850     14   2531      5   1506      0      0      0   0.00   0.00      0   0.00    6.1  0.000    0.0  0.000      0      0      0      0      0
07/14/1990   6799      3   4236   2560     40   6808     14   2550      4   1456      0      0      0   0.00   0.00      0   0.00    6.2  0.000    0.0  0.000      0      0      0      0      0
07/15/1990   7024      6   4698   2320     39   6771     14   2544      2   1400      0      0      0   0.00   0.00      0   0.00    6.3  0.000    0.0  0.000      0      0      0      0      0
07/16/1990   7227      9   5241   1977     38   6735     13   2524      1   1325      0      0      0   0.00   0.00      0   0.00    6.3  0.000    0.0  0.000      0      0      0      0      0
07/17/1990   7449     12   5785   1652     37   6695     12   2485      0   1232      0      0      0   0.00   0.00      0   0.00    6.4  0.000    0.0  0.000      0      0      0      0      0
07/18/1990   7719     15   6312   1392     36   6682     10   2419      0   1124      0      0      0   0.00   0.00      0   0.00    6.4  0.000    0.0  0.000      0      0      0      0      0
07/19/1990   7981     18   6827   1136     35   6682      8   2316      0   1018      0      0      0   0.00   0.00      0   0.00    6.4  0.000    0.0  0.000      0      0      0      0      0
07/20/1990   8248     21   7367    860     34   6646      6   2184      0    914      0      0      0   0.00   0.00      0   0.00    6.4  0.000    0.0  0.000      0      0      0      0      0
07/21/1990   8539     24   7905    610     33   6595      4   2037      0    793      0      0      0   0.00   0.00      0   0.00    6.4  0.000    0.0  0.000      0      0      0      0      0
07/22/1990   8868     27   8437    404     32   6528      2   1878      0    654      0      0      0   0.00   0.00      0   0.00    6.3  0.000    0.0  0.000      0      0      0      0      0
07/23/1990   9213     30   8952    231     30   6461      1   1698      0    500      0      0      0   0.00   0.00      0   0.00    6.3  0.000    0.0  0.000      0      0      0      0      0
07/24/1990   9583     33   9465     85     28   6360      0   1505      0    347      0      0      0   0.00   0.00      0   0.00    6.2  0.000    0.0  0.000      0      0      0      0      0
07/25/1990   9999     36   9873     90     25   6234      0   1300      0    205      0      0      0   0.00   0.00      0   0.00    6.2  0.000    0.0  0.000      0      0      0      0      0
07/26/1990  10501     38  10215    248     23   6074      0   1074      0    119      0      0      0   0.00   0.00      0   0.00    6.1  0.000    0.0  0.000      0      0      0      0      0
07/27/1990  11000     41  10485    474     20   5884      0    834      0    127      0      0      0   0.00   0.00      0   0.00    6.0  0.000    0.0  0.000      0      0      0      0      0
07/28/1990  11512     43  10695    774     18   5642      0    591      0    235      0      0      0   0.00   0.00      0   0.00    6.0  0.000    0.0  0.000      0      0      0      0      0
07/29/1990  12021     45  10834   1142     16   5354      0    400      0    405      0      0      0   0.00   0.00      0   0.00    6.0  0.000    0.0  0.000      0      0      0      0      0
07/30/1990  12527     47  10947   1533     14   5017      0    307      0    594      0      0      0   0.00   0.00      0   0.00    6.0  0.000    0.0  0.000      0      0      0      0      0
07/31/1990  13043     49  11005   1989     12   4617      0    326      0    780      0      0      0   0.00   0.00      0   0.00    6.0  0.000    0.0  0.000      0      0      0      0      0
08/01/1990  13560     51  10993   2516     10   4168      0    458      0    957      0      0      0   0.00   0.00      0   0.00    6.0  0.000    0.0  0.000      0      0      0      0      0
08/02/1990  14066     53  10941   3072      8   3689      0    696      0   1124      0      0      0   0.00   0.00      0   0.00    6.1  0.000    0.0  0.000      0      0      0      0      0
08/03/1990  14554     54  10887   3613      6   3230      0    987      1   1283      0      0      0   0.00   0.00      0   0.00    6.2  0.000    0.0  0.000      0      0      0      0      0
08/04/1990  14929     54  10814   4061      4   2839      0   1288      3   1431      0      0      0   0.00   0.00      0   0.00    6.3  0.000    0.0  0.000      0      0      0      0      0
08/05/1990  15218     53  10715   4450      2   2524      0   1585      6   1568      0      0      0   0.00   0.00      0   0.00    6.4  0.000    0.0  0.000      0      0      0      0      0
08/06/1990  15402     51  10584   4767      1   2310      1   1865      9   1685      0      0      0   0.00   0.00      0   0.00    6.6  0.000    0.0  0.000      0      0      0      0      0
08/07/1990  15472     49  10412   5011      0   2201      3   2125     11   1778      0      0      0   0.00   0.00      0   0.00    6.7  0.000    0.0  0.000      0      0      0      0      0
08/08/1990  15441     46  10225   5170      0   2180      6   2373     13   1840      0      0      0   0.00   0.00      0   0.00    6.9  0.000    0.0  0.000      0      0      0      0      0
08/09/1990  15353     43  10016   5294      0   2249     10   2593     14   1884      0      0      0   0.00   0.00      0   0.00    7.0  0.000    0.0  0.000      0      0      0      0      0
08/10/1990  15162     40   9744   5378      0   2411     14   2779     15   1914      0      0      0   0.00   0.00      0   0.00    7.2  0.000    0.0  0.000      0      0      0      0      0
08/11/1990  14851     37   9425   5389      0   2670     19   2930     15   1934      0      0      0   0.00   0.00      0   0.00    7.4  0.000    0.0  0.000      0      0      0      0      0
08/12/1990  14459     34   9060   5365      0   3026     24   3046     15   1943      0      0      0   0.00   0.00      0   0.00    7.6  0.000    0.0  0.000      0      0      0      0      0
08/13/1990  14029     31   8659   5339      1   3479     28   3125     15   1929      0      0      0   0.00   0.00      0   0.00    7.7  0.000    0.0  0.000      0      0      0      0      0
08/14/1990  13554     28   8212   5314      3   4008     31   3179     15   1877      0      0      0   0.00   0.00      0   0.00    7.9  0.000    0.0  0.000      0      0      0      0      0
08/15/1990  13029     25   7739   5265      6   4599     33   3211     14   1784      0      0      0   0.00   0.00      0   0.00    8.1  0.000    0.0  0.000      0      0      0      0      0
08/16/1990  12512     23   7267   5222     10   5200     34   3214     13   1715      0      0      0   0.00   0.00      0   0.00    8.3  0.000    0.0  0.000      0      0      0      0      0
08/17/1990  12039     20   6845   5174     14   5765     35   3172     13   1689      0      0      0   0.00   0.00      0   0.00    8.5  0.000    0.0  0.000      0      0      0      0      0
08/18/1990  11643     18   6468   5157     19   6278     34   3081     13   1662      0      0      0   0.00   0.00      0   0.00    8.6  0.000    0.0  0.000      0      0      0      0      0
08/19/1990    608      0    608      0     24   6729     29   2904     13   1625      0      0      0   0.00   0.00      0   0.00    8.8  0.133    0.0  0.000      3     91     16   5543   5140
08/20/1990    848      0    848      0     28   7034     30   2907      8   1054      0      0      0   0.00   0.00      0   0.00    8.8  0.133    0.0  0.000      0      0      0      1     22
08/21/1990   1144      0   1144      0     32   7336     30   2814      4    526      0      0      0   0.00   0.00      0   0.00    8.8  0.133    0.0  0.000      0      0      0      1     22
08/22/1990   1497      0   1497      0     36   7558     30   2743      0      0      0      0      0   0.00   0.00      0   0.00    8.8  0.133    0.0  0.000      0      0      0      0     22
08/23/1990   1906      0   1905      1     40   7683     26   2188      0      0      0      0      0   0.00   0.00      0   0.00    8.8  0.133    0.0  0.000      0      0      0      0     21
08/24/1990   2363      0   2361      2     45   7768     21   1625      0      0      0      0      0   0.00   0.00      0   0.00    8.8  0.133    0.0  0.000      0      0      0      0     21
08/25/1990   2866      0   2862      4     49   7816     17   1054      0      0      0      0      0   0.00   0.00      0   0.00    8.7  0.133    0.0  0.000      0      0      0      0     20
08/26/1990   3414      0   3407      7     53   7777     13    526      0      0      0      0      0   0.00   0.00      0   0.00    8.7  0.133    0.0  0.000      0      0      0      0     19
08/27/1990   4010      1   3980     29     57   7708      8      0      0      1      0      0      0   0.00   0.00      0   0.00    8.7  0.133    0.0  0.000      0      0      0      0      0
08/28/1990   4628      3   4574     51     59   7092      4      0      0      9      0      0      0   0.00   0.00      0   0.00    8.7  0.133    0.0  0.000      0      0      0      0      0
08/29/1990   5260      6   5181     73     60   6463      0      0      0     25      0      0      0   0.00   0.00      0   0.00    8.7  0.133    0.0  0.000      0      0      0      0      0
08/30/1990   5903     10   5798     95     56   5824      0      1      0     46      0      0      0   0.00   0.00      0   0.00    8.6  0.133    0.0  0.000      0      0      0      0      0
08/31/1990   6553     14   6408    131     52   5178      0      9      0     66      0      0      0   0.00   0.00      0   0.00    8.6  0.133    0.0  0.000      0      0      0      0      0
09/01/1990   7207     19   7021    167     47   4529      0     25      0     89      0      0      0   0.00   0.00      0   0.00    8.6  0.133    0.0  0.000      0      0      0      0      0
09/02/1990   7780     24   7553    203     42   3961      0     47      0    116      0      0      0   0.00   0.00      0   0.00    8.5  0.133    0.0  0.000      0      0      0      0      0
09/03/1990   8404     28   8138    238     38   3340      0     75      0    146      0      0      0   0.00   0.00      0   0.00    8.5  0.133    0.0  0.000      0      0      0      0      0
09/04/1990   9004     32   8699    273     34   2744      0    113      0    174      0      0      0   0.00   0.00      0   0.00    8.4  0.133    0.0  0.000      0      0      0      0      0
09/05/1990   9561     36   9218    307     30   2197      0    154      0    203      0      0      0   0.00   0.00      0   0.00    8.4  0.133    0.0  0.000      0      0      0      0      0
09/06/1990  10125     40   9745    340     26   1650      0    196      0    231      0      0      0   0.00   0.00      0   0.00    8.4  0.133    0.0  0.000      0      0      0      0      0
09/07/1990  10679     45  10287    347     21   1101      0    241      0    258      0      0      0   0.00   0.00      0   0.00    8.3  0.133    0.0  0.000      0      0      0      0      0
09/08/1990  11189     49  10786    354     17    601      0    291      0    275      0      0      0   0.00   0.00      0   0.00    8.2  0.133    0.0  0.000      0      0      0      0      0
09/09/1990  11697     53  11256    388     13    114      0    338      0    286      0      0      0   0.00   0.00      0   0.00    8.2  0.133    0.0  0.000      0      0      0      0      0
09/10/1990  11680     58  10994    628      8    163      0    383      0    301      0      0      0   0.00   0.00      0   0.00    8.1  0.133    0.0  0.000      0      0      0      0      0
09/11/1990  11648     62  10676    910      4    221      0    420      0    364      0      0      0   0.00   0.00      0   0.00    8.1  0.133    0.0  0.000      0      0      0      0      0
09/12/1990  11580     66  10301   1213      0    288      0    450      0    476      0      0      0   0.00   0.00      0   0.00    8.1  0.133    0.0  0.000      0      0      0      0      0
09/13/1990  11544     66   9871   1607      0    366      0    481      0    622      0      0      0   0.00   0.00      0   0.00    8.1  0.133    0.0  0.000      0      0      0      0      0
09/14/1990  11508     66   9393   2049      0    452      0    553      0    750      0      0      0   0.00   0.00      0   0.00    8.1  0.132    0.0  0.000      0      0      0      0      0
09/15/1990  11472     66   8870   2536      0    546      0    668      0    871      0      0      0   0.00   0.00      0   0.00    8.2  0.132    0.0  0.000      0      0      0      0      0
09/16/1990  11436     66   8303   3067      0    641      0    828      0    990      0      0      0   0.00   0.00      0   0.00    8.2  0.130    0.0  0.000      0      0      0      0      0
09/17/1990  11407     65   7709   3633      0    737      0   1017      1   1127      0      0      0   0.00   0.00      0   0.00    8.3  0.129    0.0  0.000      0      0      0      0      0
09/18/1990  11384     63   7101   4220      0    838      0   1238      3   1250      0      0      0   0.00   0.00      0   0.00    8.5  0.127    0.0  0.000      0      0      0      0      0
09/19/1990  11341     60   6488   4793      0    980      0   1454      6   1357      0      0      0   0.00   0.00      0   0.00    8.6  0.124    0.0  0.000      0      0      0      0      0
09/20/1990  11097     56   5871   5170      0   1167      1   1668      9   1474      0      0      0   0.00   0.00      0   0.00    8.8  0.122    0.0  0.000      0      0      0      0      0
09/21/1990  10803     52   5253   5498      0   1394      3   1866     11   1585      0      0      0   0.00   0.00      0   0.00    9.0  0.119    0.0  0.000      0      0      0      0      0
09/22/1990  10462     47   4643   5772      0   1641      6   2061     13   1648      0      0      0   0.00   0.00      0   0.00    9.2  0.116    0.0  0.000      0      0      0      0      0
09/23/1990  10076     42   4124   5910      0   1922     10   2271     14   1631      0      0      0   0.00   0.00      0   0.00    9.5  0.113    0.0  0.000      0      0      0      0      0
09/24/1990   9652     38   3561   6053      0   2238     14   2461     15   1626      0      0      0   0.00   0.00      0   0.00    9.7  0.110    0.0  0.000      0      0      0      0      0
09/25/1990   9192     34   3031   6127      0   2594     19   2582     15   1642      0      0      0   0.00   0.00      0   0.00   10.0  0.108    0.0  0.000      0      0      0      0      0
09/26/1990   8699     30   2554   6115      0   2969     24   2652     15   1680      0      0      0   0.00   0.00      0   0.00   10.2  0.105    0.0  0.000      0      0      0      0      0
09/27/1990   8186     26   2077   6083      1   3364     28   2730     15   1683      0      0      0   0.00   0.00      0   0.00   10.5  0.102    0.0  0.000      0      0      0      0      0
09/28/1990   7659     21   1600   6038      3   3810     31   2750     15   1697      0      0      0   0.00   0.00      0   0.00   10.7  0.100    0.0  0.000      0      0      0      0      0
09/29/1990   7121     17   1167   5937      6   4279     33   2747     15   1734      0      0      0   0.00   0.00      0   0.00   11.0  0.098    0.0  0.000      0      0      0      0      0
09/30/1990   6575     13    738   5824     10   4726     34   2765     15   1782      0      0      0   0.00   0.00      0   0.00   11.3  0.095    0.0  0.000      0      0      0      0      0
10/01/1990   6033      8    847   5178     14   5140     35   2816     15   1818      0      0      0   0.00   0.00      0   0.00   11.5  0.093    0.0  0.000      0      0      0      0      0
10/02/1990   5538      4   1005   4529     19   5541     35   2855     14   1761      0      0      0   0.00   0.00      0   0.00   11.7  0.092    0.0  0.000      0      0      0      0      0
10/03/1990   5175      0   1214   3961     24   5892     35   2905     12   1663      0      0      0   0.00   0.00      0   0.00   11.8  0.091    0.0  0.000      0      0      0      0      0
10/04/1990   4809      0   1469   3340     29   6198     35   2954     10   1573      0      0      0   0.00   0.00      0   0.00   12.0  0.090    0.0  0.000      0      0      0      0      0
10/05/1990   4498      0   1755   2743     34   6474     34   2933      7   1472      0      0      0   0.00   0.00      0   0.00   12.1  0.089    0.0  0.000      0      0      0      0      0
10/06/1990   4273      0   2085   2188     39   6718     32   2871      4   1322      0      0      0   0.00   0.00      0   0.00   12.2  0.088    0.0  0.000      0      0      0      0      0
10/07/1990   4084      0   2459   1625     44   6942     30   2793      1   1096      0      0      0   0.00   0.00      0   0.00   12.2  0.088    0.0  0.000      0      0      0      0      0
10/08/1990   3936      0   2881   1055     49   7129     26   2623      0    905      0      0      0   0.00   0.00      0   0.00   12.3  0.088    0.0  0.000      0      0      0      0      0
10/09/1990   3861      0   3326    535     54   7286     21   2375      0    741      0      0      0   0.00   0.00      0   0.00   12.3  0.088    0.0  0.000      0      0      0      0      0
10/10/1990   3816      0   3791     25     59   7346     16   2128      0    561      0      0      0   0.00   0.00      0   0.00   12.2  0.088    0.0  0.000      0      0      0      0      0
10/11/1990   4357      1   4309     47     63   7318     11   1865      0    317      0      0      0   0.00   0.00      0   0.00   12.2  0.088    0.0  0.000      0      0      0      0      0
10/12/1990   4923      3   4845     75     65   7274      7   1543      0    130      0      0      0   0.00   0.00      0   0.00   12.2  0.088    0.0  0.000      0      0      0      0      0
10/13/1990   5470      6   5350    114     65   7170      4   1217      0     34      0      0      0   0.00   0.00      0   0.00   12.2  0.088    0.0  0.000      0      0      0      0      0
10/14/1990   5997     10   5824    163     64   7009      1    860      0     57      0      0      0   0.00   0.00      0   0.00   12.1  0.088    0.0  0.000      0      0      0      0      0
10/15/1990   6560     14   6325    221     61   6744      0    577      0     87      0      0      0   0.00   0.00      0   0.00   12.1  0.088    0.0  0.000      0      0      0      0      0
10/16/1990   7125     19   6818    288     56   6433      0    346      0    122      0      0      0   0.00   0.00      0   0.00   12.1  0.088    0.0  0.000      0      0      0      0      0
10/17/1990   7691     24   7301    366     51   6070      0    176      0    162      0      0      0   0.00   0.00      0   0.00   12.0  0.088    0.0  0.000      0      0      0      0      0
10/18/1990   8257     29   7777    451     46   5622      0    103      0    206      0      0      0   0.00   0.00      0   0.00   12.0  0.088    0.0  0.000      0      0      0      0      0
10/19/1990   8828     34   8257    537     41   5053      0    151      0    243      0      0      0   0.00   0.00      0   0.00   12.0  0.088    0.0  0.000      0      0      0      0      0
10/20/1990   9415     39   8760    616     36   4466      0    208      0    271      0      0      0   0.00   0.00      0   0.00   12.0  0.088    0.0  0.000      0      0      0      0      0
10/21/1990  10008     44   9273    691     31   3874      0    275      0    305      0      0      0   0.00   0.00      0   0.00   11.9  0.088    0.0  0.000      0      0      0      0      0
10/22/1990  10595     49   9774    772     26   3292      0    337      0    345      0      0      0   0.00   0.00      0   0.00   11.9  0.088    0.0  0.000      0      0      0      0      0
10/23/1990  11102     54  10157    891     21   2792      0    392      0    395      0      0      0   0.00   0.00      0   0.00   11.9  0.088    0.0  0.000      0      0      0      0      0
10/24/1990  11570     59  10460   1051     16   2333      0    458      0    446      0      0      0   0.00   0.00      0   0.00   11.9  0.088    0.0  0.000      0      0      0      0      0
10/25/1990  12037     64  10725   1248     11   1881      0    520      0    512      0      0      0   0.00   0.00      0   0.00   11.8  0.088    0.0  0.000      0      0      0      0      0
10/26/1990  12414     68  10879   1467      7   1526      0    581      0    570      0      0      0   0.00   0.00      0   0.00   11.8  0.088    0.0  0.000      0      0      0      0      0
10/27/1990  12701     71  10911   1719      4   1254      0    661      0    637      0      0      0   0.00   0.00      0   0.00   11.8  0.087    0.0  0.000      0      0      0      0      0
10/28/1990  12912     74  10831   2007      1   1056      0    761      0    694      0      0      0   0.00   0.00      0   0.00   11.9  0.087    0.0  0.000      0      0      0      0      0
10/29/1990  13068     75  10657   2336      0    926      0    846      0    764      0      0      0   0.00   0.00      0   0.00   11.9  0.087    0.0  0.000      0      0      0      0      0
10/30/1990  13171     75  10402   2694      0    858      0    953      0    804      0      0      0   0.00   0.00      0   0.00   11.9  0.087    0.0  0.000      0      0      0      0      0
10/31/1990  13188     75  10035   3078      0    890      0   1060      0    838      0      0      0   0.00   0.00      0   0.00   12.0  0.086    0.0  0.000      0      0      0      0      0
11/01/1990  13073     74   9500   3499      0   1055      0   1164      0    815      0      0      0   0.00   0.00      0   0.00   12.1  0.086    0.0  0.000      0      0      0      0      0
11/02/1990  12915     72   8947   3896      0   1240      0   1245      0    787      0      0      0   0.00   0.00      0   0.00   12.2  0.085    0.0  0.000      0      0      0      0      0
11/03/1990  12713     69   8421   4223      0   1426      0   1328      1    779      0      0      0   0.00   0.00      0   0.00   12.3  0.084    0.0  0.000      0      0      0      0      0
11/04/1990  12475     65   7926   4484      0   1635      0   1342      2    850      0      0      0   0.00   0.00      0   0.00   12.5  0.083    0.0  0.000      0      0      0      0      0
11/05/1990  12220     61   7408   4751      0   1847      0   1338      4    941      0      0      0   0.00   0.00      0   0.00   12.6  0.082    0.0  0.000      0      0      0      0      0
11/06/1990  11933     56   6901   4976      0   2068      1   1343      4    956      0      0      0   0.00   0.00      0   0.00   12.8  0.081    0.0  0.000      0      0      0      0      0
11/07/1990  11618     51   6408   5159      0   2277      2   1388      4    930      0      0      0   0.00   0.00      0   0.00   13.0  0.080    0.0  0.000      0      0      0      0      0
11/08/1990  11272     46   5931   5295      0   2479      4   1441      4    931      0      0      0   0.00   0.00      0   0.00   13.2  0.079    0.0  0.000      0      0      0      0      0
11/09/1990  10902     41   5447   5414      0   2640      5   1484      5   1000      0      0      0   0.00   0.00      0   0.00   13.4  0.078    0.0  0.000      0      0      0      0      0
11/10/1990  10511     36   4945   5530      0   2793      6   1531      7   1078      0      0      0   0.00   0.00      0   0.00   13.6  0.076    0.0  0.000      0      0      0      0      0
11/11/1990  10085     31   4454   5600      0   2953      8   1593      8   1130      0      0      0   0.00   0.00      0   0.00   13.8  0.075    0.0  0.000      0      0      0      0      0
11/12/1990   9646     26   3974   5646      0   3145     10   1634      9   1181      0      0      0   0.00   0.00      0   0.00   14.0  0.074    0.0  0.000      0      0      0      0      0
11/13/1990   9243     21   3579   5643      1   3339     12   1668      9   1237      0      0      0   0.00   0.00      0   0.00   14.2  0.073    0.0  0.000      0      0      0      0      0
11/14/1990   8885     16   3237   5632      2   3463     14   1767      9   1217      0      0      0   0.00   0.00      0   0.00   14.5  0.072    0.0  0.000      0      0      0      0      0
11/15/1990   8517     11   2913   5593      4   3563     15   1885      8   1158      0      0      0   0.00   0.00      0   0.00   14.7  0.070    0.0  0.000      0      0      0      0      0
11/16/1990   8157      7   2677   5473      5   3700     17   1974      8   1116      0      0      0   0.00   0.00      0   0.00   14.9  0.069    0.0  0.000      0      0      0      0      0
11/17/1990   7830      4   2552   5274      6   3826     19   1984      8   1146      0      0      0   0.00   0.00      0   0.00   15.2  0.068    0.0  0.000      0      0      0      0      0
11/18/1990   7518      1   2511   5006      8   3947     19   1965      8   1161      0      0      0   0.00   0.00      0   0.00   15.4  0.067    0.0  0.000      0      0      0      0      0
11/19/1990   7217      0   2536   4681     10   4066     20   1960      7   1142      0      0      0   0.00   0.00      0   0.00   15.6  0.067    0.0  0.000      0      0      0      0      0
11/20/1990   7484      0   2615   4869     13   4203     20   1949      5   1002      0      0      0   0.00   0.00      0   0.00   15.8  0.066    0.0  0.000      0      0      0      0      0
11/21/1990   7174      0   2788   4386     16   4346     19   1889      4    866      0      0      0   0.00   0.00      0   0.00   15.9  0.065    0.0  0.000      0      0      0      0      0
11/22/1990   6216      0   3034   3182     19   4468     18   1885      3    736      0      0      0   0.00   0.00      0   0.00   16.1  0.064    0.0  0.000      0      0      0      0      0
11/23/1990   5924      0   3272   2652     22   4574     16   1793      2    678      0      0      0   0.00   0.00      0   0.00   16.2  0.064    0.0  0.000      0      0      0      0      0
11/24/1990   5691      0   3533   2158     25   4683     14   1639      1    634      0      0      0   0.00   0.00      0   0.00   16.2  0.064    0.0  0.000      0      0      0      0      0
11/25/1990   6003      0   3827   2176     27   4764     13   1475      0    583      0      0      0   0.00   0.00      0   0.00   16.2  0.064    0.0  0.000      0      0      0      0      0
11/26/1990   6333      0   4126   2207     30   4794     10   1310      0    505      0      0      0   0.00   0.00      0   0.00   16.2  0.064    0.0  0.000      0      0      0      0      0
11/27/1990   6619      1   4367   2251     32   4869      7   1131      0    429      0      0      0   0.00   0.00      0   0.00   16.2  0.064    0.0  0.000      0      0      0      0      0
11/28/1990   6907      2   4595   2310     33   4836      5   1056      0    377      0      0      0   0.00   0.00      0   0.00   16.2  0.064    0.0  0.000      0      0      0      0      0
11/29/1990   6308      4   4851   1453     33   4729      3    949      0    412      0      0      0   0.00   0.00      0   0.00   16.3  0.063    0.0  0.000      0      0      0      0      0
11/30/1990   6314      5   5124   1185     33   4605      2    824      0    423      0      0      0   0.00   0.00      0   0.00   16.3  0.063    0.0  0.000      0      0      0      0      0
12/01/1990   6680      6   5402   1272     33   4436      1    755      0    377      0      0      0   0.00   0.00      0   0.00   16.3  0.063    0.0  0.000      0      0      0      0      0
12/02/1990   7066      8   5676   1382     32   4233      0    727      0    295      0      0      0   0.00   0.00      0   0.00   16.3  0.063    0.0  0.000      0      0      0      0      0
12/03/1990   7194     10   5960   1224     30   4007      0    664      0    266      0      0      0   0.00   0.00      0   0.00   16.3  0.063    0.0  0.000      0      0      0      0      0
12/04/1990   7385     13   6244   1128     27   3704      0    627      0    274      0      0      0   0.00   0.00      0   0.00   16.3  0.063    0.0  0.000      0      0      0      0      0
12/05/1990   7753     16   6447   1290     24   3445      0    593      0    269      0      0      0   0.00   0.00      0   0.00   16.2  0.063    0.0  0.000      0      0      0      0      0
12/06/1990   7920     19   6606   1295     21   3226      0    553      0    272      0      0      0   0.00   0.00      0   0.00   16.3  0.063    0.0  0.000      0      0      0      0      0
12/07/1990   8203     22   6790   1391     18   3000      0    489      0    281      0      0      0   0.00   0.00      0   0.00   16.3  0.063    0.0  0.000      0      0      0      0      0
12/08/1990   8599     25   6956   1618     15   2722      0    439      0    318      0      0      0   0.00   0.00      0   0.00   16.3  0.063    0.0  0.000      0      0      0      0      0
12/09/1990   8836     27   7073   1736     13   2442      0    448      0    348      0      0      0   0.00   0.00      0   0.00   16.3  0.063    0.0  0.000      0      0      0      0      0
12/10/1990   9141     30   7168   1943     10   2153      0    475      0    416      0      0      0   0.00   0.00      0   0.00   16.4  0.063    0.0  0.000      0      0      0      0      0
12/11/1990   9324     33   7154   2137      7   1986      0    491      0    491      0      0      0   0.00   0.00      0   0.00   16.4  0.062    0.0  0.000      0      0      0      0      0
12/12/1990   9550     35   7101   2414      5   1850      0    522      0    542      0      0      0   0.00   0.00      0   0.00   16.4  0.062    0.0  0.000      0      0      0      0      0
12/13/1990   9781     37   7089   2655      3   1686      0    622      0    536      0      0      0   0.00   0.00      0   0.00   16.4  0.062    0.0  0.000      0      0      0      0      0
12/14/1990   9977     38   7045   2894      2   1580      0    710      0    430      0      0      0   0.00   0.00      0   0.00   16.4  0.062    0.0  0.000      0      0      0      0      0
12/15/1990  10158     39   6956   3163      1   1497      0    783      0    358      0      0      0   0.00   0.00      0   0.00   16.3  0.062    0.0  0.000      0      0      0      0      0
12/16/1990  10337     40   6822   3475      0   1421      0    840      0    291      0      0      0   0.00   0.00      0   0.00   16.3  0.062    0.0  0.000      0      0      0      0      0
12/17/1990  10453     40   6609   3804      0   1423      0    792      0    334      0      0      0   0.00   0.00      0   0.00   16.3  0.062    0.0  0.000      0      0      0      0      0
12/18/1990  10555     39   6429   4087      0   1484      0    725      0    372      0      0      0   0.00   0.00      0   0.00   16.2  0.062    0.0  0.000      0      0      0      0      0
12/19/1990  10679     38   6269   4372      0   1535      0    640      0    401      0      0      0   0.00   0.00      0   0.00   16.2  0.062    0.0  0.000      0      0      0      0      0
12/20/1990  10828     36   6090   4702      0   1553      0    584      0    322      0      0      0   0.00   0.00      0   0.00   16.1  0.062    0.0  0.000      0      0      0      0      0
12/21/1990  10941     35   5852   5054      0   1597      0    561      0    176      0      0      0   0.00   0.00      0   0.00   16.1  0.062    0.0  0.000      0      0      0      0      0
12/22/1990  11018     34   5568   5416      0   1588      0    611      0     45      0      0      0   0.00   0.00      0   0.00   16.0  0.062    0.0  0.000      0      0      0      0      0
12/23/1990  11084     32   5255   5797      0   1616      0    548      0      0      0      0      0   0.00   0.00      0   0.00   16.0  0.062    0.0  0.000      0      0      0      0      0
12/24/1990  11166     30   4937   6199      0   1622      0    446      0      0      0      0      0   0.00   0.00      0   0.00   16.0  0.062    0.0  0.000      0      0      0      0      0
12/25/1990  11248     27   4605   6616      0   1648      0    322      0     30      0      0      0   0.00   0.00      0   0.00   15.9  0.062    0.0  0.000      0      0      0      0      0
12/26/1990  11307     24   4307   6976      0   1719      0    176      0    104      0      0      0   0.00   0.00      0   0.00   15.9  0.062    0.0  0.000      0      0      0      0      0
12/27/1990  11390     21   4051   7318      0   1751      0     45      0    210      0      0      0   0.00   0.00      0   0.00   15.9  0.062    0.0  0.000      0      0      0      0      0
12/28/1990  11481     18   3770   7693      0   1689      0     30      0    304      0      0      0   0.00   0.00      0   0.00   15.8  0.062    0.0  0.000      0      0      0      0      0
12/29/1990  11576     15   3479   8082      0   1577      0    104      0    285      0      0      0   0.00   0.00      0   0.00   15.8  0.062    0.0  0.000      0      0      0      0      0
12/30/1990  11689     13   3238   8438      0   1448      0    210      0    274      0      0      0   0.00   0.00      0   0.00   15.8  0.062    0.0  0.000      0      0      0      0      0
12/31/1990  11847     10   3044   8793      0   1273      0    334      0    250      0      0      0   0.00   0.00      0   0.00   15.8  0.062    0.0  0.000      0      0      0      0      0
