Varroa Population Simulation - Nov 23,2015  02:34:49 PM
VarroaPop Version 3.2.5.8  June, 2015

                                        Capped  Capped                                                                      Prop           Conc          Conc                                     
            Colony  Adult  Adult         Drone   Wkr    Drone  Wkr    Drone  Wkr  Free   DBrood WBrood DMite  WMite  Mites  Mites  Colony Pollen Colony Nectar   Dead   Dead   Dead   Dead   Dead
     Date   Size   Drones   Wkr   Forgrs Brood  Brood   Larv   Larv    Eggs  Eggs Mites  Mites  Mites  /Cell  /Cell  Dying  Dying  Pollen  Pest  Nectar  Pest    DLarv  WLarv  DAdlt  WAdlt  Forgrs
Initial     10000      0   6363   3637      0      0      0      0      0      0      0      0      0   0.00   0.00      0   0.00    0.0  0.000    0.0  0.000      0      0      0      0      0
08/01/1990   9697      0   6060   3637      0      0      0      0      3    650      0      0      0   0.00   0.00      0   0.00    0.1  0.000    0.0  0.000      0      0      0      0      0
08/02/1990   9394      0   5757   3637      0      0      0      0      6   1299      0      0      0   0.00   0.00      0   0.00    0.2  0.000    0.0  0.000      0      0      0      0      0
08/03/1990   9091      0   5454   3637      0      0      0      0      9   1947      0      0      0   0.00   0.00      0   0.00    0.4  0.000    0.0  0.000      0      0      0      0      0
08/04/1990   8788      0   5151   3637      0      0      3    650      9   1949      0      0      0   0.00   0.00      0   0.00    0.5  0.000    0.0  0.000      0      0      0      0      0
08/05/1990   8485      0   4848   3637      0      0      6   1299      9   1968      0      0      0   0.00   0.00      0   0.00    0.6  0.000    0.0  0.000      0      0      0      0      0
08/06/1990   8182      0   4545   3637      0      0      9   1947      9   1991      0      0      0   0.00   0.00      0   0.00    0.8  0.000    0.0  0.000      0      0      0      0      0
08/07/1990   7879      0   4242   3637      0      0     12   2599      9   2010      0      0      0   0.00   0.00      0   0.00    0.9  0.000    0.0  0.000      0      0      0      0      0
08/08/1990   7576      0   3939   3637      0      0     15   3267      9   2013      0      0      0   0.00   0.00      0   0.00    1.0  0.000    0.0  0.000      0      0      0      0      0
08/09/1990   7273      0   3636   3637      0    650     18   3288      9   2013      0      0      0   0.00   0.00      0   0.00    1.1  0.000    0.0  0.000      0      0      0      0      0
08/10/1990   6970      0   3333   3637      0   1299     21   3310      9   2013      0      0      0   0.00   0.00      0   0.00    1.3  0.000    0.0  0.000      0      0      0      0      0
08/11/1990      0      0      0      0      3   1947      9   2405      9   2014      0      0      0   0.00   0.00      0   0.00    1.4  1.811    0.0  0.000     11    928      0   3027   3635
08/12/1990      0      0      0      0      3   2023     12   3000      6   1343      0      0      0   0.00   0.00      0   0.00    1.4  1.811    0.0  0.000      0      0      0      0      0
08/13/1990      0      0      0      0      3   2339     15   3355      3    672      0      0      0   0.00   0.00      0   0.00    1.4  1.811    0.0  0.000      0      0      0      0      0
08/14/1990      0      0      0      0      3   3010     18   3356      0      0      0      0      0   0.00   0.00      0   0.00    1.4  1.811    0.0  0.000      0      0      0      0      0
08/15/1990      0      0      0      0      3   3681     18   2685      0      0      0      0      0   0.00   0.00      0   0.00    1.4  1.811    0.0  0.000      0      0      0      0      0
08/16/1990      0      0      0      0      6   4352     15   2014      0      0      0      0      0   0.00   0.00      0   0.00    1.4  1.811    0.0  0.000      0      0      0      0      0
08/17/1990      0      0      0      0      9   5023     12   1343      0      0      0      0      0   0.00   0.00      0   0.00    1.4  1.811    0.0  0.000      0      0      0      0      0
08/18/1990      0      0      0      0     12   5694      9    672      0      0      0      0      0   0.00   0.00      0   0.00    1.4  1.811    0.0  0.000      0      0      0      0      0
08/19/1990      0      0      0      0     15   6366      6      0      0      0      0      0      0   0.00   0.00      0   0.00    1.4  1.811    0.0  0.000      0      0      0      0      0
08/20/1990      0      0      0      0     18   6366      3      0      0      0      0      0      0   0.00   0.00      0   0.00    1.4  1.811    0.0  0.000      0      0      0      0      0
08/21/1990      0      0      0      0     21   6366      0      0      0      0      0      0      0   0.00   0.00      0   0.00    1.4  1.811    0.0  0.000      0      0      0      0      0
08/22/1990    643      0    643      0     21   5716      0      0      0      0      0      0      0   0.00   0.00      0   0.00    1.4  1.811    0.0  0.000      0      0      0      7      0
08/23/1990   1285      0   1285      0     21   5067      0      0      0      0      0      0      0   0.00   0.00      0   0.00    1.4  1.811    0.0  0.000      0      0      0      7      0
08/24/1990   1926      0   1926      0     21   4419      0      0      0      0      0      0      0   0.00   0.00      0   0.00    1.4  1.811    0.0  0.000      0      0      0      7      0
08/25/1990   2004      3   2001      0     18   4343      0      0      0      0      0      0      0   0.00   0.00      0   0.00    1.4  1.811    0.0  0.000      0      0      0      1      0
08/26/1990   2316      3   2313      0     18   4027      0      0      0      0      0      0      0   0.00   0.00      0   0.00    1.4  1.811    0.0  0.000      0      0      0      4      0
08/27/1990   2979      3   2976      0     18   3356      0      0      0      0      0      0      0   0.00   0.00      0   0.00    1.3  1.811    0.0  0.000      0      0      0      8      0
08/28/1990   3642      3   3639      0     18   2685      0      0      0      0      0      0      0   0.00   0.00      0   0.00    1.3  1.810    0.0  0.000      0      0      0      8      0
08/29/1990   4305      3   4302      0     18   2014      0      0      0      0      0      0      0   0.00   0.00      0   0.00    1.3  1.810    0.0  0.000      0      0      0      8      0
08/30/1990   4971      6   4965      0     15   1343      0      0      0      0      0      0      0   0.00   0.00      0   0.00    1.3  1.809    0.0  0.000      0      0      0      8      0
08/31/1990   5637      9   5628      0     12    672      0      0      0      0      0      0      0   0.00   0.00      0   0.00    1.2  1.808    0.0  0.000      0      0      0      8      0
09/01/1990   6304     12   6292      0      9      0      0      0      0      0      0      0      0   0.00   0.00      0   0.00    1.2  1.807    0.0  0.000      0      0      0      8      0
09/02/1990   6307     15   6292      0      6      0      0      0      0      0      0      0      0   0.00   0.00      0   0.00    1.2  1.805    0.0  0.000      0      0      0      0      0
09/03/1990   6310     18   6292      0      3      0      0      0      0      0      0      0      0   0.00   0.00      0   0.00    1.1  1.803    0.0  0.000      0      0      0      0      0
09/04/1990   6313     21   6292      0      0      0      0      0      0      0      0      0      0   0.00   0.00      0   0.00    1.1  1.801    0.0  0.000      0      0      0      0      0
09/05/1990   6313     21   6292      0      0      0      0      0      0      0      0      0      0   0.00   0.00      0   0.00    1.1  1.798    0.0  0.000      0      0      0      0      0
09/06/1990   6313     21   6292      0      0      0      0      0      0      0      0      0      0   0.00   0.00      0   0.00    1.0  1.795    0.0  0.000      0      0      0      0      0
09/07/1990   6313     21   6292      0      0      0      0      0      0      0      0      0      0   0.00   0.00      0   0.00    1.0  1.791    0.0  0.000      0      0      0      0      0
09/08/1990   6313     21   6292      0      0      0      0      0      0      0      0      0      0   0.00   0.00      0   0.00    0.9  1.786    0.0  0.000      0      0      0      0      0
09/09/1990   6313     21   6292      0      0      0      0      0      0      0      0      0      0   0.00   0.00      0   0.00    0.9  1.779    0.0  0.000      0      0      0      0      0
09/10/1990   6313     21   6292      0      0      0      0      0      0      0      0      0      0   0.00   0.00      0   0.00    0.8  1.771    0.0  0.000      0      0      0      0      0
09/11/1990   6313     21   6292      0      0      0      0      0      0      0      0      0      0   0.00   0.00      0   0.00    0.8  1.764    0.0  0.000      0      0      0      0      0
09/12/1990   6313     21   5649    643      0      0      0      0      0      0      0      0      0   0.00   0.00      0   0.00    0.7  1.763    0.0  0.000      0      0      0      0      0
09/13/1990   6313     21   5007   1285      0      0      0      0      0    200      0      0      0   0.00   0.00      0   0.00    0.8  1.720    0.0  0.000      0      0      0      0      0
09/14/1990   6313     21   4366   1926      0      0      0      0      0    509      0      0      0   0.00   0.00      0   0.00    0.8  1.618    0.0  0.000      0      0      0      0      0
09/15/1990   6310     18   4291   2001      0      0      0      0      0    908      0      0      0   0.00   0.00      0   0.00    0.9  1.517    0.0  0.000      0      0      0      0      0
09/16/1990   6310     18   3979   2313      0      0      0    200      0   1116      0      0      0   0.00   0.00      0   0.00    0.9  1.398    0.0  0.000      0      0      0      0      0
09/17/1990   6310     18   3316   2976      0      0      0    509      0   1260      0      0      0   0.00   0.00      0   0.00    1.1  1.251    0.0  0.000      0      0      0      0      0
09/18/1990   6310     18   2653   3639      0      0      0    908      1   1374      0      0      0   0.00   0.00      0   0.00    1.2  1.099    0.0  0.000      0      0      0      0      0
09/19/1990   6310     18   1990   4302      0      0      0   1316      4   1527      0      0      0   0.00   0.00      0   0.00    1.4  0.954    0.0  0.000      0      0      0      0      0
09/20/1990   6307     15   1327   4965      0      0      0   1769      8   1720      0      0      0   0.00   0.00      0   0.00    1.6  0.825    0.0  0.000      0      0      0      0      0
09/21/1990   6304     12    664   5628      0    200      1   2082     12   1901      0      0      0   0.00   0.00      0   0.00    1.8  0.713    0.0  0.000      0      0      0      0      0
09/22/1990   6301      9      0   6292      0    509      4   2334     14   2031      0      0      0   0.00   0.00      0   0.00    2.1  0.618    0.0  0.000      0      0      0      0      0
09/23/1990   6298      6      0   6292      0    908      8   2581     16   2068      0      0      0   0.00   0.00      0   0.00    2.4  0.546    0.0  0.000      0      0      0      0      0
09/24/1990   5652      3      0   5649      0   1316     13   2867     17   2096      0      0      0   0.00   0.00      0   0.00    2.7  0.495    0.0  0.000      0      0      0      0      0
09/25/1990   5007      0      0   5007      0   1769     18   3105     17   2088      0      0      0   0.00   0.00      0   0.00    2.9  0.456    0.0  0.000      0      0      0      0      0
09/26/1990   4366      0      0   4366      0   2282     24   3275     16   2050      0      0      0   0.00   0.00      0   0.00    3.1  0.428    0.0  0.000      0      0      0      0      0
09/27/1990   4291      0      0   4291      0   2843     30   3436     14   1934      0      0      0   0.00   0.00      0   0.00    3.3  0.403    0.0  0.000      0      0      0      0      0
09/28/1990   3979      0      0   3979      1   3489     34   3473     13   1867      0      0      0   0.00   0.00      0   0.00    3.4  0.382    0.0  0.000      0      0      0      0      0
09/29/1990   3316      0      0   3316      4   4183     36   3424     11   1844      0      0      0   0.00   0.00      0   0.00    3.6  0.367    0.0  0.000      0      0      0      0      0
09/30/1990   2653      0      0   2653      8   4874     36   3339      9   1821      0      0      0   0.00   0.00      0   0.00    3.7  0.355    0.0  0.000      0      0      0      0      0
10/01/1990   1990      0      0   1990     13   5557     35   3272      6   1726      0      0      0   0.00   0.00      0   0.00    3.8  0.347    0.0  0.000      0      0      0      0      0
10/02/1990   1327      0      0   1327     18   6279     33   3172      3   1517      0      0      0   0.00   0.00      0   0.00    3.8  0.342    0.0  0.000      0      0      0      0      0
10/03/1990    664      0      0    664     24   6962     29   3072      1    934      0      0      0   0.00   0.00      0   0.00    3.9  0.340    0.0  0.000      0      0      0      0      0
10/04/1990    200      0    200      0     30   7407     24   2948      0    413      0      0      0   0.00   0.00      0   0.00    3.9  0.340    0.0  0.000      0      0      0      0      0
10/05/1990    509      0    509      0     35   7704     19   2755      0      0      0      0      0   0.00   0.00      0   0.00    3.9  0.340    0.0  0.000      0      0      0      0      0
10/06/1990    908      0    908      0     40   7921     14   2139      0      0      0      0      0   0.00   0.00      0   0.00    3.8  0.340    0.0  0.000      0      0      0      0      0
10/07/1990   1316      0   1316      0     44   8135     10   1517      0      0      0      0      0   0.00   0.00      0   0.00    3.8  0.340    0.0  0.000      0      0      0      0      0
10/08/1990   1769      0   1769      0     48   8265      6    934      0      0      0      0      0   0.00   0.00      0   0.00    3.8  0.340    0.0  0.000      0      0      0      0      0
10/09/1990   2282      0   2282      0     51   8273      3    413      0      0      0      0      0   0.00   0.00      0   0.00    3.8  0.340    0.0  0.000      0      0      0      0      0
10/10/1990   2843      0   2843      0     53   8125      1      0      0      0      0      0      0   0.00   0.00      0   0.00    3.8  0.340    0.0  0.000      0      0      0      0      0
10/11/1990   3489      0   3489      0     54   7479      0      0      0      0      0      0      0   0.00   0.00      0   0.00    3.8  0.340    0.0  0.000      0      0      0      0      0
10/12/1990   4184      1   4183      0     53   6785      0      0      0      0      0      0      0   0.00   0.00      0   0.00    3.8  0.340    0.0  0.000      0      0      0      0      0
10/13/1990   4878      4   4874      0     50   6094      0      0      0      0      0      0      0   0.00   0.00      0   0.00    3.7  0.340    0.0  0.000      0      0      0      0      0
10/14/1990   5565      8   5557      0     46   5411      0      0      0      0      0      0      0   0.00   0.00      0   0.00    3.7  0.340    0.0  0.000      0      0      0      0      0
10/15/1990   6292     13   6279      0     41   4689      0      0      0      0      0      0      0   0.00   0.00      0   0.00    3.7  0.340    0.0  0.000      0      0      0      0      0
10/16/1990   6980     18   6962      0     36   4006      0      0      0      0      0      0      0   0.00   0.00      0   0.00    3.6  0.340    0.0  0.000      0      0      0      0      0
10/17/1990   7631     24   7607      0     30   3361      0      0      0      0      0      0      0   0.00   0.00      0   0.00    3.6  0.340    0.0  0.000      0      0      0      0      0
10/18/1990   8243     30   8213      0     24   2755      0      0      0      0      0      0      0   0.00   0.00      0   0.00    3.5  0.340    0.0  0.000      0      0      0      0      0
10/19/1990   8864     35   8829      0     19   2139      0      0      0      0      0      0      0   0.00   0.00      0   0.00    3.5  0.340    0.0  0.000      0      0      0      0      0
10/20/1990   9491     40   9451      0     14   1517      0      0      0      0      0      0      0   0.00   0.00      0   0.00    3.4  0.340    0.0  0.000      0      0      0      0      0
10/21/1990  10078     44  10034      0     10    934      0      0      0      0      0      0      0   0.00   0.00      0   0.00    3.4  0.339    0.0  0.000      0      0      0      0      0
10/22/1990  10603     48  10555      0      6    413      0      0      0      0      0      0      0   0.00   0.00      0   0.00    3.3  0.339    0.0  0.000      0      0      0      0      0
10/23/1990  11019     51  10968      0      3      0      0      0      0      0      0      0      0   0.00   0.00      0   0.00    3.2  0.339    0.0  0.000      0      0      0      0      0
10/24/1990  11021     53  10968      0      1      0      0      0      0      0      0      0      0   0.00   0.00      0   0.00    3.1  0.339    0.0  0.000      0      0      0      0      0
10/25/1990  11022     54  10768    200      0      0      0      0      0      0      0      0      0   0.00   0.00      0   0.00    3.1  0.339    0.0  0.000      0      0      0      0      0
10/26/1990  11022     54  10459    509      0      0      0      0      0     57      0      0      0   0.00   0.00      0   0.00    3.0  0.339    0.0  0.000      0      0      0      0      0
10/27/1990  11022     54  10060    908      0      0      0      0      0    193      0      0      0   0.00   0.00      0   0.00    3.0  0.339    0.0  0.000      0      0      0      0      0
10/28/1990  11022     54   9652   1316      0      0      0      0      0    400      0      0      0   0.00   0.00      0   0.00    3.0  0.339    0.0  0.000      0      0      0      0      0
10/29/1990  11022     54   9199   1769      0      0      0     57      0    608      0      0      0   0.00   0.00      0   0.00    3.0  0.337    0.0  0.000      0      0      0      0      0
10/30/1990  11022     54   8686   2282      0      0      0    193      0    769      0      0      0   0.00   0.00      0   0.00    3.0  0.334    0.0  0.000      0      0      0      0      0
10/31/1990  11022     54   8125   2843      0      0      0    400      0    894      0      0      0   0.00   0.00      0   0.00    3.1  0.327    0.0  0.000      0      0      0      0      0
11/01/1990  11014     54   7479   3481      0      0      0    665      0    935      0      0      0   0.00   0.00      0   0.00    3.2  0.317    0.0  0.000      0      0      0      0      0
11/02/1990  11004     53   6785   4166      0      0      0    962      1    954      0      0      0   0.00   0.00      0   0.00    3.3  0.304    0.0  0.000      0      0      0      0      0
11/03/1990  10991     50   6094   4847      0     57      0   1237      3    989      0      0      0   0.00   0.00      0   0.00    3.5  0.289    0.0  0.000      0      0      0      0      0
11/04/1990  10976     46   5411   5519      0    193      0   1407      6   1118      0      0      0   0.00   0.00      0   0.00    3.7  0.273    0.0  0.000      0      0      0      0      0
11/05/1990  10959     41   4689   6229      0    400      1   1516      9   1278      0      0      0   0.00   0.00      0   0.00    3.9  0.257    0.0  0.000      0      0      0      0      0
11/06/1990  10747     36   4006   6705      0    665      3   1618     11   1332      0      0      0   0.00   0.00      0   0.00    4.2  0.240    0.0  0.000      0      0      0      0      0
11/07/1990  10426     30   3361   7035      0    962      6   1756     12   1325      0      0      0   0.00   0.00      0   0.00    4.5  0.225    0.0  0.000      0      0      0      0      0
11/08/1990  10016     24   2755   7237      0   1294     10   1900     13   1345      0      0      0   0.00   0.00      0   0.00    4.8  0.210    0.0  0.000      0      0      0      0      0
11/09/1990   9599     19   2139   7441      0   1600     14   2015     14   1451      0      0      0   0.00   0.00      0   0.00    5.1  0.197    0.0  0.000      0      0      0      0      0
11/10/1990   9138     14   1517   7607      0   1916     18   2127     15   1569      0      0      0   0.00   0.00      0   0.00    5.5  0.185    0.0  0.000      0      0      0      0      0
11/11/1990   8619     10    934   7675      0   2283     23   2256     16   1645      0      0      0   0.00   0.00      0   0.00    5.8  0.175    0.0  0.000      0      0      0      0      0
11/12/1990   8053      6    413   7634      1   2718     27   2348     17   1721      0      0      0   0.00   0.00      0   0.00    6.1  0.165    0.0  0.000      0      0      0      0      0
11/13/1990   7404      3      0   7401      3   3194     30   2418     18   1798      0      0      0   0.00   0.00      0   0.00    6.5  0.156    0.0  0.000      0      0      0      0      0
11/14/1990   6709      1      0   6708      6   3615     33   2569     17   1758      0      0      0   0.00   0.00      0   0.00    6.8  0.149    0.0  0.000      0      0      0      0      0
11/15/1990   6019      0      0   6019     10   4043     35   2744     16   1641      0      0      0   0.00   0.00      0   0.00    7.0  0.144    0.0  0.000      0      0      0      0      0
11/16/1990   5396      0     57   5339     14   4482     37   2871     15   1528      0      0      0   0.00   0.00      0   0.00    7.3  0.139    0.0  0.000      0      0      0      0      0
11/17/1990   4814      0    193   4621     18   4873     38   2876     14   1505      0      0      0   0.00   0.00      0   0.00    7.5  0.135    0.0  0.000      0      0      0      0      0
11/18/1990   4343      0    400   3943     23   5212     38   2816     12   1462      0      0      0   0.00   0.00      0   0.00    7.6  0.132    0.0  0.000      0      0      0      0      0
11/19/1990   3969      0    665   3304     28   5519     38   2754      9   1372      0      0      0   0.00   0.00      0   0.00    7.8  0.130    0.0  0.000      0      0      0      0      0
11/20/1990   4260      0    962   3298     33   5825     37   2660      5   1146      0      0      0   0.00   0.00      0   0.00    7.9  0.128    0.0  0.000      0      0      0      0      0
11/21/1990   3994      0   1294   2700     39   6116     34   2480      2    950      0      0      0   0.00   0.00      0   0.00    8.0  0.126    0.0  0.000      0      0      0      0      0
11/22/1990   3084      0   1600   1484     45   6342     30   2368      0    768      0      0      0   0.00   0.00      0   0.00    8.1  0.125    0.0  0.000      0      0      0      0      0
11/23/1990   2827      0   1916    911     51   6512     24   2165      0    652      0      0      0   0.00   0.00      0   0.00    8.1  0.124    0.0  0.000      0      0      0      0      0
11/24/1990   2684      0   2283    401     56   6655     19   1902      0    526      0      0      0   0.00   0.00      0   0.00    8.1  0.124    0.0  0.000      0      0      0      0      0
11/25/1990   3118      0   2718    400     61   6729     14   1631      0    358      0      0      0   0.00   0.00      0   0.00    8.1  0.124    0.0  0.000      0      0      0      0      0
11/26/1990   3594      1   3194    399     65   6696      9   1355      0    238      0      0      0   0.00   0.00      0   0.00    8.1  0.124    0.0  0.000      0      0      0      0      0
11/27/1990   4016      3   3615    398     67   6695      5   1056      0    158      0      0      0   0.00   0.00      0   0.00    8.1  0.124    0.0  0.000      0      0      0      0      0
11/28/1990   4446      6   4043    397     67   6550      2    843      0    137      0      0      0   0.00   0.00      0   0.00    8.1  0.124    0.0  0.000      0      0      0      0      0
11/29/1990   4549     10   4539      0     65   6301      0    643      0    147      0      0      0   0.00   0.00      0   0.00    8.0  0.124    0.0  0.000      0      0      0      0      0
11/30/1990   5080     14   5066      0     61   6012      0    446      0    106      0      0      0   0.00   0.00      0   0.00    8.0  0.124    0.0  0.000      0      0      0      0      0
12/01/1990   5630     18   5612      0     57   5633      0    328      0     57      0      0      0   0.00   0.00      0   0.00    8.0  0.124    0.0  0.000      0      0      0      0      0
12/02/1990   6207     23   6184      0     52   5182      0    264      0      0      0      0      0   0.00   0.00      0   0.00    7.9  0.124    0.0  0.000      0      0      0      0      0
12/03/1990   6815     28   6787      0     47   4649      0    194      0      0      0      0      0   0.00   0.00      0   0.00    7.9  0.124    0.0  0.000      0      0      0      0      0
12/04/1990   7443     33   7410      0     42   4073      0    147      0      0      0      0      0   0.00   0.00      0   0.00    7.8  0.124    0.0  0.000      0      0      0      0      0
12/05/1990   7981     39   7942      0     36   3582      0    106      0      0      0      0      0   0.00   0.00      0   0.00    7.8  0.124    0.0  0.000      0      0      0      0      0
12/06/1990   8473     45   8428      0     30   3145      0     57      0      0      0      0      0   0.00   0.00      0   0.00    7.7  0.124    0.0  0.000      0      0      0      0      0
12/07/1990   8988     51   8881     56     24   2692      0      0      0      0      0      0      0   0.00   0.00      0   0.00    7.7  0.124    0.0  0.000      0      0      0      0      0
12/08/1990   9500     56   9254    190     19   2183      0      0      0      8      0      0      0   0.00   0.00      0   0.00    7.6  0.124    0.0  0.000      0      0      0      0      0
12/09/1990   9945     61   9490    394     14   1740      0      0      0     37      0      0      0   0.00   0.00      0   0.00    7.6  0.124    0.0  0.000      0      0      0      0      0
12/10/1990  10366     66   9645    655      9   1320      0      0      0    110      0      0      0   0.00   0.00      0   0.00    7.6  0.124    0.0  0.000      0      0      0      0      0
12/11/1990  10648     70   9631    947      5   1037      0      8      0    214      0      0      0   0.00   0.00      0   0.00    7.5  0.124    0.0  0.000      0      0      0      0      0
12/12/1990  10893     73   9546   1274      2    790      0     37      0    320      0      0      0   0.00   0.00      0   0.00    7.5  0.124    0.0  0.000      0      0      0      0      0
12/13/1990  11128     75   9478   1575      0    552      0    110      0    392      0      0      0   0.00   0.00      0   0.00    7.5  0.124    0.0  0.000      0      0      0      0      0
12/14/1990  11290     75   9329   1886      0    385      0    222      0    356      0      0      0   0.00   0.00      0   0.00    7.4  0.124    0.0  0.000      0      0      0      0      0
12/15/1990  11406     75   9083   2248      0    264      0    357      0    329      0      0      0   0.00   0.00      0   0.00    7.4  0.124    0.0  0.000      0      0      0      0      0
12/16/1990  11470     75   8718   2677      0    202      0    494      0    293      0      0      0   0.00   0.00      0   0.00    7.3  0.124    0.0  0.000      0      0      0      0      0
12/17/1990  11510     74   8289   3147      0    184      0    541      0    355      0      0      0   0.00   0.00      0   0.00    7.2  0.124    0.0  0.000      0      0      0      0      0
12/18/1990  11543     72   7909   3562      0    216      0    576      0    417      0      0      0   0.00   0.00      0   0.00    7.2  0.124    0.0  0.000      0      0      0      0      0
12/19/1990  11582     69   7530   3983      0    279      0    573      0    466      0      0      0   0.00   0.00      0   0.00    7.1  0.124    0.0  0.000      0      0      0      0      0
12/20/1990  11628     65   7091   4472      0    357      0    576      0    384      0      0      0   0.00   0.00      0   0.00    7.1  0.124    0.0  0.000      0      0      0      0      0
12/21/1990  11617     61   6564   4992      0    502      0    601      0    214      0      0      0   0.00   0.00      0   0.00    7.0  0.124    0.0  0.000      0      0      0      0      0
12/22/1990  11605     57   6018   5530      0    578      0    683      0     56      0      0      0   0.00   0.00      0   0.00    7.0  0.124    0.0  0.000      0      0      0      0      0
12/23/1990  11592     52   5446   6094      0    686      0    631      0      0      0      0      0   0.00   0.00      0   0.00    6.9  0.124    0.0  0.000      0      0      0      0      0
12/24/1990  11579     47   4843   6689      0    795      0    522      0      0      0      0      0   0.00   0.00      0   0.00    6.9  0.124    0.0  0.000      0      0      0      0      0
12/25/1990  11565     42   4220   7303      0    933      0    384      0     40      0      0      0   0.00   0.00      0   0.00    6.8  0.124    0.0  0.000      0      0      0      0      0
12/26/1990  11550     36   3688   7826      0   1103      0    214      0    140      0      0      0   0.00   0.00      0   0.00    6.8  0.124    0.0  0.000      0      0      0      0      0
12/27/1990  11535     30   3202   8303      0   1261      0     56      1    282      0      0      0   0.00   0.00      0   0.00    6.8  0.124    0.0  0.000      0      0      0      0      0
12/28/1990  11519     24   2692   8803      0   1317      0     40      2    411      0      0      0   0.00   0.00      0   0.00    6.8  0.124    0.0  0.000      0      0      0      0      0
12/29/1990  11512     19   2191   9302      0   1309      0    140      2    384      0      0      0   0.00   0.00      0   0.00    6.8  0.124    0.0  0.000      0      0      0      0      0
12/30/1990  11526     14   1777   9735      0   1280      1    282      2    371      0      0      0   0.00   0.00      0   0.00    6.7  0.124    0.0  0.000      0      0      0      0      0
12/31/1990  11583      9   1430  10144      0   1207      2    451      2    338      0      0      0   0.00   0.00      0   0.00    6.7  0.124    0.0  0.000      0      0      0      0      0
