Varroa Population Simulation - Nov 23,2015  02:37:05 PM
VarroaPop Version 3.2.5.8  June, 2015

                                        Capped  Capped                                                                      Prop           Conc          Conc                                     
            Colony  Adult  Adult         Drone   Wkr    Drone  Wkr    Drone  Wkr  Free   DBrood WBrood DMite  WMite  Mites  Mites  Colony Pollen Colony Nectar   Dead   Dead   Dead   Dead   Dead
     Date   Size   Drones   Wkr   Forgrs Brood  Brood   Larv   Larv    Eggs  Eggs Mites  Mites  Mites  /Cell  /Cell  Dying  Dying  Pollen  Pest  Nectar  Pest    DLarv  WLarv  DAdlt  WAdlt  Forgrs
Initial     10000      0   7497   2503      0      0      0      0      0      0      0      0      0   0.00   0.00      0   0.00    0.0  0.000    0.0  0.000      0      0      0      0      0
08/01/1990   9643      0   7140   2503      0      0      0      0      0    532      0      0      0   0.00   0.00      0   0.00    0.1  0.000    0.0  0.000      0      0      0      0      0
08/02/1990   9286      0   6783   2503      0      0      0      0      0   1064      0      0      0   0.00   0.00      0   0.00    0.1  0.000    0.0  0.000      0      0      0      0      0
08/03/1990   8929      0   6426   2503      0      0      0      0      0   1596      0      0      0   0.00   0.00      0   0.00    0.2  0.000    0.0  0.000      0      0      0      0      0
08/04/1990   8572      0   6069   2503      0      0      0    532      0   1599      0      0      0   0.00   0.00      0   0.00    0.3  0.000    0.0  0.000      0      0      0      0      0
08/05/1990   8215      0   5712   2503      0      0      0   1064      1   1614      0      0      0   0.00   0.00      0   0.00    0.3  0.000    0.0  0.000      0      0      0      0      0
08/06/1990   7858      0   5355   2503      0      0      0   1596      2   1631      0      0      0   0.00   0.00      0   0.00    0.4  0.000    0.0  0.000      0      0      0      0      0
08/07/1990   7497      0   4998   2499      0      0      0   2131      3   1645      0      0      0   0.00   0.00      0   0.00    0.5  0.000    0.0  0.000      0      0      0      0      0
08/08/1990   7140      0   4641   2499      0      0      1   2678      3   1647      0      0      0   0.00   0.00      0   0.00    0.6  0.000    0.0  0.000      0      0      0      0      0
08/09/1990   6783      0   4284   2499      0    532      2   2695      3   1647      0      0      0   0.00   0.00      0   0.00    0.6  0.000    0.0  0.000      0      0      0      0      0
08/10/1990   6426      0   3927   2499      0   1064      3   2712      3   1647      0      0      0   0.00   0.00      0   0.00    0.7  0.000    0.0  0.000      0      0      0      0      0
08/11/1990     33      0     33      0      0   1596      3   2161      3   1647      0      0      0   0.00   0.00      0   0.00    0.8  0.476    0.0  0.000      1    568      0   3534   2498
08/12/1990     30      0     30      0      0   1782      4   2524      2   1098      0      0      0   0.00   0.00      0   0.00    0.8  0.476    0.0  0.000      0      0      0      0      3
08/13/1990     27      0     27      0      0   2110      5   2745      1    549      0      0      0   0.00   0.00      0   0.00    0.8  0.476    0.0  0.000      0      0      0      0      3
08/14/1990     25      0     24      1      0   2659      6   2745      0      0      0      0      0   0.00   0.00      0   0.00    0.8  0.476    0.0  0.000      0      0      0      0      2
08/15/1990     23      0     21      2      0   3208      6   2196      0      0      0      0      0   0.00   0.00      0   0.00    0.8  0.476    0.0  0.000      0      0      0      0      2
08/16/1990     21      0     18      3      1   3757      5   1647      0      0      0      0      0   0.00   0.00      0   0.00    0.8  0.476    0.0  0.000      0      0      0      0      2
08/17/1990     19      0     15      4      2   4306      4   1098      0      0      0      0      0   0.00   0.00      0   0.00    0.8  0.476    0.0  0.000      0      0      0      0      2
08/18/1990     17      0     12      5      3   4855      3    549      0      0      0      0      0   0.00   0.00      0   0.00    0.8  0.476    0.0  0.000      0      0      0      0      2
08/19/1990     17      0      9      8      4   5404      2      0      0      0      0      0      0   0.00   0.00      0   0.00    0.8  0.475    0.0  0.000      0      0      0      0      0
08/20/1990     17      0      6     11      5   5404      1      0      0      2      0      0      0   0.00   0.00      0   0.00    0.8  0.475    0.0  0.000      0      0      0      0      0
08/21/1990     16      0      3     13      6   5404      0      0      0      6      0      0      0   0.00   0.00      0   0.00    0.8  0.475    0.0  0.000      0      0      0      0      0
08/22/1990    547      0    532     15      6   4872      0      0      0     11      0      0      0   0.00   0.00      0   0.00    0.8  0.475    0.0  0.000      0      0      0      0      0
08/23/1990   1078      0   1064     14      6   4340      0      2      0     14      0      0      0   0.00   0.00      0   0.00    0.8  0.475    0.0  0.000      0      0      0      0      0
08/24/1990   1609      0   1596     13      6   3808      0      6      0     15      0      0      0   0.00   0.00      0   0.00    0.8  0.475    0.0  0.000      0      0      0      0      0
08/25/1990   1794      0   1782     12      6   3622      0     11      0     14      0      0      0   0.00   0.00      0   0.00    0.8  0.475    0.0  0.000      0      0      0      0      0
08/26/1990   2119      0   2110      9      6   3294      0     16      0     13      0      0      0   0.00   0.00      0   0.00    0.7  0.475    0.0  0.000      0      0      0      0      0
08/27/1990   2665      0   2659      6      6   2745      0     21      0     11      0      0      0   0.00   0.00      0   0.00    0.7  0.474    0.0  0.000      0      0      0      0      0
08/28/1990   3211      0   3208      3      6   2198      0     23      0      8      0      0      0   0.00   0.00      0   0.00    0.7  0.474    0.0  0.000      0      0      0      0      0
08/29/1990   3757      0   3757      0      6   1653      0     23      0      4      0      0      0   0.00   0.00      0   0.00    0.7  0.474    0.0  0.000      0      0      0      0      0
08/30/1990   4307      1   4306      0      5   1109      0     21      0      1      0      0      0   0.00   0.00      0   0.00    0.7  0.473    0.0  0.000      0      0      0      0      0
08/31/1990   4857      2   4855      0      4    565      0     17      0      0      0      0      0   0.00   0.00      0   0.00    0.7  0.473    0.0  0.000      0      0      0      0      0
09/01/1990   5407      3   5404      0      3     21      0     12      0      0      0      0      0   0.00   0.00      0   0.00    0.6  0.472    0.0  0.000      0      0      0      0      0
09/02/1990   5408      4   5404      0      2     25      0      8      0      0      0      0      0   0.00   0.00      0   0.00    0.6  0.470    0.0  0.000      0      0      0      0      0
09/03/1990   5409      5   5404      0      1     29      0      4      0      0      0      0      0   0.00   0.00      0   0.00    0.6  0.469    0.0  0.000      0      0      0      0      0
09/04/1990   5410      6   5404      0      0     32      0      1      0      0      0      0      0   0.00   0.00      0   0.00    0.5  0.467    0.0  0.000      0      0      0      0      0
09/05/1990   5410      6   5404      0      0     33      0      0      0      0      0      0      0   0.00   0.00      0   0.00    0.5  0.464    0.0  0.000      0      0      0      0      0
09/06/1990   5410      6   5404      0      0     33      0      0      0      0      0      0      0   0.00   0.00      0   0.00    0.4  0.461    0.0  0.000      0      0      0      0      0
09/07/1990   5410      6   5404      0      0     33      0      0      0      0      0      0      0   0.00   0.00      0   0.00    0.4  0.457    0.0  0.000      0      0      0      0      0
09/08/1990   5410      6   5404      0      0     33      0      0      0      0      0      0      0   0.00   0.00      0   0.00    0.4  0.451    0.0  0.000      0      0      0      0      0
09/09/1990   5410      6   5404      0      0     33      0      0      0      0      0      0      0   0.00   0.00      0   0.00    0.3  0.442    0.0  0.000      0      0      0      0      0
09/10/1990   5412      6   5406      0      0     31      0      0      0      0      0      0      0   0.00   0.00      0   0.00    0.3  0.430    0.0  0.000      0      0      0      0      0
09/11/1990   5416      6   5410      0      0     27      0      0      0      0      0      0      0   0.00   0.00      0   0.00    0.2  0.414    0.0  0.000      0      0      0      0      0
09/12/1990   5421      6   4883    532      0     22      0      0      0      0      0      0      0   0.00   0.00      0   0.00    0.2  0.412    0.0  0.000      0      0      0      0      0
09/13/1990   5426      6   4356   1064      0     17      0      0      0    172      0      0      0   0.00   0.00      0   0.00    0.2  0.388    0.0  0.000      0      0      0      0      0
09/14/1990   5431      6   3829   1596      0     12      0      0      0    443      0      0      0   0.00   0.00      0   0.00    0.3  0.332    0.0  0.000      0      0      0      0      0
09/15/1990   5435      6   3647   1782      0      8      0      0      0    797      0      0      0   0.00   0.00      0   0.00    0.3  0.280    0.0  0.000      0      0      0      0      0
09/16/1990   5439      6   3323   2110      0      4      0    172      0   1005      0      0      0   0.00   0.00      0   0.00    0.4  0.230    0.0  0.000      0      0      0      0      0
09/17/1990   5442      6   2777   2659      0      1      0    443      0   1164      0      0      0   0.00   0.00      0   0.00    0.5  0.183    0.0  0.000      0      0      0      0      0
09/18/1990   5443      6   2229   3208      0      0      0    797      1   1291      0      0      0   0.00   0.00      0   0.00    0.6  0.145    0.0  0.000      0      0      0      0      0
09/19/1990   4911      6   1680   3225      0      0      0   1177      3   1437      0      0      0   0.00   0.00      0   0.00    0.8  0.119    0.0  0.000      0      0      0      0      0
09/20/1990   4378      5   1131   3242      0      0      0   1607      5   1565      0      0      0   0.00   0.00      0   0.00    0.9  0.100    0.0  0.000      0      0      0      0      0
09/21/1990   3845      4    582   3259      0    172      1   1916      6   1648      0      0      0   0.00   0.00      0   0.00    1.0  0.086    0.0  0.000      0      0      0      0      0
09/22/1990   3658      3     33   3622      0    443      3   2171      6   1654      0      0      0   0.00   0.00      0   0.00    1.2  0.075    0.0  0.000      0      0      0      0      0
09/23/1990   3329      2     33   3294      0    797      5   2375      6   1625      0      0      0   0.00   0.00      0   0.00    1.3  0.067    0.0  0.000      0      0      0      0      0
09/24/1990   2779      1     33   2745      0   1177      7   2559      6   1593      0      0      0   0.00   0.00      0   0.00    1.5  0.061    0.0  0.000      0      0      0      0      0
09/25/1990   2229      0     33   2196      0   1607      9   2661      5   1539      0      0      0   0.00   0.00      0   0.00    1.6  0.057    0.0  0.000      0      0      0      0      0
09/26/1990   1680      0     33   1647      0   2088     11   2709      3   1430      0      0      0   0.00   0.00      0   0.00    1.6  0.055    0.0  0.000      0      0      0      0      0
09/27/1990   1131      0     33   1098      0   2614     13   2715      1   1252      0      0      0   0.00   0.00      0   0.00    1.7  0.053    0.0  0.000      0      0      0      0      0
09/28/1990    582      0     33    549      1   3172     13   2635      0    774      0      0      0   0.00   0.00      0   0.00    1.7  0.053    0.0  0.000      0      0      0      0      0
09/29/1990     33      0     33      0      3   3736     11   2491      0    354      0      0      0   0.00   0.00      0   0.00    1.7  0.053    0.0  0.000      0      0      0      0      0
09/30/1990     33      0     33      0      5   4268      9   2313      0      0      0      0      0   0.00   0.00      0   0.00    1.7  0.053    0.0  0.000      0      0      0      0      0
10/01/1990     33      0     31      2      7   4797      7   1784      0      0      0      0      0   0.00   0.00      0   0.00    1.7  0.053    0.0  0.000      0      0      0      0      0
10/02/1990     33      0     27      6      9   5329      5   1252      0      0      0      0      0   0.00   0.00      0   0.00    1.7  0.053    0.0  0.000      0      0      0      0      0
10/03/1990     33      0     22     11     11   5807      3    774      0      0      0      0      0   0.00   0.00      0   0.00    1.7  0.053    0.0  0.000      0      0      0      0      0
10/04/1990    205      0    189     16     13   6055      1    354      0      0      0      0      0   0.00   0.00      0   0.00    1.7  0.053    0.0  0.000      0      0      0      0      0
10/05/1990    476      0    455     21     14   6138      0      0      0      5      0      0      0   0.00   0.00      0   0.00    1.7  0.053    0.0  0.000      0      0      0      0      0
10/06/1990    830      0    805     25     14   5784      0      0      0     11      0      0      0   0.00   0.00      0   0.00    1.7  0.053    0.0  0.000      0      0      0      0      0
10/07/1990   1210      0   1181     29     14   5404      0      0      0     18      0      0      0   0.00   0.00      0   0.00    1.7  0.053    0.0  0.000      0      0      0      0      0
10/08/1990   1638      0   1608     30     14   4974      0      5      0     21      0      0      0   0.00   0.00      0   0.00    1.7  0.053    0.0  0.000      0      0      0      0      0
10/09/1990   2115      0   2088     27     14   4493      0     11      0     25      0      0      0   0.00   0.00      0   0.00    1.7  0.053    0.0  0.000      0      0      0      0      0
10/10/1990   2636      0   2614     22     14   3967      0     18      0     26      0      0      0   0.00   0.00      0   0.00    1.6  0.053    0.0  0.000      0      0      0      0      0
10/11/1990   3189      0   3172     17     14   3409      0     26      0     24      0      0      0   0.00   0.00      0   0.00    1.6  0.053    0.0  0.000      0      0      0      0      0
10/12/1990   3749      1   3736     12     13   2845      0     36      0     19      0      0      0   0.00   0.00      0   0.00    1.6  0.053    0.0  0.000      0      0      0      0      0
10/13/1990   4279      3   4268      8     11   2318      0     39      0     14      0      0      0   0.00   0.00      0   0.00    1.6  0.053    0.0  0.000      0      0      0      0      0
10/14/1990   4806      5   4797      4      9   1795      0     39      0     10      0      0      0   0.00   0.00      0   0.00    1.6  0.053    0.0  0.000      0      0      0      0      0
10/15/1990   5337      7   5329      1      7   1270      0     37      0      5      0      0      0   0.00   0.00      0   0.00    1.5  0.053    0.0  0.000      0      0      0      0      0
10/16/1990   5816      9   5807      0      5    800      0     32      0      2      0      0      0   0.00   0.00      0   0.00    1.5  0.053    0.0  0.000      0      0      0      0      0
10/17/1990   6238     11   6227      0      3    390      0     24      0      0      0      0      0   0.00   0.00      0   0.00    1.5  0.053    0.0  0.000      0      0      0      0      0
10/18/1990   6594     13   6581      0      1     44      0     16      0      0      0      0      0   0.00   0.00      0   0.00    1.4  0.053    0.0  0.000      0      0      0      0      0
10/19/1990   6595     14   6581      0      0     50      0     10      0      0      0      0      0   0.00   0.00      0   0.00    1.4  0.053    0.0  0.000      0      0      0      0      0
10/20/1990   6595     14   6581      0      0     55      0      5      0      0      0      0      0   0.00   0.00      0   0.00    1.3  0.053    0.0  0.000      0      0      0      0      0
10/21/1990   6595     14   6581      0      0     58      0      2      0      0      0      0      0   0.00   0.00      0   0.00    1.3  0.052    0.0  0.000      0      0      0      0      0
10/22/1990   6595     14   6581      0      0     60      0      0      0      0      0      0      0   0.00   0.00      0   0.00    1.3  0.052    0.0  0.000      0      0      0      0      0
10/23/1990   6595     14   6581      0      0     60      0      0      0      0      0      0      0   0.00   0.00      0   0.00    1.2  0.052    0.0  0.000      0      0      0      0      0
10/24/1990   6595     14   6581      0      0     60      0      0      0      0      0      0      0   0.00   0.00      0   0.00    1.2  0.052    0.0  0.000      0      0      0      0      0
10/25/1990   6595     14   6409    172      0     60      0      0      0      0      0      0      0   0.00   0.00      0   0.00    1.1  0.052    0.0  0.000      0      0      0      0      0
10/26/1990   6600     14   6143    443      0     55      0      0      0     50      0      0      0   0.00   0.00      0   0.00    1.1  0.052    0.0  0.000      0      0      0      0      0
10/27/1990   6606     14   5795    797      0     49      0      0      0    171      0      0      0   0.00   0.00      0   0.00    1.1  0.052    0.0  0.000      0      0      0      0      0
10/28/1990   6613     14   5422   1177      0     42      0      0      0    358      0      0      0   0.00   0.00      0   0.00    1.1  0.052    0.0  0.000      0      0      0      0      0
10/29/1990   6621     14   5000   1607      0     34      0     50      0    553      0      0      0   0.00   0.00      0   0.00    1.1  0.050    0.0  0.000      0      0      0      0      0
10/30/1990   6631     14   4529   2088      0     24      0    171      0    711      0      0      0   0.00   0.00      0   0.00    1.2  0.048    0.0  0.000      0      0      0      0      0
10/31/1990   6639     14   4011   2614      0     16      0    358      0    839      0      0      0   0.00   0.00      0   0.00    1.3  0.044    0.0  0.000      0      0      0      0      0
11/01/1990   6466     14   3459   2993      0     10      0    603      0    886      0      0      0   0.00   0.00      0   0.00    1.4  0.041    0.0  0.000      0      0      0      0      0
11/02/1990   6193     13   2900   3280      0      5      0    882      0    899      0      0      0   0.00   0.00      0   0.00    1.5  0.037    0.0  0.000      0      0      0      0      0
11/03/1990   5835     11   2371   3453      0     52      0   1147      1    909      0      0      0   0.00   0.00      0   0.00    1.6  0.034    0.0  0.000      0      0      0      0      0
11/04/1990   5451      9   1844   3598      0    171      0   1318      2    986      0      0      0   0.00   0.00      0   0.00    1.8  0.031    0.0  0.000      0      0      0      0      0
11/05/1990   5016      7   1312   3697      0    358      0   1423      3   1083      0      0      0   0.00   0.00      0   0.00    1.9  0.029    0.0  0.000      0      0      0      0      0
11/06/1990   4531      5    834   3692      0    603      1   1503      3   1089      0      0      0   0.00   0.00      0   0.00    2.1  0.027    0.0  0.000      0      0      0      0      0
11/07/1990   4002      3    414   3585      0    882      2   1593      3   1045      0      0      0   0.00   0.00      0   0.00    2.3  0.025    0.0  0.000      0      0      0      0      0
11/08/1990   3442      1     60   3381      0   1197      3   1667      3   1020      0      0      0   0.00   0.00      0   0.00    2.4  0.023    0.0  0.000      0      0      0      0      0
11/09/1990   2878      0     60   2818      0   1489      4   1706      3   1061      0      0      0   0.00   0.00      0   0.00    2.5  0.022    0.0  0.000      0      0      0      0      0
11/10/1990   2348      0     60   2288      0   1781      5   1739      2   1081      0      0      0   0.00   0.00      0   0.00    2.6  0.021    0.0  0.000      0      0      0      0      0
11/11/1990   1822      0     60   1762      0   2106      6   1778      1   1037      0      0      0   0.00   0.00      0   0.00    2.7  0.021    0.0  0.000      0      0      0      0      0
11/12/1990   1294      0     60   1234      0   2475      7   1781      0    951      0      0      0   0.00   0.00      0   0.00    2.8  0.020    0.0  0.000      0      0      0      0      0
11/13/1990    821      0     60    761      1   2864      6   1737      0    840      0      0      0   0.00   0.00      0   0.00    2.8  0.020    0.0  0.000      0      0      0      0      0
11/14/1990    407      0     60    347      2   3195      5   1726      0    520      0      0      0   0.00   0.00      0   0.00    2.8  0.020    0.0  0.000      0      0      0      0      0
11/15/1990     60      0     60      0      3   3520      4   1687      0    234      0      0      0   0.00   0.00      0   0.00    2.8  0.020    0.0  0.000      0      0      0      0      0
11/16/1990    109      0    105      4      4   3834      3   1557      0      0      0      0      0   0.00   0.00      0   0.00    2.8  0.020    0.0  0.000      0      0      0      0      0
11/17/1990    228      0    220      8      5   4085      2   1185      0      0      0      0      0   0.00   0.00      0   0.00    2.8  0.020    0.0  0.000      0      0      0      0      0
11/18/1990    412      0    400     12      6   4243      1    840      0      0      0      0      0   0.00   0.00      0   0.00    2.8  0.020    0.0  0.000      0      0      0      0      0
11/19/1990    653      0    637     16      7   4318      0    520      0      0      0      0      0   0.00   0.00      0   0.00    2.8  0.020    0.0  0.000      0      0      0      0      0
11/20/1990    928      0    906     22      7   4325      0    234      0      2      0      0      0   0.00   0.00      0   0.00    2.8  0.020    0.0  0.000      0      0      0      0      0
11/21/1990   1239      0   1213     26      7   4244      0      0      0      5      0      0      0   0.00   0.00      0   0.00    2.8  0.020    0.0  0.000      0      0      0      0      0
11/22/1990   1525      0   1499     26      7   3952      0      0      0      9      0      0      0   0.00   0.00      0   0.00    2.8  0.020    0.0  0.000      0      0      0      0      0
11/23/1990   1811      0   1786     25      7   3660      0      2      0     11      0      0      0   0.00   0.00      0   0.00    2.8  0.020    0.0  0.000      0      0      0      0      0
11/24/1990   2129      0   2108     21      7   3335      0      5      0     12      0      0      0   0.00   0.00      0   0.00    2.8  0.020    0.0  0.000      0      0      0      0      0
11/25/1990   2492      0   2475     17      7   2966      0      9      0     12      0      0      0   0.00   0.00      0   0.00    2.7  0.020    0.0  0.000      0      0      0      0      0
11/26/1990   2875      0   2864     11      7   2577      0     13      0      9      0      0      0   0.00   0.00      0   0.00    2.7  0.020    0.0  0.000      0      0      0      0      0
11/27/1990   3202      1   3195      6      6   2246      0     17      0      5      0      0      0   0.00   0.00      0   0.00    2.7  0.020    0.0  0.000      0      0      0      0      0
11/28/1990   3525      2   3520      3      5   1923      0     19      0      1      0      0      0   0.00   0.00      0   0.00    2.7  0.020    0.0  0.000      0      0      0      0      0
11/29/1990   3888      3   3884      1      4   1562      0     17      0      0      0      0      0   0.00   0.00      0   0.00    2.7  0.020    0.0  0.000      0      0      0      0      0
11/30/1990   4260      4   4256      0      3   1194      0     13      0      0      0      0      0   0.00   0.00      0   0.00    2.6  0.020    0.0  0.000      0      0      0      0      0
12/01/1990   4606      5   4601      0      2    853      0      9      0      0      0      0      0   0.00   0.00      0   0.00    2.6  0.020    0.0  0.000      0      0      0      0      0
12/02/1990   4927      6   4921      0      1    537      0      5      0      0      0      0      0   0.00   0.00      0   0.00    2.6  0.020    0.0  0.000      0      0      0      0      0
12/03/1990   5214      7   5207      0      0    255      0      1      0      0      0      0      0   0.00   0.00      0   0.00    2.6  0.020    0.0  0.000      0      0      0      0      0
12/04/1990   5448      7   5441      0      0     22      0      0      0      0      0      0      0   0.00   0.00      0   0.00    2.5  0.020    0.0  0.000      0      0      0      0      0
12/05/1990   5448      7   5441      0      0     22      0      0      0      0      0      0      0   0.00   0.00      0   0.00    2.5  0.020    0.0  0.000      0      0      0      0      0
12/06/1990   5448      7   5441      0      0     22      0      0      0      0      0      0      0   0.00   0.00      0   0.00    2.4  0.020    0.0  0.000      0      0      0      0      0
12/07/1990   5447      7   5391     49      0     22      0      0      0      0      0      0      0   0.00   0.00      0   0.00    2.4  0.020    0.0  0.000      0      0      0      0      0
12/08/1990   5445      7   5270    168      0     22      0      0      0      7      0      0      0   0.00   0.00      0   0.00    2.4  0.020    0.0  0.000      0      0      0      0      0
12/09/1990   5442      7   5083    352      0     22      0      0      0     33      0      0      0   0.00   0.00      0   0.00    2.4  0.020    0.0  0.000      0      0      0      0      0
12/10/1990   5438      7   4838    593      0     22      0      0      0    100      0      0      0   0.00   0.00      0   0.00    2.3  0.020    0.0  0.000      0      0      0      0      0
12/11/1990   5435      7   4561    867      0     20      0      7      0    196      0      0      0   0.00   0.00      0   0.00    2.4  0.020    0.0  0.000      0      0      0      0      0
12/12/1990   5433      7   4249   1177      0     17      0     33      0    296      0      0      0   0.00   0.00      0   0.00    2.3  0.020    0.0  0.000      0      0      0      0      0
12/13/1990   5432      7   3961   1464      0     13      0    100      0    366      0      0      0   0.00   0.00      0   0.00    2.4  0.020    0.0  0.000      0      0      0      0      0
12/14/1990   5431      7   3673   1751      0      9      0    203      0    336      0      0      0   0.00   0.00      0   0.00    2.3  0.020    0.0  0.000      0      0      0      0      0
12/15/1990   5430      7   3352   2071      0      5      0    329      0    313      0      0      0   0.00   0.00      0   0.00    2.3  0.020    0.0  0.000      0      0      0      0      0
12/16/1990   5428      7   2987   2434      0      8      0    459      0    279      0      0      0   0.00   0.00      0   0.00    2.3  0.020    0.0  0.000      0      0      0      0      0
12/17/1990   5423      7   2599   2817      0     33      0    506      0    337      0      0      0   0.00   0.00      0   0.00    2.2  0.020    0.0  0.000      0      0      0      0      0
12/18/1990   5416      6   2268   3142      0    100      0    542      0    394      0      0      0   0.00   0.00      0   0.00    2.2  0.020    0.0  0.000      0      0      0      0      0
12/19/1990   5409      5   1943   3461      0    203      0    542      0    439      0      0      0   0.00   0.00      0   0.00    2.2  0.020    0.0  0.000      0      0      0      0      0
12/20/1990   5402      4   1579   3819      0    329      0    547      0    360      0      0      0   0.00   0.00      0   0.00    2.2  0.020    0.0  0.000      0      0      0      0      0
12/21/1990   5394      3   1207   4184      0    466      0    570      0    200      0      0      0   0.00   0.00      0   0.00    2.2  0.020    0.0  0.000      0      0      0      0      0
12/22/1990   5386      2    862   4522      0    539      0    645      0     52      0      0      0   0.00   0.00      0   0.00    2.2  0.020    0.0  0.000      0      0      0      0      0
12/23/1990   5378      1    542   4835      0    642      0    594      0      0      0      0      0   0.00   0.00      0   0.00    2.2  0.020    0.0  0.000      0      0      0      0      0
12/24/1990   5370      0    256   5114      0    745      0    491      0      0      0      0      0   0.00   0.00      0   0.00    2.2  0.020    0.0  0.000      0      0      0      0      0
12/25/1990   5363      0     22   5341      0    876      0    360      0     35      0      0      0   0.00   0.00      0   0.00    2.2  0.020    0.0  0.000      0      0      0      0      0
12/26/1990   5356      0     22   5334      0   1036      0    200      0    123      0      0      0   0.00   0.00      0   0.00    2.2  0.020    0.0  0.000      0      0      0      0      0
12/27/1990   5349      0     22   5327      0   1184      0     52      0    244      0      0      0   0.00   0.00      0   0.00    2.2  0.020    0.0  0.000      0      0      0      0      0
12/28/1990   5342      0     22   5320      0   1236      0     35      0    349      0      0      0   0.00   0.00      0   0.00    2.2  0.020    0.0  0.000      0      0      0      0      0
12/29/1990   5342      0     29   5313      0   1229      0    123      0    321      0      0      0   0.00   0.00      0   0.00    2.2  0.020    0.0  0.000      0      0      0      0      0
12/30/1990   5361      0     55   5306      0   1203      0    244      0    302      0      0      0   0.00   0.00      0   0.00    2.2  0.020    0.0  0.000      0      0      0      0      0
12/31/1990   5421      0    122   5299      0   1136      0    384      0    268      0      0      0   0.00   0.00      0   0.00    2.2  0.020    0.0  0.000      0      0      0      0      0
