Varroa Population Simulation - Nov 24,2015  04:11:51 PM
VarroaPop Version 3.2.5.8  June, 2015

                                        Capped  Capped                                                                      Prop           Conc          Conc                                     
            Colony  Adult  Adult         Drone   Wkr    Drone  Wkr    Drone  Wkr  Free   DBrood WBrood DMite  WMite  Mites  Mites  Colony Pollen Colony Nectar   Dead   Dead   Dead   Dead   Dead
     Date   Size   Drones   Wkr   Forgrs Brood  Brood   Larv   Larv    Eggs  Eggs Mites  Mites  Mites  /Cell  /Cell  Dying  Dying  Pollen  Pest  Nectar  Pest    DLarv  WLarv  DAdlt  WAdlt  Forgrs
Initial     10000      0   5985   4015      0      0      0      0      0      0      0      0      0   0.00   0.00      0   0.00    0.0  0.000    0.0  0.000      0      0      0      0      0
05/01/1990   9715      0   5700   4015      0      0      0      0      3    538      0      0      0   0.00   0.00      0   0.00    0.1  0.000    0.0  0.000      0      0      0      0      0
05/02/1990   9430      0   5415   4015      0      0      0      0      6   1118      0      0      0   0.00   0.00      0   0.00    0.3  0.000    0.0  0.000      0      0      0      0      0
05/03/1990   9145      0   5130   4015      0      0      0      0     10   1748      0      0      0   0.00   0.00      0   0.00    0.4  0.000    0.0  0.000      0      0      0      0      0
05/04/1990   8860      0   4845   4015      0      0      3    538     11   1866      0      0      0   0.00   0.00      0   0.00    0.6  0.000    0.0  0.000      0      0      0      0      0
05/05/1990   8575      0   4560   4015      0      0      6   1118     12   1955      0      0      0   0.00   0.00      0   0.00    0.7  0.000    0.0  0.000      0      0      0      0      0
05/06/1990   8290      0   4275   4015      0      0     10   1748     12   1982      0      0      0   0.00   0.00      0   0.00    0.9  0.000    0.0  0.000      0      0      0      0      0
05/07/1990   8005      0   3990   4015      0      0     14   2404     11   1936      0      0      0   0.00   0.00      0   0.00    1.0  0.000    0.0  0.000      0      0      0      0      0
05/08/1990   7720      0   3705   4015      0      0     18   3073     10   1867      0      0      0   0.00   0.00      0   0.00    1.2  0.000    0.0  0.000      0      0      0      0      0
05/09/1990   7435      0   3420   4015      0    538     22   3192      9   1764      0      0      0   0.00   0.00      0   0.00    1.3  0.000    0.0  0.000      0      0      0      0      0
05/10/1990   7150      0   3135   4015      0   1118     25   3222      8   1631      0      0      0   0.00   0.00      0   0.00    1.5  0.000    0.0  0.000      0      0      0      0      0
05/11/1990   6865      0   2850   4015      3   1748     25   3192      8   1557      0      0      0   0.00   0.00      0   0.00    1.6  0.000    0.0  0.000      0      0      0      0      0
05/12/1990   6580      0   2565   4015      6   2404     25   3090      8   1548      0      0      0   0.00   0.00      0   0.00    1.8  0.000    0.0  0.000      0      0      0      0      0
05/13/1990   6295      0   2280   4015     10   3073     23   2898      9   1626      0      0      0   0.00   0.00      0   0.00    1.9  0.000    0.0  0.000      0      0      0      0      0
05/14/1990   5985      0   1995   3990     14   3730     22   2767      9   1653      0      0      0   0.00   0.00      0   0.00    2.1  0.000    0.0  0.000      0      0      0      0      0
05/15/1990   5700      0   1710   3990     18   4340     21   2702      9   1636      0      0      0   0.00   0.00      0   0.00    2.3  0.000    0.0  0.000      0      0      0      0      0
05/16/1990   5415      0   1425   3990     22   4940     20   2657      9   1674      0      0      0   0.00   0.00      0   0.00    2.4  0.000    0.0  0.000      0      0      0      0      0
05/17/1990   5130      0   1140   3990     25   5494     20   2656      9   1674      0      0      0   0.00   0.00      0   0.00    2.6  0.000    0.0  0.000      0      0      0      0      0
05/18/1990   4845      0    855   3990     28   5971     20   2707      8   1641      0      0      0   0.00   0.00      0   0.00    2.8  0.000    0.0  0.000      0      0      0      0      0
05/19/1990   4560      0    570   3990     31   6497     20   2774      7   1529      0      0      0   0.00   0.00      0   0.00    2.9  0.000    0.0  0.000      0      0      0      0      0
05/20/1990   4275      0    285   3990     33   7042     21   2782      7   1521      0      0      0   0.00   0.00      0   0.00    3.1  0.000    0.0  0.000      0      0      0      0      0
05/21/1990   3990      0      0   3990     36   7597     20   2722      8   1597      0      0      0   0.00   0.00      0   0.00    3.3  0.000    0.0  0.000      0      0      0      0      0
05/22/1990   4243      0    538   3705     39   7612     19   2650      9   1699      0      0      0   0.00   0.00      0   0.00    3.5  0.000    0.0  0.000      0      0      0      0      0
05/23/1990   4823      0   1118   3705     42   7560     19   2667      8   1619      0      0      0   0.00   0.00      0   0.00    3.5  0.000    0.0  0.000      0      0      0      0      0
05/24/1990   5168      0   1748   3420     45   7523     19   2645      7   1509      0      0      0   0.00   0.00      0   0.00    3.6  0.000    0.0  0.000      0      0      0      0      0
05/25/1990   5542      3   2404   3135     45   7420     19   2675      6   1424      0      0      0   0.00   0.00      0   0.00    3.7  0.000    0.0  0.000      0      0      0      0      0
05/26/1990   5929      6   3073   2850     45   7246     18   2645      5   1446      0      0      0   0.00   0.00      0   0.00    3.8  0.000    0.0  0.000      0      0      0      0      0
05/27/1990   6590     10   3730   2850     44   7070     17   2625      4   1390      0      0      0   0.00   0.00      0   0.00    3.8  0.000    0.0  0.000      0      0      0      0      0
05/28/1990   7204     14   4340   2850     42   7005     17   2578      2   1293      0      0      0   0.00   0.00      0   0.00    3.8  0.000    0.0  0.000      0      0      0      0      0
05/29/1990   7523     18   4940   2565     40   6976     16   2494      2   1236      0      0      0   0.00   0.00      0   0.00    3.9  0.000    0.0  0.000      0      0      0      0      0
05/30/1990   7796     22   5494   2280     39   7005     14   2316      1   1244      0      0      0   0.00   0.00      0   0.00    3.9  0.000    0.0  0.000      0      0      0      0      0
05/31/1990   7991     25   5971   1995     39   6993     11   2252      1   1211      0      0      0   0.00   0.00      0   0.00    4.0  0.000    0.0  0.000      0      0      0      0      0
06/01/1990   8235     28   6497   1710     39   6928      9   2221      0   1132      0      0      0   0.00   0.00      0   0.00    4.0  0.000    0.0  0.000      0      0      0      0      0
06/02/1990   8498     31   7042   1425     38   6881      7   2136      0   1085      0      0      0   0.00   0.00      0   0.00    4.1  0.000    0.0  0.000      0      0      0      0      0
06/03/1990   8770     33   7597   1140     38   6813      5   2017      0   1055      0      0      0   0.00   0.00      0   0.00    4.1  0.000    0.0  0.000      0      0      0      0      0
06/04/1990   9041     36   8150    855     37   6665      3   1963      0    998      0      0      0   0.00   0.00      0   0.00    4.1  0.000    0.0  0.000      0      0      0      0      0
06/05/1990   9287     39   8678    570     35   6538      2   1928      0    870      0      0      0   0.00   0.00      0   0.00    4.0  0.000    0.0  0.000      0      0      0      0      0
06/06/1990   9598     42   9271    285     33   6375      1   1836      0    708      0      0      0   0.00   0.00      0   0.00    4.0  0.000    0.0  0.000      0      0      0      0      0
06/07/1990   9869     45   9824      0     30   6235      1   1717      0    510      0      0      0   0.00   0.00      0   0.00    3.9  0.000    0.0  0.000      0      0      0      0      0
06/08/1990  10367     48  10319      0     28   6108      0   1587      0    272      0      0      0   0.00   0.00      0   0.00    3.8  0.000    0.0  0.000      0      0      0      0      0
06/09/1990  10851     51  10800      0     25   5978      0   1412      0     96      0      0      0   0.00   0.00      0   0.00    3.7  0.000    0.0  0.000      0      0      0      0      0
06/10/1990  11399     54  11345      0     22   5799      0   1142      0      0      0      0      0   0.00   0.00      0   0.00    3.7  0.000    0.0  0.000      0      0      0      0      0
06/11/1990  11972     56  11916      0     20   5566      0    804      0      0      0      0      0   0.00   0.00      0   0.00    3.6  0.000    0.0  0.000      0      0      0      0      0
06/12/1990  12557     58  11961    538     18   5277      0    510      0      0      0      0      0   0.00   0.00      0   0.00    3.5  0.000    0.0  0.000      0      0      0      0      0
06/13/1990  13025     61  11846   1118     15   5050      0    272      0    150      0      0      0   0.00   0.00      0   0.00    3.5  0.000    0.0  0.000      0      0      0      0      0
06/14/1990  13489     64  11677   1748     12   4765      0     96      0    402      0      0      0   0.00   0.00      0   0.00    3.5  0.000    0.0  0.000      0      0      0      0      0
06/15/1990  13987     64  11519   2404      9   4363      0      0      0    753      0      0      0   0.00   0.00      0   0.00    3.5  0.000    0.0  0.000      0      0      0      0      0
06/16/1990  14473     63  11337   3073      7   3876      0    150      0   1060      0      0      0   0.00   0.00      0   0.00    3.6  0.000    0.0  0.000      0      0      0      0      0
06/17/1990  14876     61  11085   3730      5   3471      0    402      2   1358      0      0      0   0.00   0.00      0   0.00    3.7  0.000    0.0  0.000      0      0      0      0      0
06/18/1990  15275     59  10876   4340      3   3070      0    753      5   1588      0      0      0   0.00   0.00      0   0.00    3.8  0.000    0.0  0.000      0      0      0      0      0
06/19/1990  15702     56  10706   4940      2   2640      0   1210      9   1804      0      0      0   0.00   0.00      0   0.00    4.0  0.000    0.0  0.000      0      0      0      0      0
06/20/1990  16112     53  10565   5494      1   2227      2   1760     12   2026      0      0      0   0.00   0.00      0   0.00    4.1  0.000    0.0  0.000      0      0      0      0      0
06/21/1990  16477     50  10456   5971      1   2009      5   2191     15   2256      0      0      0   0.00   0.00      0   0.00    4.3  0.000    0.0  0.000      0      0      0      0      0
06/22/1990  16826     48  10281   6497      0   1910      9   2612     18   2369      0      0      0   0.00   0.00      0   0.00    4.5  0.000    0.0  0.000      0      0      0      0      0
06/23/1990  17189     45  10102   7042      0   1895     14   3033     21   2408      0      0      0   0.00   0.00      0   0.00    4.8  0.000    0.0  0.000      0      0      0      0      0
06/24/1990  17525     43   9885   7597      0   2014     20   3387     24   2452      0      0      0   0.00   0.00      0   0.00    5.1  0.000    0.0  0.000      0      0      0      0      0
06/25/1990  17816     40   9626   8150      0   2270     27   3623     27   2546      0      0      0   0.00   0.00      0   0.00    5.4  0.000    0.0  0.000      0      0      0      0      0
06/26/1990  17513     37   9336   8140      0   2613     35   3853     30   2651      0      0      0   0.00   0.00      0   0.00    5.7  0.000    0.0  0.000      0      0      0      0      0
06/27/1990  17106     34   8919   8153      2   3110     42   4035     32   2694      0      0      0   0.00   0.00      0   0.00    6.0  0.000    0.0  0.000      0      0      0      0      0
06/28/1990  16569     31   8462   8076      5   3786     49   4143     33   2698      0      0      0   0.00   0.00      0   0.00    6.3  0.000    0.0  0.000      0      0      0      0      0
06/29/1990  15910     28   7967   7915      9   4597     56   4248     33   2710      0      0      0   0.00   0.00      0   0.00    6.6  0.000    0.0  0.000      0      0      0      0      0
06/30/1990  15238     25   7486   7727     14   5383     62   4360     33   2738      0      0      0   0.00   0.00      0   0.00    6.8  0.000    0.0  0.000      0      0      0      0      0
07/01/1990  14578     22   6941   7615     20   6194     67   4433     33   2768      0      0      0   0.00   0.00      0   0.00    7.1  0.000    0.0  0.000      0      0      0      0      0
07/02/1990  13966     20   6370   7576     27   7049     71   4506     32   2713      0      0      0   0.00   0.00      0   0.00    7.4  0.000    0.0  0.000      0      0      0      0      0
07/03/1990  13364     18   5787   7559     35   7929     74   4552     31   2652      0      0      0   0.00   0.00      0   0.00    7.7  0.000    0.0  0.000      0      0      0      0      0
07/04/1990  12957     15   5472   7470     44   8695     76   4550     29   2571      0      0      0   0.00   0.00      0   0.00    8.0  0.000    0.0  0.000      0      0      0      0      0
07/05/1990  12729     12   5263   7454     54   9341     76   4525     28   2538      0      0      0   0.00   0.00      0   0.00    8.3  0.000    0.0  0.000      0      0      0      0      0
07/06/1990  12551      9   5116   7426     65   9874     75   4506     27   2515      0      0      0   0.00   0.00      0   0.00    8.6  0.000    0.0  0.000      0      0      0      0      0
07/07/1990  12461      7   5086   7368     76  10345     73   4411     27   2549      0      0      0   0.00   0.00      0   0.00    8.9  0.000    0.0  0.000      0      0      0      0      0
07/08/1990  12454      5   5231   7218     87  10721     71   4325     28   2581      0      0      0   0.00   0.00      0   0.00    9.2  0.000    0.0  0.000      0      0      0      0      0
07/09/1990  12480      3   5411   7066     98  11054     69   4253     28   2615      0      0      0   0.00   0.00      0   0.00    9.4  0.000    0.0  0.000      0      0      0      0      0
07/10/1990  12624      2   5654   6968    109  11254     67   4247     29   2647      0      0      0   0.00   0.00      0   0.00    9.7  0.000    0.0  0.000      0      0      0      0      0
07/11/1990  12804      3   6013   6788    118  11347     66   4254     29   2681      0      0      0   0.00   0.00      0   0.00   10.0  0.000    0.0  0.000      0      0      0      0      0
07/12/1990  13065      6   6456   6603    125  11369     65   4297     29   2703      0      0      0   0.00   0.00      0   0.00   10.2  0.000    0.0  0.000      0      0      0      0      0
07/13/1990  13359      9   6891   6459    131  11423     65   4356     28   2691      0      0      0   0.00   0.00      0   0.00   10.5  0.000    0.0  0.000      0      0      0      0      0
07/14/1990  13694     14   7336   6344    135  11454     66   4420     27   2663      0      0      0   0.00   0.00      0   0.00   10.7  0.000    0.0  0.000      0      0      0      0      0
07/15/1990  14010     20   7853   6137    138  11466     66   4451     26   2637      0      0      0   0.00   0.00      0   0.00   10.9  0.000    0.0  0.000      0      0      0      0      0
07/16/1990  14326     27   8439   5860    140  11458     66   4466     25   2586      0      0      0   0.00   0.00      0   0.00   11.2  0.000    0.0  0.000      0      0      0      0      0
07/17/1990  14667     35   9117   5515    141  11418     66   4468     23   2522      0      0      0   0.00   0.00      0   0.00   11.3  0.000    0.0  0.000      0      0      0      0      0
07/18/1990  15109     44   9839   5226    142  11419     64   4441     21   2458      0      0      0   0.00   0.00      0   0.00   11.5  0.000    0.0  0.000      0      0      0      0      0
07/19/1990  15542     54  10627   4861    141  11441     63   4371     19   2419      0      0      0   0.00   0.00      0   0.00   11.7  0.000    0.0  0.000      0      0      0      0      0
07/20/1990  15983     65  11555   4363    140  11411     60   4287     17   2381      0      0      0   0.00   0.00      0   0.00   11.8  0.000    0.0  0.000      0      0      0      0      0
07/21/1990  16433     76  12481   3876    139  11372     56   4208     16   2310      0      0      0   0.00   0.00      0   0.00   11.9  0.000    0.0  0.000      0      0      0      0      0
07/22/1990  16953     87  13395   3471    137  11336     53   4127     14   2207      0      0      0   0.00   0.00      0   0.00   12.0  0.000    0.0  0.000      0      0      0      0      0
07/23/1990  17436     98  14268   3070    135  11335     49   4031     12   2062      0      0      0   0.00   0.00      0   0.00   12.0  0.000    0.0  0.000      0      0      0      0      0
07/24/1990  17882    109  15133   2640    133  11306     45   3932      9   1886      0      0      0   0.00   0.00      0   0.00   12.0  0.000    0.0  0.000      0      0      0      0      0
07/25/1990  18313    120  15816   2377    130  11287     41   3812      6   1701      0      0      0   0.00   0.00      0   0.00   12.0  0.000    0.0  0.000      0      0      0      0      0
07/26/1990  18795    130  16404   2261    128  11255     36   3635      3   1563      0      0      0   0.00   0.00      0   0.00   12.0  0.000    0.0  0.000      0      0      0      0      0
07/27/1990  19296    140  16895   2261    125  11210     31   3399      1   1501      0      0      0   0.00   0.00      0   0.00   12.0  0.000    0.0  0.000      0      0      0      0      0
07/28/1990  19806    149  17305   2352    122  11119     26   3132      0   1501      0      0      0   0.00   0.00      0   0.00   12.0  0.000    0.0  0.000      0      0      0      0      0
07/29/1990  20349    158  17627   2564    119  10984     20   2888      0   1529      0      0      0   0.00   0.00      0   0.00   12.0  0.000    0.0  0.000      0      0      0      0      0
07/30/1990  20940    167  17922   2851    115  10802     15   2693      1   1577      0      0      0   0.00   0.00      0   0.00   12.0  0.000    0.0  0.000      0      0      0      0      0
07/31/1990  21610    176  18148   3286    111  10534     10   2571      2   1646      0      0      0   0.00   0.00      0   0.00   12.0  0.000    0.0  0.000      0      0      0      0      0
08/01/1990  22348    184  18282   3882    105  10189      6   2531      4   1746      0      0      0   0.00   0.00      0   0.00   12.0  0.000    0.0  0.000      0      0      0      0      0
08/02/1990  23156    190  18369   4597     99   9800      4   2569      7   1873      0      0      0   0.00   0.00      0   0.00   12.1  0.000    0.0  0.000      0      0      0      0      0
08/03/1990  24049    196  18470   5383     91   9406      3   2654     11   2025      0      0      0   0.00   0.00      0   0.00   12.2  0.000    0.0  0.000      0      0      0      0      0
08/04/1990  24932    201  18537   6194     82   9027      4   2776     15   2193      0      0      0   0.00   0.00      0   0.00   12.4  0.000    0.0  0.000      0      0      0      0      0
08/05/1990  25807    204  18554   7049     73   8664      8   2941     19   2379      0      0      0   0.00   0.00      0   0.00   12.6  0.000    0.0  0.000      0      0      0      0      0
08/06/1990  26645    206  18510   7929     64   8349     13   3150     24   2560      0      0      0   0.00   0.00      0   0.00   12.8  0.000    0.0  0.000      0      0      0      0      0
08/07/1990  27460    207  18408   8845     55   8082     19   3392     29   2727      0      0      0   0.00   0.00      0   0.00   13.1  0.000    0.0  0.000      0      0      0      0      0
08/08/1990  28117    206  18318   9593     47   7852     27   3674     33   2864      0      0      0   0.00   0.00      0   0.00   13.4  0.000    0.0  0.000      0      0      0      0      0
08/09/1990  28660    204  18231  10225     40   7676     36   3964     36   2982      0      0      0   0.00   0.00      0   0.00   13.7  0.000    0.0  0.000      0      0      0      0      0
08/10/1990  29081    200  18079  10802     34   7574     46   4246     39   3080      0      0      0   0.00   0.00      0   0.00   14.1  0.000    0.0  0.000      0      0      0      0      0
08/11/1990  29356    195  17890  11271     30   7567     56   4513     42   3158      0      0      0   0.00   0.00      0   0.00   14.5  0.000    0.0  0.000      0      0      0      0      0
08/12/1990  29495    190  17670  11635     28   7662     65   4753     45   3218      0      0      0   0.00   0.00      0   0.00   14.9  0.000    0.0  0.000      0      0      0      0      0
08/13/1990  29539    184  17428  11927     28   7891     74   4947     47   3239      0      0      0   0.00   0.00      0   0.00   15.3  0.000    0.0  0.000      0      0      0      0      0
08/14/1990  29421    178  17124  12119     29   8241     83   5111     47   3191      0      0      0   0.00   0.00      0   0.00   15.7  0.000    0.0  0.000      0      0      0      0      0
08/15/1990  29151    171  16800  12180     33   8688     91   5244     45   3063      0      0      0   0.00   0.00      0   0.00   16.1  0.000    0.0  0.000      0      0      0      0      0
08/16/1990  28826    164  16453  12209     40   9192     97   5322     44   2969      0      0      0   0.00   0.00      0   0.00   16.6  0.000    0.0  0.000      0      0      0      0      0
08/17/1990  28531    156  16110  12265     49   9722    101   5320     44   2943      0      0      0   0.00   0.00      0   0.00   17.0  0.000    0.0  0.000      0      0      0      0      0
08/18/1990  28221    148  15752  12321     60  10267    103   5227     44   2912      0      0      0   0.00   0.00      0   0.00   17.4  0.000    0.0  0.000      0      0      0      0      0
08/19/1990   8682     20   6200   2462     73  10821    105   5133     43   2860      0      0      0   0.00   0.00      0   0.00   17.9  0.000    0.0  0.000      0      0    106   9191   9871
08/20/1990   8785     19   6351   2415     87  11363    106   5045     28   2334      0      0      0   0.00   0.00      0   0.00   17.9  0.000    0.0  0.000      0      0      0    117    150
08/21/1990   9041     18   6593   2430    102  11860    105   4900     14   1880      0      0      0   0.00   0.00      0   0.00   18.0  0.000    0.0  0.000      0      0      0     57     88
08/22/1990   9441     17   6935   2489    118  12266    103   4802      0   1450      0      0      0   0.00   0.00      0   0.00   18.1  0.000    0.0  0.000      0      0      0      0     44
08/23/1990   9918     16   7330   2572    133  12553     87   4316      0   1492      0      0      0   0.00   0.00      0   0.00   18.1  0.000    0.0  0.000      0      0      1      0     20
08/24/1990  10472     16   7781   2675    147  12804     72   3811      0   1493      0      0      0   0.00   0.00      0   0.00   18.2  0.000    0.0  0.000      0      0      0      0      0
08/25/1990  11086     17   8291   2778    159  13016     58   3309      0   1444      0      0      0   0.00   0.00      0   0.00   18.3  0.000    0.0  0.000      0      0      0      0      0
08/26/1990  11773     20   8872   2881    170  13086     43   2896      1   1405      0      0      0   0.00   0.00      0   0.00   18.3  0.000    0.0  0.000      0      0      0      0      0
08/27/1990  12512     24   9504   2984    180  13104     28   2444      2   1443      0      0      0   0.00   0.00      0   0.00   18.4  0.000    0.0  0.000      0      0      0      0      0
08/28/1990  13297     29  10181   3087    188  12623     14   2419      3   1537      0      0      0   0.00   0.00      0   0.00   18.5  0.000    0.0  0.000      0      0      0      0      0
08/29/1990  14125     36  10899   3190    194  12102      1   2421      4   1630      0      0      0   0.00   0.00      0   0.00   18.5  0.000    0.0  0.000      0      0      0      0      0
08/30/1990  14987     45  11649   3293    184  11572      2   2437      5   1673      0      0      0   0.00   0.00      0   0.00   18.6  0.000    0.0  0.000      0      0      0      0      0
08/31/1990  15875     55  12371   3449    173  11035      3   2464      6   1691      0      0      0   0.00   0.00      0   0.00   18.7  0.000    0.0  0.000      0      0      0      0      0
09/01/1990  16785     66  13114   3605    161  10437      5   2558      6   1715      0      0      0   0.00   0.00      0   0.00   18.8  0.000    0.0  0.000      0      0      0      0      0
09/02/1990  17886     78  13871   3937    148   9798      7   2666      7   1769      0      0      0   0.00   0.00      0   0.00   18.7  0.000    0.0  0.000      0      0      0      0      0
09/03/1990  18800     91  14614   4095    134   9201      9   2750      9   1840      0      0      0   0.00   0.00      0   0.00   18.8  0.000    0.0  0.000      0      0      0      0      0
09/04/1990  19712    105  15309   4298    119   8689     11   2830     11   1888      0      0      0   0.00   0.00      0   0.00   18.9  0.000    0.0  0.000      0      0      0      0      0
09/05/1990  20497    120  15938   4439    104   8272     13   2898     12   1947      0      0      0   0.00   0.00      0   0.00   19.0  0.000    0.0  0.000      0      0      0      0      0
09/06/1990  21258    135  16587   4536     89   7862     16   2960     13   1999      0      0      0   0.00   0.00      0   0.00   19.1  0.000    0.0  0.000      0      0      0      0      0
09/07/1990  22014    149  17322   4543     75   7419     19   3045     14   2042      0      0      0   0.00   0.00      0   0.00   19.2  0.000    0.0  0.000      0      0      0      0      0
09/08/1990  22678    162  17986   4530     63   7051     21   3154     15   2049      0      0      0   0.00   0.00      0   0.00   19.2  0.000    0.0  0.000      0      0      0      0      0
09/09/1990  23343    177  18640   4526     50   6717     24   3244     15   2051      0      0      0   0.00   0.00      0   0.00   19.3  0.000    0.0  0.000      0      0      0      0      0
09/10/1990  23554    192  18685   4677     37   6854     27   3318     15   2078      0      0      0   0.00   0.00      0   0.00   19.4  0.000    0.0  0.000      0      0      0      0      0
09/11/1990  23765    206  18640   4919     25   7011     30   3363     15   2103      0      0      0   0.00   0.00      0   0.00   19.5  0.000    0.0  0.000      0      0      0      0      0
09/12/1990  23999    220  18518   5261     14   7155     32   3407     15   2128      0      0      0   0.00   0.00      0   0.00   19.6  0.000    0.0  0.000      0      0      0      0      0
09/13/1990  24237    220  18361   5656     18   7309     33   3449     15   2148      0      0      0   0.00   0.00      0   0.00   19.7  0.000    0.0  0.000      0      0      0      0      0
09/14/1990  24434    219  18108   6107     22   7517     34   3467     15   2147      0      0      0   0.00   0.00      0   0.00   19.9  0.000    0.0  0.000      0      0      0      0      0
09/15/1990  24550    217  17769   6564     26   7753     35   3493     16   2154      0      0      0   0.00   0.00      0   0.00   20.0  0.000    0.0  0.000      0      0      0      0      0
09/16/1990  24360    213  17387   6760     31   7953     35   3548     18   2163      0      0      0   0.00   0.00      0   0.00   20.2  0.000    0.0  0.000      0      0      0      0      0
09/17/1990  24538    208  16991   7339     36   8125     35   3563     20   2229      0      0      0   0.00   0.00      0   0.00   20.4  0.000    0.0  0.000      0      0      0      0      0
09/18/1990  24744    202  16579   7963     41   8294     36   3569     22   2289      0      0      0   0.00   0.00      0   0.00   20.7  0.000    0.0  0.000      0      0      0      0      0
09/19/1990  24976    195  16153   8628     45   8426     38   3608     24   2341      0      0      0   0.00   0.00      0   0.00   20.9  0.000    0.0  0.000      0      0      0      0      0
09/20/1990  25193    186  15682   9325     49   8580     40   3664     28   2440      0      0      0   0.00   0.00      0   0.00   21.2  0.000    0.0  0.000      0      0      0      0      0
09/21/1990  25479    176  15190  10113     53   8751     43   3710     31   2561      0      0      0   0.00   0.00      0   0.00   21.6  0.000    0.0  0.000      0      0      0      0      0
09/22/1990  25798    166  14710  10922     56   8858     47   3802     33   2639      0      0      0   0.00   0.00      0   0.00   22.0  0.000    0.0  0.000      0      0      0      0      0
09/23/1990  26124    155  14233  11736     59   8965     53   3950     33   2616      0      0      0   0.00   0.00      0   0.00   22.4  0.000    0.0  0.000      0      0      0      0      0
09/24/1990  26315    143  13791  12381     62   9074     59   4108     35   2631      0      0      0   0.00   0.00      0   0.00   22.8  0.000    0.0  0.000      0      0      0      0      0
09/25/1990  26424    130  13407  12887     66   9199     64   4212     38   2683      0      0      0   0.00   0.00      0   0.00   23.3  0.000    0.0  0.000      0      0      0      0      0
09/26/1990  26461    117  13117  13227     70   9307     68   4277     41   2774      0      0      0   0.00   0.00      0   0.00   23.8  0.000    0.0  0.000      0      0      0      0      0
09/27/1990  26460    105  12821  13534     73   9416     74   4398     43   2804      0      0      0   0.00   0.00      0   0.00   24.3  0.000    0.0  0.000      0      0      0      0      0
09/28/1990  26405     94  12506  13805     77   9597     80   4455     45   2854      0      0      0   0.00   0.00      0   0.00   24.9  0.000    0.0  0.000      0      0      0      0      0
09/29/1990  26284     84  12254  13946     82   9819     85   4490     48   2945      0      0      0   0.00   0.00      0   0.00   25.4  0.000    0.0  0.000      0      0      0      0      0
09/30/1990  26101     74  12012  14015     88  10004     89   4563     50   3059      0      0      0   0.00   0.00      0   0.00   26.0  0.000    0.0  0.000      0      0      0      0      0
10/01/1990  25893     64  12250  13579     94  10135     94   4693     51   3154      0      0      0   0.00   0.00      0   0.00   26.5  0.000    0.0  0.000      0      0      0      0      0
10/02/1990  25631     55  12477  13099    100  10347    100   4804     50   3116      0      0      0   0.00   0.00      0   0.00   27.0  0.000    0.0  0.000      0      0      0      0      0
10/03/1990  25337     46  12690  12601    106  10559    106   4939     48   3041      0      0      0   0.00   0.00      0   0.00   27.5  0.000    0.0  0.000      0      0      0      0      0
10/04/1990  25046     51  12906  12089    114  10761    110   5073     47   3023      0      0      0   0.00   0.00      0   0.00   27.9  0.000    0.0  0.000      0      0      0      0      0
10/05/1990  24699     56  13131  11512    123  11004    112   5116     45   2988      0      0      0   0.00   0.00      0   0.00   28.4  0.000    0.0  0.000      0      0      0      0      0
10/06/1990  24348     61  13400  10887    132  11259    113   5126     42   2859      0      0      0   0.00   0.00      0   0.00   28.8  0.000    0.0  0.000      0      0      0      0      0
10/07/1990  24006     66  13664  10276    142  11543    114   5151     37   2583      0      0      0   0.00   0.00      0   0.00   29.1  0.000    0.0  0.000      0      0      0      0      0
10/08/1990  23704     71  13917   9716    153  11834    112   5045     34   2402      0      0      0   0.00   0.00      0   0.00   29.5  0.000    0.0  0.000      0      0      0      0      0
10/09/1990  23462     77  14152   9233    164  12124    107   4831     33   2353      0      0      0   0.00   0.00      0   0.00   29.8  0.000    0.0  0.000      0      0      0      0      0
10/10/1990  23301     83  14375   8843    174  12318    101   4618     32   2350      0      0      0   0.00   0.00      0   0.00   30.1  0.000    0.0  0.000      0      0      0      0      0
10/11/1990  23193     89  14684   8420    184  12435     95   4406     30   2341      0      0      0   0.00   0.00      0   0.00   30.4  0.000    0.0  0.000      0      0      0      0      0
10/12/1990  23099     96  15022   7981    192  12586     90   4161     28   2293      0      0      0   0.00   0.00      0   0.00   30.6  0.000    0.0  0.000      0      0      0      0      0
10/13/1990  23048    103  15299   7646    198  12667     85   3980     26   2253      0      0      0   0.00   0.00      0   0.00   30.8  0.000    0.0  0.000      0      0      0      0      0
10/14/1990  22972    112  15531   7329    203  12678     78   3888     25   2219      0      0      0   0.00   0.00      0   0.00   31.1  0.000    0.0  0.000      0      0      0      0      0
10/15/1990  23421    121  15813   7487    206  12538     73   3871     23   2187      0      0      0   0.00   0.00      0   0.00   31.3  0.000    0.0  0.000      0      0      0      0      0
10/16/1990  23878    130  16094   7654    207  12386     69   3831     22   2174      0      0      0   0.00   0.00      0   0.00   31.5  0.000    0.0  0.000      0      0      0      0      0
10/17/1990  24322    138  16358   7826    207  12257     66   3754     22   2166      0      0      0   0.00   0.00      0   0.00   31.8  0.000    0.0  0.000      0      0      0      0      0
10/18/1990  24759    147  16618   7994    205  12084     62   3708     23   2182      0      0      0   0.00   0.00      0   0.00   32.0  0.000    0.0  0.000      0      0      0      0      0
10/19/1990  25266    157  16906   8203    202  11873     58   3664     23   2128      0      0      0   0.00   0.00      0   0.00   32.3  0.000    0.0  0.000      0      0      0      0      0
10/20/1990  25852    167  17254   8431    198  11605     56   3627     22   2025      0      0      0   0.00   0.00      0   0.00   32.5  0.000    0.0  0.000      0      0      0      0      0
10/21/1990  26443    177  17626   8640    192  11278     55   3637     22   1970      0      0      0   0.00   0.00      0   0.00   32.8  0.000    0.0  0.000      0      0      0      0      0
10/22/1990  27008    188  17982   8838    185  10938     53   3573     23   2005      0      0      0   0.00   0.00      0   0.00   33.1  0.000    0.0  0.000      0      0      0      0      0
10/23/1990  27464    200  18267   8997    176  10676     52   3465     25   2109      0      0      0   0.00   0.00      0   0.00   33.4  0.000    0.0  0.000      0      0      0      0      0
10/24/1990  27889    212  18539   9138    167  10411     52   3433     26   2187      0      0      0   0.00   0.00      0   0.00   33.7  0.000    0.0  0.000      0      0      0      0      0
10/25/1990  28394    224  18857   9313    157  10081     53   3412     28   2269      0      0      0   0.00   0.00      0   0.00   33.9  0.000    0.0  0.000      0      0      0      0      0
10/26/1990  28796    235  19108   9453    148   9870     55   3392     28   2275      0      0      0   0.00   0.00      0   0.00   34.2  0.000    0.0  0.000      0      0      0      0      0
10/27/1990  29066    245  19244   9577    141   9680     56   3492     29   2273      0      0      0   0.00   0.00      0   0.00   34.5  0.000    0.0  0.000      0      0      0      0      0
10/28/1990  29240    256  19277   9707    133   9523     58   3656     28   2230      0      0      0   0.00   0.00      0   0.00   34.8  0.000    0.0  0.000      0      0      0      0      0
10/29/1990  29388    265  19281   9842    126   9438     60   3697     28   2233      0      0      0   0.00   0.00      0   0.00   35.2  0.000    0.0  0.000      0      0      0      0      0
10/30/1990  29557    271  19308   9978    121   9332     63   3760     27   2148      0      0      0   0.00   0.00      0   0.00   35.5  0.000    0.0  0.000      0      0      0      0      0
10/31/1990  29662    275  19286  10101    118   9282     64   3777     26   2061      0      0      0   0.00   0.00      0   0.00   35.8  0.000    0.0  0.000      0      0      0      0      0
11/01/1990  29730    279  19182  10269    115   9284     65   3743     23   1865      0      0      0   0.00   0.00      0   0.00   36.1  0.000    0.0  0.000      0      0      0      0      0
11/02/1990  29792    282  19040  10470    113   9308     65   3639     20   1686      0      0      0   0.00   0.00      0   0.00   36.5  0.000    0.0  0.000      0      0      0      0      0
11/03/1990  29835    283  18900  10652    112   9304     64   3563     19   1567      0      0      0   0.00   0.00      0   0.00   36.8  0.000    0.0  0.000      0      0      0      0      0
11/04/1990  29864    281  18785  10798    113   9338     60   3335     21   1626      0      0      0   0.00   0.00      0   0.00   37.1  0.000    0.0  0.000      0      0      0      0      0
11/05/1990  29865    279  18596  10990    113   9351     57   3095     23   1742      0      0      0   0.00   0.00      0   0.00   37.5  0.000    0.0  0.000      0      0      0      0      0
11/06/1990  29869    276  18391  11202    115   9363     54   2897     23   1728      0      0      0   0.00   0.00      0   0.00   37.9  0.000    0.0  0.000      0      0      0      0      0
11/07/1990  29867    273  18177  11417    116   9320     53   2813     22   1649      0      0      0   0.00   0.00      0   0.00   38.3  0.000    0.0  0.000      0      0      0      0      0
11/08/1990  29863    267  17974  11622    118   9230     52   2776     22   1623      0      0      0   0.00   0.00      0   0.00   38.7  0.000    0.0  0.000      0      0      0      0      0
11/09/1990  29813    260  17665  11888    120   9100     50   2760     24   1727      0      0      0   0.00   0.00      0   0.00   39.1  0.000    0.0  0.000      0      0      0      0      0
11/10/1990  29701    254  17257  12190    120   8981     49   2776     26   1855      0      0      0   0.00   0.00      0   0.00   39.5  0.000    0.0  0.000      0      0      0      0      0
11/11/1990  29635    247  16885  12503    118   8827     51   2832     28   1940      0      0      0   0.00   0.00      0   0.00   39.9  0.000    0.0  0.000      0      0      0      0      0
11/12/1990  29555    238  16516  12801    117   8721     54   2861     30   2030      0      0      0   0.00   0.00      0   0.00   40.4  0.000    0.0  0.000      0      0      0      0      0
11/13/1990  29486    228  16250  13008    117   8614     56   2889     32   2129      0      0      0   0.00   0.00      0   0.00   40.9  0.000    0.0  0.000      0      0      0      0      0
11/14/1990  29447    219  16031  13197    117   8368     58   3044     32   2102      0      0      0   0.00   0.00      0   0.00   41.4  0.000    0.0  0.000      0      0      0      0      0
11/15/1990  29353    210  15762  13381    117   8101     61   3242     30   2008      0      0      0   0.00   0.00      0   0.00   41.9  0.000    0.0  0.000      0      0      0      0      0
11/16/1990  29174    203  15537  13434    115   7962     65   3395     30   1950      0      0      0   0.00   0.00      0   0.00   42.4  0.000    0.0  0.000      0      0      0      0      0
11/17/1990  29059    197  15445  13417    113   7822     68   3419     31   2022      0      0      0   0.00   0.00      0   0.00   42.9  0.000    0.0  0.000      0      0      0      0      0
11/18/1990  28948    191  15409  13348    111   7726     69   3395     32   2072      0      0      0   0.00   0.00      0   0.00   43.3  0.000    0.0  0.000      0      0      0      0      0
11/19/1990  28759    186  15368  13205    111   7669     71   3405     32   2071      0      0      0   0.00   0.00      0   0.00   43.8  0.000    0.0  0.000      0      0      0      0      0
11/20/1990  29421    184  15240  13997    110   7704     73   3411     28   1853      0      0      0   0.00   0.00      0   0.00   44.4  0.000    0.0  0.000      0      0      0      0      0
11/21/1990  29148    182  15120  13846    111   7794     73   3338     24   1631      0      0      0   0.00   0.00      0   0.00   44.9  0.000    0.0  0.000      0      0      0      0      0
11/22/1990  27816    180  14892  12744    113   7906     73   3374     20   1425      0      0      0   0.00   0.00      0   0.00   45.3  0.000    0.0  0.000      0      0      0      0      0
11/23/1990  27339    178  14633  12528    115   8026     69   3256     19   1392      0      0      0   0.00   0.00      0   0.00   45.8  0.000    0.0  0.000      0      0      0      0      0
11/24/1990  26844    176  14434  12234    117   8177     65   3019     19   1419      0      0      0   0.00   0.00      0   0.00   46.3  0.000    0.0  0.000      0      0      0      0      0
11/25/1990  27421    173  14299  12949    120   8302     63   2777     19   1467      0      0      0   0.00   0.00      0   0.00   46.2  0.000    0.0  0.000      0      0      0      0      0
11/26/1990  28018    170  14188  13660    125   8356     58   2576     18   1360      0      0      0   0.00   0.00      0   0.00   46.1  0.000    0.0  0.000      0      0      0      0      0
11/27/1990  28521    169  13988  14364    129   8520     53   2367     17   1214      0      0      0   0.00   0.00      0   0.00   46.0  0.000    0.0  0.000      0      0      0      0      0
11/28/1990  29021    169  13782  15070    131   8506     50   2391     15   1082      0      0      0   0.00   0.00      0   0.00   46.5  0.000    0.0  0.000      0      0      0      0      0
11/29/1990  27503    170  13629  13704    134   8364     44   2305     17   1187      0      0      0   0.00   0.00      0   0.00   47.1  0.000    0.0  0.000      0      0      0      0      0
11/30/1990  27140    170  13587  13383    134   8218     42   2156     19   1323      0      0      0   0.00   0.00      0   0.00   47.6  0.000    0.0  0.000      0      0      0      0      0
12/01/1990  27767    169  13612  13986    133   8043     41   2081     19   1313      0      0      0   0.00   0.00      0   0.00   48.1  0.000    0.0  0.000      0      0      0      0      0
12/02/1990  28426    169  13599  14658    132   7843     41   2073     17   1176      0      0      0   0.00   0.00      0   0.00   48.0  0.000    0.0  0.000      0      0      0      0      0
12/03/1990  28161    171  13612  14378    129   7655     42   2012     15   1091      0      0      0   0.00   0.00      0   0.00   48.6  0.000    0.0  0.000      0      0      0      0      0
12/04/1990  27858    173  13632  14053    126   7274     41   2034     16   1124      0      0      0   0.00   0.00      0   0.00   49.1  0.000    0.0  0.000      0      0      0      0      0
12/05/1990  28492    175  13514  14803    123   6955     39   2035     16   1130      0      0      0   0.00   0.00      0   0.00   49.0  0.000    0.0  0.000      0      0      0      0      0
12/06/1990  28166    178  13351  14637    117   6729     39   2021     17   1161      0      0      0   0.00   0.00      0   0.00   49.6  0.000    0.0  0.000      0      0      0      0      0
12/07/1990  27246    180  13307  13759    111   6511     40   1971     17   1187      0      0      0   0.00   0.00      0   0.00   50.1  0.000    0.0  0.000      0      0      0      0      0
12/08/1990  27198    181  13263  13754    106   6256     40   1842     18   1280      0      0      0   0.00   0.00      0   0.00   50.6  0.000    0.0  0.000      0      0      0      0      0
12/09/1990  27063    180  13193  13690    104   5970     39   1869     18   1317      0      0      0   0.00   0.00      0   0.00   51.2  0.000    0.0  0.000      0      0      0      0      0
12/10/1990  26979    182  13145  13652    100   5616     38   1982     21   1456      0      0      0   0.00   0.00      0   0.00   51.7  0.000    0.0  0.000      0      0      0      0      0
12/11/1990  26722    183  12968  13571     94   5494     39   2031     24   1604      0      0      0   0.00   0.00      0   0.00   52.2  0.000    0.0  0.000      0      0      0      0      0
12/12/1990  27155    184  12763  14208     89   5463     40   2062     26   1680      0      0      0   0.00   0.00      0   0.00   52.1  0.000    0.0  0.000      0      0      0      0      0
12/13/1990  27619    186  12705  14728     83   5321     44   2308     24   1563      0      0      0   0.00   0.00      0   0.00   52.7  0.000    0.0  0.000      0      0      0      0      0
12/14/1990  28069    184  12674  15211     82   5263     47   2474     18   1202      0      0      0   0.00   0.00      0   0.00   52.6  0.000    0.0  0.000      0      0      0      0      0
12/15/1990  28525    182  12615  15728     81   5231     50   2555     14    955      0      0      0   0.00   0.00      0   0.00   52.5  0.000    0.0  0.000      0      0      0      0      0
12/16/1990  29035    183  12546  16306     80   5134     51   2591     11    742      0      0      0   0.00   0.00      0   0.00   52.4  0.000    0.0  0.000      0      0      0      0      0
12/17/1990  29379    183  12292  16904     80   5220     48   2359     13    819      0      0      0   0.00   0.00      0   0.00   52.3  0.000    0.0  0.000      0      0      0      0      0
12/18/1990  29689    182  12101  17406     80   5473     46   2054     14    876      0      0      0   0.00   0.00      0   0.00   52.2  0.000    0.0  0.000      0      0      0      0      0
12/19/1990  30063    181  11979  17903     79   5656     44   1729     15    918      0      0      0   0.00   0.00      0   0.00   52.2  0.000    0.0  0.000      0      0      0      0      0
12/20/1990  30508    178  11856  18474     83   5713     40   1498     11    725      0      0      0   0.00   0.00      0   0.00   52.1  0.000    0.0  0.000      0      0      0      0      0
12/21/1990  30952    176  11697  19079     87   5713     36   1367      6    392      0      0      0   0.00   0.00      0   0.00   52.0  0.000    0.0  0.000      0      0      0      0      0
12/22/1990  31314    174  11437  19703     90   5545     33   1445      1     99      0      0      0   0.00   0.00      0   0.00   51.9  0.000    0.0  0.000      0      0      0      0      0
12/23/1990  31623    173  11092  20358     90   5492     27   1268      0      0      0      0      0   0.00   0.00      0   0.00   51.8  0.000    0.0  0.000      0      0      0      0      0
12/24/1990  31980    171  10758  21051     86   5364     24   1017      0      0      0      0      0   0.00   0.00      0   0.00   51.8  0.000    0.0  0.000      0      0      0      0      0
12/25/1990  32372    167  10432  21773     85   5240     20    725      0     59      0      0      0   0.00   0.00      0   0.00   51.7  0.000    0.0  0.000      0      0      0      0      0
12/26/1990  32681    162  10120  22399     84   5238     16    392      2    202      0      0      0   0.00   0.00      0   0.00   51.6  0.000    0.0  0.000      0      0      0      0      0
12/27/1990  33064    156   9911  22997     84   5121     11     99      5    403      0      0      0   0.00   0.00      0   0.00   51.5  0.000    0.0  0.000      0      0      0      0      0
12/28/1990  33480    151   9669  23660     83   4778      6     59      9    577      0      0      0   0.00   0.00      0   0.00   51.5  0.000    0.0  0.000      0      0      0      0      0
12/29/1990  33881    146   9378  24357     83   4350      3    202      8    535      0      0      0   0.00   0.00      0   0.00   51.4  0.000    0.0  0.000      0      0      0      0      0
12/30/1990  34303    143   9156  25004     78   3903      5    403      8    507      0      0      0   0.00   0.00      0   0.00   51.3  0.000    0.0  0.000      0      0      0      0      0
12/31/1990  34856    138   9054  25664     72   3322      9    636      7    455      0      0      0   0.00   0.00      0   0.00   51.3  0.000    0.0  0.000      0      0      0      0      0
