Varroa Population Simulation - Nov 23,2015  02:35:59 PM
VarroaPop Version 3.2.5.8  June, 2015

                                        Capped  Capped                                                                      Prop           Conc          Conc                                     
            Colony  Adult  Adult         Drone   Wkr    Drone  Wkr    Drone  Wkr  Free   DBrood WBrood DMite  WMite  Mites  Mites  Colony Pollen Colony Nectar   Dead   Dead   Dead   Dead   Dead
     Date   Size   Drones   Wkr   Forgrs Brood  Brood   Larv   Larv    Eggs  Eggs Mites  Mites  Mites  /Cell  /Cell  Dying  Dying  Pollen  Pest  Nectar  Pest    DLarv  WLarv  DAdlt  WAdlt  Forgrs
Initial     10000      0   5985   4015      0      0      0      0      0      0      0      0      0   0.00   0.00      0   0.00    0.0  0.000    0.0  0.000      0      0      0      0      0
08/01/1990   9715      0   5700   4015      0      0      0      0      2    409      0      0      0   0.00   0.00      0   0.00    0.1  0.000    0.0  0.000      0      0      0      0      0
08/02/1990   9430      0   5415   4015      0      0      0      0      4    817      0      0      0   0.00   0.00      0   0.00    0.3  0.000    0.0  0.000      0      0      0      0      0
08/03/1990   9145      0   5130   4015      0      0      0      0      6   1225      0      0      0   0.00   0.00      0   0.00    0.4  0.000    0.0  0.000      0      0      0      0      0
08/04/1990   8860      0   4845   4015      0      0      2    409      6   1227      0      0      0   0.00   0.00      0   0.00    0.6  0.000    0.0  0.000      0      0      0      0      0
08/05/1990   8575      0   4560   4015      0      0      4    817      6   1239      0      0      0   0.00   0.00      0   0.00    0.7  0.000    0.0  0.000      0      0      0      0      0
08/06/1990   8290      0   4275   4015      0      0      6   1225      6   1254      0      0      0   0.00   0.00      0   0.00    0.9  0.000    0.0  0.000      0      0      0      0      0
08/07/1990   8005      0   3990   4015      0      0      8   1636      6   1266      0      0      0   0.00   0.00      0   0.00    1.0  0.000    0.0  0.000      0      0      0      0      0
08/08/1990   7720      0   3705   4015      0      0     10   2056      6   1269      0      0      0   0.00   0.00      0   0.00    1.2  0.000    0.0  0.000      0      0      0      0      0
08/09/1990   7435      0   3420   4015      0    409     12   2070      6   1269      0      0      0   0.00   0.00      0   0.00    1.3  0.000    0.0  0.000      0      0      0      0      0
08/10/1990   7150      0   3135   4015      0    817     14   2085      6   1269      0      0      0   0.00   0.00      0   0.00    1.5  0.000    0.0  0.000      0      0      0      0      0
08/11/1990   4006      0   1991   2015      2   1225     14   2100      6   1269      0      0      0   0.00   0.00      0   0.00    1.6  0.025    0.0  0.000      0      0      0    857   1982
08/12/1990   3805      0   1810   1995      4   1636     14   2112      4   1136      0      0      0   0.00   0.00      0   0.00    1.7  0.031    0.0  0.000      0      0      0      0     57
08/13/1990   3625      0   1629   1996      6   2056     14   2115      2    995      0      0      0   0.00   0.00      0   0.00    1.8  0.034    0.0  0.000      0      0      0      0     36
08/14/1990   3460      0   1448   2012      8   2479     14   2115      0    839      0      0      0   0.00   0.00      0   0.00    1.9  0.035    0.0  0.000      0      0      0      0     21
08/15/1990   3304      0   1267   2037     10   2902     12   1982      0    798      0      0      0   0.00   0.00      0   0.00    1.9  0.035    0.0  0.000      0      0      0      0     12
08/16/1990   3153      0   1086   2067     12   3325     10   1841      0    773      0      0      0   0.00   0.00      0   0.00    2.0  0.034    0.0  0.000      0      0      0      0      7
08/17/1990   3009      0    905   2104     14   3748      8   1685      0    770      0      0      0   0.00   0.00      0   0.00    2.1  0.033    0.0  0.000      0      0      0      0      0
08/18/1990   2865      0    724   2141     16   4171      6   1511      0    769      0      0      0   0.00   0.00      0   0.00    2.2  0.032    0.0  0.000      0      0      0      0      0
08/19/1990   2721      0    543   2178     18   4594      4   1345      0    761      0      0      0   0.00   0.00      0   0.00    2.3  0.031    0.0  0.000      0      0      0      0      0
08/20/1990   2577      0    362   2215     20   4884      2   1319      0    763      0      0      0   0.00   0.00      0   0.00    2.4  0.030    0.0  0.000      0      0      0      0      0
08/21/1990   2433      0    181   2252     22   5166      0   1285      0    787      0      0      0   0.00   0.00      0   0.00    2.5  0.028    0.0  0.000      0      0      0      0      0
08/22/1990   2698      0    409   2289     22   5024      0   1267      0    825      0      0      0   0.00   0.00      0   0.00    2.6  0.027    0.0  0.000      0      0      0      0      0
08/23/1990   2962      0    817   2145     22   4865      0   1284      0    855      0      0      0   0.00   0.00      0   0.00    2.7  0.026    0.0  0.000      0      0      0      0      0
08/24/1990   3226      0   1225   2001     22   4714      0   1299      0    841      0      0      0   0.00   0.00      0   0.00    2.8  0.026    0.0  0.000      0      0      0      0      0
08/25/1990   3496      2   1636   1858     20   4567      0   1322      0    782      0      0      0   0.00   0.00      0   0.00    2.8  0.025    0.0  0.000      0      0      0      0      0
08/26/1990   3794      4   2056   1734     18   4395      0   1370      0    713      0      0      0   0.00   0.00      0   0.00    2.9  0.024    0.0  0.000      0      0      0      0      0
08/27/1990   4074      6   2479   1589     16   4221      0   1379      0    685      0      0      0   0.00   0.00      0   0.00    3.0  0.024    0.0  0.000      0      0      0      0      0
08/28/1990   4339      8   2902   1429     14   4064      0   1341      0    683      0      0      0   0.00   0.00      0   0.00    3.0  0.024    0.0  0.000      0      0      0      0      0
08/29/1990   4595     10   3325   1260     12   3913      0   1296      0    673      0      0      0   0.00   0.00      0   0.00    3.0  0.023    0.0  0.000      0      0      0      0      0
08/30/1990   4846     12   3748   1086     10   3777      0   1239      0    635      0      0      0   0.00   0.00      0   0.00    3.1  0.023    0.0  0.000      0      0      0      0      0
08/31/1990   5090     14   4171    905      8   3650      0   1169      0    580      0      0      0   0.00   0.00      0   0.00    3.1  0.023    0.0  0.000      0      0      0      0      0
09/01/1990   5334     16   4594    724      6   3485      0   1128      0    518      0      0      0   0.00   0.00      0   0.00    3.1  0.023    0.0  0.000      0      0      0      0      0
09/02/1990   5626     18   4884    724      4   3423      0   1092      0    457      0      0      0   0.00   0.00      0   0.00    3.1  0.023    0.0  0.000      0      0      0      0      0
09/03/1990   5729     20   5166    543      2   3368      0   1036      0    416      0      0      0   0.00   0.00      0   0.00    3.1  0.023    0.0  0.000      0      0      0      0      0
09/04/1990   5817     22   5433    362      0   3331      0    961      0    364      0      0      0   0.00   0.00      0   0.00    3.0  0.023    0.0  0.000      0      0      0      0      0
09/05/1990   5885     22   5682    181      0   3308      0    866      0    307      0      0      0   0.00   0.00      0   0.00    3.0  0.023    0.0  0.000      0      0      0      0      0
09/06/1990   5961     22   5939      0      0   3268      0    779      0    217      0      0      0   0.00   0.00      0   0.00    3.0  0.023    0.0  0.000      0      0      0      0      0
09/07/1990   6225     22   6203      0      0   3196      0    690      0    114      0      0      0   0.00   0.00      0   0.00    2.9  0.023    0.0  0.000      0      0      0      0      0
09/08/1990   6473     22   6451      0      0   3119      0    593      0     40      0      0      0   0.00   0.00      0   0.00    2.9  0.023    0.0  0.000      0      0      0      0      0
09/09/1990   6722     22   6700      0      0   3025      0    478      0      0      0      0      0   0.00   0.00      0   0.00    2.8  0.023    0.0  0.000      0      0      0      0      0
09/10/1990   6988     22   6966      0      0   2890      0    347      0      0      0      0      0   0.00   0.00      0   0.00    2.8  0.023    0.0  0.000      0      0      0      0      0
09/11/1990   7260     22   7238      0      0   2748      0    217      0      0      0      0      0   0.00   0.00      0   0.00    2.7  0.023    0.0  0.000      0      0      0      0      0
09/12/1990   7547     22   7116    409      0   2564      0    114      0      0      0      0      0   0.00   0.00      0   0.00    2.7  0.023    0.0  0.000      0      0      0      0      0
09/13/1990   7843     22   7004    817      0   2342      0     40      0     83      0      0      0   0.00   0.00      0   0.00    2.7  0.023    0.0  0.000      0      0      0      0      0
09/14/1990   8101     22   6854   1225      0   2124      0      0      0    217      0      0      0   0.00   0.00      0   0.00    2.7  0.023    0.0  0.000      0      0      0      0      0
09/15/1990   8327     20   6671   1636      0   1896      0      0      0    395      0      0      0   0.00   0.00      0   0.00    2.7  0.023    0.0  0.000      0      0      0      0      0
09/16/1990   8552     18   6478   2056      0   1669      0     83      0    528      0      0      0   0.00   0.00      0   0.00    2.8  0.022    0.0  0.000      0      0      0      0      0
09/17/1990   8780     16   6285   2479      0   1439      0    217      0    649      0      0      0   0.00   0.00      0   0.00    2.8  0.022    0.0  0.000      0      0      0      0      0
09/18/1990   9004     14   6088   2902      0   1213      0    395      0    749      0      0      0   0.00   0.00      0   0.00    2.9  0.021    0.0  0.000      0      0      0      0      0
09/19/1990   9219     12   5882   3325      0    996      0    611      0    833      0      0      0   0.00   0.00      0   0.00    3.0  0.020    0.0  0.000      0      0      0      0      0
09/20/1990   9409     10   5651   3748      0    804      0    866      1    919      0      0      0   0.00   0.00      0   0.00    3.2  0.019    0.0  0.000      0      0      0      0      0
09/21/1990   9578      8   5399   4171      0    716      0   1061      2   1007      0      0      0   0.00   0.00      0   0.00    3.3  0.018    0.0  0.000      0      0      0      0      0
09/22/1990   9731      6   5131   4594      0    695      0   1227      4   1069      0      0      0   0.00   0.00      0   0.00    3.5  0.018    0.0  0.000      0      0      0      0      0
09/23/1990   9860      4   4972   4884      0    742      1   1390      5   1085      0      0      0   0.00   0.00      0   0.00    3.7  0.017    0.0  0.000      0      0      0      0      0
09/24/1990   9988      2   4820   5166      0    828      2   1540      6   1108      0      0      0   0.00   0.00      0   0.00    3.9  0.016    0.0  0.000      0      0      0      0      0
09/25/1990  10089      0   4656   5433      0    980      4   1647      7   1141      0      0      0   0.00   0.00      0   0.00    4.1  0.015    0.0  0.000      0      0      0      0      0
09/26/1990   9754      0   4481   5273      0   1184      6   1726      8   1186      0      0      0   0.00   0.00      0   0.00    4.3  0.014    0.0  0.000      0      0      0      0      0
09/27/1990   9386      0   4264   5122      0   1444      8   1815      9   1195      0      0      0   0.00   0.00      0   0.00    4.5  0.014    0.0  0.000      0      0      0      0      0
09/28/1990   8978      0   4000   4978      0   1785     11   1869      9   1202      0      0      0   0.00   0.00      0   0.00    4.7  0.013    0.0  0.000      0      0      0      0      0
09/29/1990   8567      0   3752   4815      0   2151     14   1905      9   1216      0      0      0   0.00   0.00      0   0.00    4.9  0.013    0.0  0.000      0      0      0      0      0
09/30/1990   8147      0   3503   4644      1   2513     16   1941      9   1238      0      0      0   0.00   0.00      0   0.00    5.0  0.012    0.0  0.000      0      0      0      0      0
10/01/1990   7724      0   3237   4487      2   2870     18   1986      8   1254      0      0      0   0.00   0.00      0   0.00    5.2  0.012    0.0  0.000      0      0      0      0      0
10/02/1990   7301      0   2965   4336      4   3259     19   2013      7   1222      0      0      0   0.00   0.00      0   0.00    5.4  0.011    0.0  0.000      0      0      0      0      0
10/03/1990   6878      0   2678   4200      6   3654     20   2038      6   1182      0      0      0   0.00   0.00      0   0.00    5.6  0.011    0.0  0.000      0      0      0      0      0
10/04/1990   6538      0   2465   4073      8   3973     20   2054      6   1170      0      0      0   0.00   0.00      0   0.00    5.7  0.011    0.0  0.000      0      0      0      0      0
10/05/1990   6249      0   2341   3908     11   4237     19   2040      6   1154      0      0      0   0.00   0.00      0   0.00    5.9  0.010    0.0  0.000      0      0      0      0      0
10/06/1990   6004      0   2291   3713     14   4461     18   2018      5   1103      0      0      0   0.00   0.00      0   0.00    6.0  0.010    0.0  0.000      0      0      0      0      0
10/07/1990   5930      0   2280   3650     17   4661     17   2008      4    993      0      0      0   0.00   0.00      0   0.00    6.2  0.010    0.0  0.000      0      0      0      0      0
10/08/1990   5903      0   2305   3598     20   4826     16   1956      3    925      0      0      0   0.00   0.00      0   0.00    6.3  0.010    0.0  0.000      0      0      0      0      0
10/09/1990   5914      0   2357   3557     23   4966     14   1867      3    913      0      0      0   0.00   0.00      0   0.00    6.5  0.009    0.0  0.000      0      0      0      0      0
10/10/1990   5965      0   2440   3525     26   5050     12   1779      3    925      0      0      0   0.00   0.00      0   0.00    6.6  0.009    0.0  0.000      0      0      0      0      0
10/11/1990   6049      0   2589   3460     28   5089     11   1699      3    932      0      0      0   0.00   0.00      0   0.00    6.7  0.009    0.0  0.000      0      0      0      0      0
10/12/1990   6151      0   2784   3367     30   5129     10   1610      3    924      0      0      0   0.00   0.00      0   0.00    6.9  0.009    0.0  0.000      0      0      0      0      0
10/13/1990   6265      0   2991   3274     32   5135      9   1550      2    917      0      0      0   0.00   0.00      0   0.00    7.0  0.009    0.0  0.000      0      0      0      0      0
10/14/1990   6374      1   3217   3156     33   5107      8   1528      1    910      0      0      0   0.00   0.00      0   0.00    7.1  0.009    0.0  0.000      0      0      0      0      0
10/15/1990   6498      2   3476   3020     34   5014      7   1541      0    900      0      0      0   0.00   0.00      0   0.00    7.2  0.008    0.0  0.000      0      0      0      0      0
10/16/1990   6623      4   3768   2851     33   4919      6   1542      0    885      0      0      0   0.00   0.00      0   0.00    7.3  0.008    0.0  0.000      0      0      0      0      0
10/17/1990   6740      6   4096   2638     32   4834      5   1525      0    861      0      0      0   0.00   0.00      0   0.00    7.4  0.008    0.0  0.000      0      0      0      0      0
10/18/1990   6844      8   4454   2382     31   4744      4   1516      0    832      0      0      0   0.00   0.00      0   0.00    7.5  0.008    0.0  0.000      0      0      0      0      0
10/19/1990   6991     11   4856   2124     29   4649      3   1495      0    772      0      0      0   0.00   0.00      0   0.00    7.6  0.008    0.0  0.000      0      0      0      0      0
10/20/1990   7182     14   5272   1896     27   4542      2   1462      0    691      0      0      0   0.00   0.00      0   0.00    7.6  0.008    0.0  0.000      0      0      0      0      0
10/21/1990   7378     17   5692   1669     25   4423      1   1431      0    621      0      0      0   0.00   0.00      0   0.00    7.7  0.008    0.0  0.000      0      0      0      0      0
10/22/1990   7569     20   6110   1439     23   4305      0   1357      0    582      0      0      0   0.00   0.00      0   0.00    7.7  0.008    0.0  0.000      0      0      0      0      0
10/23/1990   7730     23   6494   1213     20   4220      0   1253      0    560      0      0      0   0.00   0.00      0   0.00    7.7  0.008    0.0  0.000      0      0      0      0      0
10/24/1990   7896     26   6874    996     17   4126      0   1167      0    522      0      0      0   0.00   0.00      0   0.00    7.7  0.008    0.0  0.000      0      0      0      0      0
10/25/1990   8112     28   7197    887     15   3996      0   1078      0    478      0      0      0   0.00   0.00      0   0.00    7.7  0.008    0.0  0.000      0      0      0      0      0
10/26/1990   8311     30   7431    850     13   3898      0    981      0    427      0      0      0   0.00   0.00      0   0.00    7.7  0.008    0.0  0.000      0      0      0      0      0
10/27/1990   8487     32   7582    873     11   3795      0    917      0    388      0      0      0   0.00   0.00      0   0.00    7.7  0.008    0.0  0.000      0      0      0      0      0
10/28/1990   8654     34   7662    958      9   3694      0    865      0    365      0      0      0   0.00   0.00      0   0.00    7.7  0.008    0.0  0.000      0      0      0      0      0
10/29/1990   8826     36   7707   1083      7   3594      0    787      0    370      0      0      0   0.00   0.00      0   0.00    7.7  0.008    0.0  0.000      0      0      0      0      0
10/30/1990   9041     37   7746   1258      6   3464      0    723      0    376      0      0      0   0.00   0.00      0   0.00    7.7  0.008    0.0  0.000      0      0      0      0      0
10/31/1990   9276     38   7754   1484      5   3329      0    670      0    392      0      0      0   0.00   0.00      0   0.00    7.7  0.008    0.0  0.000      0      0      0      0      0
11/01/1990   9536     39   7720   1777      4   3184      0    635      0    389      0      0      0   0.00   0.00      0   0.00    7.7  0.008    0.0  0.000      0      0      0      0      0
11/02/1990   9837     40   7663   2134      3   3018      0    621      0    390      0      0      0   0.00   0.00      0   0.00    7.7  0.008    0.0  0.000      0      0      0      0      0
11/03/1990  10129     41   7602   2486      2   2839      0    635      0    408      0      0      0   0.00   0.00      0   0.00    7.8  0.008    0.0  0.000      0      0      0      0      0
11/04/1990  10418     41   7545   2832      1   2662      0    636      0    471      0      0      0   0.00   0.00      0   0.00    7.9  0.008    0.0  0.000      0      0      0      0      0
11/05/1990  10705     41   7455   3209      0   2483      0    646      0    546      0      0      0   0.00   0.00      0   0.00    8.0  0.008    0.0  0.000      0      0      0      0      0
11/06/1990  10976     39   7346   3591      0   2324      0    673      0    577      0      0      0   0.00   0.00      0   0.00    8.1  0.008    0.0  0.000      0      0      0      0      0
11/07/1990  11236     37   7220   3979      0   2177      0    731      0    583      0      0      0   0.00   0.00      0   0.00    8.2  0.007    0.0  0.000      0      0      0      0      0
11/08/1990  11414     35   7092   4287      0   2043      0    800      0    610      0      0      0   0.00   0.00      0   0.00    8.4  0.007    0.0  0.000      0      0      0      0      0
11/09/1990  11497     32   6916   4549      0   1941      0    861      1    676      0      0      0   0.00   0.00      0   0.00    8.5  0.007    0.0  0.000      0      0      0      0      0
11/10/1990  11506     29   6695   4782      0   1876      0    924      2    748      0      0      0   0.00   0.00      0   0.00    8.7  0.007    0.0  0.000      0      0      0      0      0
11/11/1990  11483     26   6475   4982      0   1830      0   1002      3    799      0      0      0   0.00   0.00      0   0.00    8.9  0.007    0.0  0.000      0      0      0      0      0
11/12/1990  11409     23   6244   5142      0   1830      1   1066      4    848      0      0      0   0.00   0.00      0   0.00    9.1  0.007    0.0  0.000      0      0      0      0      0
11/13/1990  11299     20   6033   5246      0   1862      2   1126      5    899      0      0      0   0.00   0.00      0   0.00    9.2  0.007    0.0  0.000      0      0      0      0      0
11/14/1990  11157     17   5815   5325      0   1885      3   1224      5    893      0      0      0   0.00   0.00      0   0.00    9.4  0.006    0.0  0.000      0      0      0      0      0
11/15/1990  10957     15   5552   5390      0   1935      5   1331      4    858      0      0      0   0.00   0.00      0   0.00    9.6  0.006    0.0  0.000      0      0      0      0      0
11/16/1990  10711     13   5306   5392      0   2045      7   1415      4    835      0      0      0   0.00   0.00      0   0.00    9.8  0.006    0.0  0.000      0      0      0      0      0
11/17/1990  10470     11   5100   5359      0   2173      8   1441      5    865      0      0      0   0.00   0.00      0   0.00   10.1  0.006    0.0  0.000      0      0      0      0      0
11/18/1990  10231      9   4924   5298      0   2318      9   1441      6    885      0      0      0   0.00   0.00      0   0.00   10.3  0.006    0.0  0.000      0      0      0      0      0
11/19/1990   9967      7   4751   5209      1   2474     10   1451      6    882      0      0      0   0.00   0.00      0   0.00   10.5  0.006    0.0  0.000      0      0      0      0      0
11/20/1990  10081      6   4563   5512      2   2645     11   1458      5    787      0      0      0   0.00   0.00      0   0.00   10.7  0.006    0.0  0.000      0      0      0      0      0
11/21/1990   9822      5   4391   5426      3   2825     12   1427      4    692      0      0      0   0.00   0.00      0   0.00   10.9  0.006    0.0  0.000      0      0      0      0      0
11/22/1990   9160      4   4208   4948      5   2978     12   1440      3    605      0      0      0   0.00   0.00      0   0.00   11.1  0.006    0.0  0.000      0      0      0      0      0
11/23/1990   8887      3   4029   4855      7   3113     11   1387      2    590      0      0      0   0.00   0.00      0   0.00   11.3  0.005    0.0  0.000      0      0      0      0      0
11/24/1990   8624      2   3882   4740      8   3252     11   1284      1    598      0      0      0   0.00   0.00      0   0.00   11.4  0.005    0.0  0.000      0      0      0      0      0
11/25/1990   8796      1   3769   5026      9   3372     11   1180      1    613      0      0      0   0.00   0.00      0   0.00   11.4  0.005    0.0  0.000      0      0      0      0      0
11/26/1990   8986      0   3675   5311     11   3452      9   1092      1    567      0      0      0   0.00   0.00      0   0.00   11.4  0.005    0.0  0.000      0      0      0      0      0
11/27/1990   9157      0   3574   5583     13   3557      7   1000      1    507      0      0      0   0.00   0.00      0   0.00   11.4  0.005    0.0  0.000      0      0      0      0      0
11/28/1990   9336      0   3491   5845     15   3576      6   1006      0    456      0      0      0   0.00   0.00      0   0.00   11.6  0.005    0.0  0.000      0      0      0      0      0
11/29/1990   8751      0   3453   5298     17   3534      4    967      1    504      0      0      0   0.00   0.00      0   0.00   11.8  0.005    0.0  0.000      0      0      0      0      0
11/30/1990   8621      0   3478   5143     18   3486      3    902      2    562      0      0      0   0.00   0.00      0   0.00   12.0  0.005    0.0  0.000      0      0      0      0      0
12/01/1990   8872      0   3548   5324     19   3418      2    872      2    556      0      0      0   0.00   0.00      0   0.00   12.2  0.005    0.0  0.000      0      0      0      0      0
12/02/1990   9141      0   3631   5510     20   3333      2    873      1    495      0      0      0   0.00   0.00      0   0.00   12.2  0.005    0.0  0.000      0      0      0      0      0
12/03/1990   9067      1   3744   5322     19   3251      3    851      0    458      0      0      0   0.00   0.00      0   0.00   12.4  0.005    0.0  0.000      0      0      0      0      0
12/04/1990   8983      2   3887   5094     18   3086      3    861      0    471      0      0      0   0.00   0.00      0   0.00   12.6  0.005    0.0  0.000      0      0      0      0      0
12/05/1990   9247      3   4002   5242     18   2947      2    861      0    470      0      0      0   0.00   0.00      0   0.00   12.6  0.005    0.0  0.000      0      0      0      0      0
12/06/1990   9152      5   4124   5023     16   2849      2    853      0    479      0      0      0   0.00   0.00      0   0.00   12.8  0.005    0.0  0.000      0      0      0      0      0
12/07/1990   8847      7   4295   4545     14   2755      2    828      0    483      0      0      0   0.00   0.00      0   0.00   13.0  0.005    0.0  0.000      0      0      0      0      0
12/08/1990   8860      8   4479   4373     13   2644      2    769      0    514      0      0      0   0.00   0.00      0   0.00   13.2  0.005    0.0  0.000      0      0      0      0      0
12/09/1990   8833      9   4644   4180     13   2520      1    776      0    518      0      0      0   0.00   0.00      0   0.00   13.3  0.005    0.0  0.000      0      0      0      0      0
12/10/1990   8821     11   4807   4003     12   2368      0    816      0    561      0      0      0   0.00   0.00      0   0.00   13.5  0.004    0.0  0.000      0      0      0      0      0
12/11/1990   8733     13   4890   3830     10   2315      0    825      0    607      0      0      0   0.00   0.00      0   0.00   13.6  0.004    0.0  0.000      0      0      0      0      0
12/12/1990   8911     15   4944   3952      8   2299      0    823      0    626      0      0      0   0.00   0.00      0   0.00   13.6  0.004    0.0  0.000      0      0      0      0      0
12/13/1990   9102     17   5023   4062      6   2233      0    907      0    574      0      0      0   0.00   0.00      0   0.00   13.7  0.004    0.0  0.000      0      0      0      0      0
12/14/1990   9286     18   5090   4178      5   2204      0    953      0    438      0      0      0   0.00   0.00      0   0.00   13.7  0.004    0.0  0.000      0      0      0      0      0
12/15/1990   9471     19   5134   4318      4   2184      0    966      0    348      0      0      0   0.00   0.00      0   0.00   13.6  0.004    0.0  0.000      0      0      0      0      0
12/16/1990   9676     20   5165   4491      3   2134      0    967      0    271      0      0      0   0.00   0.00      0   0.00   13.6  0.004    0.0  0.000      0      0      0      0      0
12/17/1990   9813     20   5111   4682      3   2155      0    873      0    301      0      0      0   0.00   0.00      0   0.00   13.6  0.004    0.0  0.000      0      0      0      0      0
12/18/1990   9937     20   5064   4853      3   2238      0    753      0    324      0      0      0   0.00   0.00      0   0.00   13.5  0.004    0.0  0.000      0      0      0      0      0
12/19/1990  10091     21   5038   5032      2   2285      0    631      0    341      0      0      0   0.00   0.00      0   0.00   13.5  0.004    0.0  0.000      0      0      0      0      0
12/20/1990  10275     21   5005   5249      2   2277      0    548      0    270      0      0      0   0.00   0.00      0   0.00   13.5  0.004    0.0  0.000      0      0      0      0      0
12/21/1990  10456     21   4950   5485      2   2250      0    503      0    146      0      0      0   0.00   0.00      0   0.00   13.4  0.004    0.0  0.000      0      0      0      0      0
12/22/1990  10602     21   4846   5735      2   2167      0    534      0     37      0      0      0   0.00   0.00      0   0.00   13.4  0.004    0.0  0.000      0      0      0      0      0
12/23/1990  10726     22   4701   6003      1   2130      0    470      0      0      0      0      0   0.00   0.00      0   0.00   13.4  0.004    0.0  0.000      0      0      0      0      0
12/24/1990  10870     22   4560   6288      0   2063      0    378      0      0      0      0      0   0.00   0.00      0   0.00   13.3  0.004    0.0  0.000      0      0      0      0      0
12/25/1990  11028     21   4418   6589      0   1997      0    270      0     23      0      0      0   0.00   0.00      0   0.00   13.3  0.004    0.0  0.000      0      0      0      0      0
12/26/1990  11148     20   4278   6850      0   1984      0    146      0     80      0      0      0   0.00   0.00      0   0.00   13.3  0.004    0.0  0.000      0      0      0      0      0
12/27/1990  11298     18   4181   7099      0   1925      0     37      0    160      0      0      0   0.00   0.00      0   0.00   13.2  0.004    0.0  0.000      0      0      0      0      0
12/28/1990  11458     16   4066   7376      0   1784      0     23      0    232      0      0      0   0.00   0.00      0   0.00   13.2  0.004    0.0  0.000      0      0      0      0      0
12/29/1990  11609     15   3927   7667      0   1616      0     80      0    216      0      0      0   0.00   0.00      0   0.00   13.2  0.004    0.0  0.000      0      0      0      0      0
12/30/1990  11764     14   3814   7936      0   1444      0    160      0    207      0      0      0   0.00   0.00      0   0.00   13.2  0.004    0.0  0.000      0      0      0      0      0
12/31/1990  11966     12   3745   8209      0   1223      0    255      0    187      0      0      0   0.00   0.00      0   0.00   13.1  0.004    0.0  0.000      0      0      0      0      0
