Varroa Population Simulation - Nov 23,2015  02:35:54 PM
VarroaPop Version 3.2.5.8  June, 2015

                                        Capped  Capped                                                                      Prop           Conc          Conc                                     
            Colony  Adult  Adult         Drone   Wkr    Drone  Wkr    Drone  Wkr  Free   DBrood WBrood DMite  WMite  Mites  Mites  Colony Pollen Colony Nectar   Dead   Dead   Dead   Dead   Dead
     Date   Size   Drones   Wkr   Forgrs Brood  Brood   Larv   Larv    Eggs  Eggs Mites  Mites  Mites  /Cell  /Cell  Dying  Dying  Pollen  Pest  Nectar  Pest    DLarv  WLarv  DAdlt  WAdlt  Forgrs
Initial     10000      0   6993   3007      0      0      0      0      0      0      0      0      0   0.00   0.00      0   0.00    0.0  0.000    0.0  0.000      0      0      0      0      0
08/01/1990   9667      0   6660   3007      0      0      0      0      0    353      0      0      0   0.00   0.00      0   0.00    0.1  0.000    0.0  0.000      0      0      0      0      0
08/02/1990   9334      0   6327   3007      0      0      0      0      0    706      0      0      0   0.00   0.00      0   0.00    0.2  0.000    0.0  0.000      0      0      0      0      0
08/03/1990   9001      0   5994   3007      0      0      0      0      0   1058      0      0      0   0.00   0.00      0   0.00    0.3  0.000    0.0  0.000      0      0      0      0      0
08/04/1990   8668      0   5661   3007      0      0      0    353      0   1060      0      0      0   0.00   0.00      0   0.00    0.4  0.000    0.0  0.000      0      0      0      0      0
08/05/1990   8335      0   5328   3007      0      0      0    706      0   1070      0      0      0   0.00   0.00      0   0.00    0.5  0.000    0.0  0.000      0      0      0      0      0
08/06/1990   8002      0   4995   3007      0      0      0   1058      0   1083      0      0      0   0.00   0.00      0   0.00    0.6  0.000    0.0  0.000      0      0      0      0      0
08/07/1990   7669      0   4662   3007      0      0      0   1413      0   1093      0      0      0   0.00   0.00      0   0.00    0.7  0.000    0.0  0.000      0      0      0      0      0
08/08/1990   7336      0   4329   3007      0      0      0   1776      0   1095      0      0      0   0.00   0.00      0   0.00    0.8  0.000    0.0  0.000      0      0      0      0      0
08/09/1990   6993      0   3996   2997      0    353      0   1788      0   1095      0      0      0   0.00   0.00      0   0.00    0.9  0.000    0.0  0.000      0      0      0      0      0
08/10/1990   6660      0   3663   2997      0    706      0   1800      0   1095      0      0      0   0.00   0.00      0   0.00    1.0  0.000    0.0  0.000      0      0      0      0      0
08/11/1990   6327      0   3330   2997      0   1058      0   1813      0   1095      0      0      0   0.00   0.00      0   0.00    1.1  0.001    0.0  0.000      0      0      0      0      0
08/12/1990   5994      0   2997   2997      0   1413      0   1823      0   1094      0      0      0   0.00   0.00      0   0.00    1.2  0.002    0.0  0.000      0      0      0      0      0
08/13/1990   5661      0   2664   2997      0   1776      0   1825      0   1085      0      0      0   0.00   0.00      0   0.00    1.3  0.002    0.0  0.000      0      0      0      0      0
08/14/1990   5328      0   2331   2997      0   2141      0   1825      0   1057      0      0      0   0.00   0.00      0   0.00    1.4  0.002    0.0  0.000      0      0      0      0      0
08/15/1990   4995      0   1998   2997      0   2506      0   1824      0   1006      0      0      0   0.00   0.00      0   0.00    1.5  0.002    0.0  0.000      0      0      0      0      0
08/16/1990   4662      0   1665   2997      0   2871      0   1815      0    969      0      0      0   0.00   0.00      0   0.00    1.6  0.002    0.0  0.000      0      0      0      0      0
08/17/1990   4329      0   1332   2997      0   3236      0   1787      0    958      0      0      0   0.00   0.00      0   0.00    1.8  0.001    0.0  0.000      0      0      0      0      0
08/18/1990   3996      0    999   2997      0   3601      0   1735      0    947      0      0      0   0.00   0.00      0   0.00    1.9  0.001    0.0  0.000      0      0      0      0      0
08/19/1990   3663      0    666   2997      0   3966      0   1689      0    929      0      0      0   0.00   0.00      0   0.00    2.0  0.001    0.0  0.000      0      0      0      0      0
08/20/1990   3330      0    333   2997      0   4330      0   1651      0    920      0      0      0   0.00   0.00      0   0.00    2.2  0.001    0.0  0.000      0      0      0      0      0
08/21/1990   2997      0      0   2997      0   4686      0   1597      0    941      0      0      0   0.00   0.00      0   0.00    2.3  0.001    0.0  0.000      0      0      0      0      0
08/22/1990   3017      0    353   2664      0   4670      0   1561      0    977      0      0      0   0.00   0.00      0   0.00    2.4  0.001    0.0  0.000      0      0      0      0      0
08/23/1990   3037      0    706   2331      0   4630      0   1565      0    983      0      0      0   0.00   0.00      0   0.00    2.5  0.001    0.0  0.000      0      0      0      0      0
08/24/1990   3056      0   1058   1998      0   4597      0   1569      0    931      0      0      0   0.00   0.00      0   0.00    2.6  0.001    0.0  0.000      0      0      0      0      0
08/25/1990   3078      0   1413   1665      0   4568      0   1580      0    822      0      0      0   0.00   0.00      0   0.00    2.7  0.001    0.0  0.000      0      0      0      0      0
08/26/1990   3108      0   1776   1332      0   4507      0   1601      0    711      0      0      0   0.00   0.00      0   0.00    2.7  0.001    0.0  0.000      0      0      0      0      0
08/27/1990   3140      0   2141    999      0   4443      0   1571      0    633      0      0      0   0.00   0.00      0   0.00    2.7  0.001    0.0  0.000      0      0      0      0      0
08/28/1990   3172      0   2506    666      0   4395      0   1482      0    569      0      0      0   0.00   0.00      0   0.00    2.8  0.001    0.0  0.000      0      0      0      0      0
08/29/1990   3204      0   2871    333      0   4353      0   1371      0    481      0      0      0   0.00   0.00      0   0.00    2.8  0.001    0.0  0.000      0      0      0      0      0
08/30/1990   3236      0   3236      0      0   4325      0   1227      0    355      0      0      0   0.00   0.00      0   0.00    2.7  0.001    0.0  0.000      0      0      0      0      0
08/31/1990   3601      0   3601      0      0   4283      0   1068      0    191      0      0      0   0.00   0.00      0   0.00    2.7  0.001    0.0  0.000      0      0      0      0      0
09/01/1990   3966      0   3966      0      0   4189      0    921      0     67      0      0      0   0.00   0.00      0   0.00    2.7  0.001    0.0  0.000      0      0      0      0      0
09/02/1990   4330      0   4330      0      0   4053      0    760      0      0      0      0      0   0.00   0.00      0   0.00    2.7  0.001    0.0  0.000      0      0      0      0      0
09/03/1990   4686      0   4686      0      0   3909      0    548      0      0      0      0      0   0.00   0.00      0   0.00    2.6  0.001    0.0  0.000      0      0      0      0      0
09/04/1990   5023      0   5023      0      0   3765      0    355      0      0      0      0      0   0.00   0.00      0   0.00    2.6  0.001    0.0  0.000      0      0      0      0      0
09/05/1990   5336      0   5336      0      0   3616      0    191      0      0      0      0      0   0.00   0.00      0   0.00    2.6  0.001    0.0  0.000      0      0      0      0      0
09/06/1990   5655      0   5655      0      0   3421      0     67      0      0      0      0      0   0.00   0.00      0   0.00    2.5  0.001    0.0  0.000      0      0      0      0      0
09/07/1990   5981      0   5981      0      0   3162      0      0      0      0      0      0      0   0.00   0.00      0   0.00    2.5  0.001    0.0  0.000      0      0      0      0      0
09/08/1990   6283      0   6283      0      0   2860      0      0      0      0      0      0      0   0.00   0.00      0   0.00    2.5  0.001    0.0  0.000      0      0      0      0      0
09/09/1990   6584      0   6584      0      0   2559      0      0      0      0      0      0      0   0.00   0.00      0   0.00    2.4  0.001    0.0  0.000      0      0      0      0      0
09/10/1990   6901      0   6901      0      0   2242      0      0      0      0      0      0      0   0.00   0.00      0   0.00    2.4  0.001    0.0  0.000      0      0      0      0      0
09/11/1990   7224      0   7224      0      0   1919      0      0      0      0      0      0      0   0.00   0.00      0   0.00    2.3  0.001    0.0  0.000      0      0      0      0      0
09/12/1990   7561      0   7208    353      0   1582      0      0      0      0      0      0      0   0.00   0.00      0   0.00    2.3  0.001    0.0  0.000      0      0      0      0      0
09/13/1990   7884      0   7178    706      0   1259      0      0      0     73      0      0      0   0.00   0.00      0   0.00    2.3  0.001    0.0  0.000      0      0      0      0      0
09/14/1990   8155      0   7097   1058      0    988      0      0      0    192      0      0      0   0.00   0.00      0   0.00    2.3  0.001    0.0  0.000      0      0      0      0      0
09/15/1990   8383      0   6970   1413      0    760      0      0      0    353      0      0      0   0.00   0.00      0   0.00    2.3  0.001    0.0  0.000      0      0      0      0      0
09/16/1990   8595      0   6819   1776      0    548      0     73      0    477      0      0      0   0.00   0.00      0   0.00    2.3  0.001    0.0  0.000      0      0      0      0      0
09/17/1990   8788      0   6647   2141      0    355      0    192      0    591      0      0      0   0.00   0.00      0   0.00    2.4  0.001    0.0  0.000      0      0      0      0      0
09/18/1990   8952      0   6446   2506      0    191      0    353      0    686      0      0      0   0.00   0.00      0   0.00    2.4  0.001    0.0  0.000      0      0      0      0      0
09/19/1990   9076      0   6205   2871      0     67      0    550      0    766      0      0      0   0.00   0.00      0   0.00    2.5  0.001    0.0  0.000      0      0      0      0      0
09/20/1990   9143      0   5907   3236      0      0      0    783      0    849      0      0      0   0.00   0.00      0   0.00    2.6  0.001    0.0  0.000      0      0      0      0      0
09/21/1990   8790      0   5542   3248      0     73      0    966      1    932      0      0      0   0.00   0.00      0   0.00    2.7  0.001    0.0  0.000      0      0      0      0      0
09/22/1990   8437      0   5177   3260      0    192      0   1124      1    975      0      0      0   0.00   0.00      0   0.00    2.8  0.001    0.0  0.000      0      0      0      0      0
09/23/1990   8085      0   4813   3272      0    353      0   1279      1    960      0      0      0   0.00   0.00      0   0.00    2.9  0.001    0.0  0.000      0      0      0      0      0
09/24/1990   7730      0   4457   3273      0    550      1   1421      0    940      0      0      0   0.00   0.00      0   0.00    3.1  0.001    0.0  0.000      0      0      0      0      0
09/25/1990   7367      0   4120   3247      0    783      1   1508      0    937      0      0      0   0.00   0.00      0   0.00    3.2  0.001    0.0  0.000      0      0      0      0      0
09/26/1990   7002      0   3807   3195      0   1039      1   1553      0    951      0      0      0   0.00   0.00      0   0.00    3.3  0.001    0.0  0.000      0      0      0      0      0
09/27/1990   6637      0   3488   3149      0   1316      1   1595      0    944      0      0      0   0.00   0.00      0   0.00    3.4  0.001    0.0  0.000      0      0      0      0      0
09/28/1990   6272      0   3162   3110      0   1632      1   1596      0    944      0      0      0   0.00   0.00      0   0.00    3.5  0.001    0.0  0.000      0      0      0      0      0
09/29/1990   5907      0   2860   3047      0   1971      1   1572      0    959      0      0      0   0.00   0.00      0   0.00    3.6  0.001    0.0  0.000      0      0      0      0      0
09/30/1990   5542      0   2559   2983      0   2291      1   1564      0    982      0      0      0   0.00   0.00      0   0.00    3.7  0.001    0.0  0.000      0      0      0      0      0
10/01/1990   5177      0   2242   2935      1   2592      0   1580      0    999      0      0      0   0.00   0.00      0   0.00    3.9  0.001    0.0  0.000      0      0      0      0      0
10/02/1990   4813      0   1919   2894      1   2911      0   1591      0    979      0      0      0   0.00   0.00      0   0.00    4.0  0.001    0.0  0.000      0      0      0      0      0
10/03/1990   4457      0   1582   2875      1   3228      0   1609      0    954      0      0      0   0.00   0.00      0   0.00    4.1  0.001    0.0  0.000      0      0      0      0      0
10/04/1990   4193      0   1332   2861      1   3470      0   1628      0    954      0      0      0   0.00   0.00      0   0.00    4.2  0.001    0.0  0.000      0      0      0      0      0
10/05/1990   3999      0   1180   2819      1   3663      0   1626      0    951      0      0      0   0.00   0.00      0   0.00    4.3  0.000    0.0  0.000      0      0      0      0      0
10/06/1990   3841      0   1113   2728      1   3819      0   1619      0    919      0      0      0   0.00   0.00      0   0.00    4.4  0.000    0.0  0.000      0      0      0      0      0
10/07/1990   3712      0   1098   2614      1   3952      0   1623      0    837      0      0      0   0.00   0.00      0   0.00    4.5  0.000    0.0  0.000      0      0      0      0      0
10/08/1990   3643      0   1138   2505      1   4054      0   1595      0    781      0      0      0   0.00   0.00      0   0.00    4.6  0.000    0.0  0.000      0      0      0      0      0
10/09/1990   3598      0   1230   2368      1   4132      0   1539      0    765      0      0      0   0.00   0.00      0   0.00    4.7  0.000    0.0  0.000      0      0      0      0      0
10/10/1990   3558      0   1383   2175      1   4165      0   1481      0    761      0      0      0   0.00   0.00      0   0.00    4.8  0.000    0.0  0.000      0      0      0      0      0
10/11/1990   3551      0   1632   1919      1   4159      0   1422      0    747      0      0      0   0.00   0.00      0   0.00    4.9  0.000    0.0  0.000      0      0      0      0      0
10/12/1990   3553      0   1971   1582      1   4154      0   1350      0    707      0      0      0   0.00   0.00      0   0.00    5.0  0.000    0.0  0.000      0      0      0      0      0
10/13/1990   3550      0   2291   1259      1   4141      0   1291      0    653      0      0      0   0.00   0.00      0   0.00    5.0  0.000    0.0  0.000      0      0      0      0      0
10/14/1990   3580      0   2592    988      1   4118      0   1250      0    585      0      0      0   0.00   0.00      0   0.00    5.0  0.000    0.0  0.000      0      0      0      0      0
10/15/1990   3672      1   2911    760      0   4051      0   1220      0    507      0      0      0   0.00   0.00      0   0.00    5.1  0.000    0.0  0.000      0      0      0      0      0
10/16/1990   3777      1   3228    548      0   3985      0   1163      0    429      0      0      0   0.00   0.00      0   0.00    5.1  0.000    0.0  0.000      0      0      0      0      0
10/17/1990   3899      1   3543    355      0   3932      0   1070      0    349      0      0      0   0.00   0.00      0   0.00    5.1  0.000    0.0  0.000      0      0      0      0      0
10/18/1990   4047      1   3855    191      0   3868      0    966      0    268      0      0      0   0.00   0.00      0   0.00    5.0  0.000    0.0  0.000      0      0      0      0      0
10/19/1990   4240      1   4172     67      0   3788      0    845      0    184      0      0      0   0.00   0.00      0   0.00    5.0  0.000    0.0  0.000      0      0      0      0      0
10/20/1990   4503      1   4502      0      0   3680      0    712      0    106      0      0      0   0.00   0.00      0   0.00    5.0  0.000    0.0  0.000      0      0      0      0      0
10/21/1990   4838      1   4837      0      0   3539      0    581      0     43      0      0      0   0.00   0.00      0   0.00    5.0  0.000    0.0  0.000      0      0      0      0      0
10/22/1990   5172      1   5171      0      0   3374      0    444      0     11      0      0      0   0.00   0.00      0   0.00    4.9  0.000    0.0  0.000      0      0      0      0      0
10/23/1990   5482      1   5481      0      0   3208      0    311      0      0      0      0      0   0.00   0.00      0   0.00    4.9  0.000    0.0  0.000      0      0      0      0      0
10/24/1990   5792      1   5791      0      0   3014      0    195      0      0      0      0      0   0.00   0.00      0   0.00    4.9  0.000    0.0  0.000      0      0      0      0      0
10/25/1990   6126      1   6052     73      0   2769      0    106      0      0      0      0      0   0.00   0.00      0   0.00    4.8  0.000    0.0  0.000      0      0      0      0      0
10/26/1990   6433      1   6240    192      0   2525      0     43      0     12      0      0      0   0.00   0.00      0   0.00    4.8  0.000    0.0  0.000      0      0      0      0      0
10/27/1990   6711      1   6357    353      0   2279      0     11      0     46      0      0      0   0.00   0.00      0   0.00    4.8  0.000    0.0  0.000      0      0      0      0      0
10/28/1990   6963      1   6412    550      0   2038      0      0      0    103      0      0      0   0.00   0.00      0   0.00    4.7  0.000    0.0  0.000      0      0      0      0      0
10/29/1990   7214      1   6430    783      0   1787      0     12      0    174      0      0      0   0.00   0.00      0   0.00    4.7  0.000    0.0  0.000      0      0      0      0      0
10/30/1990   7476      1   6436   1039      0   1525      0     46      0    241      0      0      0   0.00   0.00      0   0.00    4.7  0.000    0.0  0.000      0      0      0      0      0
10/31/1990   7724      1   6407   1316      0   1277      0    103      0    303      0      0      0   0.00   0.00      0   0.00    4.7  0.000    0.0  0.000      0      0      0      0      0
11/01/1990   7953      1   6328   1624      0   1040      0    186      0    334      0      0      0   0.00   0.00      0   0.00    4.8  0.000    0.0  0.000      0      0      0      0      0
11/02/1990   8166      1   6211   1954      0    818      0    287      0    356      0      0      0   0.00   0.00      0   0.00    4.8  0.000    0.0  0.000      0      0      0      0      0
11/03/1990   8280      1   6085   2194      0    636      0    394      0    383      0      0      0   0.00   0.00      0   0.00    4.9  0.000    0.0  0.000      0      0      0      0      0
11/04/1990   8324      1   5953   2370      0    501      0    474      0    442      0      0      0   0.00   0.00      0   0.00    4.9  0.000    0.0  0.000      0      0      0      0      0
11/05/1990   8301      0   5778   2523      0    414      0    540      0    506      0      0      0   0.00   0.00      0   0.00    5.0  0.000    0.0  0.000      0      0      0      0      0
11/06/1990   8216      0   5577   2639      0    381      0    603      0    523      0      0      0   0.00   0.00      0   0.00    5.1  0.000    0.0  0.000      0      0      0      0      0
11/07/1990   8069      0   5351   2718      0    393      0    675      0    514      0      0      0   0.00   0.00      0   0.00    5.2  0.000    0.0  0.000      0      0      0      0      0
11/08/1990   7874      0   5102   2772      0    449      0    743      0    517      0      0      0   0.00   0.00      0   0.00    5.3  0.000    0.0  0.000      0      0      0      0      0
11/09/1990   7628      0   4817   2811      0    531      0    792      0    556      0      0      0   0.00   0.00      0   0.00    5.4  0.000    0.0  0.000      0      0      0      0      0
11/10/1990   7323      0   4498   2825      0    643      0    833      0    600      0      0      0   0.00   0.00      0   0.00    5.5  0.000    0.0  0.000      0      0      0      0      0
11/11/1990   6984      0   4163   2821      0    789      0    877      0    626      0      0      0   0.00   0.00      0   0.00    5.5  0.000    0.0  0.000      0      0      0      0      0
11/12/1990   6664      0   3829   2835      0    962      0    906      0    650      0      0      0   0.00   0.00      0   0.00    5.6  0.000    0.0  0.000      0      0      0      0      0
11/13/1990   6363      0   3519   2844      0   1149      0    927      0    677      0      0      0   0.00   0.00      0   0.00    5.7  0.000    0.0  0.000      0      0      0      0      0
11/14/1990   6044      0   3209   2835      0   1312      0    980      0    665      0      0      0   0.00   0.00      0   0.00    5.9  0.000    0.0  0.000      0      0      0      0      0
11/15/1990   5727      0   2875   2852      0   1476      0   1042      0    633      0      0      0   0.00   0.00      0   0.00    6.0  0.000    0.0  0.000      0      0      0      0      0
11/16/1990   5424      0   2580   2844      0   1654      0   1087      0    612      0      0      0   0.00   0.00      0   0.00    6.1  0.000    0.0  0.000      0      0      0      0      0
11/17/1990   5146      0   2336   2810      0   1822      0   1089      0    632      0      0      0   0.00   0.00      0   0.00    6.2  0.000    0.0  0.000      0      0      0      0      0
11/18/1990   4886      0   2141   2745      0   1973      0   1075      0    646      0      0      0   0.00   0.00      0   0.00    6.3  0.000    0.0  0.000      0      0      0      0      0
11/19/1990   4639      0   1973   2666      0   2106      0   1073      0    641      0      0      0   0.00   0.00      0   0.00    6.4  0.000    0.0  0.000      0      0      0      0      0
11/20/1990   4731      0   1812   2919      0   2231      0   1071      0    569      0      0      0   0.00   0.00      0   0.00    6.5  0.000    0.0  0.000      0      0      0      0      0
11/21/1990   4516      0   1683   2833      0   2347      0   1044      0    501      0      0      0   0.00   0.00      0   0.00    6.6  0.000    0.0  0.000      0      0      0      0      0
11/22/1990   3996      0   1560   2436      0   2437      0   1049      0    439      0      0      0   0.00   0.00      0   0.00    6.7  0.000    0.0  0.000      0      0      0      0      0
11/23/1990   3809      0   1461   2348      0   2508      0   1007      0    423      0      0      0   0.00   0.00      0   0.00    6.8  0.000    0.0  0.000      0      0      0      0      0
11/24/1990   3621      0   1413   2208      0   2576      0    933      0    419      0      0      0   0.00   0.00      0   0.00    6.9  0.000    0.0  0.000      0      0      0      0      0
11/25/1990   3785      0   1417   2368      0   2627      0    856      0    419      0      0      0   0.00   0.00      0   0.00    6.9  0.000    0.0  0.000      0      0      0      0      0
11/26/1990   3963      0   1460   2503      0   2648      0    784      0    385      0      0      0   0.00   0.00      0   0.00    6.9  0.000    0.0  0.000      0      0      0      0      0
11/27/1990   4117      0   1507   2610      0   2694      0    711      0    344      0      0      0   0.00   0.00      0   0.00    6.9  0.000    0.0  0.000      0      0      0      0      0
11/28/1990   4272      0   1582   2690      0   2682      0    706      0    311      0      0      0   0.00   0.00      0   0.00    7.0  0.000    0.0  0.000      0      0      0      0      0
11/29/1990   3893      0   1709   2184      0   2632      0    668      0    345      0      0      0   0.00   0.00      0   0.00    7.1  0.000    0.0  0.000      0      0      0      0      0
11/30/1990   3846      0   1879   1967      0   2577      0    616      0    374      0      0      0   0.00   0.00      0   0.00    7.1  0.000    0.0  0.000      0      0      0      0      0
12/01/1990   4045      0   2076   1969      0   2505      0    594      0    356      0      0      0   0.00   0.00      0   0.00    7.2  0.000    0.0  0.000      0      0      0      0      0
12/02/1990   4252      0   2292   1960      0   2425      0    594      0    302      0      0      0   0.00   0.00      0   0.00    7.2  0.000    0.0  0.000      0      0      0      0      0
12/03/1990   4232      0   2518   1714      0   2346      0    571      0    271      0      0      0   0.00   0.00      0   0.00    7.3  0.000    0.0  0.000      0      0      0      0      0
12/04/1990   4210      0   2753   1457      0   2213      0    565      0    269      0      0      0   0.00   0.00      0   0.00    7.3  0.000    0.0  0.000      0      0      0      0      0
12/05/1990   4406      0   2957   1449      0   2104      0    552      0    255      0      0      0   0.00   0.00      0   0.00    7.3  0.000    0.0  0.000      0      0      0      0      0
12/06/1990   4359      0   3151   1208      0   2024      0    531      0    244      0      0      0   0.00   0.00      0   0.00    7.3  0.000    0.0  0.000      0      0      0      0      0
12/07/1990   4137      0   3353    784      0   1946      0    489      0    229      0      0      0   0.00   0.00      0   0.00    7.3  0.000    0.0  0.000      0      0      0      0      0
12/08/1990   3746      0   3543    203      0   1846      0    433      0    217      0      0      0   0.00   0.00      0   0.00    7.3  0.000    0.0  0.000      0      0      0      0      0
12/09/1990   3869      0   3694    175      0   1734      0    419      0    153      0      0      0   0.00   0.00      0   0.00    7.3  0.000    0.0  0.000      0      0      0      0      0
12/10/1990   4020      0   3820    200      0   1607      0    416      0     95      0      0      0   0.00   0.00      0   0.00    7.3  0.000    0.0  0.000      0      0      0      0      0
12/11/1990   4145      0   3871    274      0   1548      0    379      0     62      0      0      0   0.00   0.00      0   0.00    7.3  0.000    0.0  0.000      0      0      0      0      0
12/12/1990   4279      0   3892    387      0   1502      0    303      0     72      0      0      0   0.00   0.00      0   0.00    7.3  0.000    0.0  0.000      0      0      0      0      0
12/13/1990   4420      0   3925    495      0   1423      0    256      0     85      0      0      0   0.00   0.00      0   0.00    7.3  0.000    0.0  0.000      0      0      0      0      0
12/14/1990   4551      0   3938    613      0   1369      0    197      0     81      0      0      0   0.00   0.00      0   0.00    7.2  0.000    0.0  0.000      0      0      0      0      0
12/15/1990   4682      0   3928    754      0   1312      0    146      0     81      0      0      0   0.00   0.00      0   0.00    7.2  0.000    0.0  0.000      0      0      0      0      0
12/16/1990   4824      0   3902    922      0   1221      0    124      0     77      0      0      0   0.00   0.00      0   0.00    7.2  0.000    0.0  0.000      0      0      0      0      0
12/17/1990   4921      0   3817   1104      0   1137      0    125      0     99      0      0      0   0.00   0.00      0   0.00    7.1  0.000    0.0  0.000      0      0      0      0      0
12/18/1990   5011      0   3749   1262      0   1063      0    132      0    124      0      0      0   0.00   0.00      0   0.00    7.1  0.000    0.0  0.000      0      0      0      0      0
12/19/1990   5121      0   3699   1422      0    972      0    139      0    145      0      0      0   0.00   0.00      0   0.00    7.1  0.000    0.0  0.000      0      0      0      0      0
12/20/1990   5253      0   3645   1608      0    864      0    152      0    122      0      0      0   0.00   0.00      0   0.00    7.1  0.000    0.0  0.000      0      0      0      0      0
12/21/1990   5372      0   3567   1805      0    774      0    171      0     69      0      0      0   0.00   0.00      0   0.00    7.0  0.000    0.0  0.000      0      0      0      0      0
12/22/1990   5463      0   3455   2008      0    697      0    203      0     18      0      0      0   0.00   0.00      0   0.00    7.0  0.000    0.0  0.000      0      0      0      0      0
12/23/1990   5540      0   3321   2219      0    643      0    193      0      0      0      0      0   0.00   0.00      0   0.00    7.0  0.000    0.0  0.000      0      0      0      0      0
12/24/1990   5628      0   3188   2440      0    580      0    163      0      0      0      0      0   0.00   0.00      0   0.00    7.0  0.000    0.0  0.000      0      0      0      0      0
12/25/1990   5717      0   3047   2670      0    527      0    122      0     14      0      0      0   0.00   0.00      0   0.00    6.9  0.000    0.0  0.000      0      0      0      0      0
12/26/1990   5780      0   2911   2869      0    512      0     69      0     51      0      0      0   0.00   0.00      0   0.00    6.9  0.000    0.0  0.000      0      0      0      0      0
12/27/1990   5857      0   2799   3058      0    481      0     18      0    104      0      0      0   0.00   0.00      0   0.00    6.9  0.000    0.0  0.000      0      0      0      0      0
12/28/1990   5930      0   2664   3266      0    420      0     14      0    153      0      0      0   0.00   0.00      0   0.00    6.9  0.000    0.0  0.000      0      0      0      0      0
12/29/1990   5980      0   2496   3484      0    364      0     51      0    144      0      0      0   0.00   0.00      0   0.00    6.9  0.000    0.0  0.000      0      0      0      0      0
12/30/1990   5992      0   2306   3686      0    346      0    104      0    141      0      0      0   0.00   0.00      0   0.00    6.9  0.000    0.0  0.000      0      0      0      0      0
12/31/1990   6007      0   2118   3889      0    325      0    167      0    131      0      0      0   0.00   0.00      0   0.00    6.8  0.000    0.0  0.000      0      0      0      0      0
