Varroa Population Simulation - Nov 24,2015  04:10:13 PM
VarroaPop Version 3.2.5.8  June, 2015

                                        Capped  Capped                                                                      Prop           Conc          Conc                                     
            Colony  Adult  Adult         Drone   Wkr    Drone  Wkr    Drone  Wkr  Free   DBrood WBrood DMite  WMite  Mites  Mites  Colony Pollen Colony Nectar   Dead   Dead   Dead   Dead   Dead
     Date   Size   Drones   Wkr   Forgrs Brood  Brood   Larv   Larv    Eggs  Eggs Mites  Mites  Mites  /Cell  /Cell  Dying  Dying  Pollen  Pest  Nectar  Pest    DLarv  WLarv  DAdlt  WAdlt  Forgrs
Initial     10000      0   5817   4183      0      0      0      0      0      0      0      0      0   0.00   0.00      0   0.00    0.0  0.000    0.0  0.000      0      0      0      0      0
05/01/1990   9723      0   5540   4183      0      0      0      0      4    216      0      0      0   0.00   0.00      0   0.00    0.2  0.000    0.0  0.000      0      0      0      0      0
05/02/1990   9446      0   5263   4183      0      0      0      0      9    448      0      0      0   0.00   0.00      0   0.00    0.3  0.000    0.0  0.000      0      0      0      0      0
05/03/1990   9169      0   4986   4183      0      0      0      0     14    702      0      0      0   0.00   0.00      0   0.00    0.5  0.000    0.0  0.000      0      0      0      0      0
05/04/1990   8892      0   4709   4183      0      0      4    216     15    749      0      0      0   0.00   0.00      0   0.00    0.6  0.000    0.0  0.000      0      0      0      0      0
05/05/1990   8615      0   4432   4183      0      0      9    448     15    786      0      0      0   0.00   0.00      0   0.00    0.8  0.000    0.0  0.000      0      0      0      0      0
05/06/1990   8338      0   4155   4183      0      0     14    702     15    795      0      0      0   0.00   0.00      0   0.00    0.9  0.000    0.0  0.000      0      0      0      0      0
05/07/1990   8061      0   3878   4183      0      0     19    965     15    777      0      0      0   0.00   0.00      0   0.00    1.1  0.000    0.0  0.000      0      0      0      0      0
05/08/1990   7784      0   3601   4183      0      0     24   1234     15    749      0      0      0   0.00   0.00      0   0.00    1.2  0.000    0.0  0.000      0      0      0      0      0
05/09/1990   7507      0   3324   4183      0    216     29   1281     15    708      0      0      0   0.00   0.00      0   0.00    1.4  0.000    0.0  0.000      0      0      0      0      0
05/10/1990   7230      0   3047   4183      0    448     34   1294     14    655      0      0      0   0.00   0.00      0   0.00    1.6  0.000    0.0  0.000      0      0      0      0      0
05/11/1990   6953      0   2770   4183      4    702     35   1281     14    625      0      0      0   0.00   0.00      0   0.00    1.7  0.000    0.0  0.000      0      0      0      0      0
05/12/1990   6676      0   2493   4183      9    965     35   1240     14    622      0      0      0   0.00   0.00      0   0.00    1.9  0.000    0.0  0.000      0      0      0      0      0
05/13/1990   6399      0   2216   4183     14   1234     34   1163     15    652      0      0      0   0.00   0.00      0   0.00    2.1  0.000    0.0  0.000      0      0      0      0      0
05/14/1990   6122      0   1939   4183     19   1497     34   1111     15    663      0      0      0   0.00   0.00      0   0.00    2.2  0.000    0.0  0.000      0      0      0      0      0
05/15/1990   5817      0   1662   4155     24   1742     34   1085     15    657      0      0      0   0.00   0.00      0   0.00    2.4  0.000    0.0  0.000      0      0      0      0      0
05/16/1990   5540      0   1385   4155     29   1983     34   1066     15    673      0      0      0   0.00   0.00      0   0.00    2.6  0.000    0.0  0.000      0      0      0      0      0
05/17/1990   5263      0   1108   4155     34   2205     34   1066     15    672      0      0      0   0.00   0.00      0   0.00    2.8  0.000    0.0  0.000      0      0      0      0      0
05/18/1990   4986      0    831   4155     39   2397     34   1087     15    657      0      0      0   0.00   0.00      0   0.00    2.9  0.000    0.0  0.000      0      0      0      0      0
05/19/1990   4709      0    554   4155     44   2608     34   1114     15    611      0      0      0   0.00   0.00      0   0.00    3.1  0.000    0.0  0.000      0      0      0      0      0
05/20/1990   4432      0    277   4155     48   2827     35   1116     15    609      0      0      0   0.00   0.00      0   0.00    3.3  0.000    0.0  0.000      0      0      0      0      0
05/21/1990   4155      0      0   4155     53   3049     35   1092     15    640      0      0      0   0.00   0.00      0   0.00    3.5  0.000    0.0  0.000      0      0      0      0      0
05/22/1990   4094      0    216   3878     58   3055     35   1062     15    682      0      0      0   0.00   0.00      0   0.00    3.7  0.000    0.0  0.000      0      0      0      0      0
05/23/1990   4326      0    448   3878     63   3036     35   1068     15    650      0      0      0   0.00   0.00      0   0.00    3.7  0.000    0.0  0.000      0      0      0      0      0
05/24/1990   4303      0    702   3601     68   3020     35   1059     15    606      0      0      0   0.00   0.00      0   0.00    3.8  0.000    0.0  0.000      0      0      0      0      0
05/25/1990   4293      4    965   3324     69   2978     35   1072     15    573      0      0      0   0.00   0.00      0   0.00    4.0  0.000    0.0  0.000      0      0      0      0      0
05/26/1990   4290      9   1234   3047     69   2907     35   1061     15    583      0      0      0   0.00   0.00      0   0.00    4.1  0.000    0.0  0.000      0      0      0      0      0
05/27/1990   4558     14   1497   3047     69   2836     35   1054     14    563      0      0      0   0.00   0.00      0   0.00    4.1  0.000    0.0  0.000      0      0      0      0      0
05/28/1990   4808     19   1742   3047     69   2810     35   1036     13    525      0      0      0   0.00   0.00      0   0.00    4.1  0.000    0.0  0.000      0      0      0      0      0
05/29/1990   4777     24   1983   2770     69   2798     35   1004     12    503      0      0      0   0.00   0.00      0   0.00    4.2  0.000    0.0  0.000      0      0      0      0      0
05/30/1990   4727     29   2205   2493     69   2810     34    935     12    508      0      0      0   0.00   0.00      0   0.00    4.3  0.000    0.0  0.000      0      0      0      0      0
05/31/1990   4647     34   2397   2216     69   2805     33    911     11    498      0      0      0   0.00   0.00      0   0.00    4.4  0.000    0.0  0.000      0      0      0      0      0
06/01/1990   4586     39   2608   1939     69   2779     32    901     10    470      0      0      0   0.00   0.00      0   0.00    4.4  0.000    0.0  0.000      0      0      0      0      0
06/02/1990   4533     44   2827   1662     69   2761     31    870      9    455      0      0      0   0.00   0.00      0   0.00    4.5  0.000    0.0  0.000      0      0      0      0      0
06/03/1990   4482     48   3049   1385     70   2736     29    826      9    449      0      0      0   0.00   0.00      0   0.00    4.5  0.000    0.0  0.000      0      0      0      0      0
06/04/1990   4432     53   3271   1108     70   2679     27    808      8    434      0      0      0   0.00   0.00      0   0.00    4.6  0.000    0.0  0.000      0      0      0      0      0
06/05/1990   4373     58   3484    831     70   2629     25    800      7    392      0      0      0   0.00   0.00      0   0.00    4.6  0.000    0.0  0.000      0      0      0      0      0
06/06/1990   4339     63   3722    554     69   2566     24    772      5    338      0      0      0   0.00   0.00      0   0.00    4.6  0.000    0.0  0.000      0      0      0      0      0
06/07/1990   4288     68   3943    277     68   2515     22    734      3    273      0      0      0   0.00   0.00      0   0.00    4.6  0.000    0.0  0.000      0      0      0      0      0
06/08/1990   4214     73   4141      0     67   2470     20    694      1    199      0      0      0   0.00   0.00      0   0.00    4.5  0.000    0.0  0.000      0      0      0      0      0
06/09/1990   4411     78   4333      0     66   2425     17    640      0    106      0      0      0   0.00   0.00      0   0.00    4.5  0.000    0.0  0.000      0      0      0      0      0
06/10/1990   4635     83   4552      0     64   2361     14    552      0     39      0      0      0   0.00   0.00      0   0.00    4.5  0.000    0.0  0.000      0      0      0      0      0
06/11/1990   4869     88   4781      0     62   2279     11    444      0      0      0      0      0   0.00   0.00      0   0.00    4.4  0.000    0.0  0.000      0      0      0      0      0
06/12/1990   5108     93   4799    216     60   2177      8    312      0      0      0      0      0   0.00   0.00      0   0.00    4.4  0.000    0.0  0.000      0      0      0      0      0
06/13/1990   5300     98   4754    448     58   2103      5    199      0     27      0      0      0   0.00   0.00      0   0.00    4.4  0.000    0.0  0.000      0      0      0      0      0
06/14/1990   5490    103   4685    702     55   2011      3    106      0     76      0      0      0   0.00   0.00      0   0.00    4.4  0.000    0.0  0.000      0      0      0      0      0
06/15/1990   5692    104   4623    965     52   1877      1     39      1    148      0      0      0   0.00   0.00      0   0.00    4.4  0.000    0.0  0.000      0      0      0      0      0
06/16/1990   5889    104   4551   1234     48   1719      0     27      2    220      0      0      0   0.00   0.00      0   0.00    4.5  0.000    0.0  0.000      0      0      0      0      0
06/17/1990   6054    104   4453   1497     43   1554      0     76      4    295      0      0      0   0.00   0.00      0   0.00    4.5  0.000    0.0  0.000      0      0      0      0      0
06/18/1990   6217    104   4371   1742     38   1391      1    148      6    358      0      0      0   0.00   0.00      0   0.00    4.5  0.000    0.0  0.000      0      0      0      0      0
06/19/1990   6392    104   4305   1983     33   1216      2    247      8    419      0      0      0   0.00   0.00      0   0.00    4.6  0.000    0.0  0.000      0      0      0      0      0
06/20/1990   6561    103   4253   2205     29   1046      4    371     11    482      0      0      0   0.00   0.00      0   0.00    4.7  0.000    0.0  0.000      0      0      0      0      0
06/21/1990   6713    102   4214   2397     25    920      7    479     13    546      0      0      0   0.00   0.00      0   0.00    4.7  0.000    0.0  0.000      0      0      0      0      0
06/22/1990   6859    101   4150   2608     21    822     10    590     15    582      0      0      0   0.00   0.00      0   0.00    4.8  0.000    0.0  0.000      0      0      0      0      0
06/23/1990   7013    100   4086   2827     17    739     15    705     15    599      0      0      0   0.00   0.00      0   0.00    4.9  0.000    0.0  0.000      0      0      0      0      0
06/24/1990   7159     99   4011   3049     14    691     20    805     16    617      0      0      0   0.00   0.00      0   0.00    5.0  0.000    0.0  0.000      0      0      0      0      0
06/25/1990   7289     97   3921   3271     12    683     24    877     17    647      0      0      0   0.00   0.00      0   0.00    5.2  0.000    0.0  0.000      0      0      0      0      0
06/26/1990   7400     95   3821   3484     10    705     28    946     19    680      0      0      0   0.00   0.00      0   0.00    5.3  0.000    0.0  0.000      0      0      0      0      0
06/27/1990   7275     93   3676   3506      9    772     32   1003     20    703      0      0      0   0.00   0.00      0   0.00    5.4  0.000    0.0  0.000      0      0      0      0      0
06/28/1990   7107     90   3522   3495     10    892     35   1042     21    715      0      0      0   0.00   0.00      0   0.00    5.6  0.000    0.0  0.000      0      0      0      0      0
06/29/1990   6889     87   3363   3439     11   1052     39   1080     22    727      0      0      0   0.00   0.00      0   0.00    5.7  0.000    0.0  0.000      0      0      0      0      0
06/30/1990   6622     83   3171   3368     15   1248     41   1124     23    736      0      0      0   0.00   0.00      0   0.00    5.8  0.000    0.0  0.000      0      0      0      0      0
07/01/1990   6348     78   2952   3318     20   1452     43   1158     24    743      0      0      0   0.00   0.00      0   0.00    5.9  0.000    0.0  0.000      0      0      0      0      0
07/02/1990   6080     73   2723   3284     25   1669     46   1190     23    728      0      0      0   0.00   0.00      0   0.00    6.1  0.000    0.0  0.000      0      0      0      0      0
07/03/1990   5830     68   2489   3273     30   1895     49   1213     22    710      0      0      0   0.00   0.00      0   0.00    6.2  0.000    0.0  0.000      0      0      0      0      0
07/04/1990   5611     63   2329   3219     36   2105     51   1221     21    686      0      0      0   0.00   0.00      0   0.00    6.3  0.000    0.0  0.000      0      0      0      0      0
07/05/1990   5433     58   2193   3182     42   2296     52   1215     21    675      0      0      0   0.00   0.00      0   0.00    6.4  0.000    0.0  0.000      0      0      0      0      0
07/06/1990   5308     53   2064   3191     49   2462     52   1208     21    665      0      0      0   0.00   0.00      0   0.00    6.6  0.000    0.0  0.000      0      0      0      0      0
07/07/1990   5191     48   1966   3177     56   2612     52   1180     22    672      0      0      0   0.00   0.00      0   0.00    6.7  0.000    0.0  0.000      0      0      0      0      0
07/08/1990   5091     43   1925   3123     63   2737     52   1154     23    679      0      0      0   0.00   0.00      0   0.00    6.8  0.000    0.0  0.000      0      0      0      0      0
07/09/1990   5000     39   1897   3064     70   2847     51   1130     24    689      0      0      0   0.00   0.00      0   0.00    6.9  0.000    0.0  0.000      0      0      0      0      0
07/10/1990   4934     35   1882   3017     77   2921     51   1124     24    699      0      0      0   0.00   0.00      0   0.00    7.1  0.000    0.0  0.000      0      0      0      0      0
07/11/1990   4906     33   1899   2974     83   2965     51   1123     24    707      0      0      0   0.00   0.00      0   0.00    7.2  0.000    0.0  0.000      0      0      0      0      0
07/12/1990   4866     32   1945   2889     87   2987     52   1133     24    713      0      0      0   0.00   0.00      0   0.00    7.3  0.000    0.0  0.000      0      0      0      0      0
07/13/1990   4840     31   1994   2815     91   3014     53   1148     24    708      0      0      0   0.00   0.00      0   0.00    7.4  0.000    0.0  0.000      0      0      0      0      0
07/14/1990   4847     32   2043   2772     93   3031     54   1165     24    700      0      0      0   0.00   0.00      0   0.00    7.5  0.000    0.0  0.000      0      0      0      0      0
07/15/1990   4874     34   2113   2727     95   3042     55   1174     24    690      0      0      0   0.00   0.00      0   0.00    7.6  0.000    0.0  0.000      0      0      0      0      0
07/16/1990   4883     36   2207   2640     97   3046     56   1177     24    676      0      0      0   0.00   0.00      0   0.00    7.7  0.000    0.0  0.000      0      0      0      0      0
07/17/1990   4893     38   2331   2524    100   3040     56   1176     24    659      0      0      0   0.00   0.00      0   0.00    7.8  0.000    0.0  0.000      0      0      0      0      0
07/18/1990   4902     41   2478   2383    102   3038     56   1165     23    645      0      0      0   0.00   0.00      0   0.00    7.9  0.000    0.0  0.000      0      0      0      0      0
07/19/1990   4957     45   2649   2263    104   3038     56   1146     22    634      0      0      0   0.00   0.00      0   0.00    8.0  0.000    0.0  0.000      0      0      0      0      0
07/20/1990   5026     50   2859   2117    105   3026     56   1122     21    624      0      0      0   0.00   0.00      0   0.00    8.1  0.000    0.0  0.000      0      0      0      0      0
07/21/1990   5080     56   3108   1916    106   3010     55   1102     21    605      0      0      0   0.00   0.00      0   0.00    8.2  0.000    0.0  0.000      0      0      0      0      0
07/22/1990   5135     63   3353   1719    107   2995     54   1080     20    579      0      0      0   0.00   0.00      0   0.00    8.2  0.000    0.0  0.000      0      0      0      0      0
07/23/1990   5212     71   3587   1554    107   2988     53   1056     18    540      0      0      0   0.00   0.00      0   0.00    8.3  0.000    0.0  0.000      0      0      0      0      0
07/24/1990   5288     79   3818   1391    107   2976     52   1031     16    493      0      0      0   0.00   0.00      0   0.00    8.3  0.000    0.0  0.000      0      0      0      0      0
07/25/1990   5342     87   4012   1243    107   2968     50   1000     15    444      0      0      0   0.00   0.00      0   0.00    8.3  0.000    0.0  0.000      0      0      0      0      0
07/26/1990   5402     94   4186   1122    108   2958     47    951     14    407      0      0      0   0.00   0.00      0   0.00    8.3  0.000    0.0  0.000      0      0      0      0      0
07/27/1990   5477    101   4335   1041    109   2945     44    890     13    384      0      0      0   0.00   0.00      0   0.00    8.4  0.000    0.0  0.000      0      0      0      0      0
07/28/1990   5565    108   4464    993    109   2920     42    820     12    370      0      0      0   0.00   0.00      0   0.00    8.4  0.000    0.0  0.000      0      0      0      0      0
07/29/1990   5647    115   4570    962    109   2884     39    753     12    358      0      0      0   0.00   0.00      0   0.00    8.4  0.000    0.0  0.000      0      0      0      0      0
07/30/1990   5737    121   4666    950    109   2835     36    695     12    347      0      0      0   0.00   0.00      0   0.00    8.4  0.000    0.0  0.000      0      0      0      0      0
07/31/1990   5850    128   4744    978    108   2761     33    650     12    339      0      0      0   0.00   0.00      0   0.00    8.4  0.000    0.0  0.000      0      0      0      0      0
08/01/1990   5981    134   4795   1052    106   2670     31    618     12    337      0      0      0   0.00   0.00      0   0.00    8.4  0.000    0.0  0.000      0      0      0      0      0
08/02/1990   6130    139   4833   1158    103   2566     30    598     12    343      0      0      0   0.00   0.00      0   0.00    8.4  0.000    0.0  0.000      0      0      0      0      0
08/03/1990   6301    144   4870   1287    100   2460     29    582     13    358      0      0      0   0.00   0.00      0   0.00    8.5  0.000    0.0  0.000      0      0      0      0      0
08/04/1990   6495    147   4896   1452     97   2354     28    571     14    382      0      0      0   0.00   0.00      0   0.00    8.5  0.000    0.0  0.000      0      0      0      0      0
08/05/1990   6725    150   4906   1669     93   2246     28    571     15    416      0      0      0   0.00   0.00      0   0.00    8.5  0.000    0.0  0.000      0      0      0      0      0
08/06/1990   6947    153   4899   1895     89   2142     29    582     16    457      0      0      0   0.00   0.00      0   0.00    8.6  0.000    0.0  0.000      0      0      0      0      0
08/07/1990   7163    156   4875   2132     85   2042     30    606     18    501      0      0      0   0.00   0.00      0   0.00    8.7  0.000    0.0  0.000      0      0      0      0      0
08/08/1990   7378    158   4848   2372     81   1940     31    648     21    542      0      0      0   0.00   0.00      0   0.00    8.7  0.000    0.0  0.000      0      0      0      0      0
08/09/1990   7561    160   4818   2583     77   1845     33    702     24    581      0      0      0   0.00   0.00      0   0.00    8.8  0.000    0.0  0.000      0      0      0      0      0
08/10/1990   7716    161   4772   2783     73   1761     36    764     26    617      0      0      0   0.00   0.00      0   0.00    8.9  0.000    0.0  0.000      0      0      0      0      0
08/11/1990   7838    161   4717   2960     70   1693     40    832     28    649      0      0      0   0.00   0.00      0   0.00    9.0  0.000    0.0  0.000      0      0      0      0      0
08/12/1990   7921    161   4654   3106     67   1648     45    901     30    675      0      0      0   0.00   0.00      0   0.00    9.1  0.000    0.0  0.000      0      0      0      0      0
08/13/1990   7960    160   4584   3216     65   1637     49    965     32    691      0      0      0   0.00   0.00      0   0.00    9.2  0.000    0.0  0.000      0      0      0      0      0
08/14/1990   7971    159   4500   3312     63   1657     54   1024     33    690      0      0      0   0.00   0.00      0   0.00    9.3  0.000    0.0  0.000      0      0      0      0      0
08/15/1990   7942    157   4412   3373     62   1705     60   1075     32    670      0      0      0   0.00   0.00      0   0.00    9.5  0.000    0.0  0.000      0      0      0      0      0
08/16/1990   7880    155   4316   3409     63   1772     65   1114     32    655      0      0      0   0.00   0.00      0   0.00    9.6  0.000    0.0  0.000      0      0      0      0      0
08/17/1990   7803    153   4219   3431     65   1854     69   1133     32    653      0      0      0   0.00   0.00      0   0.00    9.7  0.000    0.0  0.000      0      0      0      0      0
08/18/1990   7724    151   4110   3463     68   1952     71   1128     32    650      0      0      0   0.00   0.00      0   0.00    9.8  0.000    0.0  0.000      0      0      0      0      0
08/19/1990   6794    123   3778   2893     73   2063     69   1119     32    640      0      0      0   0.00   0.00      0   0.00   10.0  0.004    0.0  0.000      2      1     18    204    580
08/20/1990   6685    120   3679   2886     78   2181     71   1111     31    616      0      0      0   0.00   0.00      0   0.00   10.1  0.007    0.0  0.000      0      0      1      2     24
08/21/1990   6583    117   3580   2886     83   2303     72   1087     31    609      0      0      0   0.00   0.00      0   0.00   10.2  0.009    0.0  0.000      0      0      1      0     17
08/22/1990   6488    114   3483   2891     88   2415     74   1070     31    611      0      0      0   0.00   0.00      0   0.00   10.3  0.010    0.0  0.000      0      0      1      0     12
08/23/1990   6402    111   3392   2899     94   2508     74   1057     32    627      0      0      0   0.00   0.00      0   0.00   10.4  0.011    0.0  0.000      0      0      1      0      9
08/24/1990   6325    108   3308   2909    101   2600     73   1041     32    620      0      0      0   0.00   0.00      0   0.00   10.5  0.012    0.0  0.000      0      0      1      0      7
08/25/1990   6262    106   3235   2921    107   2686     74   1028     30    590      0      0      0   0.00   0.00      0   0.00   10.6  0.012    0.0  0.000      0      0      0      0      5
08/26/1990   6220    104   3178   2938    114   2742     74   1034     29    562      0      0      0   0.00   0.00      0   0.00   10.7  0.013    0.0  0.000      0      0      0      0      0
08/27/1990   6193    103   3135   2955    120   2783     73   1021     29    566      0      0      0   0.00   0.00      0   0.00   10.8  0.013    0.0  0.000      0      0      0      0      0
08/28/1990   6180    102   3106   2972    125   2801     72   1002     31    593      0      0      0   0.00   0.00      0   0.00   10.9  0.013    0.0  0.000      0      0      0      0      0
08/29/1990   6180    101   3090   2989    131   2809     71    987     32    620      0      0      0   0.00   0.00      0   0.00   11.0  0.012    0.0  0.000      0      0      0      0      0
08/30/1990   6193    101   3086   3006    135   2813     71    976     33    627      0      0      0   0.00   0.00      0   0.00   11.2  0.012    0.0  0.000      0      0      0      0      0
08/31/1990   6218    102   3143   2973    138   2811     72    968     33    624      0      0      0   0.00   0.00      0   0.00   11.3  0.012    0.0  0.000      0      0      0      0      0
09/01/1990   6253    104   3209   2940    141   2780     72    987     33    619      0      0      0   0.00   0.00      0   0.00   11.4  0.012    0.0  0.000      0      0      0      0      0
09/02/1990   6487    107   3280   3100    143   2729     72   1013     33    622      0      0      0   0.00   0.00      0   0.00   11.4  0.012    0.0  0.000      0      0      0      0      0
09/03/1990   6530    110   3353   3067    144   2683     73   1030     33    632      0      0      0   0.00   0.00      0   0.00   11.5  0.012    0.0  0.000      0      0      0      0      0
09/04/1990   6567    113   3418   3036    144   2657     75   1040     33    634      0      0      0   0.00   0.00      0   0.00   11.6  0.012    0.0  0.000      0      0      0      0      0
09/05/1990   6596    116   3470   3010    145   2652     76   1042     34    639      0      0      0   0.00   0.00      0   0.00   11.7  0.012    0.0  0.000      0      0      0      0      0
09/06/1990   6625    120   3528   2977    145   2648     77   1042     35    639      0      0      0   0.00   0.00      0   0.00   11.8  0.012    0.0  0.000      0      0      0      0      0
09/07/1990   6655    125   3633   2897    145   2631     77   1047     36    638      0      0      0   0.00   0.00      0   0.00   11.9  0.012    0.0  0.000      0      0      0      0      0
09/08/1990   6667    129   3724   2814    146   2626     78   1057     35    629      0      0      0   0.00   0.00      0   0.00   12.0  0.011    0.0  0.000      0      0      0      0      0
09/09/1990   6680    137   3820   2723    146   2627     79   1062     34    620      0      0      0   0.00   0.00      0   0.00   12.1  0.011    0.0  0.000      0      0      0      0      0
09/10/1990   6682    145   3908   2629    146   2637     80   1063     33    619      0      0      0   0.00   0.00      0   0.00   12.2  0.011    0.0  0.000      0      0      0      0      0
09/11/1990   6681    152   3999   2530    147   2649     80   1054     33    612      0      0      0   0.00   0.00      0   0.00   12.3  0.011    0.0  0.000      0      0      0      0      0
09/12/1990   6689    160   4096   2433    147   2650     80   1048     33    599      0      0      0   0.00   0.00      0   0.00   12.4  0.011    0.0  0.000      0      0      0      0      0
09/13/1990   6701    167   4192   2342    148   2649     80   1043     33    577      0      0      0   0.00   0.00      0   0.00   12.4  0.011    0.0  0.000      0      0      0      0      0
09/14/1990   6693    174   4261   2258    149   2668     80   1027     32    549      0      0      0   0.00   0.00      0   0.00   12.5  0.011    0.0  0.000      0      0      0      0      0
09/15/1990   6670    181   4304   2185    150   2698     79   1009     30    522      0      0      0   0.00   0.00      0   0.00   12.6  0.011    0.0  0.000      0      0      0      0      0
09/16/1990   6704    188   4338   2178    151   2716     78    991     28    497      0      0      0   0.00   0.00      0   0.00   12.7  0.011    0.0  0.000      0      0      0      0      0
09/17/1990   6588    193   4370   2025    153   2722     76    956     28    491      0      0      0   0.00   0.00      0   0.00   12.7  0.011    0.0  0.000      0      0      0      0      0
09/18/1990   6639    197   4396   2046    155   2724     74    912     28    480      0      0      0   0.00   0.00      0   0.00   12.8  0.011    0.0  0.000      0      0      0      0      0
09/19/1990   6698    202   4416   2080    156   2708     72    876     28    471      0      0      0   0.00   0.00      0   0.00   12.8  0.011    0.0  0.000      0      0      0      0      0
09/20/1990   6748    206   4416   2126    157   2694     71    848     28    471      0      0      0   0.00   0.00      0   0.00   12.9  0.011    0.0  0.000      0      0      0      0      0
09/21/1990   6796    210   4403   2183    157   2677     69    815     29    484      0      0      0   0.00   0.00      0   0.00   13.0  0.011    0.0  0.000      0      0      0      0      0
09/22/1990   6890    213   4386   2291    157   2638     67    798     30    490      0      0      0   0.00   0.00      0   0.00   13.0  0.011    0.0  0.000      0      0      0      0      0
09/23/1990   6983    215   4364   2404    157   2594     66    797     29    480      0      0      0   0.00   0.00      0   0.00   13.1  0.010    0.0  0.000      0      0      0      0      0
09/24/1990   7087    217   4345   2525    156   2542     66    802     29    481      0      0      0   0.00   0.00      0   0.00   13.2  0.010    0.0  0.000      0      0      0      0      0
09/25/1990   7189    219   4331   2639    154   2495     67    797     30    492      0      0      0   0.00   0.00      0   0.00   13.3  0.010    0.0  0.000      0      0      0      0      0
09/26/1990   7294    221   4333   2740    152   2435     67    797     32    513      0      0      0   0.00   0.00      0   0.00   13.4  0.010    0.0  0.000      0      0      0      0      0
09/27/1990   7396    222   4329   2845    151   2374     67    812     33    523      0      0      0   0.00   0.00      0   0.00   13.5  0.010    0.0  0.000      0      0      0      0      0
09/28/1990   7487    222   4316   2949    149   2328     69    818     34    539      0      0      0   0.00   0.00      0   0.00   13.6  0.010    0.0  0.000      0      0      0      0      0
09/29/1990   7568    224   4312   3032    146   2290     71    826     36    562      0      0      0   0.00   0.00      0   0.00   13.7  0.010    0.0  0.000      0      0      0      0      0
09/30/1990   7637    225   4309   3103    144   2244     72    845     39    590      0      0      0   0.00   0.00      0   0.00   13.8  0.010    0.0  0.000      0      0      0      0      0
10/01/1990   7694    226   4319   3149    142   2189     74    877     41    615      0      0      0   0.00   0.00      0   0.00   13.9  0.010    0.0  0.000      0      0      0      0      0
10/02/1990   7726    227   4315   3184    141   2159     77    907     41    615      0      0      0   0.00   0.00      0   0.00   14.0  0.010    0.0  0.000      0      0      0      0      0
10/03/1990   7737    227   4297   3213    139   2137     82    943     41    609      0      0      0   0.00   0.00      0   0.00   14.1  0.010    0.0  0.000      0      0      0      0      0
10/04/1990   7731    228   4269   3234    138   2125     86    979     42    617      0      0      0   0.00   0.00      0   0.00   14.3  0.010    0.0  0.000      0      0      0      0      0
10/05/1990   7696    229   4244   3223    138   2133     88    999     43    621      0      0      0   0.00   0.00      0   0.00   14.4  0.010    0.0  0.000      0      0      0      0      0
10/06/1990   7644    229   4229   3186    138   2154     91   1013     42    604      0      0      0   0.00   0.00      0   0.00   14.5  0.009    0.0  0.000      0      0      0      0      0
10/07/1990   7580    229   4204   3147    138   2190     95   1034     38    554      0      0      0   0.00   0.00      0   0.00   14.6  0.009    0.0  0.000      0      0      0      0      0
10/08/1990   7513    229   4169   3115    140   2232     97   1030     36    522      0      0      0   0.00   0.00      0   0.00   14.7  0.009    0.0  0.000      0      0      0      0      0
10/09/1990   7434    229   4116   3089    144   2289     97   1002     35    520      0      0      0   0.00   0.00      0   0.00   14.8  0.009    0.0  0.000      0      0      0      0      0
10/10/1990   7361    228   4055   3078    149   2334     94    973     36    526      0      0      0   0.00   0.00      0   0.00   14.9  0.009    0.0  0.000      0      0      0      0      0
10/11/1990   7313    228   4013   3072    153   2370     92    943     36    531      0      0      0   0.00   0.00      0   0.00   15.0  0.009    0.0  0.000      0      0      0      0      0
10/12/1990   7260    226   3976   3058    157   2422     91    905     36    528      0      0      0   0.00   0.00      0   0.00   15.1  0.009    0.0  0.000      0      0      0      0      0
10/13/1990   7194    224   3926   3044    162   2465     89    878     36    528      0      0      0   0.00   0.00      0   0.00   15.3  0.009    0.0  0.000      0      0      0      0      0
10/14/1990   7138    223   3871   3044    167   2494     86    870     37    528      0      0      0   0.00   0.00      0   0.00   15.4  0.009    0.0  0.000      0      0      0      0      0
10/15/1990   7097    222   3825   3050    171   2495     84    879     38    528      0      0      0   0.00   0.00      0   0.00   15.5  0.009    0.0  0.000      0      0      0      0      0
10/16/1990   7067    221   3784   3062    174   2495     83    884     39    528      0      0      0   0.00   0.00      0   0.00   15.6  0.009    0.0  0.000      0      0      0      0      0
10/17/1990   7038    219   3745   3074    176   2501     85    878     39    527      0      0      0   0.00   0.00      0   0.00   15.7  0.009    0.0  0.000      0      0      0      0      0
10/18/1990   7005    218   3709   3078    178   2498     86    881     39    527      0      0      0   0.00   0.00      0   0.00   15.8  0.009    0.0  0.000      0      0      0      0      0
10/19/1990   6976    218   3685   3073    179   2487     87    881     37    510      0      0      0   0.00   0.00      0   0.00   15.9  0.009    0.0  0.000      0      0      0      0      0
10/20/1990   6978    217   3678   3083    180   2467     88    877     35    482      0      0      0   0.00   0.00      0   0.00   16.0  0.009    0.0  0.000      0      0      0      0      0
10/21/1990   7003    216   3679   3108    181   2436     89    880     34    463      0      0      0   0.00   0.00      0   0.00   16.1  0.009    0.0  0.000      0      0      0      0      0
10/22/1990   7027    216   3681   3130    181   2400     88    863     35    467      0      0      0   0.00   0.00      0   0.00   16.3  0.008    0.0  0.000      0      0      0      0      0
10/23/1990   7028    218   3681   3129    180   2380     87    831     36    488      0      0      0   0.00   0.00      0   0.00   16.4  0.008    0.0  0.000      0      0      0      0      0
10/24/1990   7024    221   3689   3114    179   2355     86    815     37    504      0      0      0   0.00   0.00      0   0.00   16.5  0.008    0.0  0.000      0      0      0      0      0
10/25/1990   7032    224   3721   3087    178   2310     85    803     39    519      0      0      0   0.00   0.00      0   0.00   16.6  0.008    0.0  0.000      0      0      0      0      0
10/26/1990   7030    226   3753   3051    178   2286     84    792     39    515      0      0      0   0.00   0.00      0   0.00   16.7  0.008    0.0  0.000      0      0      0      0      0
10/27/1990   7012    229   3771   3012    177   2261     84    809     39    509      0      0      0   0.00   0.00      0   0.00   16.8  0.008    0.0  0.000      0      0      0      0      0
10/28/1990   6976    233   3778   2965    175   2238     85    840     37    493      0      0      0   0.00   0.00      0   0.00   16.9  0.008    0.0  0.000      0      0      0      0      0
10/29/1990   6941    237   3784   2920    172   2227     86    844     37    487      0      0      0   0.00   0.00      0   0.00   17.0  0.008    0.0  0.000      0      0      0      0      0
10/30/1990   6912    241   3811   2860    170   2208     88    851     35    461      0      0      0   0.00   0.00      0   0.00   17.1  0.008    0.0  0.000      0      0      0      0      0
10/31/1990   6878    243   3833   2802    171   2200     88    845     34    436      0      0      0   0.00   0.00      0   0.00   17.2  0.008    0.0  0.000      0      0      0      0      0
11/01/1990   6826    245   3844   2737    171   2200     88    827     30    389      0      0      0   0.00   0.00      0   0.00   17.3  0.008    0.0  0.000      0      0      0      0      0
11/02/1990   6779    248   3855   2676    171   2199     87    793     27    346      0      0      0   0.00   0.00      0   0.00   17.4  0.008    0.0  0.000      0      0      0      0      0
11/03/1990   6734    251   3871   2612    172   2187     85    766     24    315      0      0      0   0.00   0.00      0   0.00   17.5  0.008    0.0  0.000      0      0      0      0      0
11/04/1990   6694    253   3892   2549    174   2181     79    707     25    319      0      0      0   0.00   0.00      0   0.00   17.6  0.008    0.0  0.000      0      0      0      0      0
11/05/1990   6658    255   3902   2501    174   2164     75    646     26    335      0      0      0   0.00   0.00      0   0.00   17.7  0.008    0.0  0.000      0      0      0      0      0
11/06/1990   6616    257   3907   2452    175   2146     70    594     25    326      0      0      0   0.00   0.00      0   0.00   17.8  0.008    0.0  0.000      0      0      0      0      0
11/07/1990   6587    261   3906   2420    174   2115     67    565     23    306      0      0      0   0.00   0.00      0   0.00   17.9  0.008    0.0  0.000      0      0      0      0      0
11/08/1990   6568    264   3906   2398    173   2073     64    545     22    296      0      0      0   0.00   0.00      0   0.00   17.9  0.008    0.0  0.000      0      0      0      0      0
11/09/1990   6534    266   3878   2390    171   2025     60    531     24    310      0      0      0   0.00   0.00      0   0.00   18.0  0.008    0.0  0.000      0      0      0      0      0
11/10/1990   6506    268   3826   2412    169   1979     56    525     26    329      0      0      0   0.00   0.00      0   0.00   18.1  0.008    0.0  0.000      0      0      0      0      0
11/11/1990   6497    270   3779   2448    164   1925     56    526     27    342      0      0      0   0.00   0.00      0   0.00   18.2  0.008    0.0  0.000      0      0      0      0      0
11/12/1990   6492    269   3730   2493    161   1877     57    522     28    356      0      0      0   0.00   0.00      0   0.00   18.3  0.008    0.0  0.000      0      0      0      0      0
11/13/1990   6490    267   3699   2524    158   1826     58    519     30    373      0      0      0   0.00   0.00      0   0.00   18.4  0.007    0.0  0.000      0      0      0      0      0
11/14/1990   6507    265   3674   2568    155   1747     58    542     30    367      0      0      0   0.00   0.00      0   0.00   18.5  0.007    0.0  0.000      0      0      0      0      0
11/15/1990   6528    263   3632   2633    152   1664     59    572     29    351      0      0      0   0.00   0.00      0   0.00   18.5  0.007    0.0  0.000      0      0      0      0      0
11/16/1990   6526    262   3593   2671    147   1607     63    596     28    342      0      0      0   0.00   0.00      0   0.00   18.6  0.007    0.0  0.000      0      0      0      0      0
11/17/1990   6527    261   3579   2687    141   1548     65    599     30    357      0      0      0   0.00   0.00      0   0.00   18.7  0.007    0.0  0.000      0      0      0      0      0
11/18/1990   6528    260   3571   2697    135   1500     66    594     31    368      0      0      0   0.00   0.00      0   0.00   18.8  0.007    0.0  0.000      0      0      0      0      0
11/19/1990   6529    258   3558   2713    132   1462     67    596     32    369      0      0      0   0.00   0.00      0   0.00   18.9  0.007    0.0  0.000      0      0      0      0      0
11/20/1990   6657    258   3520   2879    128   1443     69    600     28    331      0      0      0   0.00   0.00      0   0.00   19.0  0.007    0.0  0.000      0      0      0      0      0
11/21/1990   6627    259   3481   2887    125   1437     70    589     24    294      0      0      0   0.00   0.00      0   0.00   19.1  0.007    0.0  0.000      0      0      0      0      0
11/22/1990   6408    259   3416   2733    123   1440     71    598     20    259      0      0      0   0.00   0.00      0   0.00   19.2  0.007    0.0  0.000      0      0      0      0      0
11/23/1990   6329    258   3338   2733    123   1448     67    580     20    254      0      0      0   0.00   0.00      0   0.00   19.3  0.007    0.0  0.000      0      0      0      0      0
11/24/1990   6247    257   3268   2722    121   1464     64    541     21    259      0      0      0   0.00   0.00      0   0.00   19.4  0.007    0.0  0.000      0      0      0      0      0
11/25/1990   6342    253   3207   2882    122   1478     62    500     22    269      0      0      0   0.00   0.00      0   0.00   19.4  0.007    0.0  0.000      0      0      0      0      0
11/26/1990   6439    249   3145   3045    124   1481     59    466     20    251      0      0      0   0.00   0.00      0   0.00   19.4  0.007    0.0  0.000      0      0      0      0      0
11/27/1990   6516    245   3066   3205    127   1507     55    431     18    226      0      0      0   0.00   0.00      0   0.00   19.4  0.007    0.0  0.000      0      0      0      0      0
11/28/1990   6591    241   2986   3364    128   1503     53    438     16    203      0      0      0   0.00   0.00      0   0.00   19.5  0.007    0.0  0.000      0      0      0      0      0
11/29/1990   6311    237   2914   3160    130   1479     47    423     19    225      0      0      0   0.00   0.00      0   0.00   19.6  0.007    0.0  0.000      0      0      0      0      0
11/30/1990   6207    231   2866   3110    130   1456     45    398     21    253      0      0      0   0.00   0.00      0   0.00   19.7  0.007    0.0  0.000      0      0      0      0      0
12/01/1990   6299    225   2833   3241    129   1428     45    387     21    252      0      0      0   0.00   0.00      0   0.00   19.9  0.007    0.0  0.000      0      0      0      0      0
12/02/1990   6398    220   2793   3385    128   1396     46    389     18    226      0      0      0   0.00   0.00      0   0.00   19.8  0.007    0.0  0.000      0      0      0      0      0
12/03/1990   6327    218   2755   3354    126   1369     46    382     17    209      0      0      0   0.00   0.00      0   0.00   20.0  0.007    0.0  0.000      0      0      0      0      0
12/04/1990   6260    216   2718   3326    124   1306     45    388     18    216      0      0      0   0.00   0.00      0   0.00   20.1  0.007    0.0  0.000      0      0      0      0      0
12/05/1990   6355    213   2656   3486    123   1255     42    389     18    218      0      0      0   0.00   0.00      0   0.00   20.1  0.007    0.0  0.000      0      0      0      0      0
12/06/1990   6248    211   2587   3450    118   1221     43    388     19    225      0      0      0   0.00   0.00      0   0.00   20.2  0.007    0.0  0.000      0      0      0      0      0
12/07/1990   6009    210   2545   3254    112   1189     45    379     19    231      0      0      0   0.00   0.00      0   0.00   20.4  0.007    0.0  0.000      0      0      0      0      0
12/08/1990   5969    206   2504   3259    109   1151     44    354     21    249      0      0      0   0.00   0.00      0   0.00   20.5  0.007    0.0  0.000      0      0      0      0      0
12/09/1990   5918    201   2462   3255    108   1105     43    361     21    255      0      0      0   0.00   0.00      0   0.00   20.6  0.007    0.0  0.000      0      0      0      0      0
12/10/1990   5861    199   2427   3235    105   1046     43    384     24    282      0      0      0   0.00   0.00      0   0.00   20.7  0.007    0.0  0.000      0      0      0      0      0
12/11/1990   5778    197   2374   3207    100   1029     44    394     27    310      0      0      0   0.00   0.00      0   0.00   20.9  0.007    0.0  0.000      0      0      0      0      0
12/12/1990   5843    195   2320   3328     95   1027     46    400     29    325      0      0      0   0.00   0.00      0   0.00   20.9  0.007    0.0  0.000      0      0      0      0      0
12/13/1990   5914    194   2297   3423     90   1005     50    448     27    302      0      0      0   0.00   0.00      0   0.00   21.0  0.007    0.0  0.000      0      0      0      0      0
12/14/1990   5980    190   2282   3508     90   1000     53    479     20    232      0      0      0   0.00   0.00      0   0.00   21.0  0.007    0.0  0.000      0      0      0      0      0
12/15/1990   6047    185   2264   3598     89    999     57    494     16    184      0      0      0   0.00   0.00      0   0.00   21.0  0.007    0.0  0.000      0      0      0      0      0
12/16/1990   6128    184   2247   3697     89    985     58    501     12    143      0      0      0   0.00   0.00      0   0.00   20.9  0.007    0.0  0.000      0      0      0      0      0
12/17/1990   6179    183   2198   3798     89   1004     54    456     14    158      0      0      0   0.00   0.00      0   0.00   20.9  0.007    0.0  0.000      0      0      0      0      0
12/18/1990   6225    182   2164   3879     89   1055     52    396     14    170      0      0      0   0.00   0.00      0   0.00   20.9  0.007    0.0  0.000      0      0      0      0      0
12/19/1990   6283    181   2144   3958     88   1092     49    334     15    177      0      0      0   0.00   0.00      0   0.00   20.9  0.007    0.0  0.000      0      0      0      0      0
12/20/1990   6353    177   2127   4049     93   1104     44    289     11    140      0      0      0   0.00   0.00      0   0.00   20.9  0.007    0.0  0.000      0      0      0      0      0
12/21/1990   6426    175   2107   4144     98   1104     39    264      6     75      0      0      0   0.00   0.00      0   0.00   20.9  0.007    0.0  0.000      0      0      0      0      0
12/22/1990   6483    174   2067   4242    101   1072     35    279      1     19      0      0      0   0.00   0.00      0   0.00   20.9  0.007    0.0  0.000      0      0      0      0      0
12/23/1990   6531    174   2011   4346    101   1062     28    245      0      0      0      0      0   0.00   0.00      0   0.00   20.8  0.007    0.0  0.000      0      0      0      0      0
12/24/1990   6587    172   1960   4455     97   1038     25    196      0      0      0      0      0   0.00   0.00      0   0.00   20.8  0.007    0.0  0.000      0      0      0      0      0
12/25/1990   6648    169   1910   4569     96   1014     20    140      0     11      0      0      0   0.00   0.00      0   0.00   20.8  0.007    0.0  0.000      0      0      0      0      0
12/26/1990   6693    165   1862   4666     95   1014     16     75      2     39      0      0      0   0.00   0.00      0   0.00   20.8  0.007    0.0  0.000      0      0      0      0      0
12/27/1990   6753    161   1834   4758     94    990     11     19      5     78      0      0      0   0.00   0.00      0   0.00   20.8  0.007    0.0  0.000      0      0      0      0      0
12/28/1990   6819    157   1799   4863     92    923      6     11      9    112      0      0      0   0.00   0.00      0   0.00   20.8  0.007    0.0  0.000      0      0      0      0      0
12/29/1990   6882    153   1754   4975     92    840      3     39      8    103      0      0      0   0.00   0.00      0   0.00   20.8  0.007    0.0  0.000      0      0      0      0      0
12/30/1990   6950    151   1721   5078     86    754      5     78      8     98      0      0      0   0.00   0.00      0   0.00   20.7  0.007    0.0  0.000      0      0      0      0      0
12/31/1990   7044    148   1712   5184     79    641      9    123      7     88      0      0      0   0.00   0.00      0   0.00   20.7  0.007    0.0  0.000      0      0      0      0      0
