Varroa Population Simulation - Nov 23,2015  02:36:46 PM
VarroaPop Version 3.2.5.8  June, 2015

                                        Capped  Capped                                                                      Prop           Conc          Conc                                     
            Colony  Adult  Adult         Drone   Wkr    Drone  Wkr    Drone  Wkr  Free   DBrood WBrood DMite  WMite  Mites  Mites  Colony Pollen Colony Nectar   Dead   Dead   Dead   Dead   Dead
     Date   Size   Drones   Wkr   Forgrs Brood  Brood   Larv   Larv    Eggs  Eggs Mites  Mites  Mites  /Cell  /Cell  Dying  Dying  Pollen  Pest  Nectar  Pest    DLarv  WLarv  DAdlt  WAdlt  Forgrs
Initial     10000      0   7497   2503      0      0      0      0      0      0      0      0      0   0.00   0.00      0   0.00    0.0  0.000    0.0  0.000      0      0      0      0      0
08/01/1990   9643      0   7140   2503      0      0      0      0      0    426      0      0      0   0.00   0.00      0   0.00    0.1  0.000    0.0  0.000      0      0      0      0      0
08/02/1990   9286      0   6783   2503      0      0      0      0      0    851      0      0      0   0.00   0.00      0   0.00    0.1  0.000    0.0  0.000      0      0      0      0      0
08/03/1990   8929      0   6426   2503      0      0      0      0      0   1276      0      0      0   0.00   0.00      0   0.00    0.2  0.000    0.0  0.000      0      0      0      0      0
08/04/1990   8572      0   6069   2503      0      0      0    426      0   1277      0      0      0   0.00   0.00      0   0.00    0.3  0.000    0.0  0.000      0      0      0      0      0
08/05/1990   8215      0   5712   2503      0      0      0    851      0   1290      0      0      0   0.00   0.00      0   0.00    0.3  0.000    0.0  0.000      0      0      0      0      0
08/06/1990   7858      0   5355   2503      0      0      0   1276      0   1305      0      0      0   0.00   0.00      0   0.00    0.4  0.000    0.0  0.000      0      0      0      0      0
08/07/1990   7497      0   4998   2499      0      0      0   1703      0   1318      0      0      0   0.00   0.00      0   0.00    0.5  0.000    0.0  0.000      0      0      0      0      0
08/08/1990   7140      0   4641   2499      0      0      0   2141      0   1320      0      0      0   0.00   0.00      0   0.00    0.6  0.000    0.0  0.000      0      0      0      0      0
08/09/1990   6783      0   4284   2499      0    426      0   2155      0   1320      0      0      0   0.00   0.00      0   0.00    0.6  0.000    0.0  0.000      0      0      0      0      0
08/10/1990   6426      0   3927   2499      0    851      0   2170      0   1320      0      0      0   0.00   0.00      0   0.00    0.7  0.000    0.0  0.000      0      0      0      0      0
08/11/1990   4967      0   3553   1414      0   1276      0   2113      0   1320      0      0      0   0.00   0.00      0   0.00    0.8  0.080    0.0  0.000      0     72      0     15   1078
08/12/1990   4688      0   3230   1458      0   1631      0   2198      0   1189      0      0      0   0.00   0.00      0   0.00    0.8  0.100    0.0  0.000      0      0      0      0     77
08/13/1990   4447      0   2907   1540      0   2069      0   2200      0   1057      0      0      0   0.00   0.00      0   0.00    0.9  0.111    0.0  0.000      0      0      0      0     39
08/14/1990   4226      0   2584   1642      0   2509      0   2200      0    919      0      0      0   0.00   0.00      0   0.00    0.9  0.116    0.0  0.000      0      0      0      0     19
08/15/1990   4015      0   2261   1754      0   2949      0   2069      0    903      0      0      0   0.00   0.00      0   0.00    1.0  0.117    0.0  0.000      0      0      0      0      9
08/16/1990   3809      0   1938   1871      0   3389      0   1937      0    907      0      0      0   0.00   0.00      0   0.00    1.1  0.114    0.0  0.000      0      0      0      0      4
08/17/1990   3605      0   1615   1990      0   3829      0   1799      0    936      0      0      0   0.00   0.00      0   0.00    1.1  0.110    0.0  0.000      0      0      0      0      2
08/18/1990   3403      0   1292   2111      0   4269      0   1652      0    962      0      0      0   0.00   0.00      0   0.00    1.2  0.105    0.0  0.000      0      0      0      0      0
08/19/1990   3157      0    969   2188      0   4709      0   1524      0    980      0      0      0   0.00   0.00      0   0.00    1.3  0.097    0.0  0.000      0      0      0      0      0
08/20/1990   2873      0    646   2227      0   5018      0   1546      0   1004      0      0      0   0.00   0.00      0   0.00    1.4  0.091    0.0  0.000      0      0      0      0      0
08/21/1990   2569      0    323   2246      0   5326      0   1557      0   1049      0      0      0   0.00   0.00      0   0.00    1.5  0.085    0.0  0.000      0      0      0      0      0
08/22/1990   2681      0    426   2255      0   5202      0   1585      0   1100      0      0      0   0.00   0.00      0   0.00    1.6  0.080    0.0  0.000      0      0      0      0      0
08/23/1990   2787      0    851   1936      0   5070      0   1647      0   1136      0      0      0   0.00   0.00      0   0.00    1.7  0.076    0.0  0.000      0      0      0      0      0
08/24/1990   2891      0   1276   1615      0   4957      0   1699      0   1095      0      0      0   0.00   0.00      0   0.00    1.7  0.073    0.0  0.000      0      0      0      0      0
08/25/1990   2923      0   1631   1292      0   4933      0   1749      0    980      0      0      0   0.00   0.00      0   0.00    1.8  0.071    0.0  0.000      0      0      0      0      0
08/26/1990   3038      0   2069    969      0   4814      0   1821      0    828      0      0      0   0.00   0.00      0   0.00    1.8  0.070    0.0  0.000      0      0      0      0      0
08/27/1990   3155      0   2509    646      0   4704      0   1814      0    711      0      0      0   0.00   0.00      0   0.00    1.8  0.069    0.0  0.000      0      0      0      0      0
08/28/1990   3272      0   2949    323      0   4619      0   1725      0    602      0      0      0   0.00   0.00      0   0.00    1.8  0.069    0.0  0.000      0      0      0      0      0
08/29/1990   3389      0   3389      0      0   4543      0   1600      0    453      0      0      0   0.00   0.00      0   0.00    1.8  0.069    0.0  0.000      0      0      0      0      0
08/30/1990   3829      0   3829      0      0   4484      0   1425      0    247      0      0      0   0.00   0.00      0   0.00    1.8  0.069    0.0  0.000      0      0      0      0      0
08/31/1990   4269      0   4269      0      0   4435      0   1191      0     90      0      0      0   0.00   0.00      0   0.00    1.8  0.069    0.0  0.000      0      0      0      0      0
09/01/1990   4709      0   4709      0      0   4318      0    958      0      0      0      0      0   0.00   0.00      0   0.00    1.8  0.069    0.0  0.000      0      0      0      0      0
09/02/1990   5018      0   5018      0      0   4275      0    692      0      0      0      0      0   0.00   0.00      0   0.00    1.7  0.069    0.0  0.000      0      0      0      0      0
09/03/1990   5326      0   5326      0      0   4206      0    453      0      0      0      0      0   0.00   0.00      0   0.00    1.7  0.069    0.0  0.000      0      0      0      0      0
09/04/1990   5628      0   5628      0      0   4110      0    247      0      0      0      0      0   0.00   0.00      0   0.00    1.7  0.069    0.0  0.000      0      0      0      0      0
09/05/1990   5921      0   5921      0      0   3974      0     90      0      0      0      0      0   0.00   0.00      0   0.00    1.6  0.069    0.0  0.000      0      0      0      0      0
09/06/1990   6233      0   6233      0      0   3752      0      0      0      0      0      0      0   0.00   0.00      0   0.00    1.6  0.069    0.0  0.000      0      0      0      0      0
09/07/1990   6564      0   6564      0      0   3421      0      0      0      0      0      0      0   0.00   0.00      0   0.00    1.5  0.069    0.0  0.000      0      0      0      0      0
09/08/1990   6883      0   6883      0      0   3102      0      0      0      0      0      0      0   0.00   0.00      0   0.00    1.5  0.069    0.0  0.000      0      0      0      0      0
09/09/1990   7213      0   7213      0      0   2772      0      0      0      0      0      0      0   0.00   0.00      0   0.00    1.4  0.069    0.0  0.000      0      0      0      0      0
09/10/1990   7568      0   7568      0      0   2417      0      0      0      0      0      0      0   0.00   0.00      0   0.00    1.4  0.069    0.0  0.000      0      0      0      0      0
09/11/1990   7932      0   7932      0      0   2053      0      0      0      0      0      0      0   0.00   0.00      0   0.00    1.3  0.069    0.0  0.000      0      0      0      0      0
09/12/1990   8313      0   7887    426      0   1672      0      0      0      0      0      0      0   0.00   0.00      0   0.00    1.3  0.069    0.0  0.000      0      0      0      0      0
09/13/1990   8704      0   7853    851      0   1281      0      0      0    114      0      0      0   0.00   0.00      0   0.00    1.3  0.069    0.0  0.000      0      0      0      0      0
09/14/1990   9027      0   7751   1276      0    958      0      0      0    298      0      0      0   0.00   0.00      0   0.00    1.3  0.068    0.0  0.000      0      0      0      0      0
09/15/1990   9293      0   7662   1631      0    692      0      0      0    542      0      0      0   0.00   0.00      0   0.00    1.3  0.067    0.0  0.000      0      0      0      0      0
09/16/1990   9532      0   7463   2069      0    453      0    114      0    716      0      0      0   0.00   0.00      0   0.00    1.3  0.065    0.0  0.000      0      0      0      0      0
09/17/1990   9738      0   7229   2509      0    247      0    298      0    872      0      0      0   0.00   0.00      0   0.00    1.4  0.062    0.0  0.000      0      0      0      0      0
09/18/1990   9895      0   6946   2949      0     90      0    542      0   1002      0      0      0   0.00   0.00      0   0.00    1.5  0.059    0.0  0.000      0      0      0      0      0
09/19/1990   9559      0   6596   2963      0      0      0    830      1   1116      0      0      0   0.00   0.00      0   0.00    1.6  0.055    0.0  0.000      0      0      0      0      0
09/20/1990   9134      0   6156   2978      0      0      0   1170      2   1203      0      0      0   0.00   0.00      0   0.00    1.7  0.052    0.0  0.000      0      0      0      0      0
09/21/1990   8709      0   5716   2993      0    114      0   1430      3   1260      0      0      0   0.00   0.00      0   0.00    1.8  0.049    0.0  0.000      0      0      0      0      0
09/22/1990   8354      0   5276   3078      0    298      1   1648      3   1265      0      0      0   0.00   0.00      0   0.00    1.9  0.047    0.0  0.000      0      0      0      0      0
09/23/1990   7916      0   4967   2949      0    542      2   1831      3   1227      0      0      0   0.00   0.00      0   0.00    2.0  0.045    0.0  0.000      0      0      0      0      0
09/24/1990   7476      0   4659   2817      0    830      3   1974      3   1198      0      0      0   0.00   0.00      0   0.00    2.0  0.043    0.0  0.000      0      0      0      0      0
09/25/1990   7036      0   4357   2679      0   1170      4   2041      2   1180      0      0      0   0.00   0.00      0   0.00    2.1  0.041    0.0  0.000      0      0      0      0      0
09/26/1990   6596      0   4064   2532      0   1544      5   2056      1   1168      0      0      0   0.00   0.00      0   0.00    2.2  0.039    0.0  0.000      0      0      0      0      0
09/27/1990   6156      0   3752   2404      0   1946      6   2056      0   1133      0      0      0   0.00   0.00      0   0.00    2.3  0.038    0.0  0.000      0      0      0      0      0
09/28/1990   5716      0   3421   2295      0   2373      6   2018      0   1108      0      0      0   0.00   0.00      0   0.00    2.4  0.037    0.0  0.000      0      0      0      0      0
09/29/1990   5276      0   3102   2174      1   2804      5   1964      0   1102      0      0      0   0.00   0.00      0   0.00    2.4  0.036    0.0  0.000      0      0      0      0      0
09/30/1990   4967      0   2772   2195      2   3211      4   1924      0   1105      0      0      0   0.00   0.00      0   0.00    2.5  0.035    0.0  0.000      0      0      0      0      0
10/01/1990   4659      0   2417   2242      3   3600      3   1899      0   1116      0      0      0   0.00   0.00      0   0.00    2.6  0.034    0.0  0.000      0      0      0      0      0
10/02/1990   4357      0   2053   2304      4   4002      2   1868      0   1100      0      0      0   0.00   0.00      0   0.00    2.7  0.033    0.0  0.000      0      0      0      0      0
10/03/1990   4064      0   1672   2392      5   4391      1   1849      0   1092      0      0      0   0.00   0.00      0   0.00    2.8  0.032    0.0  0.000      0      0      0      0      0
10/04/1990   3866      0   1395   2471      6   4654      0   1847      0   1119      0      0      0   0.00   0.00      0   0.00    2.9  0.030    0.0  0.000      0      0      0      0      0
10/05/1990   3719      0   1256   2463      6   4837      0   1835      0   1141      0      0      0   0.00   0.00      0   0.00    3.0  0.029    0.0  0.000      0      0      0      0      0
10/06/1990   3644      0   1234   2410      6   4957      0   1833      0   1122      0      0      0   0.00   0.00      0   0.00    3.1  0.028    0.0  0.000      0      0      0      0      0
10/07/1990   3602      0   1283   2319      6   5040      0   1864      0   1033      0      0      0   0.00   0.00      0   0.00    3.2  0.028    0.0  0.000      0      0      0      0      0
10/08/1990   3587      0   1417   2170      6   5070      0   1871      0    969      0      0      0   0.00   0.00      0   0.00    3.3  0.027    0.0  0.000      0      0      0      0      0
10/09/1990   3597      0   1634   1963      6   5071      0   1839      0    947      0      0      0   0.00   0.00      0   0.00    3.3  0.026    0.0  0.000      0      0      0      0      0
10/10/1990   3618      0   1946   1672      6   5024      0   1797      0    928      0      0      0   0.00   0.00      0   0.00    3.4  0.026    0.0  0.000      0      0      0      0      0
10/11/1990   3654      0   2373   1281      6   4959      0   1748      0    882      0      0      0   0.00   0.00      0   0.00    3.4  0.025    0.0  0.000      0      0      0      0      0
10/12/1990   3762      0   2804    958      6   4930      0   1667      0    788      0      0      0   0.00   0.00      0   0.00    3.5  0.025    0.0  0.000      0      0      0      0      0
10/13/1990   3904      1   3211    692      5   4900      0   1584      0    676      0      0      0   0.00   0.00      0   0.00    3.5  0.025    0.0  0.000      0      0      0      0      0
10/14/1990   4055      2   3600    453      4   4854      0   1508      0    554      0      0      0   0.00   0.00      0   0.00    3.5  0.025    0.0  0.000      0      0      0      0      0
10/15/1990   4252      3   4002    247      3   4765      0   1422      0    431      0      0      0   0.00   0.00      0   0.00    3.5  0.025    0.0  0.000      0      0      0      0      0
10/16/1990   4485      4   4391     90      2   4689      0   1291      0    309      0      0      0   0.00   0.00      0   0.00    3.4  0.025    0.0  0.000      0      0      0      0      0
10/17/1990   4773      5   4768      0      1   4633      0   1115      0    186      0      0      0   0.00   0.00      0   0.00    3.4  0.025    0.0  0.000      0      0      0      0      0
10/18/1990   5141      6   5135      0      0   4560      0    925      0     82      0      0      0   0.00   0.00      0   0.00    3.4  0.025    0.0  0.000      0      0      0      0      0
10/19/1990   5505      6   5499      0      0   4463      0    718      0     22      0      0      0   0.00   0.00      0   0.00    3.3  0.025    0.0  0.000      0      0      0      0      0
10/20/1990   5876      6   5870      0      0   4319      0    513      0      0      0      0      0   0.00   0.00      0   0.00    3.3  0.025    0.0  0.000      0      0      0      0      0
10/21/1990   6246      6   6240      0      0   4131      0    331      0      0      0      0      0   0.00   0.00      0   0.00    3.3  0.025    0.0  0.000      0      0      0      0      0
10/22/1990   6621      6   6615      0      0   3901      0    186      0      0      0      0      0   0.00   0.00      0   0.00    3.2  0.025    0.0  0.000      0      0      0      0      0
10/23/1990   6976      6   6970      0      0   3650      0     82      0      0      0      0      0   0.00   0.00      0   0.00    3.2  0.025    0.0  0.000      0      0      0      0      0
10/24/1990   7338      6   7332      0      0   3348      0     22      0      0      0      0      0   0.00   0.00      0   0.00    3.1  0.025    0.0  0.000      0      0      0      0      0
10/25/1990   7740      6   7620    114      0   2968      0      0      0      0      0      0      0   0.00   0.00      0   0.00    3.1  0.025    0.0  0.000      0      0      0      0      0
10/26/1990   8117      6   7813    298      0   2591      0      0      0     27      0      0      0   0.00   0.00      0   0.00    3.0  0.025    0.0  0.000      0      0      0      0      0
10/27/1990   8460      6   7912    542      0   2248      0      0      0     96      0      0      0   0.00   0.00      0   0.00    3.0  0.025    0.0  0.000      0      0      0      0      0
10/28/1990   8773      6   7937    830      0   1935      0      0      0    207      0      0      0   0.00   0.00      0   0.00    3.0  0.025    0.0  0.000      0      0      0      0      0
10/29/1990   9086      6   7910   1170      0   1622      0     27      0    333      0      0      0   0.00   0.00      0   0.00    3.0  0.025    0.0  0.000      0      0      0      0      0
10/30/1990   9407      6   7857   1544      0   1301      0     96      0    445      0      0      0   0.00   0.00      0   0.00    3.0  0.025    0.0  0.000      0      0      0      0      0
10/31/1990   9701      6   7749   1946      0   1007      0    207      0    543      0      0      0   0.00   0.00      0   0.00    3.0  0.025    0.0  0.000      0      0      0      0      0
11/01/1990   9847      6   7589   2252      0    740      0    360      0    587      0      0      0   0.00   0.00      0   0.00    3.1  0.024    0.0  0.000      0      0      0      0      0
11/02/1990   9884      6   7385   2493      0    513      0    541      0    605      0      0      0   0.00   0.00      0   0.00    3.2  0.024    0.0  0.000      0      0      0      0      0
11/03/1990   9816      5   7160   2651      0    358      0    723      0    621      0      0      0   0.00   0.00      0   0.00    3.2  0.023    0.0  0.000      0      0      0      0      0
11/04/1990   9668      4   6916   2748      0    282      0    851      0    680      0      0      0   0.00   0.00      0   0.00    3.3  0.023    0.0  0.000      0      0      0      0      0
11/05/1990   9428      3   6618   2807      0    289      0    939      0    751      0      0      0   0.00   0.00      0   0.00    3.4  0.022    0.0  0.000      0      0      0      0      0
11/06/1990   9111      2   6289   2820      0    382      0   1011      0    755      0      0      0   0.00   0.00      0   0.00    3.5  0.022    0.0  0.000      0      0      0      0      0
11/07/1990   8729      1   5934   2794      0    541      0   1086      0    725      0      0      0   0.00   0.00      0   0.00    3.5  0.021    0.0  0.000      0      0      0      0      0
11/08/1990   8301      0   5567   2734      0    750      0   1147      0    710      0      0      0   0.00   0.00      0   0.00    3.6  0.021    0.0  0.000      0      0      0      0      0
11/09/1990   7870      0   5203   2667      0    947      0   1179      0    747      0      0      0   0.00   0.00      0   0.00    3.7  0.020    0.0  0.000      0      0      0      0      0
11/10/1990   7463      0   4832   2631      0   1146      0   1206      0    789      0      0      0   0.00   0.00      0   0.00    3.8  0.020    0.0  0.000      0      0      0      0      0
11/11/1990   7074      0   4462   2612      0   1371      0   1236      0    811      0      0      0   0.00   0.00      0   0.00    3.9  0.019    0.0  0.000      0      0      0      0      0
11/12/1990   6672      0   4087   2585      0   1627      0   1246      0    834      0      0      0   0.00   0.00      0   0.00    4.0  0.019    0.0  0.000      0      0      0      0      0
11/13/1990   6283      0   3732   2551      0   1897      0   1244      0    863      0      0      0   0.00   0.00      0   0.00    4.0  0.019    0.0  0.000      0      0      0      0      0
11/14/1990   5906      0   3370   2536      0   2126      0   1292      0    841      0      0      0   0.00   0.00      0   0.00    4.1  0.018    0.0  0.000      0      0      0      0      0
11/15/1990   5539      0   2968   2571      0   2352      0   1355      0    795      0      0      0   0.00   0.00      0   0.00    4.2  0.018    0.0  0.000      0      0      0      0      0
11/16/1990   5202      0   2618   2584      0   2580      0   1397      0    767      0      0      0   0.00   0.00      0   0.00    4.3  0.017    0.0  0.000      0      0      0      0      0
11/17/1990   4900      0   2344   2556      0   2777      0   1386      0    795      0      0      0   0.00   0.00      0   0.00    4.4  0.017    0.0  0.000      0      0      0      0      0
11/18/1990   4641      0   2142   2499      0   2934      0   1361      0    813      0      0      0   0.00   0.00      0   0.00    4.5  0.017    0.0  0.000      0      0      0      0      0
11/19/1990   4419      0   1982   2437      0   3058      0   1353      0    809      0      0      0   0.00   0.00      0   0.00    4.6  0.016    0.0  0.000      0      0      0      0      0
11/20/1990   4593      0   1842   2751      0   3166      0   1347      0    718      0      0      0   0.00   0.00      0   0.00    4.7  0.016    0.0  0.000      0      0      0      0      0
11/21/1990   4448      0   1757   2691      0   3254      0   1311      0    637      0      0      0   0.00   0.00      0   0.00    4.8  0.016    0.0  0.000      0      0      0      0      0
11/22/1990   3889      0   1687   2202      0   3312      0   1321      0    563      0      0      0   0.00   0.00      0   0.00    4.9  0.015    0.0  0.000      0      0      0      0      0
11/23/1990   3711      0   1659   2052      0   3356      0   1270      0    542      0      0      0   0.00   0.00      0   0.00    5.0  0.015    0.0  0.000      0      0      0      0      0
11/24/1990   3593      0   1702   1891      0   3400      0   1181      0    529      0      0      0   0.00   0.00      0   0.00    5.1  0.015    0.0  0.000      0      0      0      0      0
11/25/1990   3842      0   1813   2029      0   3427      0   1089      0    516      0      0      0   0.00   0.00      0   0.00    5.1  0.015    0.0  0.000      0      0      0      0      0
11/26/1990   4105      0   1979   2126      0   3418      0    999      0    469      0      0      0   0.00   0.00      0   0.00    5.0  0.015    0.0  0.000      0      0      0      0      0
11/27/1990   4327      0   2148   2179      0   3454      0    901      0    416      0      0      0   0.00   0.00      0   0.00    5.0  0.015    0.0  0.000      0      0      0      0      0
11/28/1990   4546      0   2352   2194      0   3420      0    887      0    375      0      0      0   0.00   0.00      0   0.00    5.1  0.015    0.0  0.000      0      0      0      0      0
11/29/1990   4190      0   2607   1583      0   3345      0    831      0    412      0      0      0   0.00   0.00      0   0.00    5.2  0.014    0.0  0.000      0      0      0      0      0
11/30/1990   4139      0   2873   1266      0   3270      0    754      0    434      0      0      0   0.00   0.00      0   0.00    5.2  0.014    0.0  0.000      0      0      0      0      0
12/01/1990   4402      0   3141   1261      0   3173      0    720      0    393      0      0      0   0.00   0.00      0   0.00    5.2  0.014    0.0  0.000      0      0      0      0      0
12/02/1990   4674      0   3418   1256      0   3063      0    714      0    314      0      0      0   0.00   0.00      0   0.00    5.2  0.014    0.0  0.000      0      0      0      0      0
12/03/1990   4676      0   3707    969      0   2952      0    672      0    270      0      0      0   0.00   0.00      0   0.00    5.2  0.014    0.0  0.000      0      0      0      0      0
12/04/1990   4715      0   4004    711      0   2779      0    644      0    259      0      0      0   0.00   0.00      0   0.00    5.2  0.014    0.0  0.000      0      0      0      0      0
12/05/1990   4967      0   4259    708      0   2638      0    612      0    231      0      0      0   0.00   0.00      0   0.00    5.2  0.014    0.0  0.000      0      0      0      0      0
12/06/1990   4994      0   4502    492      0   2532      0    567      0    204      0      0      0   0.00   0.00      0   0.00    5.2  0.014    0.0  0.000      0      0      0      0      0
12/07/1990   4770      0   4744     26      0   2424      0    491      0    171      0      0      0   0.00   0.00      0   0.00    5.2  0.014    0.0  0.000      0      0      0      0      0
12/08/1990   5051      0   4958     93      0   2277      0    409      0    119      0      0      0   0.00   0.00      0   0.00    5.2  0.014    0.0  0.000      0      0      0      0      0
12/09/1990   5309      0   5108    201      0   2112      0    378      0     65      0      0      0   0.00   0.00      0   0.00    5.1  0.014    0.0  0.000      0      0      0      0      0
12/10/1990   5570      0   5220    350      0   1929      0    348      0     45      0      0      0   0.00   0.00      0   0.00    5.1  0.014    0.0  0.000      0      0      0      0      0
12/11/1990   5757      0   5231    526      0   1829      0    258      0     95      0      0      0   0.00   0.00      0   0.00    5.1  0.014    0.0  0.000      0      0      0      0      0
12/12/1990   5932      0   5202    730      0   1734      0    184      0    152      0      0      0   0.00   0.00      0   0.00    5.1  0.014    0.0  0.000      0      0      0      0      0
12/13/1990   6118      0   5196    922      0   1597      0    162      0    197      0      0      0   0.00   0.00      0   0.00    5.1  0.014    0.0  0.000      0      0      0      0      0
12/14/1990   6284      0   5168   1116      0   1491      0    149      0    186      0      0      0   0.00   0.00      0   0.00    5.0  0.014    0.0  0.000      0      0      0      0      0
12/15/1990   6446      0   5110   1336      0   1376      0    165      0    179      0      0      0   0.00   0.00      0   0.00    5.0  0.014    0.0  0.000      0      0      0      0      0
12/16/1990   6619      0   5032   1587      0   1200      0    240      0    164      0      0      0   0.00   0.00      0   0.00    5.0  0.014    0.0  0.000      0      0      0      0      0
12/17/1990   6738      0   4886   1852      0   1087      0    270      0    203      0      0      0   0.00   0.00      0   0.00    4.9  0.014    0.0  0.000      0      0      0      0      0
12/18/1990   6846      0   4771   2075      0   1005      0    299      0    242      0      0      0   0.00   0.00      0   0.00    4.9  0.014    0.0  0.000      0      0      0      0      0
12/19/1990   6977      0   4682   2295      0    920      0    309      0    273      0      0      0   0.00   0.00      0   0.00    4.9  0.014    0.0  0.000      0      0      0      0      0
12/20/1990   7132      0   4588   2544      0    827      0    321      0    226      0      0      0   0.00   0.00      0   0.00    4.8  0.014    0.0  0.000      0      0      0      0      0
12/21/1990   7262      0   4458   2804      0    768      0    344      0    126      0      0      0   0.00   0.00      0   0.00    4.8  0.014    0.0  0.000      0      0      0      0      0
12/22/1990   7352      0   4286   3066      0    713      0    396      0     33      0      0      0   0.00   0.00      0   0.00    4.8  0.014    0.0  0.000      0      0      0      0      0
12/23/1990   7428      0   4091   3337      0    692      0    368      0      0      0      0      0   0.00   0.00      0   0.00    4.7  0.014    0.0  0.000      0      0      0      0      0
12/24/1990   7513      0   3894   3619      0    662      0    306      0      0      0      0      0   0.00   0.00      0   0.00    4.7  0.014    0.0  0.000      0      0      0      0      0
12/25/1990   7591      0   3682   3909      0    657      0    226      0     24      0      0      0   0.00   0.00      0   0.00    4.7  0.014    0.0  0.000      0      0      0      0      0
12/26/1990   7638      0   3481   4157      0    703      0    126      0     84      0      0      0   0.00   0.00      0   0.00    4.7  0.014    0.0  0.000      0      0      0      0      0
12/27/1990   7696      0   3303   4393      0    731      0     33      0    170      0      0      0   0.00   0.00      0   0.00    4.6  0.014    0.0  0.000      0      0      0      0      0
12/28/1990   7741      0   3086   4655      0    712      0     24      0    248      0      0      0   0.00   0.00      0   0.00    4.6  0.014    0.0  0.000      0      0      0      0      0
12/29/1990   7736      0   2805   4931      0    710      0     84      0    233      0      0      0   0.00   0.00      0   0.00    4.6  0.014    0.0  0.000      0      0      0      0      0
12/30/1990   7739      0   2555   5184      0    699      0    170      0    226      0      0      0   0.00   0.00      0   0.00    4.6  0.014    0.0  0.000      0      0      0      0      0
12/31/1990   7763      0   2322   5441      0    667      0    272      0    209      0      0      0   0.00   0.00      0   0.00    4.6  0.014    0.0  0.000      0      0      0      0      0
