Varroa Population Simulation - Nov 23,2015  02:34:00 PM
VarroaPop Version 3.2.5.8  June, 2015

                                        Capped  Capped                                                                      Prop           Conc          Conc                                     
            Colony  Adult  Adult         Drone   Wkr    Drone  Wkr    Drone  Wkr  Free   DBrood WBrood DMite  WMite  Mites  Mites  Colony Pollen Colony Nectar   Dead   Dead   Dead   Dead   Dead
     Date   Size   Drones   Wkr   Forgrs Brood  Brood   Larv   Larv    Eggs  Eggs Mites  Mites  Mites  /Cell  /Cell  Dying  Dying  Pollen  Pest  Nectar  Pest    DLarv  WLarv  DAdlt  WAdlt  Forgrs
Initial     10000      0   6174   3826      0      0      0      0      0      0      0      0      0   0.00   0.00      0   0.00    0.0  0.000    0.0  0.000      0      0      0      0      0
08/01/1990   9706      0   5880   3826      0      0      0      0      5    262      0      0      0   0.00   0.00      0   0.00    0.1  0.000    0.0  0.000      0      0      0      0      0
08/02/1990   9412      0   5586   3826      0      0      0      0     10    524      0      0      0   0.00   0.00      0   0.00    0.3  0.000    0.0  0.000      0      0      0      0      0
08/03/1990   9118      0   5292   3826      0      0      0      0     15    786      0      0      0   0.00   0.00      0   0.00    0.4  0.000    0.0  0.000      0      0      0      0      0
08/04/1990   8824      0   4998   3826      0      0      5    262     15    787      0      0      0   0.00   0.00      0   0.00    0.5  0.000    0.0  0.000      0      0      0      0      0
08/05/1990   8530      0   4704   3826      0      0     10    524     15    794      0      0      0   0.00   0.00      0   0.00    0.7  0.000    0.0  0.000      0      0      0      0      0
08/06/1990   8236      0   4410   3826      0      0     15    786     15    803      0      0      0   0.00   0.00      0   0.00    0.8  0.000    0.0  0.000      0      0      0      0      0
08/07/1990   7942      0   4116   3826      0      0     20   1049     15    811      0      0      0   0.00   0.00      0   0.00    1.0  0.000    0.0  0.000      0      0      0      0      0
08/08/1990   7648      0   3822   3826      0      0     25   1318     15    813      0      0      0   0.00   0.00      0   0.00    1.1  0.000    0.0  0.000      0      0      0      0      0
08/09/1990   7354      0   3528   3826      0    262     30   1327     15    813      0      0      0   0.00   0.00      0   0.00    1.2  0.000    0.0  0.000      0      0      0      0      0
08/10/1990   7060      0   3234   3826      0    524     35   1336     15    813      0      0      0   0.00   0.00      0   0.00    1.4  0.000    0.0  0.000      0      0      0      0      0
08/11/1990    222      0    209     13      5    786     31   1269     15    814      0      0      0   0.00   0.00      0   0.00    1.5  0.238    0.0  0.000      4     76      0   2721   3804
08/12/1990    205      0    190     15      9    995     32   1331     10    543      0      0      0   0.00   0.00      0   0.00    1.5  0.238    0.0  0.000      0      0      0      0     16
08/13/1990    190      0    171     19     13   1242     33   1355      5    272      0      0      0   0.00   0.00      0   0.00    1.5  0.238    0.0  0.000      0      0      0      0     14
08/14/1990    176      0    152     24     17   1513     34   1356      0      0      0      0      0   0.00   0.00      0   0.00    1.5  0.238    0.0  0.000      0      0      0      0     13
08/15/1990    164      0    133     31     21   1784     30   1085      0      0      0      0      0   0.00   0.00      0   0.00    1.5  0.238    0.0  0.000      0      0      0      0     11
08/16/1990    153      0    114     39     26   2055     25    814      0      0      0      0      0   0.00   0.00      0   0.00    1.5  0.238    0.0  0.000      0      0      0      0     10
08/17/1990    143      0     95     48     31   2326     20    543      0      0      0      0      0   0.00   0.00      0   0.00    1.5  0.238    0.0  0.000      0      0      0      0      9
08/18/1990    134      0     76     58     36   2597     15    272      0      0      0      0      0   0.00   0.00      0   0.00    1.5  0.238    0.0  0.000      0      0      0      0      8
08/19/1990    133      0     57     76     41   2869     10      0      0      0      0      0      0   0.00   0.00      0   0.00    1.5  0.238    0.0  0.000      0      0      0      0      0
08/20/1990    132      0     38     94     46   2869      5      0      0     11      0      0      0   0.00   0.00      0   0.00    1.5  0.237    0.0  0.000      0      0      0      0      0
08/21/1990    131      0     19    112     51   2869      0      0      0     24      0      0      0   0.00   0.00      0   0.00    1.5  0.237    0.0  0.000      0      0      0      0      0
08/22/1990    392      0    262    130     51   2607      0      0      0     41      0      0      0   0.00   0.00      0   0.00    1.5  0.236    0.0  0.000      0      0      0      0      0
08/23/1990    653      0    524    129     51   2345      0     11      0     49      0      0      0   0.00   0.00      0   0.00    1.5  0.235    0.0  0.000      0      0      0      0      0
08/24/1990    914      0    786    128     51   2083      0     24      0     53      0      0      0   0.00   0.00      0   0.00    1.5  0.235    0.0  0.000      0      0      0      0      0
08/25/1990   1125      5    995    125     46   1874      0     41      0     52      0      0      0   0.00   0.00      0   0.00    1.5  0.235    0.0  0.000      0      0      0      0      0
08/26/1990   1371      9   1242    120     42   1627      0     60      0     50      0      0      0   0.00   0.00      0   0.00    1.5  0.235    0.0  0.000      0      0      0      0      0
08/27/1990   1640     13   1513    114     38   1356      0     77      0     50      0      0      0   0.00   0.00      0   0.00    1.5  0.235    0.0  0.000      0      0      0      0      0
08/28/1990   1907     17   1784    106     34   1096      0     82      0     51      0      0      0   0.00   0.00      0   0.00    1.5  0.235    0.0  0.000      0      0      0      0      0
08/29/1990   2173     21   2055     97     30    838      0     86      0     50      0      0      0   0.00   0.00      0   0.00    1.5  0.235    0.0  0.000      0      0      0      0      0
08/30/1990   2439     26   2326     87     25    584      0     86      0     47      0      0      0   0.00   0.00      0   0.00    1.5  0.235    0.0  0.000      0      0      0      0      0
08/31/1990   2704     31   2597     76     20    332      0     84      0     42      0      0      0   0.00   0.00      0   0.00    1.5  0.235    0.0  0.000      0      0      0      0      0
09/01/1990   2962     36   2869     57     15     77      0     83      0     37      0      0      0   0.00   0.00      0   0.00    1.5  0.235    0.0  0.000      0      0      0      0      0
09/02/1990   2967     41   2869     57     10     93      0     81      0     31      0      0      0   0.00   0.00      0   0.00    1.5  0.235    0.0  0.000      0      0      0      0      0
09/03/1990   2953     46   2869     38      5    110      0     76      0     27      0      0      0   0.00   0.00      0   0.00    1.5  0.235    0.0  0.000      0      0      0      0      0
09/04/1990   2939     51   2869     19      0    127      0     70      0     21      0      0      0   0.00   0.00      0   0.00    1.5  0.235    0.0  0.000      0      0      0      0      0
09/05/1990   2920     51   2869      0      0    144      0     61      0     15      0      0      0   0.00   0.00      0   0.00    1.4  0.235    0.0  0.000      0      0      0      0      0
09/06/1990   2920     51   2869      0      0    160      0     53      0      7      0      0      0   0.00   0.00      0   0.00    1.4  0.235    0.0  0.000      0      0      0      0      0
09/07/1990   2920     51   2869      0      0    174      0     44      0      2      0      0      0   0.00   0.00      0   0.00    1.4  0.235    0.0  0.000      0      0      0      0      0
09/08/1990   2920     51   2869      0      0    186      0     34      0      0      0      0      0   0.00   0.00      0   0.00    1.4  0.235    0.0  0.000      0      0      0      0      0
09/09/1990   2920     51   2869      0      0    197      0     23      0      0      0      0      0   0.00   0.00      0   0.00    1.3  0.235    0.0  0.000      0      0      0      0      0
09/10/1990   2931     51   2880      0      0    194      0     15      0      0      0      0      0   0.00   0.00      0   0.00    1.3  0.234    0.0  0.000      0      0      0      0      0
09/11/1990   2944     51   2893      0      0    189      0      7      0      0      0      0      0   0.00   0.00      0   0.00    1.3  0.234    0.0  0.000      0      0      0      0      0
09/12/1990   2961     51   2648    262      0    177      0      2      0      0      0      0      0   0.00   0.00      0   0.00    1.3  0.234    0.0  0.000      0      0      0      0      0
09/13/1990   2980     51   2405    524      0    160      0      0      0     37      0      0      0   0.00   0.00      0   0.00    1.3  0.234    0.0  0.000      0      0      0      0      0
09/14/1990   2997     51   2160    786      0    143      0      0      0     99      0      0      0   0.00   0.00      0   0.00    1.3  0.230    0.0  0.000      0      0      0      0      0
09/15/1990   3008     46   1967    995      0    127      0      0      0    184      0      0      0   0.00   0.00      0   0.00    1.3  0.225    0.0  0.000      0      0      0      0      0
09/16/1990   3021     42   1737   1242      0    110      0     37      1    248      0      0      0   0.00   0.00      0   0.00    1.4  0.218    0.0  0.000      0      0      0      0      0
09/17/1990   3034     38   1483   1513      0     93      0     99      2    307      0      0      0   0.00   0.00      0   0.00    1.4  0.210    0.0  0.000      0      0      0      0      0
09/18/1990   3047     34   1229   1784      0     76      0    184      4    358      0      0      0   0.00   0.00      0   0.00    1.5  0.200    0.0  0.000      0      0      0      0      0
09/19/1990   3059     30    974   2055      0     60      1    285      5    405      0      0      0   0.00   0.00      0   0.00    1.6  0.189    0.0  0.000      0      0      0      0      0
09/20/1990   3068     25    717   2326      0     46      2    406      7    455      0      0      0   0.00   0.00      0   0.00    1.7  0.178    0.0  0.000      0      0      0      0      0
09/21/1990   3075     20    458   2597      0     71      4    505      8    505      0      0      0   0.00   0.00      0   0.00    1.8  0.166    0.0  0.000      0      0      0      0      0
09/22/1990   3081     15    197   2869      0    122      6    591     10    543      0      0      0   0.00   0.00      0   0.00    1.9  0.155    0.0  0.000      0      0      0      0      0
09/23/1990   3084     10    205   2869      0    199      9    677     11    557      0      0      0   0.00   0.00      0   0.00    2.1  0.146    0.0  0.000      0      0      0      0      0
09/24/1990   3087      5    213   2869      0    292     12    762     12    566      0      0      0   0.00   0.00      0   0.00    2.2  0.137    0.0  0.000      0      0      0      0      0
09/25/1990   2825      0    218   2607      0    408     16    827     12    573      0      0      0   0.00   0.00      0   0.00    2.3  0.131    0.0  0.000      0      0      0      0      0
09/26/1990   2565      0    220   2345      1    542     19    876     12    571      0      0      0   0.00   0.00      0   0.00    2.4  0.125    0.0  0.000      0      0      0      0      0
09/27/1990   2303      0    220   2083      2    690     22    923     11    549      0      0      0   0.00   0.00      0   0.00    2.5  0.121    0.0  0.000      0      0      0      0      0
09/28/1990   2094      0    220   1874      4    861     24    945     10    521      0      0      0   0.00   0.00      0   0.00    2.6  0.117    0.0  0.000      0      0      0      0      0
09/29/1990   1847      0    220   1627      6   1047     26    942      9    500      0      0      0   0.00   0.00      0   0.00    2.7  0.114    0.0  0.000      0      0      0      0      0
09/30/1990   1576      0    220   1356      9   1233     26    929      8    480      0      0      0   0.00   0.00      0   0.00    2.7  0.111    0.0  0.000      0      0      0      0      0
10/01/1990   1305      0    209   1096     12   1418     26    909      7    451      0      0      0   0.00   0.00      0   0.00    2.8  0.109    0.0  0.000      0      0      0      0      0
10/02/1990   1034      0    196    838     16   1613     25    876      5    399      0      0      0   0.00   0.00      0   0.00    2.8  0.108    0.0  0.000      0      0      0      0      0
10/03/1990    763      0    179    584     20   1806     23    836      4    336      0      0      0   0.00   0.00      0   0.00    2.8  0.107    0.0  0.000      0      0      0      0      0
10/04/1990    529      0    197    332     24   1952     21    789      3    273      0      0      0   0.00   0.00      0   0.00    2.8  0.107    0.0  0.000      0      0      0      0      0
10/05/1990    319      0    242     77     28   2063     18    726      2    205      0      0      0   0.00   0.00      0   0.00    2.8  0.107    0.0  0.000      0      0      0      0      0
10/06/1990    404      0    311     93     32   2143     15    651      1    115      0      0      0   0.00   0.00      0   0.00    2.8  0.107    0.0  0.000      0      0      0      0      0
10/07/1990    505      0    395    110     35   2204     13    562      0     53      0      0      0   0.00   0.00      0   0.00    2.8  0.106    0.0  0.000      0      0      0      0      0
10/08/1990    626      0    499    127     38   2236     10    451      0     24      0      0      0   0.00   0.00      0   0.00    2.8  0.106    0.0  0.000      0      0      0      0      0
10/09/1990    762      0    618    144     41   2236      7    315      0     40      0      0      0   0.00   0.00      0   0.00    2.8  0.106    0.0  0.000      0      0      0      0      0
10/10/1990    911      1    750    160     42   2198      5    216      0     46      0      0      0   0.00   0.00      0   0.00    2.8  0.106    0.0  0.000      0      0      0      0      0
10/11/1990   1083      2    907    174     43   2117      3    139      0     53      0      0      0   0.00   0.00      0   0.00    2.9  0.106    0.0  0.000      0      0      0      0      0
10/12/1990   1271      4   1081    186     42   2004      2     82      0     59      0      0      0   0.00   0.00      0   0.00    2.9  0.106    0.0  0.000      0      0      0      0      0
10/13/1990   1459      6   1256    197     41   1860      1     57      0     64      0      0      0   0.00   0.00      0   0.00    2.9  0.106    0.0  0.000      0      0      0      0      0
10/14/1990   1636      9   1433    194     39   1675      0     77      0     68      0      0      0   0.00   0.00      0   0.00    2.9  0.106    0.0  0.000      0      0      0      0      0
10/15/1990   1821     12   1620    189     36   1491      0     88      0     70      0      0      0   0.00   0.00      0   0.00    2.9  0.106    0.0  0.000      0      0      0      0      0
10/16/1990   2001     16   1808    177     32   1311      0     97      0     71      0      0      0   0.00   0.00      0   0.00    2.9  0.106    0.0  0.000      0      0      0      0      0
10/17/1990   2169     20   1989    160     28   1144      0    105      0     69      0      0      0   0.00   0.00      0   0.00    2.9  0.106    0.0  0.000      0      0      0      0      0
10/18/1990   2329     24   2162    143     24    988      0    112      0     65      0      0      0   0.00   0.00      0   0.00    2.8  0.106    0.0  0.000      0      0      0      0      0
10/19/1990   2482     28   2327    127     20    843      0    115      0     58      0      0      0   0.00   0.00      0   0.00    2.8  0.106    0.0  0.000      0      0      0      0      0
10/20/1990   2631     32   2489    110     16    703      0    115      0     49      0      0      0   0.00   0.00      0   0.00    2.8  0.106    0.0  0.000      0      0      0      0      0
10/21/1990   2770     35   2642     93     13    572      0    113      0     41      0      0      0   0.00   0.00      0   0.00    2.8  0.106    0.0  0.000      0      0      0      0      0
10/22/1990   2892     38   2778     76     10    460      0    105      0     36      0      0      0   0.00   0.00      0   0.00    2.8  0.106    0.0  0.000      0      0      0      0      0
10/23/1990   2989     41   2888     60      7    374      0     94      0     32      0      0      0   0.00   0.00      0   0.00    2.8  0.106    0.0  0.000      0      0      0      0      0
10/24/1990   3067     43   2978     46      5    307      0     83      0     27      0      0      0   0.00   0.00      0   0.00    2.8  0.106    0.0  0.000      0      0      0      0      0
10/25/1990   3130     45   3014     71      3    256      0     72      0     21      0      0      0   0.00   0.00      0   0.00    2.7  0.106    0.0  0.000      0      0      0      0      0
10/26/1990   3162     46   2994    122      2    234      0     61      0     20      0      0      0   0.00   0.00      0   0.00    2.7  0.106    0.0  0.000      0      0      0      0      0
10/27/1990   3155     47   2909    199      1    250      0     52      0     28      0      0      0   0.00   0.00      0   0.00    2.7  0.106    0.0  0.000      0      0      0      0      0
10/28/1990   3159     48   2819    292      0    252      0     44      0     45      0      0      0   0.00   0.00      0   0.00    2.7  0.106    0.0  0.000      0      0      0      0      0
10/29/1990   3167     48   2711    408      0    251      0     40      0     69      0      0      0   0.00   0.00      0   0.00    2.7  0.106    0.0  0.000      0      0      0      0      0
10/30/1990   3181     48   2591    542      0    246      0     44      0     93      0      0      0   0.00   0.00      0   0.00    2.7  0.106    0.0  0.000      0      0      0      0      0
10/31/1990   3197     47   2460    690      0    238      0     57      0    118      0      0      0   0.00   0.00      0   0.00    2.7  0.105    0.0  0.000      0      0      0      0      0
11/01/1990   3208     46   2309    853      0    225      0     82      0    132      0      0      0   0.00   0.00      0   0.00    2.7  0.104    0.0  0.000      0      0      0      0      0
11/02/1990   3219     44   2145   1030      0    208      0    116      0    144      0      0      0   0.00   0.00      0   0.00    2.8  0.103    0.0  0.000      0      0      0      0      0
11/03/1990   3229     42   1981   1206      0    194      0    155      0    159      0      0      0   0.00   0.00      0   0.00    2.8  0.102    0.0  0.000      0      0      0      0      0
11/04/1990   3239     39   1820   1380      0    185      0    186      1    190      0      0      0   0.00   0.00      0   0.00    2.9  0.100    0.0  0.000      0      0      0      0      0
11/05/1990   3248     36   1649   1563      0    183      0    215      2    226      0      0      0   0.00   0.00      0   0.00    2.9  0.098    0.0  0.000      0      0      0      0      0
11/06/1990   3254     32   1479   1743      0    192      0    245      3    243      0      0      0   0.00   0.00      0   0.00    3.0  0.096    0.0  0.000      0      0      0      0      0
11/07/1990   3228     28   1318   1882      0    209      1    283      3    250      0      0      0   0.00   0.00      0   0.00    3.1  0.094    0.0  0.000      0      0      0      0      0
11/08/1990   3176     24   1165   1987      0    236      2    323      4    262      0      0      0   0.00   0.00      0   0.00    3.1  0.091    0.0  0.000      0      0      0      0      0
11/09/1990   3098     20   1016   2062      0    266      3    356      5    291      0      0      0   0.00   0.00      0   0.00    3.2  0.089    0.0  0.000      0      0      0      0      0
11/10/1990   3002     16    867   2119      0    304      4    389      6    320      0      0      0   0.00   0.00      0   0.00    3.3  0.086    0.0  0.000      0      0      0      0      0
11/11/1990   2887     13    726   2148      0    354      6    426      6    341      0      0      0   0.00   0.00      0   0.00    3.4  0.084    0.0  0.000      0      0      0      0      0
11/12/1990   2757     10    601   2146      0    420      8    457      7    359      0      0      0   0.00   0.00      0   0.00    3.5  0.082    0.0  0.000      0      0      0      0      0
11/13/1990   2614      7    500   2107      0    498     10    483      8    376      0      0      0   0.00   0.00      0   0.00    3.6  0.080    0.0  0.000      0      0      0      0      0
11/14/1990   2448      5    417   2026      1    570     11    524      8    369      0      0      0   0.00   0.00      0   0.00    3.7  0.078    0.0  0.000      0      0      0      0      0
11/15/1990   2265      3    349   1913      2    649     13    566      7    347      0      0      0   0.00   0.00      0   0.00    3.8  0.076    0.0  0.000      0      0      0      0      0
11/16/1990   2086      2    315   1769      3    740     15    597      6    328      0      0      0   0.00   0.00      0   0.00    3.8  0.075    0.0  0.000      0      0      0      0      0
11/17/1990   1916      1    330   1585      4    833     16    602      6    326      0      0      0   0.00   0.00      0   0.00    3.9  0.073    0.0  0.000      0      0      0      0      0
11/18/1990   1743      0    341   1402      6    924     16    593      5    318      0      0      0   0.00   0.00      0   0.00    4.0  0.072    0.0  0.000      0      0      0      0      0
11/19/1990   1583      0    360   1223      8   1012     16    584      4    298      0      0      0   0.00   0.00      0   0.00    4.0  0.071    0.0  0.000      0      0      0      0      0
11/20/1990   1610      0    383   1227     10   1099     16    569      2    248      0      0      0   0.00   0.00      0   0.00    4.1  0.070    0.0  0.000      0      0      0      0      0
11/21/1990   1476      0    413   1063     12   1182     15    535      1    205      0      0      0   0.00   0.00      0   0.00    4.1  0.070    0.0  0.000      0      0      0      0      0
11/22/1990   1199      0    439    760     15   1249     13    513      0    165      0      0      0   0.00   0.00      0   0.00    4.2  0.069    0.0  0.000      0      0      0      0      0
11/23/1990   1089      0    468    621     18   1302     10    470      0    144      0      0      0   0.00   0.00      0   0.00    4.2  0.069    0.0  0.000      0      0      0      0      0
11/24/1990    999      0    508    491     20   1351      8    412      0    126      0      0      0   0.00   0.00      0   0.00    4.2  0.068    0.0  0.000      0      0      0      0      0
11/25/1990   1064      0    561    503     22   1385      6    352      0    107      0      0      0   0.00   0.00      0   0.00    4.2  0.068    0.0  0.000      0      0      0      0      0
11/26/1990   1139      0    624    515     24   1394      4    296      0     89      0      0      0   0.00   0.00      0   0.00    4.2  0.068    0.0  0.000      0      0      0      0      0
11/27/1990   1206      0    680    526     26   1406      2    240      0     74      0      0      0   0.00   0.00      0   0.00    4.2  0.068    0.0  0.000      0      0      0      0      0
11/28/1990   1279      1    742    536     26   1383      1    211      0     66      0      0      0   0.00   0.00      0   0.00    4.2  0.068    0.0  0.000      0      0      0      0      0
11/29/1990   1155      2    821    332     26   1337      0    180      0     73      0      0      0   0.00   0.00      0   0.00    4.2  0.068    0.0  0.000      0      0      0      0      0
11/30/1990   1179      3    913    263     25   1280      0    149      0     73      0      0      0   0.00   0.00      0   0.00    4.2  0.068    0.0  0.000      0      0      0      0      0
12/01/1990   1282      4   1013    265     24   1207      0    133      0     62      0      0      0   0.00   0.00      0   0.00    4.2  0.068    0.0  0.000      0      0      0      0      0
12/02/1990   1394      6   1121    267     22   1122      0    127      0     44      0      0      0   0.00   0.00      0   0.00    4.2  0.068    0.0  0.000      0      0      0      0      0
12/03/1990   1457      8   1236    213     20   1028      0    115      0     37      0      0      0   0.00   0.00      0   0.00    4.2  0.068    0.0  0.000      0      0      0      0      0
12/04/1990   1555     10   1357    188     18    920      0    106      0     35      0      0      0   0.00   0.00      0   0.00    4.2  0.068    0.0  0.000      0      0      0      0      0
12/05/1990   1660     12   1463    185     16    827      0     97      0     32      0      0      0   0.00   0.00      0   0.00    4.2  0.068    0.0  0.000      0      0      0      0      0
12/06/1990   1756     15   1562    179     13    747      0     86      0     29      0      0      0   0.00   0.00      0   0.00    4.2  0.068    0.0  0.000      0      0      0      0      0
12/07/1990   1858     18   1665    175     10    665      0     68      0     28      0      0      0   0.00   0.00      0   0.00    4.2  0.068    0.0  0.000      0      0      0      0      0
12/08/1990   1958     20   1761    177      8    574      0     56      0     30      0      0      0   0.00   0.00      0   0.00    4.2  0.068    0.0  0.000      0      0      0      0      0
12/09/1990   2043     22   1835    186      6    491      0     53      0     31      0      0      0   0.00   0.00      0   0.00    4.2  0.068    0.0  0.000      0      0      0      0      0
12/10/1990   2121     24   1894    203      4    411      0     52      0     36      0      0      0   0.00   0.00      0   0.00    4.2  0.068    0.0  0.000      0      0      0      0      0
12/11/1990   2167     26   1916    225      2    363      0     49      0     42      0      0      0   0.00   0.00      0   0.00    4.2  0.068    0.0  0.000      0      0      0      0      0
12/12/1990   2209     27   1922    260      1    321      0     49      0     47      0      0      0   0.00   0.00      0   0.00    4.2  0.068    0.0  0.000      0      0      0      0      0
12/13/1990   2249     28   1927    294      0    278      0     56      0     48      0      0      0   0.00   0.00      0   0.00    4.2  0.068    0.0  0.000      0      0      0      0      0
12/14/1990   2277     28   1916    333      0    248      0     62      0     39      0      0      0   0.00   0.00      0   0.00    4.2  0.068    0.0  0.000      0      0      0      0      0
12/15/1990   2302     28   1889    385      0    223      0     68      0     34      0      0      0   0.00   0.00      0   0.00    4.2  0.068    0.0  0.000      0      0      0      0      0
12/16/1990   2325     28   1844    453      0    201      0     74      0     29      0      0      0   0.00   0.00      0   0.00    4.1  0.068    0.0  0.000      0      0      0      0      0
12/17/1990   2338     28   1779    531      0    190      0     70      0     37      0      0      0   0.00   0.00      0   0.00    4.1  0.068    0.0  0.000      0      0      0      0      0
12/18/1990   2349     28   1720    601      0    185      0     66      0     46      0      0      0   0.00   0.00      0   0.00    4.1  0.068    0.0  0.000      0      0      0      0      0
12/19/1990   2364     27   1660    677      0    177      0     61      0     54      0      0      0   0.00   0.00      0   0.00    4.1  0.068    0.0  0.000      0      0      0      0      0
12/20/1990   2384     26   1590    768      0    164      0     60      0     45      0      0      0   0.00   0.00      0   0.00    4.1  0.068    0.0  0.000      0      0      0      0      0
12/21/1990   2396     25   1502    869      0    160      0     64      0     25      0      0      0   0.00   0.00      0   0.00    4.1  0.068    0.0  0.000      0      0      0      0      0
12/22/1990   2402     24   1402    976      0    154      0     76      0      6      0      0      0   0.00   0.00      0   0.00    4.1  0.068    0.0  0.000      0      0      0      0      0
12/23/1990   2406     22   1293   1091      0    154      0     71      0      0      0      0      0   0.00   0.00      0   0.00    4.1  0.068    0.0  0.000      0      0      0      0      0
12/24/1990   2412     20   1180   1212      0    152      0     60      0      0      0      0      0   0.00   0.00      0   0.00    4.1  0.068    0.0  0.000      0      0      0      0      0
12/25/1990   2416     18   1061   1337      0    156      0     45      0      5      0      0      0   0.00   0.00      0   0.00    4.0  0.068    0.0  0.000      0      0      0      0      0
12/26/1990   2417     16    956   1445      0    168      0     25      0     21      0      0      0   0.00   0.00      0   0.00    4.0  0.068    0.0  0.000      0      0      0      0      0
12/27/1990   2419     13    862   1544      0    177      0      6      0     44      0      0      0   0.00   0.00      0   0.00    4.0  0.068    0.0  0.000      0      0      0      0      0
12/28/1990   2421     10    761   1650      0    173      0      5      0     67      0      0      0   0.00   0.00      0   0.00    4.0  0.068    0.0  0.000      0      0      0      0      0
12/29/1990   2424      8    660   1756      0    163      0     21      0     63      0      0      0   0.00   0.00      0   0.00    4.0  0.068    0.0  0.000      0      0      0      0      0
12/30/1990   2428      6    575   1847      0    152      0     44      0     62      0      0      0   0.00   0.00      0   0.00    4.0  0.068    0.0  0.000      0      0      0      0      0
12/31/1990   2437      4    499   1934      0    137      0     72      0     57      0      0      0   0.00   0.00      0   0.00    4.0  0.068    0.0  0.000      0      0      0      0      0
