Varroa Population Simulation - Nov 24,2015  04:11:14 PM
VarroaPop Version 3.2.5.8  June, 2015

                                        Capped  Capped                                                                      Prop           Conc          Conc                                     
            Colony  Adult  Adult         Drone   Wkr    Drone  Wkr    Drone  Wkr  Free   DBrood WBrood DMite  WMite  Mites  Mites  Colony Pollen Colony Nectar   Dead   Dead   Dead   Dead   Dead
     Date   Size   Drones   Wkr   Forgrs Brood  Brood   Larv   Larv    Eggs  Eggs Mites  Mites  Mites  /Cell  /Cell  Dying  Dying  Pollen  Pest  Nectar  Pest    DLarv  WLarv  DAdlt  WAdlt  Forgrs
Initial     10000      0   5817   4183      0      0      0      0      0      0      0      0      0   0.00   0.00      0   0.00    0.0  0.000    0.0  0.000      0      0      0      0      0
05/01/1990   9723      0   5540   4183      0      0      0      0      4    659      0      0      0   0.00   0.00      0   0.00    0.2  0.000    0.0  0.000      0      0      0      0      0
05/02/1990   9446      0   5263   4183      0      0      0      0      9   1368      0      0      0   0.00   0.00      0   0.00    0.3  0.000    0.0  0.000      0      0      0      0      0
05/03/1990   9169      0   4986   4183      0      0      0      0     14   2140      0      0      0   0.00   0.00      0   0.00    0.5  0.000    0.0  0.000      0      0      0      0      0
05/04/1990   8892      0   4709   4183      0      0      4    659     15   2285      0      0      0   0.00   0.00      0   0.00    0.6  0.000    0.0  0.000      0      0      0      0      0
05/05/1990   8615      0   4432   4183      0      0      9   1368     15   2396      0      0      0   0.00   0.00      0   0.00    0.8  0.000    0.0  0.000      0      0      0      0      0
05/06/1990   8338      0   4155   4183      0      0     14   2140     15   2428      0      0      0   0.00   0.00      0   0.00    0.9  0.000    0.0  0.000      0      0      0      0      0
05/07/1990   8061      0   3878   4183      0      0     19   2944     15   2370      0      0      0   0.00   0.00      0   0.00    1.1  0.000    0.0  0.000      0      0      0      0      0
05/08/1990   7784      0   3601   4183      0      0     24   3764     15   2284      0      0      0   0.00   0.00      0   0.00    1.2  0.000    0.0  0.000      0      0      0      0      0
05/09/1990   7507      0   3324   4183      0    659     29   3909     14   2159      0      0      0   0.00   0.00      0   0.00    1.4  0.000    0.0  0.000      0      0      0      0      0
05/10/1990   7230      0   3047   4183      0   1368     34   3946     12   1997      0      0      0   0.00   0.00      0   0.00    1.6  0.000    0.0  0.000      0      0      0      0      0
05/11/1990   6953      0   2770   4183      4   2140     35   3908     11   1907      0      0      0   0.00   0.00      0   0.00    1.7  0.000    0.0  0.000      0      0      0      0      0
05/12/1990   6676      0   2493   4183      9   2944     34   3783     11   1896      0      0      0   0.00   0.00      0   0.00    1.9  0.000    0.0  0.000      0      0      0      0      0
05/13/1990   6399      0   2216   4183     14   3764     32   3547     12   1991      0      0      0   0.00   0.00      0   0.00    2.0  0.000    0.0  0.000      0      0      0      0      0
05/14/1990   6122      0   1939   4183     19   4568     31   3387     12   2023      0      0      0   0.00   0.00      0   0.00    2.2  0.000    0.0  0.000      0      0      0      0      0
05/15/1990   5817      0   1662   4155     24   5314     30   3309     12   2004      0      0      0   0.00   0.00      0   0.00    2.4  0.000    0.0  0.000      0      0      0      0      0
05/16/1990   5540      0   1385   4155     29   6048     29   3254     13   2050      0      0      0   0.00   0.00      0   0.00    2.6  0.000    0.0  0.000      0      0      0      0      0
05/17/1990   5263      0   1108   4155     34   6727     28   3251     13   2051      0      0      0   0.00   0.00      0   0.00    2.7  0.000    0.0  0.000      0      0      0      0      0
05/18/1990   4986      0    831   4155     39   7311     27   3316     13   2007      0      0      0   0.00   0.00      0   0.00    2.9  0.000    0.0  0.000      0      0      0      0      0
05/19/1990   4709      0    554   4155     43   7955     28   3397     11   1870      0      0      0   0.00   0.00      0   0.00    3.1  0.000    0.0  0.000      0      0      0      0      0
05/20/1990   4432      0    277   4155     46   8623     29   3406     11   1861      0      0      0   0.00   0.00      0   0.00    3.3  0.000    0.0  0.000      0      0      0      0      0
05/21/1990   4155      0      0   4155     50   9302     29   3332     11   1955      0      0      0   0.00   0.00      0   0.00    3.5  0.000    0.0  0.000      0      0      0      0      0
05/22/1990   4537      0    659   3878     54   9319     28   3244     13   2080      0      0      0   0.00   0.00      0   0.00    3.6  0.000    0.0  0.000      0      0      0      0      0
05/23/1990   5246      0   1368   3878     58   9259     28   3263     12   1983      0      0      0   0.00   0.00      0   0.00    3.6  0.000    0.0  0.000      0      0      0      0      0
05/24/1990   5741      0   2140   3601     62   9212     28   3237     11   1850      0      0      0   0.00   0.00      0   0.00    3.8  0.000    0.0  0.000      0      0      0      0      0
05/25/1990   6272      4   2944   3324     62   9085     29   3273      9   1751      0      0      0   0.00   0.00      0   0.00    3.9  0.000    0.0  0.000      0      0      0      0      0
05/26/1990   6820      9   3764   3047     62   8870     27   3239      8   1782      0      0      0   0.00   0.00      0   0.00    4.0  0.000    0.0  0.000      0      0      0      0      0
05/27/1990   7629     14   4568   3047     61   8654     26   3217      6   1720      0      0      0   0.00   0.00      0   0.00    4.0  0.000    0.0  0.000      0      0      0      0      0
05/28/1990   8380     19   5314   3047     60   8576     25   3163      4   1604      0      0      0   0.00   0.00      0   0.00    4.0  0.000    0.0  0.000      0      0      0      0      0
05/29/1990   8842     24   6048   2770     58   8541     24   3066      3   1537      0      0      0   0.00   0.00      0   0.00    4.0  0.000    0.0  0.000      0      0      0      0      0
05/30/1990   9249     29   6727   2493     57   8575     21   2857      3   1551      0      0      0   0.00   0.00      0   0.00    4.1  0.000    0.0  0.000      0      0      0      0      0
05/31/1990   9561     34   7311   2216     56   8562     18   2784      2   1519      0      0      0   0.00   0.00      0   0.00    4.2  0.000    0.0  0.000      0      0      0      0      0
06/01/1990   9933     39   7955   1939     56   8484     14   2753      1   1431      0      0      0   0.00   0.00      0   0.00    4.2  0.000    0.0  0.000      0      0      0      0      0
06/02/1990  10328     43   8623   1662     55   8430     12   2657      0   1388      0      0      0   0.00   0.00      0   0.00    4.2  0.000    0.0  0.000      0      0      0      0      0
06/03/1990  10733     46   9302   1385     55   8353      9   2521      0   1370      0      0      0   0.00   0.00      0   0.00    4.2  0.000    0.0  0.000      0      0      0      0      0
06/04/1990  11136     50   9978   1108     54   8181      6   2464      0   1325      0      0      0   0.00   0.00      0   0.00    4.2  0.000    0.0  0.000      0      0      0      0      0
06/05/1990  11512     54  10627    831     52   8030      4   2441      0   1195      0      0      0   0.00   0.00      0   0.00    4.2  0.000    0.0  0.000      0      0      0      0      0
06/06/1990  11964     58  11352    554     49   7840      3   2354      0   1031      0      0      0   0.00   0.00      0   0.00    4.1  0.000    0.0  0.000      0      0      0      0      0
06/07/1990  12368     62  12029    277     46   7681      2   2238      0    833      0      0      0   0.00   0.00      0   0.00    4.1  0.000    0.0  0.000      0      0      0      0      0
06/08/1990  12700     66  12634      0     43   7542      1   2117      0    610      0      0      0   0.00   0.00      0   0.00    4.0  0.000    0.0  0.000      0      0      0      0      0
06/09/1990  13293     71  13222      0     39   7401      0   1954      0    326      0      0      0   0.00   0.00      0   0.00    3.9  0.000    0.0  0.000      0      0      0      0      0
06/10/1990  13965     75  13890      0     35   7208      0   1683      0    122      0      0      0   0.00   0.00      0   0.00    3.8  0.000    0.0  0.000      0      0      0      0      0
06/11/1990  14668     79  14589      0     31   6957      0   1357      0      0      0      0      0   0.00   0.00      0   0.00    3.7  0.000    0.0  0.000      0      0      0      0      0
06/12/1990  15384     82  14643    659     28   6646      0    955      0      0      0      0      0   0.00   0.00      0   0.00    3.6  0.000    0.0  0.000      0      0      0      0      0
06/13/1990  15959     86  14505   1368     24   6420      0    610      0    211      0      0      0   0.00   0.00      0   0.00    3.6  0.000    0.0  0.000      0      0      0      0      0
06/14/1990  16529     90  14299   2140     20   6138      0    326      0    558      0      0      0   0.00   0.00      0   0.00    3.6  0.000    0.0  0.000      0      0      0      0      0
06/15/1990  17144     91  14109   2944     15   5728      0    122      0   1034      0      0      0   0.00   0.00      0   0.00    3.6  0.000    0.0  0.000      0      0      0      0      0
06/16/1990  17744     89  13891   3764     12   5248      0    211      2   1435      0      0      0   0.00   0.00      0   0.00    3.7  0.000    0.0  0.000      0      0      0      0      0
06/17/1990  18246     87  13591   4568      9   4744      0    558      6   1821      0      0      0   0.00   0.00      0   0.00    3.8  0.000    0.0  0.000      0      0      0      0      0
06/18/1990  18742     85  13343   5314      6   4246      0   1034     11   2113      0      0      0   0.00   0.00      0   0.00    4.0  0.000    0.0  0.000      0      0      0      0      0
06/19/1990  19274     82  13144   6048      4   3711      2   1646     16   2387      0      0      0   0.00   0.00      0   0.00    4.1  0.000    0.0  0.000      0      0      0      0      0
06/20/1990  19788     78  12983   6727      3   3193      6   2379     22   2667      0      0      0   0.00   0.00      0   0.00    4.4  0.000    0.0  0.000      0      0      0      0      0
06/21/1990  20250     74  12865   7311      2   2938     11   2936     28   2961      0      0      0   0.00   0.00      0   0.00    4.6  0.000    0.0  0.000      0      0      0      0      0
06/22/1990  20693     70  12668   7955      1   2838     18   3475     32   3100      0      0      0   0.00   0.00      0   0.00    4.9  0.000    0.0  0.000      0      0      0      0      0
06/23/1990  21165     67  12475   8623      0   2839     28   4012     34   3144      0      0      0   0.00   0.00      0   0.00    5.2  0.000    0.0  0.000      0      0      0      0      0
06/24/1990  21610     64  12244   9302      0   3003     39   4462     36   3194      0      0      0   0.00   0.00      0   0.00    5.5  0.000    0.0  0.000      0      0      0      0      0
06/25/1990  22008     60  11970   9978      0   3334     50   4754     40   3312      0      0      0   0.00   0.00      0   0.00    5.9  0.000    0.0  0.000      0      0      0      0      0
06/26/1990  22349     56  11666  10627      2   3757     60   5043     44   3441      0      0      0   0.00   0.00      0   0.00    6.2  0.000    0.0  0.000      0      0      0      0      0
06/27/1990  21970     52  11225  10693      6   4359     69   5269     48   3521      0      0      0   0.00   0.00      0   0.00    6.6  0.000    0.0  0.000      0      0      0      0      0
06/28/1990  21461     48  10752  10661     11   5168     79   5399     50   3554      0      0      0   0.00   0.00      0   0.00    7.0  0.000    0.0  0.000      0      0      0      0      0
06/29/1990  20807     44  10269  10494     18   6108     88   5523     51   3604      0      0      0   0.00   0.00      0   0.00    7.4  0.000    0.0  0.000      0      0      0      0      0
06/30/1990  19998     39   9681  10278     28   7133     95   5690     51   3648      0      0      0   0.00   0.00      0   0.00    7.8  0.000    0.0  0.000      0      0      0      0      0
07/01/1990  19174     35   9013  10126     39   8190    101   5809     51   3696      0      0      0   0.00   0.00      0   0.00    8.2  0.000    0.0  0.000      0      0      0      0      0
07/02/1990  18366     31   8314  10021     50   9302    107   5933     50   3629      0      0      0   0.00   0.00      0   0.00    8.6  0.000    0.0  0.000      0      0      0      0      0
07/03/1990  17617     28   7601   9988     62  10445    112   6026     49   3548      0      0      0   0.00   0.00      0   0.00    9.0  0.000    0.0  0.000      0      0      0      0      0
07/04/1990  17090     24   7241   9825     75  11420    116   6064     47   3436      0      0      0   0.00   0.00      0   0.00    9.4  0.000    0.0  0.000      0      0      0      0      0
07/05/1990  16754     20   7022   9712     90  12265    117   6041     46   3388      0      0      0   0.00   0.00      0   0.00    9.7  0.000    0.0  0.000      0      0      0      0      0
07/06/1990  16641     15   6884   9742    106  12965    117   6020     45   3351      0      0      0   0.00   0.00      0   0.00   10.1  0.000    0.0  0.000      0      0      0      0      0
07/07/1990  16606     12   6894   9700    123  13589    115   5896     45   3394      0      0      0   0.00   0.00      0   0.00   10.5  0.000    0.0  0.000      0      0      0      0      0
07/08/1990  16668      9   7123   9536    140  14092    113   5781     46   3436      0      0      0   0.00   0.00      0   0.00   10.9  0.000    0.0  0.000      0      0      0      0      0
07/09/1990  16754      6   7393   9355    157  14548    111   5675     46   3489      0      0      0   0.00   0.00      0   0.00   11.2  0.000    0.0  0.000      0      0      0      0      0
07/10/1990  16964      6   7744   9214    172  14831    109   5661     47   3538      0      0      0   0.00   0.00      0   0.00   11.6  0.000    0.0  0.000      0      0      0      0      0
07/11/1990  17331      9   8239   9083    185  14973    108   5669     47   3588      0      0      0   0.00   0.00      0   0.00   11.9  0.000    0.0  0.000      0      0      0      0      0
07/12/1990  17672     13   8835   8824    196  15023    107   5728     48   3625      0      0      0   0.00   0.00      0   0.00   12.3  0.000    0.0  0.000      0      0      0      0      0
07/13/1990  18026     19   9413   8594    205  15119    107   5811     47   3616      0      0      0   0.00   0.00      0   0.00   12.6  0.000    0.0  0.000      0      0      0      0      0
07/14/1990  18487     28   9995   8464    210  15180    108   5906     46   3586      0      0      0   0.00   0.00      0   0.00   12.9  0.000    0.0  0.000      0      0      0      0      0
07/15/1990  19022     39  10659   8324    214  15223    109   5959     44   3555      0      0      0   0.00   0.00      0   0.00   13.2  0.000    0.0  0.000      0      0      0      0      0
07/16/1990  19508     50  11400   8058    218  15243    109   5991     42   3497      0      0      0   0.00   0.00      0   0.00   13.5  0.000    0.0  0.000      0      0      0      0      0
07/17/1990  20007     62  12241   7704    221  15228    109   6003     40   3427      0      0      0   0.00   0.00      0   0.00   13.8  0.000    0.0  0.000      0      0      0      0      0
07/18/1990  20499     75  13149   7275    224  15240    107   5976     38   3366      0      0      0   0.00   0.00      0   0.00   14.1  0.000    0.0  0.000      0      0      0      0      0
07/19/1990  21119     90  14121   6908    224  15277    105   5900     37   3330      0      0      0   0.00   0.00      0   0.00   14.3  0.000    0.0  0.000      0      0      0      0      0
07/20/1990  21805    106  15235   6464    224  15249    102   5805     35   3301      0      0      0   0.00   0.00      0   0.00   14.5  0.000    0.0  0.000      0      0      0      0      0
07/21/1990  22444    123  16471   5850    223  15208     98   5726     34   3239      0      0      0   0.00   0.00      0   0.00   14.6  0.000    0.0  0.000      0      0      0      0      0
07/22/1990  23083    140  17695   5248    222  15167     94   5644     31   3145      0      0      0   0.00   0.00      0   0.00   14.7  0.000    0.0  0.000      0      0      0      0      0
07/23/1990  23765    157  18864   4744    220  15175     90   5551     27   2984      0      0      0   0.00   0.00      0   0.00   14.8  0.000    0.0  0.000      0      0      0      0      0
07/24/1990  24439    174  20019   4246    218  15157     86   5468     22   2766      0      0      0   0.00   0.00      0   0.00   14.9  0.000    0.0  0.000      0      0      0      0      0
07/25/1990  25033    191  20920   3922    215  15158     81   5362     18   2539      0      0      0   0.00   0.00      0   0.00   14.9  0.000    0.0  0.000      0      0      0      0      0
07/26/1990  25652    207  21694   3751    212  15153     75   5169     16   2386      0      0      0   0.00   0.00      0   0.00   14.9  0.000    0.0  0.000      0      0      0      0      0
07/27/1990  26320    223  22336   3761    209  15136     68   4904     14   2337      0      0      0   0.00   0.00      0   0.00   14.9  0.000    0.0  0.000      0      0      0      0      0
07/28/1990  27043    238  22879   3926    206  15065     61   4600     14   2359      0      0      0   0.00   0.00      0   0.00   15.0  0.000    0.0  0.000      0      0      0      0      0
07/29/1990  27746    253  23309   4184    203  14956     54   4316     14   2410      0      0      0   0.00   0.00      0   0.00   15.0  0.000    0.0  0.000      0      0      0      0      0
07/30/1990  28484    268  23712   4504    199  14792     47   4096     15   2470      0      0      0   0.00   0.00      0   0.00   15.0  0.000    0.0  0.000      0      0      0      0      0
07/31/1990  29299    281  24030   4988    195  14511     41   3975     16   2540      0      0      0   0.00   0.00      0   0.00   15.1  0.000    0.0  0.000      0      0      0      0      0
08/01/1990  30179    293  24230   5656    188  14134     37   3960     18   2631      0      0      0   0.00   0.00      0   0.00   15.2  0.000    0.0  0.000      0      0      0      0      0
08/02/1990  31113    303  24376   6434    180  13706     35   4027     21   2747      0      0      0   0.00   0.00      0   0.00   15.3  0.000    0.0  0.000      0      0      0      0      0
08/03/1990  32113    312  24546   7255    170  13281     35   4129     25   2892      0      0      0   0.00   0.00      0   0.00   15.5  0.000    0.0  0.000      0      0      0      0      0
08/04/1990  33180    318  24672   8190    159  12885     37   4254     29   3056      0      0      0   0.00   0.00      0   0.00   15.6  0.000    0.0  0.000      0      0      0      0      0
08/05/1990  34362    323  24737   9302    148  12510     40   4415     35   3249      0      0      0   0.00   0.00      0   0.00   15.9  0.000    0.0  0.000      0      0      0      0      0
08/06/1990  35503    327  24731  10445    137  12194     46   4611     41   3451      0      0      0   0.00   0.00      0   0.00   16.2  0.000    0.0  0.000      0      0      0      0      0
08/07/1990  36619    330  24658  11631    127  11928     52   4840     47   3649      0      0      0   0.00   0.00      0   0.00   16.6  0.000    0.0  0.000      0      0      0      0      0
08/08/1990  37736    331  24582  12823    118  11684     61   5124     52   3817      0      0      0   0.00   0.00      0   0.00   17.0  0.000    0.0  0.000      0      0      0      0      0
08/09/1990  38624    329  24507  13788    110  11495     72   5431     58   3967      0      0      0   0.00   0.00      0   0.00   17.4  0.000    0.0  0.000      0      0      0      0      0
08/10/1990  39358    326  24355  14677    103  11374     83   5742     63   4097      0      0      0   0.00   0.00      0   0.00   17.9  0.000    0.0  0.000      0      0      0      0      0
08/11/1990  39931    321  24173  15437     98  11337     95   6049     68   4206      0      0      0   0.00   0.00      0   0.00   18.4  0.000    0.0  0.000      0      0      0      0      0
08/12/1990  40321    316  23956  16049     94  11406    109   6342     71   4292      0      0      0   0.00   0.00      0   0.00   19.0  0.000    0.0  0.000      0      0      0      0      0
08/13/1990  40505    310  23710  16485     93  11639    121   6590     74   4325      0      0      0   0.00   0.00      0   0.00   19.6  0.000    0.0  0.000      0      0      0      0      0
08/14/1990  40567    304  23391  16872     93  12022    134   6804     74   4266      0      0      0   0.00   0.00      0   0.00   20.2  0.000    0.0  0.000      0      0      0      0      0
08/15/1990  40453    296  23059  17098     98  12516    145   6985     71   4098      0      0      0   0.00   0.00      0   0.00   20.8  0.000    0.0  0.000      0      0      0      0      0
08/16/1990  40201    287  22708  17206    107  13070    154   7098     69   3980      0      0      0   0.00   0.00      0   0.00   21.4  0.000    0.0  0.000      0      0      0      0      0
08/17/1990  39916    277  22377  17262    118  13652    161   7103     69   3952      0      0      0   0.00   0.00      0   0.00   22.0  0.000    0.0  0.000      0      0      0      0      0
08/18/1990  39683    267  22024  17392    132  14254    164   6986     69   3916      0      0      0   0.00   0.00      0   0.00   22.6  0.000    0.0  0.000      0      0      0      0      0
08/19/1990   4952      0   4952      0    149  14866     97   5018     68   3847      0      0      0   0.00   0.00      0   0.00   23.2  0.206    0.0  0.000     68   1854    253  16729  17496
08/20/1990   5724      3   5721      0    152  14415    112   5915     44   2501      0      0      0   0.00   0.00      0   0.00   23.2  0.206    0.0  0.000      2     53      1      1     77
08/21/1990   6523      7   6516      0    154  14185    126   6524     22   1250      0      0      0   0.00   0.00      0   0.00   23.2  0.206    0.0  0.000      1      0      1      0     77
08/22/1990   7362     11   7351      0    156  14594    141   6453      0      0      0      0      0   0.00   0.00      0   0.00   23.1  0.206    0.0  0.000      0      0      1      0     77
08/23/1990   8254     15   8237      2    158  14918    134   5166      0      0      0      0      0   0.00   0.00      0   0.00   23.1  0.206    0.0  0.000      0      0      1      0     75
08/24/1990   9208     21   9177     10    174  15220    112   3847      0      0      0      0      0   0.00   0.00      0   0.00   23.0  0.206    0.0  0.000      0      0      0      0     69
08/25/1990  10230     28  10176     26    188  15490     91   2501      0      3      0      0      0   0.00   0.00      0   0.00   22.9  0.206    0.0  0.000      0      0      0      0     61
08/26/1990  11346     36  11255     55    203  15585     68   1250      0     14      0      0      0   0.00   0.00      0   0.00   22.9  0.206    0.0  0.000      0      0      0      0     48
08/27/1990  12575     46  12397    132    217  15616     44      0      0     37      0      0      0   0.00   0.00      0   0.00   22.8  0.206    0.0  0.000      0      0      0      0      0
08/28/1990  13860     57  13594    209    228  14342     22      3      0     92      0      0      0   0.00   0.00      0   0.00   22.7  0.206    0.0  0.000      0      0      0      0      0
08/29/1990  15198     71  14841    286    236  13018      0     14      0    173      0      0      0   0.00   0.00      0   0.00   22.6  0.206    0.0  0.000      0      0      0      0      0
08/30/1990  16583     87  16133    363    220  11649      0     37      0    268      0      0      0   0.00   0.00      0   0.00   22.6  0.206    0.0  0.000      0      0      0      0      0
08/31/1990  18004    104  17110    790    203  10245      0     95      0    353      0      0      0   0.00   0.00      0   0.00   22.5  0.206    0.0  0.000      0      0      0      0      0
09/01/1990  19456    123  18116   1217    184   8812      0    187      0    540      0      0      0   0.00   0.00      0   0.00   22.4  0.206    0.0  0.000      0      0      0      0      0
09/02/1990  19874    145  18085   1644    162   8419      0    302      0    807      0      0      0   0.00   0.00      0   0.00   22.3  0.206    0.0  0.000      0      0      0      0      0
09/03/1990  20523    152  18300   2071    155   7788      0    434      0   1129      0      0      0   0.00   0.00      0   0.00   22.3  0.206    0.0  0.000      0      0      0      0      0
09/04/1990  21851    159  19194   2498    148   6490      0    690      0   1383      0      0      0   0.00   0.00      0   0.00   22.3  0.206    0.0  0.000      0      0      0      0      0
09/05/1990  23145    166  20054   2925    141   5261      0   1017      1   1604      0      0      0   0.00   0.00      0   0.00   22.3  0.206    0.0  0.000      0      0      0      0      0
09/06/1990  24471    173  20946   3352    134   4034      0   1390      3   1804      0      0      0   0.00   0.00      0   0.00   22.3  0.206    0.0  0.000      0      0      0      0      0
09/07/1990  25839    195  21924   3720    112   2806      0   1805      6   1980      0      0      0   0.00   0.00      0   0.00   22.3  0.205    0.0  0.000      0      0      0      0      0
09/08/1990  27109    216  22807   4086     91   1698      1   2268      9   2112      0      0      0   0.00   0.00      0   0.00   22.4  0.205    0.0  0.000      0      0      0      0      0
09/09/1990  28374    239  23677   4458     68    727      3   2654     12   2232      0      0      0   0.00   0.00      0   0.00   22.4  0.205    0.0  0.000      0      0      0      0      0
09/10/1990  28379    260  22831   5288     44   1112      6   2978     14   2372      0      0      0   0.00   0.00      0   0.00   22.5  0.204    0.0  0.000      0      0      0      0      0
09/11/1990  28368    278  21959   6131     22   1577     10   3251     17   2526      0      0      0   0.00   0.00      0   0.00   22.6  0.203    0.0  0.000      0      0      0      0      0
09/12/1990  28309    296  21047   6966      0   2110     15   3503     21   2683      0      0      0   0.00   0.00      0   0.00   22.7  0.202    0.0  0.000      0      0      0      0      0
09/13/1990  28228    292  20084   7852      0   2716     20   3746     27   2826      0      0      0   0.00   0.00      0   0.00   23.0  0.200    0.0  0.000      0      0      0      0      0
09/14/1990  28145    286  19067   8792      0   3381     27   3973     31   2901      0      0      0   0.00   0.00      0   0.00   23.2  0.198    0.0  0.000      0      0      0      0      0
09/15/1990  28064    279  17994   9791      1   4087     35   4206     34   2961      0      0      0   0.00   0.00      0   0.00   23.5  0.195    0.0  0.000      0      0      0      0      0
09/16/1990  27640    271  16849  10520      3   4814     44   4460     37   3012      0      0      0   0.00   0.00      0   0.00   23.9  0.192    0.0  0.000      0      0      0      0      0
09/17/1990  26799    261  15653  10885      6   5576     52   4642     41   3139      0      0      0   0.00   0.00      0   0.00   24.2  0.189    0.0  0.000      0      0      0      0      0
09/18/1990  26419    250  14437  11732     10   6367     60   4795     44   3225      0      0      0   0.00   0.00      0   0.00   24.6  0.186    0.0  0.000      0      0      0      0      0
09/19/1990  26070    236  13205  12629     15   7167     69   4946     47   3283      0      0      0   0.00   0.00      0   0.00   25.1  0.183    0.0  0.000      0      0      0      0      0
09/20/1990  25745    220  11954  13571     20   7991     79   5098     50   3386      0      0      0   0.00   0.00      0   0.00   25.6  0.179    0.0  0.000      0      0      0      0      0
09/21/1990  25444    203  10693  14548     27   8840     87   5194     55   3533      0      0      0   0.00   0.00      0   0.00   26.2  0.175    0.0  0.000      0      0      0      0      0
09/22/1990  25336    184   9539  15613     36   9528     95   5328     58   3621      0      0      0   0.00   0.00      0   0.00   26.8  0.171    0.0  0.000      0      0      0      0      0
09/23/1990  25331    162   9528  15641     47  10145    102   5523     59   3570      0      0      0   0.00   0.00      0   0.00   27.4  0.167    0.0  0.000      0      0      0      0      0
09/24/1990  25409    155   9351  15903     58  10723    111   5715     60   3546      0      0      0   0.00   0.00      0   0.00   28.1  0.163    0.0  0.000      0      0      0      0      0
09/25/1990  25089    148   8563  16378     70  11284    119   5810     61   3564      0      0      0   0.00   0.00      0   0.00   28.7  0.160    0.0  0.000      0      0      0      0      0
09/26/1990  24816    141   7882  16793     84  11766    124   5868     63   3633      0      0      0   0.00   0.00      0   0.00   29.4  0.156    0.0  0.000      0      0      0      0      0
09/27/1990  24562    134   7228  17200     99  12202    130   5978     64   3650      0      0      0   0.00   0.00      0   0.00   30.2  0.152    0.0  0.000      0      0      0      0      0
09/28/1990  24286    112   6591  17583    114  12690    136   5988     65   3708      0      0      0   0.00   0.00      0   0.00   30.9  0.148    0.0  0.000      0      0      0      0      0
09/29/1990  23987     92   6078  17817    130  13187    140   5968     68   3826      0      0      0   0.00   0.00      0   0.00   31.7  0.145    0.0  0.000      0      0      0      0      0
09/30/1990  23675     71   5613  17991    146  13591    144   6007     71   3974      0      0      0   0.00   0.00      0   0.00   32.4  0.141    0.0  0.000      0      0      0      0      0
10/01/1990  23347     50   6462  16835    163  13888    146   6126     74   4101      0      0      0   0.00   0.00      0   0.00   33.2  0.138    0.0  0.000      0      0      0      0      0
10/02/1990  23002     32   7354  15616    179  14207    150   6248     72   4041      0      0      0   0.00   0.00      0   0.00   33.8  0.136    0.0  0.000      0      0      0      0      0
10/03/1990  22653     15   8296  14342    193  14472    156   6417     69   3917      0      0      0   0.00   0.00      0   0.00   34.4  0.133    0.0  0.000      0      0      0      0      0
10/04/1990  22326     20   9288  13018    209  14695    160   6594     66   3843      0      0      0   0.00   0.00      0   0.00   34.9  0.131    0.0  0.000      0      0      0      0      0
10/05/1990  21931     27  10255  11649    223  14956    161   6639     62   3744      0      0      0   0.00   0.00      0   0.00   35.4  0.130    0.0  0.000      0      0      0      0      0
10/06/1990  21538     36  11254  10248    235  15219    162   6626     55   3523      0      0      0   0.00   0.00      0   0.00   35.8  0.128    0.0  0.000      0      0      0      0      0
10/07/1990  21159     47  12286   8826    246  15509    162   6611     45   3114      0      0      0   0.00   0.00      0   0.00   36.1  0.127    0.0  0.000      0      0      0      0      0
10/08/1990  21868     58  13357   8453    257  15791    158   6409     38   2816      0      0      0   0.00   0.00      0   0.00   36.4  0.126    0.0  0.000      0      0      0      0      0
10/09/1990  22326     70  14387   7869    269  16095    149   6048     34   2703      0      0      0   0.00   0.00      0   0.00   36.6  0.125    0.0  0.000      0      0      0      0      0
10/10/1990  22120     84  15396   6640    280  16267    136   5684     32   2666      0      0      0   0.00   0.00      0   0.00   36.8  0.125    0.0  0.000      0      0      0      0      0
10/11/1990  22045     99  16475   5471    290  16322    122   5308     29   2606      0      0      0   0.00   0.00      0   0.00   37.0  0.124    0.0  0.000      0      0      0      0      0
10/12/1990  21976    114  17567   4295    297  16405    111   4908     24   2448      0      0      0   0.00   0.00      0   0.00   37.0  0.124    0.0  0.000      0      0      0      0      0
10/13/1990  21836    131  18477   3228    302  16390     99   4606     18   2247      0      0      0   0.00   0.00      0   0.00   37.1  0.124    0.0  0.000      0      0      0      0      0
10/14/1990  21749    149  19238   2362    306  16275     85   4391     12   2020      0      0      0   0.00   0.00      0   0.00   37.0  0.124    0.0  0.000      0      0      0      0      0
10/15/1990  21730    169  19984   1577    304  15973     73   4242      6   1763      0      0      0   0.00   0.00      0   0.00   37.0  0.124    0.0  0.000      0      0      0      0      0
10/16/1990  22957    189  20658   2110    299  15642     62   4037      2   1477      0      0      0   0.00   0.00      0   0.00   36.9  0.124    0.0  0.000      0      0      0      0      0
10/17/1990  24191    208  21267   2716    292  15345     52   3708      0   1348      0      0      0   0.00   0.00      0   0.00   36.9  0.124    0.0  0.000      0      0      0      0      0
10/18/1990  25440    229  21830   3381    282  14989     41   3339      1   1387      0      0      0   0.00   0.00      0   0.00   36.9  0.124    0.0  0.000      0      0      0      0      0
10/19/1990  26726    250  22386   4090    272  14540     30   2908      3   1543      0      0      0   0.00   0.00      0   0.00   36.9  0.124    0.0  0.000      0      0      0      0      0
10/20/1990  28079    270  22981   4828    261  13967     20   2608      6   1631      0      0      0   0.00   0.00      0   0.00   37.0  0.123    0.0  0.000      0      0      0      0      0
10/21/1990  29472    290  23572   5610    247  13262     13   2479     10   1740      0      0      0   0.00   0.00      0   0.00   37.1  0.123    0.0  0.000      0      0      0      0      0
10/22/1990  30872    309  24115   6448    231  12459      9   2431     13   1902      0      0      0   0.00   0.00      0   0.00   37.2  0.123    0.0  0.000      0      0      0      0      0
10/23/1990  32142    329  24496   7317    211  11689      8   2476     17   2118      0      0      0   0.00   0.00      0   0.00   37.4  0.122    0.0  0.000      0      0      0      0      0
10/24/1990  33356    349  24806   8201    188  10822     11   2742     21   2314      0      0      0   0.00   0.00      0   0.00   37.6  0.121    0.0  0.000      0      0      0      0      0
10/25/1990  34602    369  25132   9101    163   9964     16   2985     27   2512      0      0      0   0.00   0.00      0   0.00   37.8  0.121    0.0  0.000      0      0      0      0      0
10/26/1990  35673    384  25339   9950    141   9332     23   3207     31   2615      0      0      0   0.00   0.00      0   0.00   38.1  0.120    0.0  0.000      0      0      0      0      0
10/27/1990  36574    397  25368  10809    119   8842     32   3513     34   2703      0      0      0   0.00   0.00      0   0.00   38.4  0.119    0.0  0.000      0      0      0      0      0
10/28/1990  37215    408  25234  11573     98   8481     42   3866     36   2729      0      0      0   0.00   0.00      0   0.00   38.8  0.118    0.0  0.000      0      0      0      0      0
10/29/1990  37713    415  25016  12282     82   8256     51   4082     38   2797      0      0      0   0.00   0.00      0   0.00   39.2  0.117    0.0  0.000      0      0      0      0      0
10/30/1990  38169    418  24846  12905     70   8041     60   4314     39   2745      0      0      0   0.00   0.00      0   0.00   39.6  0.115    0.0  0.000      0      0      0      0      0
10/31/1990  38506    416  24617  13473     63   7933     68   4477     39   2678      0      0      0   0.00   0.00      0   0.00   40.0  0.114    0.0  0.000      0      0      0      0      0
11/01/1990  38697    412  24236  14049     57   7964     76   4565     37   2456      0      0      0   0.00   0.00      0   0.00   40.5  0.113    0.0  0.000      0      0      0      0      0
11/02/1990  38774    408  23761  14605     53   8105     82   4547     35   2243      0      0      0   0.00   0.00      0   0.00   40.9  0.112    0.0  0.000      0      0      0      0      0
11/03/1990  38716    401  23243  15072     52   8301     86   4540     33   2104      0      0      0   0.00   0.00      0   0.00   41.5  0.110    0.0  0.000      0      0      0      0      0
11/04/1990  38545    391  22686  15468     55   8647     86   4318     35   2195      0      0      0   0.00   0.00      0   0.00   42.0  0.109    0.0  0.000      0      0      0      0      0
11/05/1990  38238    377  21978  15883     60   9071     86   4061     38   2361      0      0      0   0.00   0.00      0   0.00   42.5  0.107    0.0  0.000      0      0      0      0      0
11/06/1990  37748    361  21156  16231     68   9621     85   3847     38   2349      0      0      0   0.00   0.00      0   0.00   43.1  0.106    0.0  0.000      0      0      0      0      0
11/07/1990  37290    344  20401  16545     79  10044     85   3768     36   2247      0      0      0   0.00   0.00      0   0.00   43.7  0.104    0.0  0.000      0      0      0      0      0
11/08/1990  36861    323  19715  16823     92  10362     86   3744     36   2214      0      0      0   0.00   0.00      0   0.00   44.3  0.103    0.0  0.000      0      0      0      0      0
11/09/1990  36382    302  18991  17089    105  10534     84   3740     40   2353      0      0      0   0.00   0.00      0   0.00   45.0  0.102    0.0  0.000      0      0      0      0      0
11/10/1990  35936    281  18206  17449    118  10656     82   3772     44   2524      0      0      0   0.00   0.00      0   0.00   45.6  0.100    0.0  0.000      0      0      0      0      0
11/11/1990  35559    260  17481  17818    128  10726     85   3854     47   2634      0      0      0   0.00   0.00      0   0.00   46.3  0.099    0.0  0.000      0      0      0      0      0
11/12/1990  35195    240  16792  18163    137  10827     89   3898     49   2749      0      0      0   0.00   0.00      0   0.00   47.0  0.097    0.0  0.000      0      0      0      0      0
11/13/1990  34841    219  16283  18339    145  10899     93   3935     52   2878      0      0      0   0.00   0.00      0   0.00   47.7  0.096    0.0  0.000      0      0      0      0      0
11/14/1990  34578    199  15878  18501    153  10761     97   4139     51   2836      0      0      0   0.00   0.00      0   0.00   48.4  0.094    0.0  0.000      0      0      0      0      0
11/15/1990  34357    179  15461  18717    162  10562    100   4400     49   2704      0      0      0   0.00   0.00      0   0.00   49.1  0.093    0.0  0.000      0      0      0      0      0
11/16/1990  34012    164  15154  18694    166  10498    107   4599     48   2620      0      0      0   0.00   0.00      0   0.00   49.9  0.092    0.0  0.000      0      0      0      0      0
11/17/1990  33699    151  15058  18490    168  10411    112   4622     49   2711      0      0      0   0.00   0.00      0   0.00   50.6  0.090    0.0  0.000      0      0      0      0      0
11/18/1990  33426    140  15076  18210    171  10357    113   4580     51   2773      0      0      0   0.00   0.00      0   0.00   51.3  0.089    0.0  0.000      0      0      0      0      0
11/19/1990  33208    133  15135  17940    175  10335    115   4585     51   2764      0      0      0   0.00   0.00      0   0.00   52.0  0.088    0.0  0.000      0      0      0      0      0
11/20/1990  34073    130  15100  18843    178  10415    117   4584     45   2468      0      0      0   0.00   0.00      0   0.00   52.8  0.087    0.0  0.000      0      0      0      0      0
11/21/1990  33724    131  15088  18505    182  10557    117   4475     39   2166      0      0      0   0.00   0.00      0   0.00   53.5  0.085    0.0  0.000      0      0      0      0      0
11/22/1990  32033    133  14985  16915    186  10715    117   4513     33   1887      0      0      0   0.00   0.00      0   0.00   54.2  0.084    0.0  0.000      0      0      0      0      0
11/23/1990  31477    135  14895  16447    191  10876    110   4348     33   1839      0      0      0   0.00   0.00      0   0.00   54.8  0.083    0.0  0.000      0      0      0      0      0
11/24/1990  30936    138  14945  15853    194  11073    105   4021     33   1872      0      0      0   0.00   0.00      0   0.00   55.4  0.082    0.0  0.000      0      0      0      0      0
11/25/1990  31728    141  15160  16427    198  11231    101   3689     33   1931      0      0      0   0.00   0.00      0   0.00   55.3  0.082    0.0  0.000      0      0      0      0      0
11/26/1990  32553    146  15493  16914    204  11288     95   3414     30   1782      0      0      0   0.00   0.00      0   0.00   55.2  0.082    0.0  0.000      0      0      0      0      0
11/27/1990  33253    153  15817  17283    210  11488     89   3129     26   1581      0      0      0   0.00   0.00      0   0.00   55.1  0.082    0.0  0.000      0      0      0      0      0
11/28/1990  33950    164  16059  17727    214  11452     83   3152     23   1394      0      0      0   0.00   0.00      0   0.00   55.8  0.081    0.0  0.000      0      0      0      0      0
11/29/1990  32079    178  16320  15581    217  11240     74   3030     26   1516      0      0      0   0.00   0.00      0   0.00   56.4  0.081    0.0  0.000      0      0      0      0      0
11/30/1990  31548    189  16627  14732    217  11022     70   2823     29   1677      0      0      0   0.00   0.00      0   0.00   56.9  0.080    0.0  0.000      0      0      0      0      0
12/01/1990  32416    200  16952  15264    217  10767     67   2707     28   1651      0      0      0   0.00   0.00      0   0.00   57.5  0.079    0.0  0.000      0      0      0      0      0
12/02/1990  33326    213  17214  15899    214  10478     67   2674     23   1468      0      0      0   0.00   0.00      0   0.00   57.4  0.079    0.0  0.000      0      0      0      0      0
12/03/1990  33033    226  17474  15333    210  10204     66   2569     20   1354      0      0      0   0.00   0.00      0   0.00   57.9  0.078    0.0  0.000      0      0      0      0      0
12/04/1990  32799    238  17712  14849    206   9671     62   2576     21   1389      0      0      0   0.00   0.00      0   0.00   58.5  0.077    0.0  0.000      0      0      0      0      0
12/05/1990  33665    250  17736  15679    200   9223     57   2561     21   1391      0      0      0   0.00   0.00      0   0.00   58.4  0.077    0.0  0.000      0      0      0      0      0
12/06/1990  33194    262  17666  15266    191   8894     56   2529     22   1424      0      0      0   0.00   0.00      0   0.00   58.9  0.077    0.0  0.000      0      0      0      0      0
12/07/1990  31942    273  17717  13952    180   8567     57   2449     23   1452      0      0      0   0.00   0.00      0   0.00   59.4  0.076    0.0  0.000      0      0      0      0      0
12/08/1990  32005    280  17744  13981    172   8189     55   2275     25   1559      0      0      0   0.00   0.00      0   0.00   59.9  0.075    0.0  0.000      0      0      0      0      0
12/09/1990  32029    284  17710  14035    168   7772     52   2302     25   1596      0      0      0   0.00   0.00      0   0.00   60.4  0.075    0.0  0.000      0      0      0      0      0
12/10/1990  32028    290  17684  14054    161   7271     51   2433     27   1762      0      0      0   0.00   0.00      0   0.00   61.0  0.074    0.0  0.000      0      0      0      0      0
12/11/1990  31829    295  17467  14067    151   7075     52   2480     30   1946      0      0      0   0.00   0.00      0   0.00   61.5  0.074    0.0  0.000      0      0      0      0      0
12/12/1990  32406    299  17198  14909    140   6995     54   2509     32   2045      0      0      0   0.00   0.00      0   0.00   61.4  0.074    0.0  0.000      0      0      0      0      0
12/13/1990  33022    303  17115  15604    130   6775     58   2804     30   1908      0      0      0   0.00   0.00      0   0.00   61.9  0.073    0.0  0.000      0      0      0      0      0
12/14/1990  33620    301  17063  16256    127   6660     61   3002     23   1470      0      0      0   0.00   0.00      0   0.00   61.8  0.073    0.0  0.000      0      0      0      0      0
12/15/1990  34223    299  16966  16958    122   6575     65   3102     18   1170      0      0      0   0.00   0.00      0   0.00   61.7  0.073    0.0  0.000      0      0      0      0      0
12/16/1990  34893    299  16851  17743    119   6403     66   3153     14    913      0      0      0   0.00   0.00      0   0.00   61.6  0.073    0.0  0.000      0      0      0      0      0
12/17/1990  35342    299  16484  18559    117   6474     61   2876     15   1012      0      0      0   0.00   0.00      0   0.00   61.5  0.073    0.0  0.000      0      0      0      0      0
12/18/1990  35745    299  16198  19248    114   6756     58   2510     17   1086      0      0      0   0.00   0.00      0   0.00   61.4  0.073    0.0  0.000      0      0      0      0      0
12/19/1990  36224    297  15998  19929    111   6955     55   2120     18   1139      0      0      0   0.00   0.00      0   0.00   61.2  0.073    0.0  0.000      0      0      0      0      0
12/20/1990  36789    291  15786  20712    114   7003     49   1843     14    901      0      0      0   0.00   0.00      0   0.00   61.1  0.073    0.0  0.000      0      0      0      0      0
12/21/1990  37348    287  15522  21539    118   6987     45   1688      7    488      0      0      0   0.00   0.00      0   0.00   61.0  0.073    0.0  0.000      0      0      0      0      0
12/22/1990  37800    284  15125  22391    120   6774     41   1789      1    124      0      0      0   0.00   0.00      0   0.00   60.9  0.073    0.0  0.000      0      0      0      0      0
12/23/1990  38183    281  14620  23282    118   6705     33   1574      0      0      0      0      0   0.00   0.00      0   0.00   60.8  0.073    0.0  0.000      0      0      0      0      0
12/24/1990  38626    276  14127  24223    112   6546     29   1263      0      0      0      0      0   0.00   0.00      0   0.00   60.7  0.073    0.0  0.000      0      0      0      0      0
12/25/1990  39106    268  13636  25202    110   6397     24    901      0     75      0      0      0   0.00   0.00      0   0.00   60.6  0.073    0.0  0.000      0      0      0      0      0
12/26/1990  39481    257  13175  26049    109   6400     19    488      3    255      0      0      0   0.00   0.00      0   0.00   60.5  0.073    0.0  0.000      0      0      0      0      0
12/27/1990  39950    247  12847  26856    107   6261     14    124      8    508      0      0      0   0.00   0.00      0   0.00   60.4  0.073    0.0  0.000      0      0      0      0      0
12/28/1990  40454    237  12468  27749    106   5846      7     75     13    727      0      0      0   0.00   0.00      0   0.00   60.3  0.073    0.0  0.000      0      0      0      0      0
12/29/1990  40936    227  12023  28686    106   5329      4    255     12    674      0      0      0   0.00   0.00      0   0.00   60.3  0.073    0.0  0.000      0      0      0      0      0
12/30/1990  41443    220  11670  29553     99   4789      8    508     11    641      0      0      0   0.00   0.00      0   0.00   60.2  0.073    0.0  0.000      0      0      0      0      0
12/31/1990  42113    212  11466  30435     90   4084     13    802     11    575      0      0      0   0.00   0.00      0   0.00   60.1  0.073    0.0  0.000      0      0      0      0      0
