Varroa Population Simulation - Nov 24,2015  04:11:58 PM
VarroaPop Version 3.2.5.8  June, 2015

                                        Capped  Capped                                                                      Prop           Conc          Conc                                     
            Colony  Adult  Adult         Drone   Wkr    Drone  Wkr    Drone  Wkr  Free   DBrood WBrood DMite  WMite  Mites  Mites  Colony Pollen Colony Nectar   Dead   Dead   Dead   Dead   Dead
     Date   Size   Drones   Wkr   Forgrs Brood  Brood   Larv   Larv    Eggs  Eggs Mites  Mites  Mites  /Cell  /Cell  Dying  Dying  Pollen  Pest  Nectar  Pest    DLarv  WLarv  DAdlt  WAdlt  Forgrs
Initial     10000      0   6762   3238      0      0      0      0      0      0      0      0      0   0.00   0.00      0   0.00    0.0  0.000    0.0  0.000      0      0      0      0      0
05/01/1990   9678      0   6440   3238      0      0      0      0      1    386      0      0      0   0.00   0.00      0   0.00    0.1  0.000    0.0  0.000      0      0      0      0      0
05/02/1990   9356      0   6118   3238      0      0      0      0      2    802      0      0      0   0.00   0.00      0   0.00    0.2  0.000    0.0  0.000      0      0      0      0      0
05/03/1990   9034      0   5796   3238      0      0      0      0      3   1255      0      0      0   0.00   0.00      0   0.00    0.3  0.000    0.0  0.000      0      0      0      0      0
05/04/1990   8712      0   5474   3238      0      0      1    386      3   1340      0      0      0   0.00   0.00      0   0.00    0.4  0.000    0.0  0.000      0      0      0      0      0
05/05/1990   8390      0   5152   3238      0      0      2    802      3   1405      0      0      0   0.00   0.00      0   0.00    0.5  0.000    0.0  0.000      0      0      0      0      0
05/06/1990   8068      0   4830   3238      0      0      3   1255      3   1423      0      0      0   0.00   0.00      0   0.00    0.6  0.000    0.0  0.000      0      0      0      0      0
05/07/1990   7746      0   4508   3238      0      0      4   1726      3   1389      0      0      0   0.00   0.00      0   0.00    0.7  0.000    0.0  0.000      0      0      0      0      0
05/08/1990   7424      0   4186   3238      0      0      5   2207      3   1338      0      0      0   0.00   0.00      0   0.00    0.9  0.000    0.0  0.000      0      0      0      0      0
05/09/1990   7102      0   3864   3238      0    386      6   2292      3   1264      0      0      0   0.00   0.00      0   0.00    1.0  0.000    0.0  0.000      0      0      0      0      0
05/10/1990   6762      0   3542   3220      0    802      7   2313      3   1169      0      0      0   0.00   0.00      0   0.00    1.1  0.000    0.0  0.000      0      0      0      0      0
05/11/1990   6440      0   3220   3220      1   1255      7   2290      3   1115      0      0      0   0.00   0.00      0   0.00    1.2  0.000    0.0  0.000      0      0      0      0      0
05/12/1990   6118      0   2898   3220      2   1726      7   2216      3   1108      0      0      0   0.00   0.00      0   0.00    1.3  0.000    0.0  0.000      0      0      0      0      0
05/13/1990   5796      0   2576   3220      3   2207      7   2077      3   1162      0      0      0   0.00   0.00      0   0.00    1.4  0.000    0.0  0.000      0      0      0      0      0
05/14/1990   5474      0   2254   3220      4   2678      7   1982      3   1182      0      0      0   0.00   0.00      0   0.00    1.6  0.000    0.0  0.000      0      0      0      0      0
05/15/1990   5152      0   1932   3220      5   3115      7   1935      3   1171      0      0      0   0.00   0.00      0   0.00    1.7  0.000    0.0  0.000      0      0      0      0      0
05/16/1990   4830      0   1610   3220      6   3545      7   1901      3   1200      0      0      0   0.00   0.00      0   0.00    1.8  0.000    0.0  0.000      0      0      0      0      0
05/17/1990   4508      0   1288   3220      7   3942      7   1900      3   1200      0      0      0   0.00   0.00      0   0.00    2.0  0.000    0.0  0.000      0      0      0      0      0
05/18/1990   4186      0    966   3220      8   4284      7   1937      3   1176      0      0      0   0.00   0.00      0   0.00    2.1  0.000    0.0  0.000      0      0      0      0      0
05/19/1990   3864      0    644   3220      9   4660      7   1986      3   1096      0      0      0   0.00   0.00      0   0.00    2.2  0.000    0.0  0.000      0      0      0      0      0
05/20/1990   3542      0    322   3220     10   5050      7   1992      3   1091      0      0      0   0.00   0.00      0   0.00    2.4  0.000    0.0  0.000      0      0      0      0      0
05/21/1990   3220      0      0   3220     11   5446      7   1951      3   1146      0      0      0   0.00   0.00      0   0.00    2.5  0.000    0.0  0.000      0      0      0      0      0
05/22/1990   3284      0    386   2898     12   5456      7   1900      3   1220      0      0      0   0.00   0.00      0   0.00    2.6  0.000    0.0  0.000      0      0      0      0      0
05/23/1990   3700      0    802   2898     13   5419      7   1912      2   1157      0      0      0   0.00   0.00      0   0.00    2.6  0.000    0.0  0.000      0      0      0      0      0
05/24/1990   3831      0   1255   2576     14   5391      7   1897      1   1072      0      0      0   0.00   0.00      0   0.00    2.7  0.000    0.0  0.000      0      0      0      0      0
05/25/1990   3981      1   1726   2254     14   5316      7   1920      0    996      0      0      0   0.00   0.00      0   0.00    2.8  0.000    0.0  0.000      0      0      0      0      0
05/26/1990   4141      2   2207   1932     14   5190      6   1893      0    993      0      0      0   0.00   0.00      0   0.00    2.9  0.000    0.0  0.000      0      0      0      0      0
05/27/1990   4613      3   2678   1932     14   5064      5   1873      0    928      0      0      0   0.00   0.00      0   0.00    2.9  0.000    0.0  0.000      0      0      0      0      0
05/28/1990   5051      4   3115   1932     14   5018      4   1825      0    841      0      0      0   0.00   0.00      0   0.00    2.9  0.000    0.0  0.000      0      0      0      0      0
05/29/1990   5160      5   3545   1610     14   4998      3   1740      0    792      0      0      0   0.00   0.00      0   0.00    2.9  0.000    0.0  0.000      0      0      0      0      0
05/30/1990   5236      6   3942   1288     14   5020      2   1581      0    782      0      0      0   0.00   0.00      0   0.00    3.0  0.000    0.0  0.000      0      0      0      0      0
05/31/1990   5257      7   4284    966     14   5006      1   1509      0    732      0      0      0   0.00   0.00      0   0.00    3.0  0.000    0.0  0.000      0      0      0      0      0
06/01/1990   5312      8   4660    644     14   4955      0   1460      0    629      0      0      0   0.00   0.00      0   0.00    3.0  0.000    0.0  0.000      0      0      0      0      0
06/02/1990   5381      9   5050    322     13   4908      0   1367      0    525      0      0      0   0.00   0.00      0   0.00    3.0  0.000    0.0  0.000      0      0      0      0      0
06/03/1990   5456     10   5446      0     12   4837      0   1248      0    404      0      0      0   0.00   0.00      0   0.00    2.9  0.000    0.0  0.000      0      0      0      0      0
06/04/1990   5853     11   5842      0     11   4701      0   1161      0    231      0      0      0   0.00   0.00      0   0.00    2.9  0.000    0.0  0.000      0      0      0      0      0
06/05/1990   6233     12   6221      0     10   4578      0   1051      0     85      0      0      0   0.00   0.00      0   0.00    2.9  0.000    0.0  0.000      0      0      0      0      0
06/06/1990   6659     13   6646      0      9   4429      0    860      0      0      0      0      0   0.00   0.00      0   0.00    2.8  0.000    0.0  0.000      0      0      0      0      0
06/07/1990   7056     14   7042      0      8   4283      0    610      0      0      0      0      0   0.00   0.00      0   0.00    2.8  0.000    0.0  0.000      0      0      0      0      0
06/08/1990   7412     15   7397      0      7   4134      0    404      0      0      0      0      0   0.00   0.00      0   0.00    2.7  0.000    0.0  0.000      0      0      0      0      0
06/09/1990   7758     16   7742      0      6   3962      0    231      0      0      0      0      0   0.00   0.00      0   0.00    2.7  0.000    0.0  0.000      0      0      0      0      0
06/10/1990   8150     17   8133      0      5   3717      0     85      0      0      0      0      0   0.00   0.00      0   0.00    2.6  0.000    0.0  0.000      0      0      0      0      0
06/11/1990   8561     18   8543      0      4   3392      0      0      0      0      0      0      0   0.00   0.00      0   0.00    2.5  0.000    0.0  0.000      0      0      0      0      0
06/12/1990   8981     19   8576    386      3   2973      0      0      0      0      0      0      0   0.00   0.00      0   0.00    2.5  0.000    0.0  0.000      0      0      0      0      0
06/13/1990   9310     20   8488    802      2   2645      0      0      0     90      0      0      0   0.00   0.00      0   0.00    2.5  0.000    0.0  0.000      0      0      0      0      0
06/14/1990   9636     21   8360   1255      1   2320      0      0      0    248      0      0      0   0.00   0.00      0   0.00    2.5  0.000    0.0  0.000      0      0      0      0      0
06/15/1990   9979     21   8232   1726      0   1977      0      0      0    474      0      0      0   0.00   0.00      0   0.00    2.5  0.000    0.0  0.000      0      0      0      0      0
06/16/1990  10303     20   8076   2207      0   1652      0     90      0    684      0      0      0   0.00   0.00      0   0.00    2.6  0.000    0.0  0.000      0      0      0      0      0
06/17/1990  10562     19   7865   2678      0   1392      0    248      0    894      0      0      0   0.00   0.00      0   0.00    2.6  0.000    0.0  0.000      0      0      0      0      0
06/18/1990  10817     18   7684   3115      0   1136      0    474      0   1059      0      0      0   0.00   0.00      0   0.00    2.7  0.000    0.0  0.000      0      0      0      0      0
06/19/1990  11092     17   7530   3545      0    860      0    774      1   1215      0      0      0   0.00   0.00      0   0.00    2.8  0.000    0.0  0.000      0      0      0      0      0
06/20/1990  11341     16   7383   3942      0    610      0   1142      3   1374      0      0      0   0.00   0.00      0   0.00    2.9  0.000    0.0  0.000      0      0      0      0      0
06/21/1990  11546     15   7247   4284      0    494      0   1443      6   1539      0      0      0   0.00   0.00      0   0.00    3.1  0.000    0.0  0.000      0      0      0      0      0
06/22/1990  11332     14   7044   4274      0    479      1   1741      8   1624      0      0      0   0.00   0.00      0   0.00    3.2  0.000    0.0  0.000      0      0      0      0      0
06/23/1990  11061     13   6800   4248      0    559      3   2042      9   1635      0      0      0   0.00   0.00      0   0.00    3.4  0.000    0.0  0.000      0      0      0      0      0
06/24/1990  10692     12   6489   4191      0    774      6   2298      9   1626      0      0      0   0.00   0.00      0   0.00    3.5  0.000    0.0  0.000      0      0      0      0      0
06/25/1990  10220     11   6093   4116      0   1142      9   2471      9   1628      0      0      0   0.00   0.00      0   0.00    3.7  0.000    0.0  0.000      0      0      0      0      0
06/26/1990   9738     10   5714   4014      0   1533     12   2618      9   1634      0      0      0   0.00   0.00      0   0.00    3.8  0.000    0.0  0.000      0      0      0      0      0
06/27/1990   9266      9   5289   3968      0   1989     15   2709      9   1614      0      0      0   0.00   0.00      0   0.00    3.9  0.000    0.0  0.000      0      0      0      0      0
06/28/1990   8828      8   4893   3927      0   2516     18   2725      9   1586      0      0      0   0.00   0.00      0   0.00    4.1  0.000    0.0  0.000      0      0      0      0      0
06/29/1990   8397      7   4538   3852      1   3072     20   2713      9   1582      0      0      0   0.00   0.00      0   0.00    4.2  0.000    0.0  0.000      0      0      0      0      0
06/30/1990   7999      6   4193   3800      3   3613     21   2699      9   1593      0      0      0   0.00   0.00      0   0.00    4.3  0.000    0.0  0.000      0      0      0      0      0
07/01/1990   7656      5   3802   3849      6   4151     21   2676      9   1610      0      0      0   0.00   0.00      0   0.00    4.5  0.000    0.0  0.000      0      0      0      0      0
07/02/1990   7279      4   3392   3883      9   4698     21   2669      8   1585      0      0      0   0.00   0.00      0   0.00    4.6  0.000    0.0  0.000      0      0      0      0      0
07/03/1990   6888      3   2973   3912     12   5241     21   2664      8   1560      0      0      0   0.00   0.00      0   0.00    4.8  0.000    0.0  0.000      0      0      0      0      0
07/04/1990   6581      2   2735   3844     15   5695     21   2652      7   1526      0      0      0   0.00   0.00      0   0.00    4.9  0.000    0.0  0.000      0      0      0      0      0
07/05/1990   6342      1   2568   3773     18   6064     20   2640      7   1511      0      0      0   0.00   0.00      0   0.00    5.1  0.000    0.0  0.000      0      0      0      0      0
07/06/1990   6188      0   2451   3737     21   6353     20   2638      6   1494      0      0      0   0.00   0.00      0   0.00    5.2  0.000    0.0  0.000      0      0      0      0      0
07/07/1990   6063      0   2426   3637     24   6593     19   2596      6   1506      0      0      0   0.00   0.00      0   0.00    5.4  0.000    0.0  0.000      0      0      0      0      0
07/08/1990   6035      0   2534   3501     27   6763     18   2558      6   1513      0      0      0   0.00   0.00      0   0.00    5.5  0.000    0.0  0.000      0      0      0      0      0
07/09/1990   6071      0   2669   3402     30   6904     17   2522      6   1521      0      0      0   0.00   0.00      0   0.00    5.6  0.000    0.0  0.000      0      0      0      0      0
07/10/1990   6182      0   2849   3333     33   6963     16   2517      6   1525      0      0      0   0.00   0.00      0   0.00    5.8  0.000    0.0  0.000      0      0      0      0      0
07/11/1990   6318      0   3126   3192     36   6949     15   2511      6   1533      0      0      0   0.00   0.00      0   0.00    5.9  0.000    0.0  0.000      0      0      0      0      0
07/12/1990   6464      0   3476   2988     38   6891     15   2517      6   1533      0      0      0   0.00   0.00      0   0.00    6.0  0.000    0.0  0.000      0      0      0      0      0
07/13/1990   6587      1   3844   2742     40   6850     14   2531      5   1506      0      0      0   0.00   0.00      0   0.00    6.1  0.000    0.0  0.000      0      0      0      0      0
07/14/1990   6799      3   4236   2560     40   6808     14   2550      4   1456      0      0      0   0.00   0.00      0   0.00    6.2  0.000    0.0  0.000      0      0      0      0      0
07/15/1990   7024      6   4698   2320     39   6771     14   2544      2   1400      0      0      0   0.00   0.00      0   0.00    6.3  0.000    0.0  0.000      0      0      0      0      0
07/16/1990   7227      9   5241   1977     38   6735     13   2524      1   1325      0      0      0   0.00   0.00      0   0.00    6.3  0.000    0.0  0.000      0      0      0      0      0
07/17/1990   7449     12   5785   1652     37   6695     12   2485      0   1232      0      0      0   0.00   0.00      0   0.00    6.4  0.000    0.0  0.000      0      0      0      0      0
07/18/1990   7719     15   6312   1392     36   6682     10   2419      0   1124      0      0      0   0.00   0.00      0   0.00    6.4  0.000    0.0  0.000      0      0      0      0      0
07/19/1990   7981     18   6827   1136     35   6682      8   2316      0   1018      0      0      0   0.00   0.00      0   0.00    6.4  0.000    0.0  0.000      0      0      0      0      0
07/20/1990   8248     21   7367    860     34   6646      6   2184      0    914      0      0      0   0.00   0.00      0   0.00    6.4  0.000    0.0  0.000      0      0      0      0      0
07/21/1990   8539     24   7905    610     33   6595      4   2037      0    793      0      0      0   0.00   0.00      0   0.00    6.4  0.000    0.0  0.000      0      0      0      0      0
07/22/1990   8868     27   8437    404     32   6528      2   1878      0    654      0      0      0   0.00   0.00      0   0.00    6.3  0.000    0.0  0.000      0      0      0      0      0
07/23/1990   9213     30   8952    231     30   6461      1   1698      0    500      0      0      0   0.00   0.00      0   0.00    6.3  0.000    0.0  0.000      0      0      0      0      0
07/24/1990   9583     33   9465     85     28   6360      0   1505      0    347      0      0      0   0.00   0.00      0   0.00    6.2  0.000    0.0  0.000      0      0      0      0      0
07/25/1990   9999     36   9873     90     25   6234      0   1300      0    205      0      0      0   0.00   0.00      0   0.00    6.2  0.000    0.0  0.000      0      0      0      0      0
07/26/1990  10501     38  10215    248     23   6074      0   1074      0    119      0      0      0   0.00   0.00      0   0.00    6.1  0.000    0.0  0.000      0      0      0      0      0
07/27/1990  11000     41  10485    474     20   5884      0    834      0    127      0      0      0   0.00   0.00      0   0.00    6.0  0.000    0.0  0.000      0      0      0      0      0
07/28/1990  11512     43  10695    774     18   5642      0    591      0    235      0      0      0   0.00   0.00      0   0.00    6.0  0.000    0.0  0.000      0      0      0      0      0
07/29/1990  12021     45  10834   1142     16   5354      0    400      0    405      0      0      0   0.00   0.00      0   0.00    6.0  0.000    0.0  0.000      0      0      0      0      0
07/30/1990  12527     47  10947   1533     14   5017      0    307      0    594      0      0      0   0.00   0.00      0   0.00    6.0  0.000    0.0  0.000      0      0      0      0      0
07/31/1990  13043     49  11005   1989     12   4617      0    326      0    780      0      0      0   0.00   0.00      0   0.00    6.0  0.000    0.0  0.000      0      0      0      0      0
08/01/1990  13560     51  10993   2516     10   4168      0    458      0    957      0      0      0   0.00   0.00      0   0.00    6.0  0.000    0.0  0.000      0      0      0      0      0
08/02/1990  14066     53  10941   3072      8   3689      0    696      0   1124      0      0      0   0.00   0.00      0   0.00    6.1  0.000    0.0  0.000      0      0      0      0      0
08/03/1990  14554     54  10887   3613      6   3230      0    987      1   1283      0      0      0   0.00   0.00      0   0.00    6.2  0.000    0.0  0.000      0      0      0      0      0
08/04/1990  14929     54  10814   4061      4   2839      0   1288      3   1431      0      0      0   0.00   0.00      0   0.00    6.3  0.000    0.0  0.000      0      0      0      0      0
08/05/1990  15218     53  10715   4450      2   2524      0   1585      6   1568      0      0      0   0.00   0.00      0   0.00    6.4  0.000    0.0  0.000      0      0      0      0      0
08/06/1990  15402     51  10584   4767      1   2310      1   1865      9   1685      0      0      0   0.00   0.00      0   0.00    6.6  0.000    0.0  0.000      0      0      0      0      0
08/07/1990  15472     49  10412   5011      0   2201      3   2125     11   1778      0      0      0   0.00   0.00      0   0.00    6.7  0.000    0.0  0.000      0      0      0      0      0
08/08/1990  15441     46  10225   5170      0   2180      6   2373     13   1840      0      0      0   0.00   0.00      0   0.00    6.9  0.000    0.0  0.000      0      0      0      0      0
08/09/1990  15353     43  10016   5294      0   2249     10   2593     14   1884      0      0      0   0.00   0.00      0   0.00    7.0  0.000    0.0  0.000      0      0      0      0      0
08/10/1990  15162     40   9744   5378      0   2411     14   2779     15   1914      0      0      0   0.00   0.00      0   0.00    7.2  0.000    0.0  0.000      0      0      0      0      0
08/11/1990  14851     37   9425   5389      0   2670     19   2930     15   1934      0      0      0   0.00   0.00      0   0.00    7.4  0.000    0.0  0.000      0      0      0      0      0
08/12/1990  14459     34   9060   5365      0   3026     24   3046     15   1943      0      0      0   0.00   0.00      0   0.00    7.6  0.000    0.0  0.000      0      0      0      0      0
08/13/1990  14029     31   8659   5339      1   3479     28   3125     15   1929      0      0      0   0.00   0.00      0   0.00    7.7  0.000    0.0  0.000      0      0      0      0      0
08/14/1990  13554     28   8212   5314      3   4008     31   3179     15   1877      0      0      0   0.00   0.00      0   0.00    7.9  0.000    0.0  0.000      0      0      0      0      0
08/15/1990  13029     25   7739   5265      6   4599     33   3211     14   1784      0      0      0   0.00   0.00      0   0.00    8.1  0.000    0.0  0.000      0      0      0      0      0
08/16/1990  12512     23   7267   5222     10   5200     34   3214     13   1715      0      0      0   0.00   0.00      0   0.00    8.3  0.000    0.0  0.000      0      0      0      0      0
08/17/1990  12039     20   6845   5174     14   5765     35   3172     13   1689      0      0      0   0.00   0.00      0   0.00    8.5  0.000    0.0  0.000      0      0      0      0      0
08/18/1990  11643     18   6468   5157     19   6278     34   3081     13   1662      0      0      0   0.00   0.00      0   0.00    8.6  0.000    0.0  0.000      0      0      0      0      0
08/19/1990  10287      0   6143   4144     24   6729     33   2995     13   1625      0      0      0   0.00   0.00      0   0.00    8.8  0.002    0.0  0.000      0      0      1     13    989
08/20/1990  10094      0   5965   4129     29   7114     33   2918     11   1553      0      0      0   0.00   0.00      0   0.00    9.0  0.003    0.0  0.000      0      0      0      0     41
08/21/1990   9979      0   5843   4136     34   7427     32   2814     10   1530      0      0      0   0.00   0.00      0   0.00    9.1  0.003    0.0  0.000      0      0      0      0     19
08/22/1990   9930      0   5777   4153     39   7649     31   2743      9   1533      0      0      0   0.00   0.00      0   0.00    9.2  0.003    0.0  0.000      0      0      0      0      9
08/23/1990   9945      0   5766   4179     44   7774     29   2687      9   1575      0      0      0   0.00   0.00      0   0.00    9.4  0.003    0.0  0.000      0      0      0      0      0
08/24/1990  10008      0   5803   4205     49   7859     27   2629      9   1561      0      0      0   0.00   0.00      0   0.00    9.5  0.003    0.0  0.000      0      0      0      0      0
08/25/1990  10116      0   5885   4231     53   7907     26   2587      8   1487      0      0      0   0.00   0.00      0   0.00    9.7  0.003    0.0  0.000      0      0      0      0      0
08/26/1990  10268      0   6011   4257     57   7868     25   2600      8   1421      0      0      0   0.00   0.00      0   0.00    9.8  0.003    0.0  0.000      0      0      0      0      0
08/27/1990  10449      1   6165   4283     61   7799     23   2565      8   1433      0      0      0   0.00   0.00      0   0.00   10.0  0.003    0.0  0.000      0      0      0      0      0
08/28/1990  10652      3   6340   4309     63   7682     21   2521      9   1501      0      0      0   0.00   0.00      0   0.00   10.1  0.003    0.0  0.000      0      0      0      0      0
08/29/1990  10875      6   6528   4341     64   7558     20   2491      9   1567      0      0      0   0.00   0.00      0   0.00   10.3  0.003    0.0  0.000      0      0      0      0      0
08/30/1990  11118     10   6726   4382     63   7448     20   2465      9   1585      0      0      0   0.00   0.00      0   0.00   10.5  0.003    0.0  0.000      0      0      0      0      0
08/31/1990  11346     14   7104   4228     62   7343     20   2447      9   1581      0      0      0   0.00   0.00      0   0.00   10.6  0.003    0.0  0.000      0      0      0      0      0
09/01/1990  11568     19   7534   4015     60   7185     20   2497      9   1567      0      0      0   0.00   0.00      0   0.00   10.7  0.003    0.0  0.000      0      0      0      0      0
09/02/1990  12221     24   8015   4182     58   6992     20   2563      9   1563      0      0      0   0.00   0.00      0   0.00   10.7  0.003    0.0  0.000      0      0      0      0      0
09/03/1990  12417     29   8533   3855     56   6835     20   2607      9   1566      0      0      0   0.00   0.00      0   0.00   10.8  0.003    0.0  0.000      0      0      0      0      0
09/04/1990  12578     34   9064   3480     53   6741     21   2631      8   1539      0      0      0   0.00   0.00      0   0.00   10.9  0.003    0.0  0.000      0      0      0      0      0
09/05/1990  12697     39   9594   3064     51   6709     21   2625      7   1505      0      0      0   0.00   0.00      0   0.00   11.0  0.003    0.0  0.000      0      0      0      0      0
09/06/1990  12824     44  10129   2651     49   6687     21   2606      5   1438      0      0      0   0.00   0.00      0   0.00   11.0  0.003    0.0  0.000      0      0      0      0      0
09/07/1990  12959     49  10626   2284     47   6637     20   2585      3   1356      0      0      0   0.00   0.00      0   0.00   11.1  0.003    0.0  0.000      0      0      0      0      0
09/08/1990  13050     53  11021   1976     46   6628     19   2549      1   1252      0      0      0   0.00   0.00      0   0.00   11.1  0.003    0.0  0.000      0      0      0      0      0
09/09/1990  13139     57  11349   1733     45   6629     17   2477      0   1150      0      0      0   0.00   0.00      0   0.00   11.1  0.003    0.0  0.000      0      0      0      0      0
09/10/1990  13202     62  11585   1555     43   6647     14   2378      0   1070      0      0      0   0.00   0.00      0   0.00   11.1  0.003    0.0  0.000      0      0      0      0      0
09/11/1990  13443     66  11771   1606     42   6664     11   2235      0    997      0      0      0   0.00   0.00      0   0.00   11.0  0.003    0.0  0.000      0      0      0      0      0
09/12/1990  13590     70  11925   1595     41   6635      8   2088      0    953      0      0      0   0.00   0.00      0   0.00   11.0  0.003    0.0  0.000      0      0      0      0      0
09/13/1990  14020     73  12036   1911     41   6577      5   1943      0    922      0      0      0   0.00   0.00      0   0.00   11.0  0.003    0.0  0.000      0      0      0      0      0
09/14/1990  14448     76  12049   2323     40   6541      3   1794      0    935      0      0      0   0.00   0.00      0   0.00   11.1  0.003    0.0  0.000      0      0      0      0      0
09/15/1990  14881     79  11981   2821     39   6504      1   1685      0    981      0      0      0   0.00   0.00      0   0.00   11.1  0.003    0.0  0.000      0      0      0      0      0
09/16/1990  15331     82  11889   3360     37   6408      0   1613      0   1070      0      0      0   0.00   0.00      0   0.00   11.2  0.003    0.0  0.000      0      0      0      0      0
09/17/1990  15762     84  11797   3881     34   6258      0   1579      1   1195      0      0      0   0.00   0.00      0   0.00   11.3  0.003    0.0  0.000      0      0      0      0      0
09/18/1990  16152     84  11704   4364     32   6073      0   1596      3   1308      0      0      0   0.00   0.00      0   0.00   11.4  0.003    0.0  0.000      0      0      0      0      0
09/19/1990  16495     84  11616   4795     29   5838      0   1686      6   1400      0      0      0   0.00   0.00      0   0.00   11.5  0.003    0.0  0.000      0      0      0      0      0
09/20/1990  16752     83  11498   5171     26   5626      1   1821      9   1496      0      0      0   0.00   0.00      0   0.00   11.7  0.003    0.0  0.000      0      0      0      0      0
09/21/1990  16951     82  11371   5498     23   5414      3   1982     11   1592      0      0      0   0.00   0.00      0   0.00   11.8  0.003    0.0  0.000      0      0      0      0      0
09/22/1990  17101     80  11249   5772     20   5206      6   2151     13   1648      0      0      0   0.00   0.00      0   0.00   12.0  0.003    0.0  0.000      0      0      0      0      0
09/23/1990  17186     78  11118   5990     17   5044     10   2336     14   1631      0      0      0   0.00   0.00      0   0.00   12.2  0.002    0.0  0.000      0      0      0      0      0
09/24/1990  17228     76  11008   6144     14   4918     14   2504     15   1629      0      0      0   0.00   0.00      0   0.00   12.4  0.002    0.0  0.000      0      0      0      0      0
09/25/1990  17203     74  10911   6218     11   4862     19   2604     15   1649      0      0      0   0.00   0.00      0   0.00   12.6  0.002    0.0  0.000      0      0      0      0      0
09/26/1990  17117     72  10839   6206      8   4847     24   2659     15   1691      0      0      0   0.00   0.00      0   0.00   12.8  0.002    0.0  0.000      0      0      0      0      0
09/27/1990  16975     70  10731   6174      6   4880     28   2733     15   1695      0      0      0   0.00   0.00      0   0.00   13.0  0.002    0.0  0.000      0      0      0      0      0
09/28/1990  16774     67  10578   6129      6   5002     31   2757     15   1709      0      0      0   0.00   0.00      0   0.00   13.2  0.002    0.0  0.000      0      0      0      0      0
09/29/1990  16522     65  10429   6028      7   5187     33   2758     15   1746      0      0      0   0.00   0.00      0   0.00   13.4  0.002    0.0  0.000      0      0      0      0      0
09/30/1990  16233     62  10256   5915     10   5378     34   2780     15   1794      0      0      0   0.00   0.00      0   0.00   13.6  0.002    0.0  0.000      0      0      0      0      0
10/01/1990  15920     57  10095   5768     14   5563     35   2835     15   1830      0      0      0   0.00   0.00      0   0.00   13.8  0.002    0.0  0.000      0      0      0      0      0
10/02/1990  15573     53   9896   5624     19   5819     35   2875     15   1795      0      0      0   0.00   0.00      0   0.00   14.0  0.002    0.0  0.000      0      0      0      0      0
10/03/1990  15230     49   9676   5505     24   6074     35   2925     15   1747      0      0      0   0.00   0.00      0   0.00   14.2  0.002    0.0  0.000      0      0      0      0      0
10/04/1990  14902     46   9442   5414     29   6332     35   2974     15   1739      0      0      0   0.00   0.00      0   0.00   14.3  0.002    0.0  0.000      0      0      0      0      0
10/05/1990  14621     43   9270   5308     34   6579     35   2975     15   1726      0      0      0   0.00   0.00      0   0.00   14.5  0.002    0.0  0.000      0      0      0      0      0
10/06/1990  14418     40   9170   5208     39   6802     35   2963     14   1661      0      0      0   0.00   0.00      0   0.00   14.7  0.002    0.0  0.000      0      0      0      0      0
10/07/1990  14248     37   9091   5120     44   7008     35   2967     12   1514      0      0      0   0.00   0.00      0   0.00   14.8  0.002    0.0  0.000      0      0      0      0      0
10/08/1990  14118     34   9032   5052     49   7178     35   2907     10   1424      0      0      0   0.00   0.00      0   0.00   15.0  0.002    0.0  0.000      0      0      0      0      0
10/09/1990  14056     32   8977   5047     54   7324     34   2794     10   1415      0      0      0   0.00   0.00      0   0.00   15.2  0.002    0.0  0.000      0      0      0      0      0
10/10/1990  14015     29   8924   5062     59   7403     32   2686     10   1437      0      0      0   0.00   0.00      0   0.00   15.3  0.002    0.0  0.000      0      0      0      0      0
10/11/1990  14054     27   8943   5084     63   7429     30   2584     10   1455      0      0      0   0.00   0.00      0   0.00   15.5  0.002    0.0  0.000      0      0      0      0      0
10/12/1990  14112     26   8988   5098     66   7471     29   2470     10   1452      0      0      0   0.00   0.00      0   0.00   15.7  0.002    0.0  0.000      0      0      0      0      0
10/13/1990  14127     26   9005   5096     68   7481     27   2397     10   1455      0      0      0   0.00   0.00      0   0.00   15.8  0.002    0.0  0.000      0      0      0      0      0
10/14/1990  14110     27   9011   5072     69   7459     25   2378     11   1462      0      0      0   0.00   0.00      0   0.00   16.0  0.002    0.0  0.000      0      0      0      0      0
10/15/1990  14182     28   9051   5103     70   7356     24   2408     11   1468      0      0      0   0.00   0.00      0   0.00   16.2  0.002    0.0  0.000      0      0      0      0      0
10/16/1990  14293     30   9115   5148     69   7256     23   2428     12   1471      0      0      0   0.00   0.00      0   0.00   16.3  0.002    0.0  0.000      0      0      0      0      0
10/17/1990  14385     32   9197   5156     67   7183     24   2425     12   1469      0      0      0   0.00   0.00      0   0.00   16.5  0.002    0.0  0.000      0      0      0      0      0
10/18/1990  14450     34   9308   5108     65   7098     25   2439     12   1471      0      0      0   0.00   0.00      0   0.00   16.7  0.002    0.0  0.000      0      0      0      0      0
10/19/1990  14508     37   9468   5003     64   7002     25   2444     11   1423      0      0      0   0.00   0.00      0   0.00   16.8  0.002    0.0  0.000      0      0      0      0      0
10/20/1990  14572     40   9691   4841     62   6889     26   2442     10   1337      0      0      0   0.00   0.00      0   0.00   17.0  0.002    0.0  0.000      0      0      0      0      0
10/21/1990  14669     44   9952   4673     60   6759     27   2455      9   1274      0      0      0   0.00   0.00      0   0.00   17.1  0.002    0.0  0.000      0      0      0      0      0
10/22/1990  14769     49  10228   4492     59   6634     26   2405      9   1265      0      0      0   0.00   0.00      0   0.00   17.3  0.002    0.0  0.000      0      0      0      0      0
10/23/1990  14814     54  10489   4271     57   6562     26   2311      8   1296      0      0      0   0.00   0.00      0   0.00   17.4  0.002    0.0  0.000      0      0      0      0      0
10/24/1990  14868     59  10746   4063     56   6483     25   2258      7   1306      0      0      0   0.00   0.00      0   0.00   17.5  0.002    0.0  0.000      0      0      0      0      0
10/25/1990  14957     64  11045   3848     55   6364     24   2201      6   1317      0      0      0   0.00   0.00      0   0.00   17.6  0.002    0.0  0.000      0      0      0      0      0
10/26/1990  15016     69  11280   3667     54   6307     22   2136      6   1281      0      0      0   0.00   0.00      0   0.00   17.7  0.002    0.0  0.000      0      0      0      0      0
10/27/1990  15039     74  11426   3539     53   6245     20   2141      5   1240      0      0      0   0.00   0.00      0   0.00   17.8  0.002    0.0  0.000      0      0      0      0      0
10/28/1990  15048     79  11489   3480     52   6187     18   2181      4   1180      0      0      0   0.00   0.00      0   0.00   17.8  0.002    0.0  0.000      0      0      0      0      0
10/29/1990  15099     84  11509   3506     50   6157     17   2143      3   1156      0      0      0   0.00   0.00      0   0.00   17.9  0.002    0.0  0.000      0      0      0      0      0
10/30/1990  15216     88  11533   3595     49   6095     15   2116      3   1098      0      0      0   0.00   0.00      0   0.00   18.0  0.002    0.0  0.000      0      0      0      0      0
10/31/1990  15347     91  11526   3730     49   6046     13   2065      3   1051      0      0      0   0.00   0.00      0   0.00   18.1  0.002    0.0  0.000      0      0      0      0      0
11/01/1990  15483     93  11468   3922     49   6008     11   1993      3    956      0      0      0   0.00   0.00      0   0.00   18.2  0.002    0.0  0.000      0      0      0      0      0
11/02/1990  15659     95  11393   4171     47   5960     10   1897      3    875      0      0      0   0.00   0.00      0   0.00   18.3  0.002    0.0  0.000      0      0      0      0      0
11/03/1990  15826     95  11333   4398     46   5872      9   1835      3    830      0      0      0   0.00   0.00      0   0.00   18.4  0.002    0.0  0.000      0      0      0      0      0
11/04/1990  16000     94  11299   4607     45   5786      8   1709      3    881      0      0      0   0.00   0.00      0   0.00   18.5  0.002    0.0  0.000      0      0      0      0      0
11/05/1990  16170     94  11232   4844     43   5672      7   1592      4    962      0      0      0   0.00   0.00      0   0.00   18.7  0.002    0.0  0.000      0      0      0      0      0
11/06/1990  16295     92  11155   5048     41   5557      7   1509      4    970      0      0      0   0.00   0.00      0   0.00   18.8  0.002    0.0  0.000      0      0      0      0      0
11/07/1990  16381     91  11077   5213     38   5415      7   1492      5    939      0      0      0   0.00   0.00      0   0.00   19.0  0.002    0.0  0.000      0      0      0      0      0
11/08/1990  16430     90  11008   5332     35   5252      8   1503      5    937      0      0      0   0.00   0.00      0   0.00   19.1  0.002    0.0  0.000      0      0      0      0      0
11/09/1990  16398     89  10869   5440     32   5090      8   1523      6   1004      0      0      0   0.00   0.00      0   0.00   19.3  0.002    0.0  0.000      0      0      0      0      0
11/10/1990  16309     88  10668   5553     29   4953      9   1556      7   1082      0      0      0   0.00   0.00      0   0.00   19.5  0.002    0.0  0.000      0      0      0      0      0
11/11/1990  16202     87  10488   5627     26   4808     10   1610      8   1133      0      0      0   0.00   0.00      0   0.00   19.7  0.002    0.0  0.000      0      0      0      0      0
11/12/1990  16066     85  10304   5677     24   4706     11   1646      9   1185      0      0      0   0.00   0.00      0   0.00   19.9  0.002    0.0  0.000      0      0      0      0      0
11/13/1990  15952     83  10169   5700     22   4619     13   1676      9   1241      0      0      0   0.00   0.00      0   0.00   20.0  0.002    0.0  0.000      0      0      0      0      0
11/14/1990  15871     81  10047   5743     20   4472     15   1773      9   1221      0      0      0   0.00   0.00      0   0.00   20.2  0.002    0.0  0.000      0      0      0      0      0
11/15/1990  15748     79   9882   5787     19   4328     16   1892      9   1162      0      0      0   0.00   0.00      0   0.00   20.4  0.001    0.0  0.000      0      0      0      0      0
11/16/1990  15577     76   9724   5777     18   4275     18   1980      9   1125      0      0      0   0.00   0.00      0   0.00   20.6  0.001    0.0  0.000      0      0      0      0      0
11/17/1990  15412     73   9626   5713     18   4236     19   1990      9   1164      0      0      0   0.00   0.00      0   0.00   20.8  0.001    0.0  0.000      0      0      0      0      0
11/18/1990  15224     70   9548   5606     18   4230     20   1972      9   1190      0      0      0   0.00   0.00      0   0.00   21.0  0.001    0.0  0.000      0      0      0      0      0
11/19/1990  15015     67   9456   5492     18   4252     21   1972      9   1184      0      0      0   0.00   0.00      0   0.00   21.2  0.001    0.0  0.000      0      0      0      0      0
11/20/1990  15347     64   9309   5974     20   4323     21   1969      8   1054      0      0      0   0.00   0.00      0   0.00   21.4  0.001    0.0  0.000      0      0      0      0      0
11/21/1990  15078     62   9162   5854     22   4420     21   1921      7    927      0      0      0   0.00   0.00      0   0.00   21.6  0.001    0.0  0.000      0      0      0      0      0
11/22/1990  14136     60   8957   5119     24   4517     21   1935      6    811      0      0      0   0.00   0.00      0   0.00   21.7  0.001    0.0  0.000      0      0      0      0      0
11/23/1990  13830     57   8732   5041     26   4610     20   1861      5    788      0      0      0   0.00   0.00      0   0.00   21.9  0.001    0.0  0.000      0      0      0      0      0
11/24/1990  13551     55   8537   4959     28   4715     19   1723      4    795      0      0      0   0.00   0.00      0   0.00   22.1  0.001    0.0  0.000      0      0      0      0      0
11/25/1990  13867     53   8376   5438     30   4800     18   1582      3    814      0      0      0   0.00   0.00      0   0.00   22.0  0.001    0.0  0.000      0      0      0      0      0
11/26/1990  14199     50   8226   5923     32   4838     16   1459      3    758      0      0      0   0.00   0.00      0   0.00   21.9  0.001    0.0  0.000      0      0      0      0      0
11/27/1990  14483     48   8036   6399     34   4929     14   1334      3    684      0      0      0   0.00   0.00      0   0.00   21.9  0.001    0.0  0.000      0      0      0      0      0
11/28/1990  14766     45   7846   6875     36   4915     12   1342      3    624      0      0      0   0.00   0.00      0   0.00   22.1  0.001    0.0  0.000      0      0      0      0      0
11/29/1990  13963     43   7692   6228     37   4828     10   1290      4    697      0      0      0   0.00   0.00      0   0.00   22.4  0.001    0.0  0.000      0      0      0      0      0
11/30/1990  13825     40   7617   6168     38   4736      9   1207      5    782      0      0      0   0.00   0.00      0   0.00   22.6  0.001    0.0  0.000      0      0      0      0      0
12/01/1990  14187     38   7591   6558     38   4621      8   1178      5    777      0      0      0   0.00   0.00      0   0.00   22.8  0.001    0.0  0.000      0      0      0      0      0
12/02/1990  14568     36   7551   6981     38   4490      8   1192      4    698      0      0      0   0.00   0.00      0   0.00   22.8  0.001    0.0  0.000      0      0      0      0      0
12/03/1990  14528     35   7537   6956     37   4365      9   1175      4    653      0      0      0   0.00   0.00      0   0.00   23.0  0.001    0.0  0.000      0      0      0      0      0
12/04/1990  14499     35   7536   6928     35   4138      9   1197      5    680      0      0      0   0.00   0.00      0   0.00   23.3  0.001    0.0  0.000      0      0      0      0      0
12/05/1990  14862     35   7466   7361     33   3953      9   1206      5    687      0      0      0   0.00   0.00      0   0.00   23.3  0.001    0.0  0.000      0      0      0      0      0
12/06/1990  14731     35   7382   7314     31   3827     10   1204      5    710      0      0      0   0.00   0.00      0   0.00   23.5  0.001    0.0  0.000      0      0      0      0      0
12/07/1990  14182     36   7380   6766     29   3710     11   1180      5    729      0      0      0   0.00   0.00      0   0.00   23.8  0.001    0.0  0.000      0      0      0      0      0
12/08/1990  14111     37   7390   6684     27   3571     11   1111      6    784      0      0      0   0.00   0.00      0   0.00   24.0  0.001    0.0  0.000      0      0      0      0      0
12/09/1990  12557     38   7392   5127     26   3414     11   1137      6    803      0      0      0   0.00   0.00      0   0.00   24.2  0.001    0.0  0.000      0      0      0      0      0
12/10/1990  12460     39   7408   5013     25   3224     11   1211      6    845      0      0      0   0.00   0.00      0   0.00   24.4  0.001    0.0  0.000      0      0      0      0      0
12/11/1990  12250     41   7346   4863     23   3170     12   1242      6    893      0      0      0   0.00   0.00      0   0.00   24.6  0.001    0.0  0.000      0      0      0      0      0
12/12/1990  12498     43   7268   5187     21   3167     13   1260      5    899      0      0      0   0.00   0.00      0   0.00   24.5  0.001    0.0  0.000      0      0      0      0      0
12/13/1990  12762     45   7263   5454     20   3100     13   1369      4    834      0      0      0   0.00   0.00      0   0.00   24.7  0.001    0.0  0.000      0      0      0      0      0
12/14/1990  13013     46   7259   5708     20   3092     13   1425      2    642      0      0      0   0.00   0.00      0   0.00   24.7  0.001    0.0  0.000      0      0      0      0      0
12/15/1990  13267     47   7233   5987     19   3101     13   1430      1    516      0      0      0   0.00   0.00      0   0.00   24.6  0.001    0.0  0.000      0      0      0      0      0
12/16/1990  13548     48   7196   6304     19   3070     12   1419      0    406      0      0      0   0.00   0.00      0   0.00   24.6  0.001    0.0  0.000      0      0      0      0      0
12/17/1990  13741     48   7055   6638     20   3137     10   1264      1    453      0      0      0   0.00   0.00      0   0.00   24.5  0.001    0.0  0.000      0      0      0      0      0
12/18/1990  13919     48   6947   6924     21   3262      8   1101      2    490      0      0      0   0.00   0.00      0   0.00   24.5  0.001    0.0  0.000      0      0      0      0      0
12/19/1990  14139     48   6881   7210     22   3339      6    932      3    517      0      0      0   0.00   0.00      0   0.00   24.4  0.001    0.0  0.000      0      0      0      0      0
12/20/1990  14404     47   6815   7542     23   3339      5    818      2    410      0      0      0   0.00   0.00      0   0.00   24.4  0.001    0.0  0.000      0      0      0      0      0
12/21/1990  14666     47   6725   7894     24   3314      4    757      1    222      0      0      0   0.00   0.00      0   0.00   24.3  0.001    0.0  0.000      0      0      0      0      0
12/22/1990  14879     46   6576   8257     24   3204      4    807      0     56      0      0      0   0.00   0.00      0   0.00   24.3  0.001    0.0  0.000      0      0      0      0      0
12/23/1990  15065     46   6380   8639     23   3157      3    712      0      0      0      0      0   0.00   0.00      0   0.00   24.2  0.001    0.0  0.000      0      0      0      0      0
12/24/1990  15282     46   6193   9043     21   3067      3    573      0      0      0      0      0   0.00   0.00      0   0.00   24.2  0.001    0.0  0.000      0      0      0      0      0
12/25/1990  15520     44   6015   9461     20   2977      3    410      0     35      0      0      0   0.00   0.00      0   0.00   24.1  0.001    0.0  0.000      0      0      0      0      0
12/26/1990  15710     42   5846   9822     19   2960      3    222      0    120      0      0      0   0.00   0.00      0   0.00   24.1  0.001    0.0  0.000      0      0      0      0      0
12/27/1990  15948     41   5741  10166     18   2874      2     56      1    240      0      0      0   0.00   0.00      0   0.00   24.1  0.001    0.0  0.000      0      0      0      0      0
12/28/1990  16206     40   5619  10547     17   2658      1     35      2    346      0      0      0   0.00   0.00      0   0.00   24.0  0.001    0.0  0.000      0      0      0      0      0
12/29/1990  16450     38   5466  10946     17   2398      0    120      2    322      0      0      0   0.00   0.00      0   0.00   24.0  0.001    0.0  0.000      0      0      0      0      0
12/30/1990  16706     37   5354  11315     15   2127      1    240      1    309      0      0      0   0.00   0.00      0   0.00   23.9  0.001    0.0  0.000      0      0      0      0      0
12/31/1990  17005     36   5280  11689     13   1813      2    381      0    280      0      0      0   0.00   0.00      0   0.00   23.9  0.001    0.0  0.000      0      0      0      0      0
