Varroa Population Simulation - Nov 23,2015  02:35:33 PM
VarroaPop Version 3.2.5.8  June, 2015

                                        Capped  Capped                                                                      Prop           Conc          Conc                                     
            Colony  Adult  Adult         Drone   Wkr    Drone  Wkr    Drone  Wkr  Free   DBrood WBrood DMite  WMite  Mites  Mites  Colony Pollen Colony Nectar   Dead   Dead   Dead   Dead   Dead
     Date   Size   Drones   Wkr   Forgrs Brood  Brood   Larv   Larv    Eggs  Eggs Mites  Mites  Mites  /Cell  /Cell  Dying  Dying  Pollen  Pest  Nectar  Pest    DLarv  WLarv  DAdlt  WAdlt  Forgrs
Initial     10000      0   7224   2776      0      0      0      0      0      0      0      0      0   0.00   0.00      0   0.00    0.0  0.000    0.0  0.000      0      0      0      0      0
08/01/1990   9656      0   6880   2776      0      0      0      0      2    676      0      0      0   0.00   0.00      0   0.00    0.1  0.000    0.0  0.000      0      0      0      0      0
08/02/1990   9312      0   6536   2776      0      0      0      0      4   1351      0      0      0   0.00   0.00      0   0.00    0.2  0.000    0.0  0.000      0      0      0      0      0
08/03/1990   8968      0   6192   2776      0      0      0      0      6   2025      0      0      0   0.00   0.00      0   0.00    0.2  0.000    0.0  0.000      0      0      0      0      0
08/04/1990   8624      0   5848   2776      0      0      2    676      6   2028      0      0      0   0.00   0.00      0   0.00    0.3  0.000    0.0  0.000      0      0      0      0      0
08/05/1990   8280      0   5504   2776      0      0      4   1351      6   2048      0      0      0   0.00   0.00      0   0.00    0.4  0.000    0.0  0.000      0      0      0      0      0
08/06/1990   7936      0   5160   2776      0      0      6   2025      6   2072      0      0      0   0.00   0.00      0   0.00    0.5  0.000    0.0  0.000      0      0      0      0      0
08/07/1990   7592      0   4816   2776      0      0      8   2704      6   2091      0      0      0   0.00   0.00      0   0.00    0.6  0.000    0.0  0.000      0      0      0      0      0
08/08/1990   7224      0   4472   2752      0      0     10   3399      6   2094      0      0      0   0.00   0.00      0   0.00    0.7  0.000    0.0  0.000      0      0      0      0      0
08/09/1990   6880      0   4128   2752      0    676     12   3421      6   2091      0      0      0   0.00   0.00      0   0.00    0.8  0.000    0.0  0.000      0      0      0      0      0
08/10/1990   6536      0   3784   2752      0   1351     14   3444      6   2089      0      0      0   0.00   0.00      0   0.00    0.8  0.000    0.0  0.000      0      0      0      0      0
08/11/1990   3408      0   3344     64      2   2025     10   3444      6   2087      0      0      0   0.00   0.00      0   0.00    0.9  0.166    0.0  0.000      2     24      0     94   2682
08/12/1990   3125      0   3040     85      3   2683     10   3481      4   1424      0      0      0   0.00   0.00      0   0.00    0.9  0.166    0.0  0.000      1      0      0      0    275
08/13/1990   2899      0   2736    163      4   3375     11   3485      2    769      0      0      0   0.00   0.00      0   0.00    0.9  0.166    0.0  0.000      0      0      0      0    218
08/14/1990   2766      0   2432    334      5   4073     12   3483      0    146      0      0      0   0.00   0.00      0   0.00    0.9  0.166    0.0  0.000      0      0      0      0    125
08/15/1990   2708      0   2128    580      6   4771     11   2817      0    244      0      0      0   0.00   0.00      0   0.00    0.9  0.168    0.0  0.000      0      0      0      0     50
08/16/1990   2683      0   1824    859      7   5469     10   2160      0    414      0      0      0   0.00   0.00      0   0.00    0.9  0.170    0.0  0.000      0      0      0      0     17
08/17/1990   2669      0   1520   1149      9   6164      8   1538      0    633      0      0      0   0.00   0.00      0   0.00    1.0  0.171    0.0  0.000      0      0      0      0      6
08/18/1990   2659      0   1216   1443     11   6860      6    972      0    837      0      0      0   0.00   0.00      0   0.00    1.0  0.168    0.0  0.000      0      0      0      0      2
08/19/1990   2651      0    912   1739     13   7556      4    487      0   1016      0      0      0   0.00   0.00      0   0.00    1.1  0.157    0.0  0.000      0      0      0      0      0
08/20/1990   2622      0    608   2014     15   7588      2    747      0   1186      0      0      0   0.00   0.00      0   0.00    1.2  0.146    0.0  0.000      0      0      0      0      0
08/21/1990   2536      0    304   2232     17   7629      0   1040      0   1366      0      0      0   0.00   0.00      0   0.00    1.3  0.135    0.0  0.000      0      0      0      0      0
08/22/1990   3033      0    676   2357     17   7026      0   1357      0   1546      0      0      0   0.00   0.00      0   0.00    1.4  0.125    0.0  0.000      0      0      0      0      0
08/23/1990   3454      0   1351   2103     17   6481      0   1689      0   1685      0      0      0   0.00   0.00      0   0.00    1.5  0.117    0.0  0.000      0      0      0      0      0
08/24/1990   3841      0   2025   1816     17   6018      0   1992      0   1680      0      0      0   0.00   0.00      0   0.00    1.6  0.112    0.0  0.000      0      0      0      0      0
08/25/1990   4203      2   2683   1518     15   5652      0   2270      0   1540      0      0      0   0.00   0.00      0   0.00    1.6  0.108    0.0  0.000      0      0      0      0      0
08/26/1990   4594      3   3375   1216     14   5294      0   2537      0   1338      0      0      0   0.00   0.00      0   0.00    1.6  0.106    0.0  0.000      0      0      0      0      0
08/27/1990   4989      4   4073    912     13   4986      0   2656      0   1192      0      0      0   0.00   0.00      0   0.00    1.7  0.105    0.0  0.000      0      0      0      0      0
08/28/1990   5384      5   4771    608     12   4750      0   2624      0   1068      0      0      0   0.00   0.00      0   0.00    1.7  0.105    0.0  0.000      0      0      0      0      0
08/29/1990   5779      6   5469    304     11   4566      0   2509      0    901      0      0      0   0.00   0.00      0   0.00    1.6  0.105    0.0  0.000      0      0      0      0      0
08/30/1990   6171      7   6164      0     10   4441      0   2302      0    662      0      0      0   0.00   0.00      0   0.00    1.6  0.105    0.0  0.000      0      0      0      0      0
08/31/1990   6869      9   6860      0      8   4346      0   2007      0    356      0      0      0   0.00   0.00      0   0.00    1.6  0.105    0.0  0.000      0      0      0      0      0
09/01/1990   7567     11   7556      0      6   4159      0   1730      0    124      0      0      0   0.00   0.00      0   0.00    1.5  0.105    0.0  0.000      0      0      0      0      0
09/02/1990   7601     13   7588      0      4   4557      0   1424      0      0      0      0      0   0.00   0.00      0   0.00    1.5  0.105    0.0  0.000      0      0      0      0      0
09/03/1990   7644     15   7629      0      2   4915      0   1025      0      0      0      0      0   0.00   0.00      0   0.00    1.4  0.105    0.0  0.000      0      0      0      0      0
09/04/1990   7719     17   7702      0      0   5205      0    662      0      0      0      0      0   0.00   0.00      0   0.00    1.4  0.104    0.0  0.000      0      0      0      0      0
09/05/1990   7849     17   7832      0      0   5381      0    356      0      0      0      0      0   0.00   0.00      0   0.00    1.3  0.104    0.0  0.000      0      0      0      0      0
09/06/1990   8060     17   8043      0      0   5402      0    124      0      0      0      0      0   0.00   0.00      0   0.00    1.3  0.104    0.0  0.000      0      0      0      0      0
09/07/1990   8352     17   8335      0      0   5234      0      0      0      0      0      0      0   0.00   0.00      0   0.00    1.2  0.104    0.0  0.000      0      0      0      0      0
09/08/1990   8686     17   8669      0      0   4900      0      0      0      0      0      0      0   0.00   0.00      0   0.00    1.1  0.103    0.0  0.000      0      0      0      0      0
09/09/1990   9076     17   9059      0      0   4510      0      0      0      0      0      0      0   0.00   0.00      0   0.00    1.1  0.103    0.0  0.000      0      0      0      0      0
09/10/1990   9538     17   9521      0      0   4048      0      0      0      0      0      0      0   0.00   0.00      0   0.00    1.0  0.102    0.0  0.000      0      0      0      0      0
09/11/1990  10052     17  10035      0      0   3534      0      0      0      0      0      0      0   0.00   0.00      0   0.00    0.9  0.102    0.0  0.000      0      0      0      0      0
09/12/1990  10622     17   9929    676      0   2964      0      0      0      0      0      0      0   0.00   0.00      0   0.00    0.9  0.102    0.0  0.000      0      0      0      0      0
09/13/1990  11223     17   9855   1351      0   2363      0      0      0    249      0      0      0   0.00   0.00      0   0.00    0.9  0.102    0.0  0.000      0      0      0      0      0
09/14/1990  11732     17   9690   2025      0   1854      0      0      0    633      0      0      0   0.00   0.00      0   0.00    0.9  0.099    0.0  0.000      0      0      0      0      0
09/15/1990  12160     15   9462   2683      0   1424      0      0      0   1126      0      0      0   0.00   0.00      0   0.00    1.0  0.093    0.0  0.000      0      0      0      0      0
09/16/1990  12558     14   9169   3375      0   1025      0    249      1   1456      0      0      0   0.00   0.00      0   0.00    1.1  0.084    0.0  0.000      0      0      0      0      0
09/17/1990  12920     13   8834   4073      0    662      0    633      4   1740      0      0      0   0.00   0.00      0   0.00    1.2  0.075    0.0  0.000      0      0      0      0      0
09/18/1990  13225     12   8442   4771      0    356      0   1126      8   1969      0      0      0   0.00   0.00      0   0.00    1.4  0.066    0.0  0.000      0      0      0      0      0
09/19/1990  13456     11   7976   5469      0    124      1   1705     12   2157      0      0      0   0.00   0.00      0   0.00    1.5  0.058    0.0  0.000      0      0      0      0      0
09/20/1990  12903     10   7405   5488      0      0      4   2373     16   2353      0      0      0   0.00   0.00      0   0.00    1.7  0.051    0.0  0.000      0      0      0      0      0
09/21/1990  12226      8   6709   5509      0    249      8   2846     19   2503      0      0      0   0.00   0.00      0   0.00    2.0  0.046    0.0  0.000      0      0      0      0      0
09/22/1990  11550      6   6013   5531      0    633     13   3229     21   2557      0      0      0   0.00   0.00      0   0.00    2.2  0.041    0.0  0.000      0      0      0      0      0
09/23/1990  10890      4   5981   4905      0   1126     20   3600     20   2468      0      0      0   0.00   0.00      0   0.00    2.3  0.038    0.0  0.000      0      0      0      0      0
09/24/1990  10196      2   5940   4254      0   1705     27   3893     18   2372      0      0      0   0.00   0.00      0   0.00    2.5  0.036    0.0  0.000      0      0      0      0      0
09/25/1990   9496      0   5867   3629      0   2373     34   4046     16   2270      0      0      0   0.00   0.00      0   0.00    2.6  0.035    0.0  0.000      0      0      0      0      0
09/26/1990   8798      0   5737   3061      1   3095     39   4099     13   2158      0      0      0   0.00   0.00      0   0.00    2.7  0.033    0.0  0.000      0      0      0      0      0
09/27/1990   8100      0   5526   2574      4   3862     41   4108     10   1990      0      0      0   0.00   0.00      0   0.00    2.7  0.033    0.0  0.000      0      0      0      0      0
09/28/1990   7405      0   5234   2171      8   4726     42   3963      6   1837      0      0      0   0.00   0.00      0   0.00    2.8  0.032    0.0  0.000      0      0      0      0      0
09/29/1990   6709      0   4900   1809     13   5598     40   3754      3   1712      0      0      0   0.00   0.00      0   0.00    2.8  0.032    0.0  0.000      0      0      0      0      0
09/30/1990   6013      0   4510   1503     20   6419     35   3541      1   1599      0      0      0   0.00   0.00      0   0.00    2.9  0.031    0.0  0.000      0      0      0      0      0
10/01/1990   5981      0   4048   1933     27   7194     29   3332      0   1476      0      0      0   0.00   0.00      0   0.00    2.9  0.031    0.0  0.000      0      0      0      0      0
10/02/1990   5940      0   3534   2406     34   7970     22   3094      0   1425      0      0      0   0.00   0.00      0   0.00    3.0  0.030    0.0  0.000      0      0      0      0      0
10/03/1990   5867      0   2964   2903     40   8689     16   2870      0   1487      0      0      0   0.00   0.00      0   0.00    3.1  0.029    0.0  0.000      0      0      0      0      0
10/04/1990   5986      0   2612   3374     45   9103     11   2650      2   1713      0      0      0   0.00   0.00      0   0.00    3.2  0.028    0.0  0.000      0      0      0      0      0
10/05/1990   6159      0   2487   3672     50   9327      6   2529      5   1894      0      0      0   0.00   0.00      0   0.00    3.4  0.027    0.0  0.000      0      0      0      0      0
10/06/1990   6360      0   2550   3810     53   9400      3   2520      8   1973      0      0      0   0.00   0.00      0   0.00    3.5  0.025    0.0  0.000      0      0      0      0      0
10/07/1990   6605      0   2730   3875     55   9359      3   2651      9   1903      0      0      0   0.00   0.00      0   0.00    3.7  0.024    0.0  0.000      0      0      0      0      0
10/08/1990   6883      0   3035   3848     56   9186      5   2824      9   1851      0      0      0   0.00   0.00      0   0.00    3.8  0.023    0.0  0.000      0      0      0      0      0
10/09/1990   7143      0   3451   3692     56   8907      8   3017     10   1868      0      0      0   0.00   0.00      0   0.00    4.0  0.023    0.0  0.000      0      0      0      0      0
10/10/1990   7397      1   3986   3410     55   8627     11   3129     10   1894      0      0      0   0.00   0.00      0   0.00    4.1  0.022    0.0  0.000      0      0      0      0      0
10/11/1990   7694      4   4726   2964     52   8320     14   3188      9   1881      0      0      0   0.00   0.00      0   0.00    4.2  0.021    0.0  0.000      0      0      0      0      0
10/12/1990   7969      8   5598   2363     48   8117     18   3172      7   1795      0      0      0   0.00   0.00      0   0.00    4.3  0.021    0.0  0.000      0      0      0      0      0
10/13/1990   8286     13   6419   1854     43   7964     21   3129      4   1664      0      0      0   0.00   0.00      0   0.00    4.3  0.021    0.0  0.000      0      0      0      0      0
10/14/1990   8638     20   7194   1424     38   7825     21   3096      2   1495      0      0      0   0.00   0.00      0   0.00    4.4  0.021    0.0  0.000      0      0      0      0      0
10/15/1990   9022     27   7970   1025     34   7648     20   3064      0   1299      0      0      0   0.00   0.00      0   0.00    4.4  0.021    0.0  0.000      0      0      0      0      0
10/16/1990   9385     34   8689    662     30   7545     17   2942      0   1094      0      0      0   0.00   0.00      0   0.00    4.3  0.021    0.0  0.000      0      0      0      0      0
10/17/1990   9748     40   9352    356     27   7535     14   2723      0    868      0      0      0   0.00   0.00      0   0.00    4.3  0.021    0.0  0.000      0      0      0      0      0
10/18/1990  10129     45   9960    124     25   7552     11   2469      0    623      0      0      0   0.00   0.00      0   0.00    4.2  0.021    0.0  0.000      0      0      0      0      0
10/19/1990  10576     50  10526      0     24   7589      7   2155      0    377      0      0      0   0.00   0.00      0   0.00    4.2  0.021    0.0  0.000      0      0      0      0      0
10/20/1990  11117     53  11064      0     24   7618      4   1796      0    169      0      0      0   0.00   0.00      0   0.00    4.1  0.021    0.0  0.000      0      0      0      0      0
10/21/1990  11614     55  11559      0     24   7617      2   1428      0     43      0      0      0   0.00   0.00      0   0.00    4.0  0.021    0.0  0.000      0      0      0      0      0
10/22/1990  12058     56  12002      0     25   7608      0   1037      0      0      0      0      0   0.00   0.00      0   0.00    3.9  0.020    0.0  0.000      0      0      0      0      0
10/23/1990  12545     56  12489      0     25   7492      0    666      0      0      0      0      0   0.00   0.00      0   0.00    3.8  0.020    0.0  0.000      0      0      0      0      0
10/24/1990  13102     56  13046      0     25   7224      0    377      0      0      0      0      0   0.00   0.00      0   0.00    3.8  0.020    0.0  0.000      0      0      0      0      0
10/25/1990  13771     56  13466    249     25   6763      0    169      0      0      0      0      0   0.00   0.00      0   0.00    3.7  0.020    0.0  0.000      0      0      0      0      0
10/26/1990  14439     56  13750    633     25   6221      0     43      0     85      0      0      0   0.00   0.00      0   0.00    3.6  0.020    0.0  0.000      0      0      0      0      0
10/27/1990  15075     56  13893   1126     25   5628      0      0      0    280      0      0      0   0.00   0.00      0   0.00    3.6  0.020    0.0  0.000      0      0      0      0      0
10/28/1990  15676     58  13913   1705     23   5029      0      0      0    569      0      0      0   0.00   0.00      0   0.00    3.5  0.020    0.0  0.000      0      0      0      0      0
10/29/1990  16295     61  13861   2373     20   4413      0     85      0    860      0      0      0   0.00   0.00      0   0.00    3.5  0.020    0.0  0.000      0      0      0      0      0
10/30/1990  16951     64  13792   3095     17   3760      0    280      0   1090      0      0      0   0.00   0.00      0   0.00    3.6  0.020    0.0  0.000      0      0      0      0      0
10/31/1990  17578     66  13650   3862     14   3135      0    569      1   1271      0      0      0   0.00   0.00      0   0.00    3.7  0.020    0.0  0.000      0      0      0      0      0
11/01/1990  18173     66  13389   4718     11   2532      0    945      3   1325      0      0      0   0.00   0.00      0   0.00    3.8  0.019    0.0  0.000      0      0      0      0      0
11/02/1990  18484     66  13084   5334      7   1965      0   1370      6   1339      0      0      0   0.00   0.00      0   0.00    4.0  0.018    0.0  0.000      0      0      0      0      0
11/03/1990  18586     64  12757   5765      4   1556      1   1755      9   1362      0      0      0   0.00   0.00      0   0.00    4.1  0.018    0.0  0.000      0      0      0      0      0
11/04/1990  18517     59  12416   6042      2   1317      3   1990     12   1496      0      0      0   0.00   0.00      0   0.00    4.3  0.017    0.0  0.000      0      0      0      0      0
11/05/1990  18300     54  12011   6235      0   1235      6   2140     14   1650      0      0      0   0.00   0.00      0   0.00    4.5  0.016    0.0  0.000      0      0      0      0      0
11/06/1990  17911     47  11581   6283      0   1322     10   2257     15   1662      0      0      0   0.00   0.00      0   0.00    4.7  0.015    0.0  0.000      0      0      0      0      0
11/07/1990  17389     41  11126   6222      0   1539     15   2396     15   1597      0      0      0   0.00   0.00      0   0.00    4.9  0.015    0.0  0.000      0      0      0      0      0
11/08/1990  16742     36  10644   6062      0   1883     20   2519     15   1570      0      0      0   0.00   0.00      0   0.00    5.1  0.014    0.0  0.000      0      0      0      0      0
11/09/1990  15916     31  10121   5764      0   2270     25   2594     15   1652      0      0      0   0.00   0.00      0   0.00    5.3  0.014    0.0  0.000      0      0      0      0      0
11/10/1990  15041     28   9583   5430      1   2709     29   2654     15   1742      0      0      0   0.00   0.00      0   0.00    5.5  0.013    0.0  0.000      0      0      0      0      0
11/11/1990  14218     26   9088   5104      3   3202     32   2727     15   1771      0      0      0   0.00   0.00      0   0.00    5.6  0.013    0.0  0.000      0      0      0      0      0
11/12/1990  13442     25   8645   4772      6   3766     34   2750     15   1790      0      0      0   0.00   0.00      0   0.00    5.8  0.013    0.0  0.000      0      0      0      0      0
11/13/1990  12666     25   8158   4483     10   4359     35   2746     14   1810      0      0      0   0.00   0.00      0   0.00    5.9  0.012    0.0  0.000      0      0      0      0      0
11/14/1990  11947     25   7601   4321     15   4864     35   2836     12   1727      0      0      0   0.00   0.00      0   0.00    6.0  0.012    0.0  0.000      0      0      0      0      0
11/15/1990  11284     25   6932   4327     20   5363     35   2943     10   1600      0      0      0   0.00   0.00      0   0.00    6.2  0.012    0.0  0.000      0      0      0      0      0
11/16/1990  10761     25   6349   4387     25   5844     34   2986      9   1518      0      0      0   0.00   0.00      0   0.00    6.3  0.011    0.0  0.000      0      0      0      0      0
11/17/1990  10390     25   5908   4457     30   6236     32   2911      9   1563      0      0      0   0.00   0.00      0   0.00    6.5  0.011    0.0  0.000      0      0      0      0      0
11/18/1990  10139     23   5598   4518     35   6536     30   2801      9   1607      0      0      0   0.00   0.00      0   0.00    6.6  0.011    0.0  0.000      0      0      0      0      0
11/19/1990  10017     20   5358   4639     40   6755     28   2733      9   1618      0      0      0   0.00   0.00      0   0.00    6.8  0.011    0.0  0.000      0      0      0      0      0
11/20/1990  10431     17   5130   5284     45   6936     26   2684      8   1463      0      0      0   0.00   0.00      0   0.00    7.0  0.010    0.0  0.000      0      0      0      0      0
11/21/1990  10456     14   4975   5467     50   7075     24   2598      7   1313      0      0      0   0.00   0.00      0   0.00    7.2  0.010    0.0  0.000      0      0      0      0      0
11/22/1990   9848     11   4802   5035     55   7157     22   2624      7   1181      0      0      0   0.00   0.00      0   0.00    7.4  0.010    0.0  0.000      0      0      0      0      0
11/23/1990   9614      7   4674   4933     59   7197     20   2547      8   1173      0      0      0   0.00   0.00      0   0.00    7.6  0.010    0.0  0.000      0      0      0      0      0
11/24/1990   9437      5   4673   4759     61   7231     19   2393      8   1198      0      0      0   0.00   0.00      0   0.00    7.8  0.009    0.0  0.000      0      0      0      0      0
11/25/1990   9993      5   4803   5185     62   7224     19   2242      8   1229      0      0      0   0.00   0.00      0   0.00    7.8  0.009    0.0  0.000      0      0      0      0      0
11/26/1990  10579      6   5025   5548     62   7154     19   2113      7   1141      0      0      0   0.00   0.00      0   0.00    7.7  0.009    0.0  0.000      0      0      0      0      0
11/27/1990  11079     10   5241   5828     61   7187     18   1973      7   1025      0      0      0   0.00   0.00      0   0.00    7.7  0.009    0.0  0.000      0      0      0      0      0
11/28/1990  11574     15   5532   6027     59   7090     18   2008      6    928      0      0      0   0.00   0.00      0   0.00    7.9  0.009    0.0  0.000      0      0      0      0      0
11/29/1990  10924     20   5972   4932     57   6897     17   1941      7   1025      0      0      0   0.00   0.00      0   0.00    8.1  0.009    0.0  0.000      0      0      0      0      0
11/30/1990  10902     25   6516   4361     54   6716     17   1817      7   1122      0      0      0   0.00   0.00      0   0.00    8.3  0.009    0.0  0.000      0      0      0      0      0
12/01/1990  11487     30   7105   4352     51   6521     17   1763      6   1079      0      0      0   0.00   0.00      0   0.00    8.4  0.008    0.0  0.000      0      0      0      0      0
12/02/1990  12078     35   7700   4343     49   6324     17   1768      4    928      0      0      0   0.00   0.00      0   0.00    8.4  0.008    0.0  0.000      0      0      0      0      0
12/03/1990  12040     40   8306   3694     47   6155     16   1710      3    834      0      0      0   0.00   0.00      0   0.00    8.5  0.008    0.0  0.000      0      0      0      0      0
12/04/1990  12034     45   8915   3074     44   5852     15   1701      3    827      0      0      0   0.00   0.00      0   0.00    8.6  0.008    0.0  0.000      0      0      0      0      0
12/05/1990  12544     50   9427   3067     42   5622     13   1671      2    790      0      0      0   0.00   0.00      0   0.00    8.5  0.008    0.0  0.000      0      0      0      0      0
12/06/1990  12433     55   9906   2472     39   5483     12   1616      1    763      0      0      0   0.00   0.00      0   0.00    8.6  0.008    0.0  0.000      0      0      0      0      0
12/07/1990  10842     59  10348    435     37   5359     11   1503      0    722      0      0      0   0.00   0.00      0   0.00    8.5  0.008    0.0  0.000      0      0      0      0      0
12/08/1990  11199     62  10710    427     36   5181      9   1339      0    578      0      0      0   0.00   0.00      0   0.00    8.4  0.008    0.0  0.000      0      0      0      0      0
12/09/1990  11605     65  10944    596     36   4955      6   1300      0    393      0      0      0   0.00   0.00      0   0.00    8.4  0.008    0.0  0.000      0      0      0      0      0
12/10/1990  12109     68  11106    935     35   4669      4   1297      0    269      0      0      0   0.00   0.00      0   0.00    8.4  0.008    0.0  0.000      0      0      0      0      0
12/11/1990  12509     71  11083   1355     33   4552      3   1083      0    373      0      0      0   0.00   0.00      0   0.00    8.4  0.008    0.0  0.000      0      0      0      0      0
12/12/1990  12880     74  10986   1820     31   4469      2    866      0    508      0      0      0   0.00   0.00      0   0.00    8.3  0.008    0.0  0.000      0      0      0      0      0
12/13/1990  13284     77  10962   2245     29   4278      1    776      0    603      0      0      0   0.00   0.00      0   0.00    8.3  0.008    0.0  0.000      0      0      0      0      0
12/14/1990  13675     79  10917   2679     28   4142      0    693      0    541      0      0      0   0.00   0.00      0   0.00    8.2  0.008    0.0  0.000      0      0      0      0      0
12/15/1990  14068     80  10822   3166     26   3993      0    652      0    493      0      0      0   0.00   0.00      0   0.00    8.2  0.008    0.0  0.000      0      0      0      0      0
12/16/1990  14500     81  10695   3724     23   3627      0    801      0    431      0      0      0   0.00   0.00      0   0.00    8.1  0.008    0.0  0.000      0      0      0      0      0
12/17/1990  14800     81  10408   4311     20   3394      0    841      0    516      0      0      0   0.00   0.00      0   0.00    8.0  0.008    0.0  0.000      0      0      0      0      0
12/18/1990  15073     79  10185   4809     18   3237      0    876      1    594      0      0      0   0.00   0.00      0   0.00    7.9  0.008    0.0  0.000      0      0      0      0      0
12/19/1990  15404     77  10026   5301     15   3072      0    859      2    655      0      0      0   0.00   0.00      0   0.00    7.9  0.008    0.0  0.000      0      0      0      0      0
12/20/1990  15797     74   9863   5860     13   2877      0    849      2    534      0      0      0   0.00   0.00      0   0.00    7.8  0.008    0.0  0.000      0      0      0      0      0
12/21/1990  16165     71   9655   6439     11   2718      1    867      1    296      0      0      0   0.00   0.00      0   0.00    7.7  0.008    0.0  0.000      0      0      0      0      0
12/22/1990  16451     68   9363   7020      9   2534      2    973      0     77      0      0      0   0.00   0.00      0   0.00    7.7  0.008    0.0  0.000      0      0      0      0      0
12/23/1990  16692     66   9020   7606      6   2442      2    890      0      0      0      0      0   0.00   0.00      0   0.00    7.6  0.008    0.0  0.000      0      0      0      0      0
12/24/1990  16965     63   8699   8203      4   2315      2    732      0      0      0      0      0   0.00   0.00      0   0.00    7.5  0.008    0.0  0.000      0      0      0      0      0
12/25/1990  17242     59   8380   8803      3   2223      2    534      0     53      0      0      0   0.00   0.00      0   0.00    7.5  0.008    0.0  0.000      0      0      0      0      0
12/26/1990  17443     55   8083   9305      2   2246      2    296      1    182      0      0      0   0.00   0.00      0   0.00    7.4  0.008    0.0  0.000      0      0      0      0      0
12/27/1990  17687     51   7862   9774      1   2207      2     77      2    366      0      0      0   0.00   0.00      0   0.00    7.4  0.008    0.0  0.000      0      0      0      0      0
12/28/1990  17923     48   7584  10291      1   2035      1     53      4    529      0      0      0   0.00   0.00      0   0.00    7.3  0.008    0.0  0.000      0      0      0      0      0
12/29/1990  17980     45   7098  10837      2   1964      1    182      3    495      0      0      0   0.00   0.00      0   0.00    7.3  0.008    0.0  0.000      0      0      0      0      0
12/30/1990  18039     42   6648  11349      2   1891      2    366      3    475      0      0      0   0.00   0.00      0   0.00    7.2  0.008    0.0  0.000      0      0      0      0      0
12/31/1990  18150     39   6235  11876      2   1766      4    582      3    432      0      0      0   0.00   0.00      0   0.00    7.2  0.008    0.0  0.000      0      0      0      0      0
