Varroa Population Simulation - Nov 23,2015  02:36:43 PM
VarroaPop Version 3.2.5.8  June, 2015

                                        Capped  Capped                                                                      Prop           Conc          Conc                                     
            Colony  Adult  Adult         Drone   Wkr    Drone  Wkr    Drone  Wkr  Free   DBrood WBrood DMite  WMite  Mites  Mites  Colony Pollen Colony Nectar   Dead   Dead   Dead   Dead   Dead
     Date   Size   Drones   Wkr   Forgrs Brood  Brood   Larv   Larv    Eggs  Eggs Mites  Mites  Mites  /Cell  /Cell  Dying  Dying  Pollen  Pest  Nectar  Pest    DLarv  WLarv  DAdlt  WAdlt  Forgrs
Initial     10000      0   8400   1600      0      0      0      0      0      0      0      0      0   0.00   0.00      0   0.00    0.0  0.000    0.0  0.000      0      0      0      0      0
08/01/1990   9600      0   8000   1600      0      0      0      0      0    488      0      0      0   0.00   0.00      0   0.00    0.0  0.000    0.0  0.000      0      0      0      0      0
08/02/1990   9200      0   7600   1600      0      0      0      0      0    975      0      0      0   0.00   0.00      0   0.00    0.0  0.000    0.0  0.000      0      0      0      0      0
08/03/1990   8800      0   7200   1600      0      0      0      0      0   1462      0      0      0   0.00   0.00      0   0.00    0.1  0.000    0.0  0.000      0      0      0      0      0
08/04/1990   8400      0   6800   1600      0      0      0    488      0   1464      0      0      0   0.00   0.00      0   0.00    0.1  0.000    0.0  0.000      0      0      0      0      0
08/05/1990   8000      0   6400   1600      0      0      0    975      0   1479      0      0      0   0.00   0.00      0   0.00    0.1  0.000    0.0  0.000      0      0      0      0      0
08/06/1990   7600      0   6000   1600      0      0      0   1462      0   1496      0      0      0   0.00   0.00      0   0.00    0.1  0.000    0.0  0.000      0      0      0      0      0
08/07/1990   7200      0   5600   1600      0      0      0   1952      0   1510      0      0      0   0.00   0.00      0   0.00    0.2  0.000    0.0  0.000      0      0      0      0      0
08/08/1990   6800      0   5200   1600      0      0      0   2454      0   1512      0      0      0   0.00   0.00      0   0.00    0.2  0.000    0.0  0.000      0      0      0      0      0
08/09/1990   6400      0   4800   1600      0    488      0   2470      0   1512      0      0      0   0.00   0.00      0   0.00    0.2  0.000    0.0  0.000      0      0      0      0      0
08/10/1990   6000      0   4400   1600      0    975      0   2487      0   1512      0      0      0   0.00   0.00      0   0.00    0.3  0.000    0.0  0.000      0      0      0      0      0
08/11/1990   5588      0   4000   1588      0   1462      0   2504      0   1512      0      0      0   0.00   0.00      0   0.00    0.3  0.009    0.0  0.000      0      0      0      0     12
08/12/1990   5191      0   3600   1591      0   1952      0   2518      0   1509      0      0      0   0.00   0.00      0   0.00    0.3  0.012    0.0  0.000      0      0      0      0      0
08/13/1990   4794      0   3200   1594      0   2454      0   2520      0   1494      0      0      0   0.00   0.00      0   0.00    0.4  0.012    0.0  0.000      0      0      0      0      0
08/14/1990   4397      0   2800   1597      0   2958      0   2520      0   1454      0      0      0   0.00   0.00      0   0.00    0.4  0.012    0.0  0.000      0      0      0      0      0
08/15/1990   4000      0   2400   1600      0   3462      0   2517      0   1385      0      0      0   0.00   0.00      0   0.00    0.5  0.011    0.0  0.000      0      0      0      0      0
08/16/1990   3600      0   2000   1600      0   3966      0   2502      0   1338      0      0      0   0.00   0.00      0   0.00    0.5  0.010    0.0  0.000      0      0      0      0      0
08/17/1990   3200      0   1600   1600      0   4470      0   2462      0   1324      0      0      0   0.00   0.00      0   0.00    0.6  0.009    0.0  0.000      0      0      0      0      0
08/18/1990   2800      0   1200   1600      0   4974      0   2390      0   1310      0      0      0   0.00   0.00      0   0.00    0.7  0.008    0.0  0.000      0      0      0      0      0
08/19/1990   2400      0    800   1600      0   5478      0   2328      0   1285      0      0      0   0.00   0.00      0   0.00    0.7  0.008    0.0  0.000      0      0      0      0      0
08/20/1990   2000      0    400   1600      0   5979      0   2277      0   1273      0      0      0   0.00   0.00      0   0.00    0.8  0.007    0.0  0.000      0      0      0      0      0
08/21/1990   1600      0      0   1600      0   6468      0   2206      0   1300      0      0      0   0.00   0.00      0   0.00    0.9  0.006    0.0  0.000      0      0      0      0      0
08/22/1990   1688      0    488   1200      0   6444      0   2159      0   1347      0      0      0   0.00   0.00      0   0.00    0.9  0.006    0.0  0.000      0      0      0      0      0
08/23/1990   1775      0    975    800      0   6389      0   2165      0   1300      0      0      0   0.00   0.00      0   0.00    0.9  0.006    0.0  0.000      0      0      0      0      0
08/24/1990   1862      0   1462    400      0   6344      0   2168      0   1119      0      0      0   0.00   0.00      0   0.00    0.9  0.006    0.0  0.000      0      0      0      0      0
08/25/1990   1952      0   1952      0      0   6304      0   2182      0    794      0      0      0   0.00   0.00      0   0.00    0.9  0.006    0.0  0.000      0      0      0      0      0
08/26/1990   2454      0   2454      0      0   6220      0   2155      0    403      0      0      0   0.00   0.00      0   0.00    0.9  0.006    0.0  0.000      0      0      0      0      0
08/27/1990   2958      0   2958      0      0   6133      0   2002      0    139      0      0      0   0.00   0.00      0   0.00    0.9  0.006    0.0  0.000      0      0      0      0      0
08/28/1990   3462      0   3462      0      0   6067      0   1703      0      0      0      0      0   0.00   0.00      0   0.00    0.9  0.006    0.0  0.000      0      0      0      0      0
08/29/1990   3966      0   3966      0      0   6008      0   1258      0      0      0      0      0   0.00   0.00      0   0.00    0.9  0.006    0.0  0.000      0      0      0      0      0
08/30/1990   4470      0   4470      0      0   5968      0    794      0      0      0      0      0   0.00   0.00      0   0.00    0.8  0.006    0.0  0.000      0      0      0      0      0
08/31/1990   4974      0   4974      0      0   5855      0    403      0      0      0      0      0   0.00   0.00      0   0.00    0.8  0.006    0.0  0.000      0      0      0      0      0
09/01/1990   5478      0   5478      0      0   5615      0    139      0      0      0      0      0   0.00   0.00      0   0.00    0.8  0.006    0.0  0.000      0      0      0      0      0
09/02/1990   5979      0   5979      0      0   5253      0      0      0      0      0      0      0   0.00   0.00      0   0.00    0.7  0.006    0.0  0.000      0      0      0      0      0
09/03/1990   6468      0   6468      0      0   4764      0      0      0      0      0      0      0   0.00   0.00      0   0.00    0.7  0.006    0.0  0.000      0      0      0      0      0
09/04/1990   6932      0   6932      0      0   4300      0      0      0      0      0      0      0   0.00   0.00      0   0.00    0.7  0.006    0.0  0.000      0      0      0      0      0
09/05/1990   7364      0   7364      0      0   3868      0      0      0      0      0      0      0   0.00   0.00      0   0.00    0.6  0.006    0.0  0.000      0      0      0      0      0
09/06/1990   7806      0   7806      0      0   3426      0      0      0      0      0      0      0   0.00   0.00      0   0.00    0.6  0.006    0.0  0.000      0      0      0      0      0
09/07/1990   8256      0   8256      0      0   2976      0      0      0      0      0      0      0   0.00   0.00      0   0.00    0.5  0.006    0.0  0.000      0      0      0      0      0
09/08/1990   8674      0   8674      0      0   2558      0      0      0      0      0      0      0   0.00   0.00      0   0.00    0.5  0.006    0.0  0.000      0      0      0      0      0
09/09/1990   9091      0   9091      0      0   2141      0      0      0      0      0      0      0   0.00   0.00      0   0.00    0.4  0.005    0.0  0.000      0      0      0      0      0
09/10/1990   9529      0   9529      0      0   1703      0      0      0      0      0      0      0   0.00   0.00      0   0.00    0.3  0.005    0.0  0.000      0      0      0      0      0
09/11/1990   9974      0   9974      0      0   1258      0      0      0      0      0      0      0   0.00   0.00      0   0.00    0.3  0.005    0.0  0.000      0      0      0      0      0
09/12/1990  10438      0   9950    488      0    794      0      0      0      0      0      0      0   0.00   0.00      0   0.00    0.2  0.005    0.0  0.000      0      0      0      0      0
09/13/1990  10829      0   9854    975      0    403      0      0      0    192      0      0      0   0.00   0.00      0   0.00    0.2  0.004    0.0  0.000      0      0      0      0      0
09/14/1990  11093      0   9631   1462      0    139      0      0      0    498      0      0      0   0.00   0.00      0   0.00    0.2  0.004    0.0  0.000      0      0      0      0      0
09/15/1990  11232      0   9280   1952      0      0      0      0      0    900      0      0      0   0.00   0.00      0   0.00    0.2  0.004    0.0  0.000      0      0      0      0      0
09/16/1990  10744      0   8778   1966      0      0      0    192      0   1190      0      0      0   0.00   0.00      0   0.00    0.2  0.004    0.0  0.000      0      0      0      0      0
09/17/1990  10257      0   8274   1983      0      0      0    498      0   1379      0      0      0   0.00   0.00      0   0.00    0.3  0.003    0.0  0.000      0      0      0      0      0
09/18/1990   9770      0   7770   2000      0      0      0    900      0   1465      0      0      0   0.00   0.00      0   0.00    0.3  0.003    0.0  0.000      0      0      0      0      0
09/19/1990   9280      0   7266   2014      0      0      0   1382      0   1467      0      0      0   0.00   0.00      0   0.00    0.3  0.002    0.0  0.000      0      0      0      0      0
09/20/1990   8778      0   6762   2016      0      0      0   1877      0   1487      0      0      0   0.00   0.00      0   0.00    0.4  0.002    0.0  0.000      0      0      0      0      0
09/21/1990   8274      0   6258   2016      0    192      0   2173      0   1518      0      0      0   0.00   0.00      0   0.00    0.4  0.002    0.0  0.000      0      0      0      0      0
09/22/1990   7770      0   5754   2016      0    498      0   2351      0   1522      0      0      0   0.00   0.00      0   0.00    0.5  0.002    0.0  0.000      0      0      0      0      0
09/23/1990   7266      0   5253   2013      0    900      0   2464      0   1466      0      0      0   0.00   0.00      0   0.00    0.5  0.002    0.0  0.000      0      0      0      0      0
09/24/1990   6762      0   4764   1998      0   1382      0   2501      0   1432      0      0      0   0.00   0.00      0   0.00    0.6  0.001    0.0  0.000      0      0      0      0      0
09/25/1990   6258      0   4300   1958      0   1877      0   2494      0   1422      0      0      0   0.00   0.00      0   0.00    0.6  0.001    0.0  0.000      0      0      0      0      0
09/26/1990   5754      0   3868   1886      0   2365      0   2465      0   1434      0      0      0   0.00   0.00      0   0.00    0.7  0.001    0.0  0.000      0      0      0      0      0
09/27/1990   5253      0   3426   1827      0   2849      0   2466      0   1411      0      0      0   0.00   0.00      0   0.00    0.7  0.001    0.0  0.000      0      0      0      0      0
09/28/1990   4764      0   2976   1788      0   3364      0   2429      0   1397      0      0      0   0.00   0.00      0   0.00    0.8  0.001    0.0  0.000      0      0      0      0      0
09/29/1990   4300      0   2558   1742      0   3883      0   2381      0   1404      0      0      0   0.00   0.00      0   0.00    0.8  0.001    0.0  0.000      0      0      0      0      0
09/30/1990   3868      0   2141   1727      0   4371      0   2355      0   1426      0      0      0   0.00   0.00      0   0.00    0.9  0.001    0.0  0.000      0      0      0      0      0
10/01/1990   3426      0   1703   1723      0   4830      0   2360      0   1447      0      0      0   0.00   0.00      0   0.00    1.0  0.001    0.0  0.000      0      0      0      0      0
10/02/1990   2976      0   1258   1718      0   5315      0   2353      0   1422      0      0      0   0.00   0.00      0   0.00    1.0  0.001    0.0  0.000      0      0      0      0      0
10/03/1990   2558      0    794   1764      0   5793      0   2359      0   1393      0      0      0   0.00   0.00      0   0.00    1.1  0.001    0.0  0.000      0      0      0      0      0
10/04/1990   2333      0    595   1738      0   6072      0   2373      0   1410      0      0      0   0.00   0.00      0   0.00    1.2  0.001    0.0  0.000      0      0      0      0      0
10/05/1990   2201      0    637   1564      0   6228      0   2364      0   1415      0      0      0   0.00   0.00      0   0.00    1.2  0.001    0.0  0.000      0      0      0      0      0
10/06/1990   2158      0    900   1258      0   6290      0   2355      0   1351      0      0      0   0.00   0.00      0   0.00    1.3  0.001    0.0  0.000      0      0      0      0      0
10/07/1990   2176      0   1382    794      0   6286      0   2379      0   1160      0      0      0   0.00   0.00      0   0.00    1.3  0.001    0.0  0.000      0      0      0      0      0
10/08/1990   2280      0   1877    403      0   6275      0   2353      0    930      0      0      0   0.00   0.00      0   0.00    1.3  0.001    0.0  0.000      0      0      0      0      0
10/09/1990   2504      0   2365    139      0   6272      0   2259      0    680      0      0      0   0.00   0.00      0   0.00    1.3  0.001    0.0  0.000      0      0      0      0      0
10/10/1990   2849      0   2849      0      0   6241      0   2117      0    421      0      0      0   0.00   0.00      0   0.00    1.3  0.001    0.0  0.000      0      0      0      0      0
10/11/1990   3364      0   3364      0      0   6181      0   1890      0    193      0      0      0   0.00   0.00      0   0.00    1.3  0.001    0.0  0.000      0      0      0      0      0
10/12/1990   3883      0   3883      0      0   6164      0   1529      0     52      0      0      0   0.00   0.00      0   0.00    1.2  0.001    0.0  0.000      0      0      0      0      0
10/13/1990   4371      0   4371      0      0   6134      0   1123      0      0      0      0      0   0.00   0.00      0   0.00    1.2  0.001    0.0  0.000      0      0      0      0      0
10/14/1990   4830      0   4830      0      0   6066      0    732      0      0      0      0      0   0.00   0.00      0   0.00    1.2  0.001    0.0  0.000      0      0      0      0      0
10/15/1990   5315      0   5315      0      0   5892      0    421      0      0      0      0      0   0.00   0.00      0   0.00    1.2  0.001    0.0  0.000      0      0      0      0      0
10/16/1990   5793      0   5793      0      0   5642      0    193      0      0      0      0      0   0.00   0.00      0   0.00    1.1  0.001    0.0  0.000      0      0      0      0      0
10/17/1990   6264      0   6264      0      0   5312      0     52      0      0      0      0      0   0.00   0.00      0   0.00    1.1  0.001    0.0  0.000      0      0      0      0      0
10/18/1990   6726      0   6726      0      0   4902      0      0      0      0      0      0      0   0.00   0.00      0   0.00    1.1  0.001    0.0  0.000      0      0      0      0      0
10/19/1990   7190      0   7190      0      0   4438      0      0      0      0      0      0      0   0.00   0.00      0   0.00    1.0  0.001    0.0  0.000      0      0      0      0      0
10/20/1990   7668      0   7668      0      0   3960      0      0      0      0      0      0      0   0.00   0.00      0   0.00    1.0  0.001    0.0  0.000      0      0      0      0      0
10/21/1990   8152      0   8152      0      0   3476      0      0      0      0      0      0      0   0.00   0.00      0   0.00    0.9  0.001    0.0  0.000      0      0      0      0      0
10/22/1990   8637      0   8637      0      0   2991      0      0      0      0      0      0      0   0.00   0.00      0   0.00    0.8  0.001    0.0  0.000      0      0      0      0      0
10/23/1990   9090      0   9090      0      0   2538      0      0      0      0      0      0      0   0.00   0.00      0   0.00    0.8  0.001    0.0  0.000      0      0      0      0      0
10/24/1990   9545      0   9545      0      0   2083      0      0      0      0      0      0      0   0.00   0.00      0   0.00    0.7  0.001    0.0  0.000      0      0      0      0      0
10/25/1990  10047      0   9855    192      0   1581      0      0      0      0      0      0      0   0.00   0.00      0   0.00    0.7  0.001    0.0  0.000      0      0      0      0      0
10/26/1990  10505      0  10007    498      0   1123      0      0      0     67      0      0      0   0.00   0.00      0   0.00    0.6  0.001    0.0  0.000      0      0      0      0      0
10/27/1990  10896      0   9996    900      0    732      0      0      0    228      0      0      0   0.00   0.00      0   0.00    0.6  0.001    0.0  0.000      0      0      0      0      0
10/28/1990  11207      0   9825   1382      0    421      0      0      0    474      0      0      0   0.00   0.00      0   0.00    0.6  0.001    0.0  0.000      0      0      0      0      0
10/29/1990  11243      0   9558   1685      0    193      0     67      0    735      0      0      0   0.00   0.00      0   0.00    0.6  0.001    0.0  0.000      0      0      0      0      0
10/30/1990  11078      0   9211   1867      0     52      0    228      0    919      0      0      0   0.00   0.00      0   0.00    0.6  0.001    0.0  0.000      0      0      0      0      0
10/31/1990  10728      0   8779   1949      0      0      0    474      0   1025      0      0      0   0.00   0.00      0   0.00    0.6  0.001    0.0  0.000      0      0      0      0      0
11/01/1990  10242      0   8264   1978      0      0      0    802      0    992      0      0      0   0.00   0.00      0   0.00    0.7  0.001    0.0  0.000      0      0      0      0      0
11/02/1990   9744      0   7745   1999      0      0      0   1147      0    924      0      0      0   0.00   0.00      0   0.00    0.7  0.001    0.0  0.000      0      0      0      0      0
11/03/1990   9254      0   7257   1997      0     67      0   1432      0    867      0      0      0   0.00   0.00      0   0.00    0.7  0.000    0.0  0.000      0      0      0      0      0
11/04/1990   8769      0   6798   1971      0    228      0   1566      0    899      0      0      0   0.00   0.00      0   0.00    0.8  0.000    0.0  0.000      0      0      0      0      0
11/05/1990   8254      0   6313   1941      0    474      0   1597      0    956      0      0      0   0.00   0.00      0   0.00    0.8  0.000    0.0  0.000      0      0      0      0      0
11/06/1990   7735      0   5835   1900      0    802      0   1564      0    938      0      0      0   0.00   0.00      0   0.00    0.9  0.000    0.0  0.000      0      0      0      0      0
11/07/1990   7247      0   5364   1883      0   1147      0   1546      0    881      0      0      0   0.00   0.00      0   0.00    0.9  0.000    0.0  0.000      0      0      0      0      0
11/08/1990   6788      0   4902   1886      0   1499      0   1528      0    853      0      0      0   0.00   0.00      0   0.00    0.9  0.000    0.0  0.000      0      0      0      0      0
11/09/1990   6303      0   4438   1865      0   1794      0   1510      0    897      0      0      0   0.00   0.00      0   0.00    1.0  0.000    0.0  0.000      0      0      0      0      0
11/10/1990   5825      0   3960   1865      0   2071      0   1503      0    954      0      0      0   0.00   0.00      0   0.00    1.0  0.000    0.0  0.000      0      0      0      0      0
11/11/1990   5354      0   3476   1878      0   2366      0   1514      0    988      0      0      0   0.00   0.00      0   0.00    1.1  0.000    0.0  0.000      0      0      0      0      0
11/12/1990   4892      0   2991   1901      0   2693      0   1508      0   1024      0      0      0   0.00   0.00      0   0.00    1.2  0.000    0.0  0.000      0      0      0      0      0
11/13/1990   4428      0   2538   1890      0   3027      0   1501      0   1070      0      0      0   0.00   0.00      0   0.00    1.2  0.000    0.0  0.000      0      0      0      0      0
11/14/1990   3950      0   2083   1867      0   3304      0   1564      0   1052      0      0      0   0.00   0.00      0   0.00    1.3  0.000    0.0  0.000      0      0      0      0      0
11/15/1990   3466      0   1581   1885      0   3574      0   1651      0    998      0      0      0   0.00   0.00      0   0.00    1.4  0.000    0.0  0.000      0      0      0      0      0
11/16/1990   3048      0   1190   1858      0   3813      0   1718      0    961      0      0      0   0.00   0.00      0   0.00    1.4  0.000    0.0  0.000      0      0      0      0      0
11/17/1990   2756      0    960   1796      0   3973      0   1719      0    989      0      0      0   0.00   0.00      0   0.00    1.5  0.000    0.0  0.000      0      0      0      0      0
11/18/1990   2547      0    895   1652      0   4054      0   1695      0   1004      0      0      0   0.00   0.00      0   0.00    1.6  0.000    0.0  0.000      0      0      0      0      0
11/19/1990   2373      0    995   1378      0   4066      0   1691      0    977      0      0      0   0.00   0.00      0   0.00    1.6  0.000    0.0  0.000      0      0      0      0      0
11/20/1990   2714      0   1199   1515      0   4078      0   1684      0    829      0      0      0   0.00   0.00      0   0.00    1.7  0.000    0.0  0.000      0      0      0      0      0
11/21/1990   2609      0   1499   1110      0   4099      0   1629      0    699      0      0      0   0.00   0.00      0   0.00    1.7  0.000    0.0  0.000      0      0      0      0      0
11/22/1990   2208      0   1794    414      0   4126      0   1616      0    553      0      0      0   0.00   0.00      0   0.00    1.7  0.000    0.0  0.000      0      0      0      0      0
11/23/1990   2259      0   2071    188      0   4152      0   1515      0    427      0      0      0   0.00   0.00      0   0.00    1.7  0.000    0.0  0.000      0      0      0      0      0
11/24/1990   2415      0   2366     49      0   4193      0   1367      0    277      0      0      0   0.00   0.00      0   0.00    1.7  0.000    0.0  0.000      0      0      0      0      0
11/25/1990   2741      0   2693     48      0   4216      0   1180      0    125      0      0      0   0.00   0.00      0   0.00    1.7  0.000    0.0  0.000      0      0      0      0      0
11/26/1990   3074      0   3027     47      0   4200      0    938      0     56      0      0      0   0.00   0.00      0   0.00    1.7  0.000    0.0  0.000      0      0      0      0      0
11/27/1990   3350      0   3304     46      0   4232      0    667      0     24      0      0      0   0.00   0.00      0   0.00    1.7  0.000    0.0  0.000      0      0      0      0      0
11/28/1990   3619      0   3574     45      0   4164      0    476      0     20      0      0      0   0.00   0.00      0   0.00    1.7  0.000    0.0  0.000      0      0      0      0      0
11/29/1990   3880      0   3880      0      0   4046      0    295      0     21      0      0      0   0.00   0.00      0   0.00    1.6  0.000    0.0  0.000      0      0      0      0      0
11/30/1990   4201      0   4201      0      0   3888      0    138      0     15      0      0      0   0.00   0.00      0   0.00    1.6  0.000    0.0  0.000      0      0      0      0      0
12/01/1990   4528      0   4528      0      0   3637      0     69      0      8      0      0      0   0.00   0.00      0   0.00    1.6  0.000    0.0  0.000      0      0      0      0      0
12/02/1990   4868      0   4868      0      0   3335      0     39      0      0      0      0      0   0.00   0.00      0   0.00    1.6  0.000    0.0  0.000      0      0      0      0      0
12/03/1990   5225      0   5225      0      0   2989      0     28      0      0      0      0      0   0.00   0.00      0   0.00    1.5  0.000    0.0  0.000      0      0      0      0      0
12/04/1990   5598      0   5598      0      0   2623      0     21      0      0      0      0      0   0.00   0.00      0   0.00    1.5  0.000    0.0  0.000      0      0      0      0      0
12/05/1990   5920      0   5920      0      0   2307      0     15      0      0      0      0      0   0.00   0.00      0   0.00    1.4  0.000    0.0  0.000      0      0      0      0      0
12/06/1990   6223      0   6223      0      0   2011      0      8      0      0      0      0      0   0.00   0.00      0   0.00    1.4  0.000    0.0  0.000      0      0      0      0      0
12/07/1990   6558      0   6492     66      0   1683      0      0      0      0      0      0      0   0.00   0.00      0   0.00    1.4  0.000    0.0  0.000      0      0      0      0      0
12/08/1990   6906      0   6681    225      0   1333      0      0      0     11      0      0      0   0.00   0.00      0   0.00    1.3  0.000    0.0  0.000      0      0      0      0      0
12/09/1990   7221      0   6753    468      0   1015      0      0      0     52      0      0      0   0.00   0.00      0   0.00    1.3  0.000    0.0  0.000      0      0      0      0      0
12/10/1990   7526      0   6734    792      0    706      0      0      0    154      0      0      0   0.00   0.00      0   0.00    1.3  0.000    0.0  0.000      0      0      0      0      0
12/11/1990   7661      0   6591   1070      0    504      0     11      0    298      0      0      0   0.00   0.00      0   0.00    1.3  0.000    0.0  0.000      0      0      0      0      0
12/12/1990   7845      0   6427   1418      0    316      0     52      0    433      0      0      0   0.00   0.00      0   0.00    1.3  0.000    0.0  0.000      0      0      0      0      0
12/13/1990   8004      0   6295   1709      0    153      0    154      0    518      0      0      0   0.00   0.00      0   0.00    1.3  0.000    0.0  0.000      0      0      0      0      0
12/14/1990   8076      0   6094   1982      0     77      0    309      0    459      0      0      0   0.00   0.00      0   0.00    1.2  0.000    0.0  0.000      0      0      0      0      0
12/15/1990   8110      0   5837   2273      0     39      0    485      0    417      0      0      0   0.00   0.00      0   0.00    1.2  0.000    0.0  0.000      0      0      0      0      0
12/16/1990   8116      0   5521   2595      0     39      0    661      0    361      0      0      0   0.00   0.00      0   0.00    1.2  0.000    0.0  0.000      0      0      0      0      0
12/17/1990   8118      0   5194   2924      0     73      0    716      0    429      0      0      0   0.00   0.00      0   0.00    1.1  0.000    0.0  0.000      0      0      0      0      0
12/18/1990   8119      0   4923   3196      0    169      0    748      0    491      0      0      0   0.00   0.00      0   0.00    1.1  0.000    0.0  0.000      0      0      0      0      0
12/19/1990   8121      0   4660   3461      0    317      0    724      0    539      0      0      0   0.00   0.00      0   0.00    1.1  0.000    0.0  0.000      0      0      0      0      0
12/20/1990   8124      0   4362   3762      0    485      0    712      0    437      0      0      0   0.00   0.00      0   0.00    1.0  0.000    0.0  0.000      0      0      0      0      0
12/21/1990   8118      0   4041   4077      0    672      0    721      0    241      0      0      0   0.00   0.00      0   0.00    1.0  0.000    0.0  0.000      0      0      0      0      0
12/22/1990   8112      0   3714   4398      0    768      0    804      0     62      0      0      0   0.00   0.00      0   0.00    1.0  0.000    0.0  0.000      0      0      0      0      0
12/23/1990   8106      0   3374   4732      0    902      0    732      0      0      0      0      0   0.00   0.00      0   0.00    0.9  0.000    0.0  0.000      0      0      0      0      0
12/24/1990   8100      0   3017   5083      0   1033      0    601      0      0      0      0      0   0.00   0.00      0   0.00    0.9  0.000    0.0  0.000      0      0      0      0      0
12/25/1990   8094      0   2644   5450      0   1197      0    437      0     43      0      0      0   0.00   0.00      0   0.00    0.9  0.000    0.0  0.000      0      0      0      0      0
12/26/1990   8087      0   2322   5765      0   1393      0    241      0    149      0      0      0   0.00   0.00      0   0.00    0.9  0.000    0.0  0.000      0      0      0      0      0
12/27/1990   8080      0   2019   6061      0   1572      0     62      0    300      0      0      0   0.00   0.00      0   0.00    0.8  0.000    0.0  0.000      0      0      0      0      0
12/28/1990   8073      0   1683   6390      0   1634      0     43      1    435      0      0      0   0.00   0.00      0   0.00    0.8  0.000    0.0  0.000      0      0      0      0      0
12/29/1990   8077      0   1344   6733      0   1623      0    149      1    408      0      0      0   0.00   0.00      0   0.00    0.8  0.000    0.0  0.000      0      0      0      0      0
12/30/1990   8110      0   1067   7043      0   1582      0    300      1    393      0      0      0   0.00   0.00      0   0.00    0.8  0.000    0.0  0.000      0      0      0      0      0
12/31/1990   8204      0    860   7344      0   1480      1    478      0    359      0      0      0   0.00   0.00      0   0.00    0.8  0.000    0.0  0.000      0      0      0      0      0
