Varroa Population Simulation - Nov 24,2015  04:09:50 PM
VarroaPop Version 3.2.5.8  June, 2015

                                        Capped  Capped                                                                      Prop           Conc          Conc                                     
            Colony  Adult  Adult         Drone   Wkr    Drone  Wkr    Drone  Wkr  Free   DBrood WBrood DMite  WMite  Mites  Mites  Colony Pollen Colony Nectar   Dead   Dead   Dead   Dead   Dead
     Date   Size   Drones   Wkr   Forgrs Brood  Brood   Larv   Larv    Eggs  Eggs Mites  Mites  Mites  /Cell  /Cell  Dying  Dying  Pollen  Pest  Nectar  Pest    DLarv  WLarv  DAdlt  WAdlt  Forgrs
Initial     10000      0   7770   2230      0      0      0      0      0      0      0      0      0   0.00   0.00      0   0.00    0.0  0.000    0.0  0.000      0      0      0      0      0
05/01/1990   9630      0   7400   2230      0      0      0      0      0    315      0      0      0   0.00   0.00      0   0.00    0.1  0.000    0.0  0.000      0      0      0      0      0
05/02/1990   9260      0   7030   2230      0      0      0      0      0    654      0      0      0   0.00   0.00      0   0.00    0.1  0.000    0.0  0.000      0      0      0      0      0
05/03/1990   8890      0   6660   2230      0      0      0      0      0   1023      0      0      0   0.00   0.00      0   0.00    0.2  0.000    0.0  0.000      0      0      0      0      0
05/04/1990   8520      0   6290   2230      0      0      0    315      0   1091      0      0      0   0.00   0.00      0   0.00    0.2  0.000    0.0  0.000      0      0      0      0      0
05/05/1990   8150      0   5920   2230      0      0      0    654      0   1143      0      0      0   0.00   0.00      0   0.00    0.3  0.000    0.0  0.000      0      0      0      0      0
05/06/1990   7770      0   5550   2220      0      0      0   1023      0   1157      0      0      0   0.00   0.00      0   0.00    0.3  0.000    0.0  0.000      0      0      0      0      0
05/07/1990   7400      0   5180   2220      0      0      0   1406      0   1130      0      0      0   0.00   0.00      0   0.00    0.4  0.000    0.0  0.000      0      0      0      0      0
05/08/1990   7030      0   4810   2220      0      0      0   1797      0   1089      0      0      0   0.00   0.00      0   0.00    0.5  0.000    0.0  0.000      0      0      0      0      0
05/09/1990   6660      0   4440   2220      0    315      0   1865      0   1029      0      0      0   0.00   0.00      0   0.00    0.5  0.000    0.0  0.000      0      0      0      0      0
05/10/1990   6290      0   4070   2220      0    654      0   1882      0    951      0      0      0   0.00   0.00      0   0.00    0.6  0.000    0.0  0.000      0      0      0      0      0
05/11/1990   5920      0   3700   2220      0   1023      0   1863      0    907      0      0      0   0.00   0.00      0   0.00    0.6  0.000    0.0  0.000      0      0      0      0      0
05/12/1990   5550      0   3330   2220      0   1406      0   1803      0    902      0      0      0   0.00   0.00      0   0.00    0.7  0.000    0.0  0.000      0      0      0      0      0
05/13/1990   5180      0   2960   2220      0   1797      0   1690      0    947      0      0      0   0.00   0.00      0   0.00    0.8  0.000    0.0  0.000      0      0      0      0      0
05/14/1990   4810      0   2590   2220      0   2180      0   1613      0    964      0      0      0   0.00   0.00      0   0.00    0.9  0.000    0.0  0.000      0      0      0      0      0
05/15/1990   4440      0   2220   2220      0   2536      0   1575      0    955      0      0      0   0.00   0.00      0   0.00    1.0  0.000    0.0  0.000      0      0      0      0      0
05/16/1990   4070      0   1850   2220      0   2886      0   1548      0    978      0      0      0   0.00   0.00      0   0.00    1.0  0.000    0.0  0.000      0      0      0      0      0
05/17/1990   3700      0   1480   2220      0   3209      0   1548      0    978      0      0      0   0.00   0.00      0   0.00    1.1  0.000    0.0  0.000      0      0      0      0      0
05/18/1990   3330      0   1110   2220      0   3487      0   1579      0    958      0      0      0   0.00   0.00      0   0.00    1.2  0.000    0.0  0.000      0      0      0      0      0
05/19/1990   2960      0    740   2220      0   3793      0   1619      0    893      0      0      0   0.00   0.00      0   0.00    1.3  0.000    0.0  0.000      0      0      0      0      0
05/20/1990   2590      0    370   2220      0   4111      0   1624      0    889      0      0      0   0.00   0.00      0   0.00    1.4  0.000    0.0  0.000      0      0      0      0      0
05/21/1990   2220      0      0   2220      0   4434      0   1590      0    934      0      0      0   0.00   0.00      0   0.00    1.5  0.000    0.0  0.000      0      0      0      0      0
05/22/1990   2165      0    315   1850      0   4442      0   1548      0    994      0      0      0   0.00   0.00      0   0.00    1.6  0.000    0.0  0.000      0      0      0      0      0
05/23/1990   2504      0    654   1850      0   4412      0   1558      0    928      0      0      0   0.00   0.00      0   0.00    1.6  0.000    0.0  0.000      0      0      0      0      0
05/24/1990   2503      0   1023   1480      0   4389      0   1546      0    844      0      0      0   0.00   0.00      0   0.00    1.6  0.000    0.0  0.000      0      0      0      0      0
05/25/1990   2516      0   1406   1110      0   4329      0   1564      0    747      0      0      0   0.00   0.00      0   0.00    1.7  0.000    0.0  0.000      0      0      0      0      0
05/26/1990   2537      0   1797    740      0   4227      0   1528      0    699      0      0      0   0.00   0.00      0   0.00    1.7  0.000    0.0  0.000      0      0      0      0      0
05/27/1990   2920      0   2180    740      0   4125      0   1497      0    582      0      0      0   0.00   0.00      0   0.00    1.7  0.000    0.0  0.000      0      0      0      0      0
05/28/1990   3276      0   2536    740      0   4088      0   1422      0    469      0      0      0   0.00   0.00      0   0.00    1.7  0.000    0.0  0.000      0      0      0      0      0
05/29/1990   3256      0   2886    370      0   4072      0   1293      0    405      0      0      0   0.00   0.00      0   0.00    1.7  0.000    0.0  0.000      0      0      0      0      0
05/30/1990   3209      0   3209      0      0   4090      0   1085      0    353      0      0      0   0.00   0.00      0   0.00    1.7  0.000    0.0  0.000      0      0      0      0      0
05/31/1990   3487      0   3487      0      0   4065      0    963      0    222      0      0      0   0.00   0.00      0   0.00    1.6  0.000    0.0  0.000      0      0      0      0      0
06/01/1990   3793      0   3793      0      0   4009      0    854      0     81      0      0      0   0.00   0.00      0   0.00    1.6  0.000    0.0  0.000      0      0      0      0      0
06/02/1990   4111      0   4111      0      0   3935      0    691      0      0      0      0      0   0.00   0.00      0   0.00    1.6  0.000    0.0  0.000      0      0      0      0      0
06/03/1990   4434      0   4434      0      0   3817      0    486      0      0      0      0      0   0.00   0.00      0   0.00    1.6  0.000    0.0  0.000      0      0      0      0      0
06/04/1990   4757      0   4757      0      0   3627      0    353      0      0      0      0      0   0.00   0.00      0   0.00    1.5  0.000    0.0  0.000      0      0      0      0      0
06/05/1990   5066      0   5066      0      0   3449      0    222      0      0      0      0      0   0.00   0.00      0   0.00    1.5  0.000    0.0  0.000      0      0      0      0      0
06/06/1990   5412      0   5412      0      0   3244      0     81      0      0      0      0      0   0.00   0.00      0   0.00    1.5  0.000    0.0  0.000      0      0      0      0      0
06/07/1990   5735      0   5735      0      0   3002      0      0      0      0      0      0      0   0.00   0.00      0   0.00    1.4  0.000    0.0  0.000      0      0      0      0      0
06/08/1990   6024      0   6024      0      0   2713      0      0      0      0      0      0      0   0.00   0.00      0   0.00    1.4  0.000    0.0  0.000      0      0      0      0      0
06/09/1990   6305      0   6305      0      0   2432      0      0      0      0      0      0      0   0.00   0.00      0   0.00    1.3  0.000    0.0  0.000      0      0      0      0      0
06/10/1990   6624      0   6624      0      0   2113      0      0      0      0      0      0      0   0.00   0.00      0   0.00    1.3  0.000    0.0  0.000      0      0      0      0      0
06/11/1990   6958      0   6958      0      0   1779      0      0      0      0      0      0      0   0.00   0.00      0   0.00    1.3  0.000    0.0  0.000      0      0      0      0      0
06/12/1990   7299      0   6984    315      0   1438      0      0      0      0      0      0      0   0.00   0.00      0   0.00    1.2  0.000    0.0  0.000      0      0      0      0      0
06/13/1990   7552      0   6898    654      0   1185      0      0      0     76      0      0      0   0.00   0.00      0   0.00    1.2  0.000    0.0  0.000      0      0      0      0      0
06/14/1990   7802      0   6779   1023      0    935      0      0      0    211      0      0      0   0.00   0.00      0   0.00    1.2  0.000    0.0  0.000      0      0      0      0      0
06/15/1990   8046      0   6640   1406      0    691      0      0      0    407      0      0      0   0.00   0.00      0   0.00    1.2  0.000    0.0  0.000      0      0      0      0      0
06/16/1990   8251      0   6454   1797      0    486      0     76      0    593      0      0      0   0.00   0.00      0   0.00    1.3  0.000    0.0  0.000      0      0      0      0      0
06/17/1990   8384      0   6204   2180      0    353      0    211      0    782      0      0      0   0.00   0.00      0   0.00    1.3  0.000    0.0  0.000      0      0      0      0      0
06/18/1990   8200      0   5979   2221      0    222      0    407      0    934      0      0      0   0.00   0.00      0   0.00    1.4  0.000    0.0  0.000      0      0      0      0      0
06/19/1990   8002      0   5770   2232      0     81      0    669      0   1051      0      0      0   0.00   0.00      0   0.00    1.4  0.000    0.0  0.000      0      0      0      0      0
06/20/1990   7714      0   5528   2186      0      0      0    993      0   1136      0      0      0   0.00   0.00      0   0.00    1.5  0.000    0.0  0.000      0      0      0      0      0
06/21/1990   7331      0   5250   2081      0     76      0   1265      0   1193      0      0      0   0.00   0.00      0   0.00    1.5  0.000    0.0  0.000      0      0      0      0      0
06/22/1990   6940      0   4944   1996      0    211      0   1509      0   1182      0      0      0   0.00   0.00      0   0.00    1.6  0.000    0.0  0.000      0      0      0      0      0
06/23/1990   6557      0   4626   1931      0    407      0   1722      0   1130      0      0      0   0.00   0.00      0   0.00    1.7  0.000    0.0  0.000      0      0      0      0      0
06/24/1990   6201      0   4303   1898      0    669      0   1865      0   1082      0      0      0   0.00   0.00      0   0.00    1.7  0.000    0.0  0.000      0      0      0      0      0
06/25/1990   5851      0   3980   1871      0    993      0   1909      0   1066      0      0      0   0.00   0.00      0   0.00    1.8  0.000    0.0  0.000      0      0      0      0      0
06/26/1990   5528      0   3671   1857      0   1341      0   1918      0   1062      0      0      0   0.00   0.00      0   0.00    1.8  0.000    0.0  0.000      0      0      0      0      0
06/27/1990   5250      0   3325   1925      0   1720      0   1896      0   1050      0      0      0   0.00   0.00      0   0.00    1.9  0.000    0.0  0.000      0      0      0      0      0
06/28/1990   4944      0   3002   1942      0   2129      0   1839      0   1045      0      0      0   0.00   0.00      0   0.00    1.9  0.000    0.0  0.000      0      0      0      0      0
06/29/1990   4626      0   2713   1913      0   2534      0   1787      0   1060      0      0      0   0.00   0.00      0   0.00    2.0  0.000    0.0  0.000      0      0      0      0      0
06/30/1990   4303      0   2432   1871      0   2902      0   1764      0   1082      0      0      0   0.00   0.00      0   0.00    2.1  0.000    0.0  0.000      0      0      0      0      0
07/01/1990   3980      0   2113   1867      0   3259      0   1754      0   1095      0      0      0   0.00   0.00      0   0.00    2.1  0.000    0.0  0.000      0      0      0      0      0
07/02/1990   3671      0   1779   1892      0   3616      0   1765      0   1072      0      0      0   0.00   0.00      0   0.00    2.2  0.000    0.0  0.000      0      0      0      0      0
07/03/1990   3325      0   1438   1887      0   3968      0   1780      0   1050      0      0      0   0.00   0.00      0   0.00    2.3  0.000    0.0  0.000      0      0      0      0      0
07/04/1990   3078      0   1261   1817      0   4245      0   1787      0   1023      0      0      0   0.00   0.00      0   0.00    2.3  0.000    0.0  0.000      0      0      0      0      0
07/05/1990   2924      0   1146   1778      0   4455      0   1787      0   1007      0      0      0   0.00   0.00      0   0.00    2.4  0.000    0.0  0.000      0      0      0      0      0
07/06/1990   2839      0   1098   1741      0   4606      0   1785      0    988      0      0      0   0.00   0.00      0   0.00    2.5  0.000    0.0  0.000      0      0      0      0      0
07/07/1990   2782      0   1155   1627      0   4712      0   1750      0    987      0      0      0   0.00   0.00      0   0.00    2.5  0.000    0.0  0.000      0      0      0      0      0
07/08/1990   2772      0   1346   1426      0   4755      0   1712      0    979      0      0      0   0.00   0.00      0   0.00    2.6  0.000    0.0  0.000      0      0      0      0      0
07/09/1990   2779      0   1563   1216      0   4767      0   1678      0    951      0      0      0   0.00   0.00      0   0.00    2.6  0.000    0.0  0.000      0      0      0      0      0
07/10/1990   2905      0   1801   1104      0   4733      0   1665      0    896      0      0      0   0.00   0.00      0   0.00    2.7  0.000    0.0  0.000      0      0      0      0      0
07/11/1990   3064      0   2129    935      0   4669      0   1641      0    837      0      0      0   0.00   0.00      0   0.00    2.7  0.000    0.0  0.000      0      0      0      0      0
07/12/1990   3225      0   2534    691      0   4597      0   1606      0    772      0      0      0   0.00   0.00      0   0.00    2.7  0.000    0.0  0.000      0      0      0      0      0
07/13/1990   3388      0   2902    486      0   4558      0   1554      0    681      0      0      0   0.00   0.00      0   0.00    2.7  0.000    0.0  0.000      0      0      0      0      0
07/14/1990   3612      0   3259    353      0   4527      0   1490      0    559      0      0      0   0.00   0.00      0   0.00    2.7  0.000    0.0  0.000      0      0      0      0      0
07/15/1990   3838      0   3616    222      0   4502      0   1391      0    433      0      0      0   0.00   0.00      0   0.00    2.7  0.000    0.0  0.000      0      0      0      0      0
07/16/1990   4049      0   3968     81      0   4471      0   1256      0    315      0      0      0   0.00   0.00      0   0.00    2.7  0.000    0.0  0.000      0      0      0      0      0
07/17/1990   4321      0   4321      0      0   4416      0   1098      0    201      0      0      0   0.00   0.00      0   0.00    2.7  0.000    0.0  0.000      0      0      0      0      0
07/18/1990   4666      0   4666      0      0   4348      0    928      0     94      0      0      0   0.00   0.00      0   0.00    2.6  0.000    0.0  0.000      0      0      0      0      0
07/19/1990   5013      0   5013      0      0   4263      0    734      0     26      0      0      0   0.00   0.00      0   0.00    2.6  0.000    0.0  0.000      0      0      0      0      0
07/20/1990   5381      0   5381      0      0   4128      0    527      0      0      0      0      0   0.00   0.00      0   0.00    2.6  0.000    0.0  0.000      0      0      0      0      0
07/21/1990   5748      0   5748      0      0   3947      0    341      0      0      0      0      0   0.00   0.00      0   0.00    2.5  0.000    0.0  0.000      0      0      0      0      0
07/22/1990   6108      0   6108      0      0   3727      0    201      0      0      0      0      0   0.00   0.00      0   0.00    2.5  0.000    0.0  0.000      0      0      0      0      0
07/23/1990   6453      0   6453      0      0   3489      0     94      0      0      0      0      0   0.00   0.00      0   0.00    2.5  0.000    0.0  0.000      0      0      0      0      0
07/24/1990   6798      0   6798      0      0   3212      0     26      0      0      0      0      0   0.00   0.00      0   0.00    2.4  0.000    0.0  0.000      0      0      0      0      0
07/25/1990   7131      0   7055     76      0   2905      0      0      0      0      0      0      0   0.00   0.00      0   0.00    2.4  0.000    0.0  0.000      0      0      0      0      0
07/26/1990   7460      0   7249    211      0   2576      0      0      0     23      0      0      0   0.00   0.00      0   0.00    2.3  0.000    0.0  0.000      0      0      0      0      0
07/27/1990   7786      0   7379    407      0   2250      0      0      0     87      0      0      0   0.00   0.00      0   0.00    2.3  0.000    0.0  0.000      0      0      0      0      0
07/28/1990   8118      0   7449    669      0   1918      0      0      0    205      0      0      0   0.00   0.00      0   0.00    2.3  0.000    0.0  0.000      0      0      0      0      0
07/29/1990   8439      0   7446    993      0   1597      0     23      0    358      0      0      0   0.00   0.00      0   0.00    2.3  0.000    0.0  0.000      0      0      0      0      0
07/30/1990   8737      0   7396   1341      0   1299      0     87      0    532      0      0      0   0.00   0.00      0   0.00    2.3  0.000    0.0  0.000      0      0      0      0      0
07/31/1990   8938      0   7294   1644      0   1022      0    205      0    706      0      0      0   0.00   0.00      0   0.00    2.3  0.000    0.0  0.000      0      0      0      0      0
08/01/1990   9065      0   7147   1918      0    760      0    381      0    863      0      0      0   0.00   0.00      0   0.00    2.3  0.000    0.0  0.000      0      0      0      0      0
08/02/1990   9102      0   6975   2127      0    527      0    619      0    991      0      0      0   0.00   0.00      0   0.00    2.4  0.000    0.0  0.000      0      0      0      0      0
08/03/1990   9026      0   6793   2233      0    364      0    888      0   1089      0      0      0   0.00   0.00      0   0.00    2.4  0.000    0.0  0.000      0      0      0      0      0
08/04/1990   8842      0   6576   2266      0    288      0   1157      0   1158      0      0      0   0.00   0.00      0   0.00    2.5  0.000    0.0  0.000      0      0      0      0      0
08/05/1990   8601      0   6326   2275      0    299      0   1405      0   1208      0      0      0   0.00   0.00      0   0.00    2.6  0.000    0.0  0.000      0      0      0      0      0
08/06/1990   8290      0   6042   2248      0    407      0   1619      0   1237      0      0      0   0.00   0.00      0   0.00    2.6  0.000    0.0  0.000      0      0      0      0      0
08/07/1990   7907      0   5715   2192      0    619      0   1783      0   1250      0      0      0   0.00   0.00      0   0.00    2.7  0.000    0.0  0.000      0      0      0      0      0
08/08/1990   7502      0   5370   2132      0    911      0   1907      0   1243      0      0      0   0.00   0.00      0   0.00    2.7  0.000    0.0  0.000      0      0      0      0      0
08/09/1990   7134      0   5023   2111      0   1244      0   1993      0   1227      0      0      0   0.00   0.00      0   0.00    2.8  0.000    0.0  0.000      0      0      0      0      0
08/10/1990   6777      0   4655   2122      0   1610      0   2042      0   1213      0      0      0   0.00   0.00      0   0.00    2.8  0.000    0.0  0.000      0      0      0      0      0
08/11/1990   6420      0   4288   2132      0   2000      0   2061      0   1206      0      0      0   0.00   0.00      0   0.00    2.9  0.000    0.0  0.000      0      0      0      0      0
08/12/1990   6068      0   3928   2140      0   2402      0   2062      0   1205      0      0      0   0.00   0.00      0   0.00    3.0  0.000    0.0  0.000      0      0      0      0      0
08/13/1990   5715      0   3583   2132      0   2818      0   2047      0   1198      0      0      0   0.00   0.00      0   0.00    3.0  0.000    0.0  0.000      0      0      0      0      0
08/14/1990   5370      0   3238   2132      0   3237      0   2030      0   1168      0      0      0   0.00   0.00      0   0.00    3.1  0.000    0.0  0.000      0      0      0      0      0
08/15/1990   5023      0   2905   2118      0   3652      0   2017      0   1111      0      0      0   0.00   0.00      0   0.00    3.2  0.000    0.0  0.000      0      0      0      0      0
08/16/1990   4678      0   2599   2079      0   4038      0   2002      0   1068      0      0      0   0.00   0.00      0   0.00    3.2  0.000    0.0  0.000      0      0      0      0      0
08/17/1990   4375      0   2337   2038      0   4377      0   1971      0   1050      0      0      0   0.00   0.00      0   0.00    3.3  0.000    0.0  0.000      0      0      0      0      0
08/18/1990   4133      0   2123   2010      0   4660      0   1915      0   1030      0      0      0   0.00   0.00      0   0.00    3.4  0.000    0.0  0.000      0      0      0      0      0
08/19/1990    806      0    800      6      0   4886      0   1535      0   1000      0      0      0   0.00   0.00      0   0.00    3.5  0.087    0.0  0.000      0    329      0   1170   1976
08/20/1990    988      0    982      6      0   4849      0   1668      0    647      0      0      0   0.00   0.00      0   0.00    3.5  0.087    0.0  0.000      0     20      0      6     49
08/21/1990   1227      0   1219      8      0   4823      0   1727      0    323      0      0      0   0.00   0.00      0   0.00    3.4  0.087    0.0  0.000      0      0      0      5     47
08/22/1990   1511      0   1498     13      0   4842      0   1696      0      4      0      0      0   0.00   0.00      0   0.00    3.4  0.087    0.0  0.000      0      0      0      4     44
08/23/1990   1836      0   1814     22      0   4821      0   1352      0      7      0      0      0   0.00   0.00      0   0.00    3.4  0.087    0.0  0.000      0      0      0      0     40
08/24/1990   2191      0   2154     37      0   4782      0   1002      0     11      0      0      0   0.00   0.00      0   0.00    3.4  0.087    0.0  0.000      0      0      0      0     34
08/25/1990   2564      0   2506     58      0   4734      0    650      0     18      0      0      0   0.00   0.00      0   0.00    3.4  0.087    0.0  0.000      0      0      0      0     28
08/26/1990   2958      0   2872     86      0   4643      0    329      0     30      0      0      0   0.00   0.00      0   0.00    3.4  0.087    0.0  0.000      0      0      0      0     21
08/27/1990   3374      0   3241    133      0   4545      0     13      0     49      0      0      0   0.00   0.00      0   0.00    3.4  0.087    0.0  0.000      0      0      0      0      0
08/28/1990   3783      0   3606    177      0   4131      0     21      0     79      0      0      0   0.00   0.00      0   0.00    3.4  0.087    0.0  0.000      0      0      0      0      0
08/29/1990   4182      0   3965    217      0   3723      0     36      0    115      0      0      0   0.00   0.00      0   0.00    3.4  0.087    0.0  0.000      0      0      0      0      0
08/30/1990   4569      0   4318    251      0   3322      0     58      0    152      0      0      0   0.00   0.00      0   0.00    3.4  0.087    0.0  0.000      0      0      0      0      0
08/31/1990   4948      0   4717    231      0   2925      0     93      0    181      0      0      0   0.00   0.00      0   0.00    3.3  0.087    0.0  0.000      0      0      0      0      0
09/01/1990   5321      0   5117    204      0   2528      0    140      0    195      0      0      0   0.00   0.00      0   0.00    3.3  0.087    0.0  0.000      0      0      0      0      0
09/02/1990   5522      0   5316    206      0   2336      0    192      0    193      0      0      0   0.00   0.00      0   0.00    3.3  0.087    0.0  0.000      0      0      0      0      0
09/03/1990   5738      0   5580    158      0   2086      0    244      0    184      0      0      0   0.00   0.00      0   0.00    3.3  0.087    0.0  0.000      0      0      0      0      0
09/04/1990   6040      0   5930    110      0   1758      0    286      0    163      0      0      0   0.00   0.00      0   0.00    3.2  0.087    0.0  0.000      0      0      0      0      0
09/05/1990   6335      0   6273     62      0   1452      0    306      0    137      0      0      0   0.00   0.00      0   0.00    3.2  0.087    0.0  0.000      0      0      0      0      0
09/06/1990   6636      0   6622     14      0   1153      0    313      0     97      0      0      0   0.00   0.00      0   0.00    3.1  0.087    0.0  0.000      0      0      0      0      0
09/07/1990   6988      0   6916     72      0    860      0    297      0     56      0      0      0   0.00   0.00      0   0.00    3.1  0.087    0.0  0.000      0      0      0      0      0
09/08/1990   7309      0   7181    128      0    603      0    262      0     45      0      0      0   0.00   0.00      0   0.00    3.0  0.087    0.0  0.000      0      0      0      0      0
09/09/1990   7628      0   7386    242      0    348      0    215      0     64      0      0      0   0.00   0.00      0   0.00    3.0  0.087    0.0  0.000      0      0      0      0      0
09/10/1990   7627      0   7155    472      0    406      0    160      0    132      0      0      0   0.00   0.00      0   0.00    3.0  0.087    0.0  0.000      0      0      0      0      0
09/11/1990   7626      0   6869    757      0    464      0    123      0    235      0      0      0   0.00   0.00      0   0.00    3.0  0.087    0.0  0.000      0      0      0      0      0
09/12/1990   7626      0   6542   1084      0    507      0    116      0    378      0      0      0   0.00   0.00      0   0.00    3.0  0.087    0.0  0.000      0      0      0      0      0
09/13/1990   7570      0   6180   1390      0    536      0    155      0    542      0      0      0   0.00   0.00      0   0.00    3.0  0.086    0.0  0.000      0      0      0      0      0
09/14/1990   7515      0   5795   1720      0    550      0    261      0    677      0      0      0   0.00   0.00      0   0.00    3.0  0.085    0.0  0.000      0      0      0      0      0
09/15/1990   7408      0   5402   2006      0    545      0    438      0    792      0      0      0   0.00   0.00      0   0.00    3.1  0.084    0.0  0.000      0      0      0      0      0
09/16/1990   7192      0   5002   2190      0    551      0    652      0    882      0      0      0   0.00   0.00      0   0.00    3.1  0.082    0.0  0.000      0      0      0      0      0
09/17/1990   6929      0   4607   2322      0    565      0    874      0    973      0      0      0   0.00   0.00      0   0.00    3.2  0.081    0.0  0.000      0      0      0      0      0
09/18/1990   6639      0   4231   2408      0    598      0   1098      0   1033      0      0      0   0.00   0.00      0   0.00    3.3  0.079    0.0  0.000      0      0      0      0      0
09/19/1990   6325      0   3874   2451      0    671      0   1299      0   1065      0      0      0   0.00   0.00      0   0.00    3.4  0.077    0.0  0.000      0      0      0      0      0
09/20/1990   5996      0   3532   2464      0    791      0   1469      0   1097      0      0      0   0.00   0.00      0   0.00    3.4  0.075    0.0  0.000      0      0      0      0      0
09/21/1990   5662      0   3199   2463      0    959      0   1589      0   1127      0      0      0   0.00   0.00      0   0.00    3.5  0.073    0.0  0.000      0      0      0      0      0
09/22/1990   5312      0   2863   2449      0   1153      0   1687      0   1132      0      0      0   0.00   0.00      0   0.00    3.6  0.071    0.0  0.000      0      0      0      0      0
09/23/1990   4952      0   2721   2231      0   1390      0   1774      0   1090      0      0      0   0.00   0.00      0   0.00    3.7  0.070    0.0  0.000      0      0      0      0      0
09/24/1990   4596      0   2514   2082      0   1657      0   1834      0   1046      0      0      0   0.00   0.00      0   0.00    3.8  0.069    0.0  0.000      0      0      0      0      0
09/25/1990   4232      0   2207   2025      0   1963      0   1846      0   1008      0      0      0   0.00   0.00      0   0.00    3.8  0.067    0.0  0.000      0      0      0      0      0
09/26/1990   3862      0   1895   1967      0   2286      0   1831      0    986      0      0      0   0.00   0.00      0   0.00    3.9  0.066    0.0  0.000      0      0      0      0      0
09/27/1990   3480      0   1563   1917      0   2625      0   1815      0    958      0      0      0   0.00   0.00      0   0.00    4.0  0.065    0.0  0.000      0      0      0      0      0
09/28/1990   3082      0   1213   1869      0   3004      0   1757      0    950      0      0      0   0.00   0.00      0   0.00    4.1  0.063    0.0  0.000      0      0      0      0      0
09/29/1990   2903      0    910   1993      0   3368      0   1690      0    957      0      0      0   0.00   0.00      0   0.00    4.1  0.062    0.0  0.000      0      0      0      0      0
09/30/1990   2675      0    627   2048      0   3693      0   1641      0    991      0      0      0   0.00   0.00      0   0.00    4.2  0.061    0.0  0.000      0      0      0      0      0
10/01/1990   2395      0    698   1697      0   3962      0   1617      0   1031      0      0      0   0.00   0.00      0   0.00    4.3  0.060    0.0  0.000      0      0      0      0      0
10/02/1990   2175      0    822   1353      0   4179      0   1601      0   1002      0      0      0   0.00   0.00      0   0.00    4.3  0.059    0.0  0.000      0      0      0      0      0
10/03/1990   2005      0   1001   1004      0   4323      0   1624      0    912      0      0      0   0.00   0.00      0   0.00    4.4  0.059    0.0  0.000      0      0      0      0      0
10/04/1990   1887      0   1233    654      0   4406      0   1662      0    781      0      0      0   0.00   0.00      0   0.00    4.4  0.058    0.0  0.000      0      0      0      0      0
10/05/1990   1822      0   1488    334      0   4460      0   1645      0    635      0      0      0   0.00   0.00      0   0.00    4.4  0.058    0.0  0.000      0      0      0      0      0
10/06/1990   1797      0   1775     22      0   4481      0   1586      0    456      0      0      0   0.00   0.00      0   0.00    4.4  0.058    0.0  0.000      0      0      0      0      0
10/07/1990   2122      0   2085     37      0   4481      0   1486      0    235      0      0      0   0.00   0.00      0   0.00    4.4  0.058    0.0  0.000      0      0      0      0      0
10/08/1990   2472      0   2412     60      0   4478      0   1289      0     93      0      0      0   0.00   0.00      0   0.00    4.4  0.058    0.0  0.000      0      0      0      0      0
10/09/1990   2826      0   2729     97      0   4479      0   1011      0     29      0      0      0   0.00   0.00      0   0.00    4.4  0.058    0.0  0.000      0      0      0      0      0
10/10/1990   3180      0   3035    145      0   4418      0    719      0     48      0      0      0   0.00   0.00      0   0.00    4.3  0.058    0.0  0.000      0      0      0      0      0
10/11/1990   3558      0   3357    201      0   4293      0    470      0     75      0      0      0   0.00   0.00      0   0.00    4.3  0.058    0.0  0.000      0      0      0      0      0
10/12/1990   3935      0   3675    260      0   4133      0    259      0    109      0      0      0   0.00   0.00      0   0.00    4.3  0.058    0.0  0.000      0      0      0      0      0
10/13/1990   4282      0   3972    310      0   3921      0    132      0    147      0      0      0   0.00   0.00      0   0.00    4.3  0.058    0.0  0.000      0      0      0      0      0
10/14/1990   4599      0   4254    345      0   3659      0     89      0    184      0      0      0   0.00   0.00      0   0.00    4.3  0.058    0.0  0.000      0      0      0      0      0
10/15/1990   4902      0   4537    365      0   3322      0    133      0    216      0      0      0   0.00   0.00      0   0.00    4.3  0.058    0.0  0.000      0      0      0      0      0
10/16/1990   5175      0   4817    358      0   3006      0    186      0    238      0      0      0   0.00   0.00      0   0.00    4.3  0.058    0.0  0.000      0      0      0      0      0
10/17/1990   5433      0   5103    330      0   2702      0    244      0    247      0      0      0   0.00   0.00      0   0.00    4.3  0.058    0.0  0.000      0      0      0      0      0
10/18/1990   5679      0   5398    281      0   2412      0    301      0    244      0      0      0   0.00   0.00      0   0.00    4.3  0.058    0.0  0.000      0      0      0      0      0
10/19/1990   5930      0   5711    219      0   2131      0    349      0    220      0      0      0   0.00   0.00      0   0.00    4.2  0.058    0.0  0.000      0      0      0      0      0
10/20/1990   6197      0   6015    182      0   1854      0    382      0    182      0      0      0   0.00   0.00      0   0.00    4.2  0.058    0.0  0.000      0      0      0      0      0
10/21/1990   6486      0   6325    161      0   1568      0    398      0    144      0      0      0   0.00   0.00      0   0.00    4.2  0.058    0.0  0.000      0      0      0      0      0
10/22/1990   6798      0   6610    188      0   1284      0    385      0    120      0      0      0   0.00   0.00      0   0.00    4.1  0.058    0.0  0.000      0      0      0      0      0
10/23/1990   7062      0   6782    280      0   1068      0    348      0    119      0      0      0   0.00   0.00      0   0.00    4.1  0.058    0.0  0.000      0      0      0      0      0
10/24/1990   7301      0   6859    442      0    894      0    304      0    145      0      0      0   0.00   0.00      0   0.00    4.1  0.058    0.0  0.000      0      0      0      0      0
10/25/1990   7523      0   6849    674      0    750      0    258      0    208      0      0      0   0.00   0.00      0   0.00    4.0  0.058    0.0  0.000      0      0      0      0      0
10/26/1990   7652      0   6740    912      0    677      0    223      0    295      0      0      0   0.00   0.00      0   0.00    4.0  0.058    0.0  0.000      0      0      0      0      0
10/27/1990   7693      0   6523   1170      0    658      0    229      0    399      0      0      0   0.00   0.00      0   0.00    4.0  0.058    0.0  0.000      0      0      0      0      0
10/28/1990   7626      0   6202   1424      0    697      0    284      0    496      0      0      0   0.00   0.00      0   0.00    4.1  0.058    0.0  0.000      0      0      0      0      0
10/29/1990   7510      0   5860   1650      0    728      0    374      0    586      0      0      0   0.00   0.00      0   0.00    4.1  0.057    0.0  0.000      0      0      0      0      0
10/30/1990   7344      0   5519   1825      0    749      0    508      0    640      0      0      0   0.00   0.00      0   0.00    4.1  0.057    0.0  0.000      0      0      0      0      0
10/31/1990   7132      0   5185   1947      0    768      0    661      0    672      0      0      0   0.00   0.00      0   0.00    4.2  0.056    0.0  0.000      0      0      0      0      0
11/01/1990   6902      0   4838   2064      0    798      0    815      0    646      0      0      0   0.00   0.00      0   0.00    4.2  0.055    0.0  0.000      0      0      0      0      0
11/02/1990   6650      0   4501   2149      0    848      0    940      0    609      0      0      0   0.00   0.00      0   0.00    4.3  0.055    0.0  0.000      0      0      0      0      0
11/03/1990   6382      0   4200   2182      0    916      0   1038      0    584      0      0      0   0.00   0.00      0   0.00    4.4  0.054    0.0  0.000      0      0      0      0      0
11/04/1990   6101      0   3932   2169      0   1013      0   1062      0    616      0      0      0   0.00   0.00      0   0.00    4.4  0.053    0.0  0.000      0      0      0      0      0
11/05/1990   5824      0   3671   2153      0   1128      0   1053      0    661      0      0      0   0.00   0.00      0   0.00    4.5  0.052    0.0  0.000      0      0      0      0      0
11/06/1990   5549      0   3430   2119      0   1264      0   1036      0    652      0      0      0   0.00   0.00      0   0.00    4.6  0.051    0.0  0.000      0      0      0      0      0
11/07/1990   5248      0   3193   2055      0   1406      0   1038      0    615      0      0      0   0.00   0.00      0   0.00    4.6  0.051    0.0  0.000      0      0      0      0      0
11/08/1990   4940      0   2957   1983      0   1556      0   1042      0    594      0      0      0   0.00   0.00      0   0.00    4.7  0.050    0.0  0.000      0      0      0      0      0
11/09/1990   4637      0   2700   1937      0   1690      0   1042      0    617      0      0      0   0.00   0.00      0   0.00    4.8  0.049    0.0  0.000      0      0      0      0      0
11/10/1990   4340      0   2418   1922      0   1833      0   1044      0    647      0      0      0   0.00   0.00      0   0.00    4.8  0.049    0.0  0.000      0      0      0      0      0
11/11/1990   4038      0   2110   1928      0   1996      0   1052      0    662      0      0      0   0.00   0.00      0   0.00    4.9  0.048    0.0  0.000      0      0      0      0      0
11/12/1990   3749      0   1789   1960      0   2186      0   1043      0    683      0      0      0   0.00   0.00      0   0.00    5.0  0.047    0.0  0.000      0      0      0      0      0
11/13/1990   3473      0   1535   1938      0   2375      0   1030      0    713      0      0      0   0.00   0.00      0   0.00    5.1  0.046    0.0  0.000      0      0      0      0      0
11/14/1990   3225      0   1343   1882      0   2503      0   1062      0    701      0      0      0   0.00   0.00      0   0.00    5.1  0.046    0.0  0.000      0      0      0      0      0
11/15/1990   3007      0   1216   1791      0   2593      0   1111      0    662      0      0      0   0.00   0.00      0   0.00    5.2  0.045    0.0  0.000      0      0      0      0      0
11/16/1990   2811      0   1195   1616      0   2674      0   1149      0    626      0      0      0   0.00   0.00      0   0.00    5.3  0.045    0.0  0.000      0      0      0      0      0
11/17/1990   2633      0   1286   1347      0   2721      0   1146      0    621      0      0      0   0.00   0.00      0   0.00    5.3  0.044    0.0  0.000      0      0      0      0      0
11/18/1990   2472      0   1477    995      0   2744      0   1126      0    595      0      0      0   0.00   0.00      0   0.00    5.4  0.044    0.0  0.000      0      0      0      0      0
11/19/1990   2395      0   1688    707      0   2750      0   1113      0    524      0      0      0   0.00   0.00      0   0.00    5.4  0.044    0.0  0.000      0      0      0      0      0
11/20/1990   2613      0   1897    716      0   2764      0   1084      0    396      0      0      0   0.00   0.00      0   0.00    5.4  0.044    0.0  0.000      0      0      0      0      0
11/21/1990   2584      0   2101    483      0   2785      0   1008      0    295      0      0      0   0.00   0.00      0   0.00    5.4  0.043    0.0  0.000      0      0      0      0      0
11/22/1990   2408      0   2259    149      0   2805      0    936      0    209      0      0      0   0.00   0.00      0   0.00    5.4  0.043    0.0  0.000      0      0      0      0      0
11/23/1990   2517      0   2397    120      0   2817      0    818      0    147      0      0      0   0.00   0.00      0   0.00    5.4  0.043    0.0  0.000      0      0      0      0      0
11/24/1990   2714      0   2538    176      0   2827      0    677      0     91      0      0      0   0.00   0.00      0   0.00    5.4  0.043    0.0  0.000      0      0      0      0      0
11/25/1990   2934      0   2691    243      0   2810      0    524      0     61      0      0      0   0.00   0.00      0   0.00    5.4  0.043    0.0  0.000      0      0      0      0      0
11/26/1990   3160      0   2842    318      0   2751      0    370      0     65      0      0      0   0.00   0.00      0   0.00    5.4  0.043    0.0  0.000      0      0      0      0      0
11/27/1990   3348      0   2952    396      0   2699      0    244      0     76      0      0      0   0.00   0.00      0   0.00    5.3  0.043    0.0  0.000      0      0      0      0      0
11/28/1990   3532      0   3059    473      0   2591      0    189      0     88      0      0      0   0.00   0.00      0   0.00    5.3  0.043    0.0  0.000      0      0      0      0      0
11/29/1990   3730      0   3192    538      0   2452      0    140      0    117      0      0      0   0.00   0.00      0   0.00    5.3  0.043    0.0  0.000      0      0      0      0      0
11/30/1990   3925      0   3349    576      0   2291      0    111      0    150      0      0      0   0.00   0.00      0   0.00    5.3  0.043    0.0  0.000      0      0      0      0      0
12/01/1990   4138      0   3524    614      0   2091      0    130      0    164      0      0      0   0.00   0.00      0   0.00    5.3  0.043    0.0  0.000      0      0      0      0      0
12/02/1990   4358      0   3710    648      0   1881      0    166      0    158      0      0      0   0.00   0.00      0   0.00    5.3  0.043    0.0  0.000      0      0      0      0      0
12/03/1990   4565      0   3912    653      0   1669      0    200      0    153      0      0      0   0.00   0.00      0   0.00    5.3  0.043    0.0  0.000      0      0      0      0      0
12/04/1990   4770      0   4118    652      0   1443      0    229      0    162      0      0      0   0.00   0.00      0   0.00    5.3  0.043    0.0  0.000      0      0      0      0      0
12/05/1990   4978      0   4266    712      0   1256      0    248      0    166      0      0      0   0.00   0.00      0   0.00    5.3  0.043    0.0  0.000      0      0      0      0      0
12/06/1990   4883      0   4366    517      0   1095      0    265      0    175      0      0      0   0.00   0.00      0   0.00    5.3  0.043    0.0  0.000      0      0      0      0      0
12/07/1990   4946      0   4449    497      0    934      0    274      0    167      0      0      0   0.00   0.00      0   0.00    5.3  0.043    0.0  0.000      0      0      0      0      0
12/08/1990   5057      0   4488    569      0    785      0    264      0    168      0      0      0   0.00   0.00      0   0.00    5.3  0.043    0.0  0.000      0      0      0      0      0
12/09/1990   5186      0   4465    721      0    664      0    276      0    164      0      0      0   0.00   0.00      0   0.00    5.3  0.043    0.0  0.000      0      0      0      0      0
12/10/1990   5226      0   4387    839      0    568      0    283      0    205      0      0      0   0.00   0.00      0   0.00    5.3  0.043    0.0  0.000      0      0      0      0      0
12/11/1990   5263      0   4244   1019      0    542      0    279      0    259      0      0      0   0.00   0.00      0   0.00    5.3  0.043    0.0  0.000      0      0      0      0      0
12/12/1990   5329      0   4088   1241      0    531      0    278      0    309      0      0      0   0.00   0.00      0   0.00    5.3  0.043    0.0  0.000      0      0      0      0      0
12/13/1990   5379      0   3950   1429      0    525      0    322      0    326      0      0      0   0.00   0.00      0   0.00    5.3  0.043    0.0  0.000      0      0      0      0      0
12/14/1990   5392      0   3782   1610      0    570      0    363      0    276      0      0      0   0.00   0.00      0   0.00    5.3  0.043    0.0  0.000      0      0      0      0      0
12/15/1990   5402      0   3595   1807      0    607      0    420      0    242      0      0      0   0.00   0.00      0   0.00    5.3  0.043    0.0  0.000      0      0      0      0      0
12/16/1990   5422      0   3395   2027      0    632      0    480      0    205      0      0      0   0.00   0.00      0   0.00    5.2  0.043    0.0  0.000      0      0      0      0      0
12/17/1990   5439      0   3186   2253      0    669      0    475      0    241      0      0      0   0.00   0.00      0   0.00    5.2  0.043    0.0  0.000      0      0      0      0      0
12/18/1990   5460      0   3019   2441      0    736      0    457      0    275      0      0      0   0.00   0.00      0   0.00    5.2  0.043    0.0  0.000      0      0      0      0      0
12/19/1990   5491      0   2868   2623      0    803      0    426      0    301      0      0      0   0.00   0.00      0   0.00    5.2  0.043    0.0  0.000      0      0      0      0      0
12/20/1990   5536      0   2709   2827      0    861      0    407      0    244      0      0      0   0.00   0.00      0   0.00    5.1  0.043    0.0  0.000      0      0      0      0      0
12/21/1990   5589      0   2552   3037      0    912      0    406      0    134      0      0      0   0.00   0.00      0   0.00    5.1  0.043    0.0  0.000      0      0      0      0      0
12/22/1990   5634      0   2385   3249      0    915      0    451      0     34      0      0      0   0.00   0.00      0   0.00    5.1  0.043    0.0  0.000      0      0      0      0      0
12/23/1990   5673      0   2205   3468      0    945      0    409      0      0      0      0      0   0.00   0.00      0   0.00    5.1  0.043    0.0  0.000      0      0      0      0      0
12/24/1990   5721      0   2022   3699      0    964      0    335      0      0      0      0      0   0.00   0.00      0   0.00    5.1  0.043    0.0  0.000      0      0      0      0      0
12/25/1990   5775      0   1834   3941      0    994      0    244      0     23      0      0      0   0.00   0.00      0   0.00    5.1  0.043    0.0  0.000      0      0      0      0      0
12/26/1990   5817      0   1670   4147      0   1054      0    134      0     81      0      0      0   0.00   0.00      0   0.00    5.1  0.043    0.0  0.000      0      0      0      0      0
12/27/1990   5873      0   1535   4338      0   1090      0     34      0    165      0      0      0   0.00   0.00      0   0.00    5.0  0.043    0.0  0.000      0      0      0      0      0
12/28/1990   5918      0   1375   4543      0   1071      0     23      0    241      0      0      0   0.00   0.00      0   0.00    5.0  0.043    0.0  0.000      0      0      0      0      0
12/29/1990   5961      0   1217   4744      0   1020      0     81      0    226      0      0      0   0.00   0.00      0   0.00    5.0  0.043    0.0  0.000      0      0      0      0      0
12/30/1990   6013      0   1104   4909      0    960      0    165      0    217      0      0      0   0.00   0.00      0   0.00    5.0  0.043    0.0  0.000      0      0      0      0      0
12/31/1990   6099      0   1056   5043      0    866      0    264      0    197      0      0      0   0.00   0.00      0   0.00    5.0  0.043    0.0  0.000      0      0      0      0      0
