Varroa Population Simulation - Nov 24,2015  04:10:32 PM
VarroaPop Version 3.2.5.8  June, 2015

                                        Capped  Capped                                                                      Prop           Conc          Conc                                     
            Colony  Adult  Adult         Drone   Wkr    Drone  Wkr    Drone  Wkr  Free   DBrood WBrood DMite  WMite  Mites  Mites  Colony Pollen Colony Nectar   Dead   Dead   Dead   Dead   Dead
     Date   Size   Drones   Wkr   Forgrs Brood  Brood   Larv   Larv    Eggs  Eggs Mites  Mites  Mites  /Cell  /Cell  Dying  Dying  Pollen  Pest  Nectar  Pest    DLarv  WLarv  DAdlt  WAdlt  Forgrs
Initial     10000      0   5985   4015      0      0      0      0      0      0      0      0      0   0.00   0.00      0   0.00    0.0  0.000    0.0  0.000      0      0      0      0      0
05/01/1990   9715      0   5700   4015      0      0      0      0      2    430      0      0      0   0.00   0.00      0   0.00    0.1  0.000    0.0  0.000      0      0      0      0      0
05/02/1990   9430      0   5415   4015      0      0      0      0      4    894      0      0      0   0.00   0.00      0   0.00    0.3  0.000    0.0  0.000      0      0      0      0      0
05/03/1990   9145      0   5130   4015      0      0      0      0      7   1398      0      0      0   0.00   0.00      0   0.00    0.4  0.000    0.0  0.000      0      0      0      0      0
05/04/1990   8860      0   4845   4015      0      0      2    430      8   1493      0      0      0   0.00   0.00      0   0.00    0.6  0.000    0.0  0.000      0      0      0      0      0
05/05/1990   8575      0   4560   4015      0      0      4    894      9   1565      0      0      0   0.00   0.00      0   0.00    0.7  0.000    0.0  0.000      0      0      0      0      0
05/06/1990   8290      0   4275   4015      0      0      7   1398      9   1586      0      0      0   0.00   0.00      0   0.00    0.9  0.000    0.0  0.000      0      0      0      0      0
05/07/1990   8005      0   3990   4015      0      0     10   1923      8   1548      0      0      0   0.00   0.00      0   0.00    1.0  0.000    0.0  0.000      0      0      0      0      0
05/08/1990   7720      0   3705   4015      0      0     13   2459      7   1493      0      0      0   0.00   0.00      0   0.00    1.2  0.000    0.0  0.000      0      0      0      0      0
05/09/1990   7435      0   3420   4015      0    430     16   2554      6   1411      0      0      0   0.00   0.00      0   0.00    1.3  0.000    0.0  0.000      0      0      0      0      0
05/10/1990   7150      0   3135   4015      0    894     18   2577      6   1305      0      0      0   0.00   0.00      0   0.00    1.5  0.000    0.0  0.000      0      0      0      0      0
05/11/1990   6865      0   2850   4015      2   1398     18   2554      6   1245      0      0      0   0.00   0.00      0   0.00    1.6  0.000    0.0  0.000      0      0      0      0      0
05/12/1990   6580      0   2565   4015      4   1923     18   2472      6   1238      0      0      0   0.00   0.00      0   0.00    1.8  0.000    0.0  0.000      0      0      0      0      0
05/13/1990   6295      0   2280   4015      7   2459     17   2317      6   1300      0      0      0   0.00   0.00      0   0.00    1.9  0.000    0.0  0.000      0      0      0      0      0
05/14/1990   5985      0   1995   3990     10   2984     16   2213      6   1321      0      0      0   0.00   0.00      0   0.00    2.1  0.000    0.0  0.000      0      0      0      0      0
05/15/1990   5700      0   1710   3990     13   3471     15   2162      6   1308      0      0      0   0.00   0.00      0   0.00    2.3  0.000    0.0  0.000      0      0      0      0      0
05/16/1990   5415      0   1425   3990     16   3952     14   2124      6   1339      0      0      0   0.00   0.00      0   0.00    2.4  0.000    0.0  0.000      0      0      0      0      0
05/17/1990   5130      0   1140   3990     18   4395     14   2123      6   1339      0      0      0   0.00   0.00      0   0.00    2.6  0.000    0.0  0.000      0      0      0      0      0
05/18/1990   4845      0    855   3990     20   4776     14   2165      6   1312      0      0      0   0.00   0.00      0   0.00    2.8  0.000    0.0  0.000      0      0      0      0      0
05/19/1990   4560      0    570   3990     22   5197     14   2218      6   1222      0      0      0   0.00   0.00      0   0.00    3.0  0.000    0.0  0.000      0      0      0      0      0
05/20/1990   4275      0    285   3990     24   5633     14   2224      6   1216      0      0      0   0.00   0.00      0   0.00    3.1  0.000    0.0  0.000      0      0      0      0      0
05/21/1990   3990      0      0   3990     26   6076     14   2177      6   1277      0      0      0   0.00   0.00      0   0.00    3.3  0.000    0.0  0.000      0      0      0      0      0
05/22/1990   4135      0    430   3705     28   6088     14   2119      6   1360      0      0      0   0.00   0.00      0   0.00    3.5  0.000    0.0  0.000      0      0      0      0      0
05/23/1990   4599      0    894   3705     30   6047     14   2132      5   1297      0      0      0   0.00   0.00      0   0.00    3.5  0.000    0.0  0.000      0      0      0      0      0
05/24/1990   4818      0   1398   3420     32   6017     14   2115      4   1209      0      0      0   0.00   0.00      0   0.00    3.6  0.000    0.0  0.000      0      0      0      0      0
05/25/1990   5060      2   1923   3135     32   5934     14   2140      3   1141      0      0      0   0.00   0.00      0   0.00    3.7  0.000    0.0  0.000      0      0      0      0      0
05/26/1990   5313      4   2459   2850     32   5794     13   2117      3   1157      0      0      0   0.00   0.00      0   0.00    3.9  0.000    0.0  0.000      0      0      0      0      0
05/27/1990   5841      7   2984   2850     31   5653     12   2102      2   1113      0      0      0   0.00   0.00      0   0.00    3.8  0.000    0.0  0.000      0      0      0      0      0
05/28/1990   6331     10   3471   2850     30   5602     11   2065      1   1035      0      0      0   0.00   0.00      0   0.00    3.8  0.000    0.0  0.000      0      0      0      0      0
05/29/1990   6530     13   3952   2565     29   5578     10   1997      0    991      0      0      0   0.00   0.00      0   0.00    3.9  0.000    0.0  0.000      0      0      0      0      0
05/30/1990   6691     16   4395   2280     28   5602      8   1855      0    997      0      0      0   0.00   0.00      0   0.00    4.0  0.000    0.0  0.000      0      0      0      0      0
05/31/1990   6789     18   4776   1995     28   5594      6   1803      0    972      0      0      0   0.00   0.00      0   0.00    4.0  0.000    0.0  0.000      0      0      0      0      0
06/01/1990   6927     20   5197   1710     28   5542      4   1779      0    908      0      0      0   0.00   0.00      0   0.00    4.1  0.000    0.0  0.000      0      0      0      0      0
06/02/1990   7080     22   5633   1425     27   5505      3   1711      0    870      0      0      0   0.00   0.00      0   0.00    4.1  0.000    0.0  0.000      0      0      0      0      0
06/03/1990   7240     24   6076   1140     26   5451      2   1618      0    845      0      0      0   0.00   0.00      0   0.00    4.1  0.000    0.0  0.000      0      0      0      0      0
06/04/1990   7399     26   6518    855     25   5334      1   1574      0    799      0      0      0   0.00   0.00      0   0.00    4.1  0.000    0.0  0.000      0      0      0      0      0
06/05/1990   7539     28   6941    570     24   5232      0   1546      0    697      0      0      0   0.00   0.00      0   0.00    4.1  0.000    0.0  0.000      0      0      0      0      0
06/06/1990   7730     30   7415    285     22   5103      0   1472      0    567      0      0      0   0.00   0.00      0   0.00    4.1  0.000    0.0  0.000      0      0      0      0      0
06/07/1990   7889     32   7857      0     20   4992      0   1376      0    409      0      0      0   0.00   0.00      0   0.00    4.0  0.000    0.0  0.000      0      0      0      0      0
06/08/1990   8287     34   8253      0     18   4892      0   1271      0    218      0      0      0   0.00   0.00      0   0.00    4.0  0.000    0.0  0.000      0      0      0      0      0
06/09/1990   8673     36   8637      0     16   4789      0   1131      0     77      0      0      0   0.00   0.00      0   0.00    3.9  0.000    0.0  0.000      0      0      0      0      0
06/10/1990   9111     38   9073      0     14   4646      0    915      0      0      0      0      0   0.00   0.00      0   0.00    3.8  0.000    0.0  0.000      0      0      0      0      0
06/11/1990   9570     40   9530      0     12   4460      0    644      0      0      0      0      0   0.00   0.00      0   0.00    3.8  0.000    0.0  0.000      0      0      0      0      0
06/12/1990  10039     42   9567    430     10   4228      0    409      0      0      0      0      0   0.00   0.00      0   0.00    3.7  0.000    0.0  0.000      0      0      0      0      0
06/13/1990  10414     44   9476    894      8   4046      0    218      0     99      0      0      0   0.00   0.00      0   0.00    3.7  0.000    0.0  0.000      0      0      0      0      0
06/14/1990  10785     46   9341   1398      6   3818      0     77      0    270      0      0      0   0.00   0.00      0   0.00    3.7  0.000    0.0  0.000      0      0      0      0      0
06/15/1990  11184     46   9215   1923      4   3496      0      0      0    513      0      0      0   0.00   0.00      0   0.00    3.7  0.000    0.0  0.000      0      0      0      0      0
06/16/1990  11572     45   9068   2459      3   3107      0     99      0    735      0      0      0   0.00   0.00      0   0.00    3.8  0.000    0.0  0.000      0      0      0      0      0
06/17/1990  11895     43   8868   2984      2   2782      0    270      0    955      0      0      0   0.00   0.00      0   0.00    3.9  0.000    0.0  0.000      0      0      0      0      0
06/18/1990  12214     41   8702   3471      1   2461      0    513      1   1126      0      0      0   0.00   0.00      0   0.00    3.9  0.000    0.0  0.000      0      0      0      0      0
06/19/1990  12557     39   8566   3952      0   2116      0    834      3   1287      0      0      0   0.00   0.00      0   0.00    4.1  0.000    0.0  0.000      0      0      0      0      0
06/20/1990  12885     36   8454   4395      0   1785      0   1225      6   1452      0      0      0   0.00   0.00      0   0.00    4.2  0.000    0.0  0.000      0      0      0      0      0
06/21/1990  13179     34   8369   4776      0   1588      1   1540      9   1624      0      0      0   0.00   0.00      0   0.00    4.4  0.000    0.0  0.000      0      0      0      0      0
06/22/1990  13458     32   8229   5197      0   1478      3   1851     11   1711      0      0      0   0.00   0.00      0   0.00    4.5  0.000    0.0  0.000      0      0      0      0      0
06/23/1990  13749     30   8086   5633      0   1428      6   2164     13   1744      0      0      0   0.00   0.00      0   0.00    4.7  0.000    0.0  0.000      0      0      0      0      0
06/24/1990  14018     28   7914   6076      0   1478     10   2429     14   1781      0      0      0   0.00   0.00      0   0.00    5.0  0.000    0.0  0.000      0      0      0      0      0
06/25/1990  14251     26   7707   6518      0   1634     14   2607     15   1855      0      0      0   0.00   0.00      0   0.00    5.2  0.000    0.0  0.000      0      0      0      0      0
06/26/1990  14010     24   7475   6511      0   1857     19   2782     16   1935      0      0      0   0.00   0.00      0   0.00    5.4  0.000    0.0  0.000      0      0      0      0      0
06/27/1990  13685     22   7142   6521      0   2198     24   2923     17   1969      0      0      0   0.00   0.00      0   0.00    5.7  0.000    0.0  0.000      0      0      0      0      0
06/28/1990  13256     20   6777   6459      1   2677     28   3010     18   1972      0      0      0   0.00   0.00      0   0.00    5.9  0.000    0.0  0.000      0      0      0      0      0
06/29/1990  12729     18   6381   6330      3   3263     32   3093     18   1981      0      0      0   0.00   0.00      0   0.00    6.1  0.000    0.0  0.000      0      0      0      0      0
06/30/1990  12191     16   5997   6178      6   3832     35   3181     18   2001      0      0      0   0.00   0.00      0   0.00    6.4  0.000    0.0  0.000      0      0      0      0      0
07/01/1990  11664     14   5561   6089     10   4421     37   3238     18   2023      0      0      0   0.00   0.00      0   0.00    6.6  0.000    0.0  0.000      0      0      0      0      0
07/02/1990  11175     12   5104   6059     14   5044     39   3293     17   1982      0      0      0   0.00   0.00      0   0.00    6.8  0.000    0.0  0.000      0      0      0      0      0
07/03/1990  10692     10   4637   6045     19   5687     40   3327     16   1936      0      0      0   0.00   0.00      0   0.00    7.1  0.000    0.0  0.000      0      0      0      0      0
07/04/1990  10346      8   4363   5975     24   6257     41   3326     15   1875      0      0      0   0.00   0.00      0   0.00    7.3  0.000    0.0  0.000      0      0      0      0      0
07/05/1990  10134      6   4165   5963     29   6743     41   3306     15   1850      0      0      0   0.00   0.00      0   0.00    7.5  0.000    0.0  0.000      0      0      0      0      0
07/06/1990   9954      4   4009   5941     35   7146     40   3291     15   1832      0      0      0   0.00   0.00      0   0.00    7.8  0.000    0.0  0.000      0      0      0      0      0
07/07/1990   9838      3   3941   5894     41   7503     39   3220     15   1857      0      0      0   0.00   0.00      0   0.00    8.0  0.000    0.0  0.000      0      0      0      0      0
07/08/1990   9785      2   4007   5776     47   7789     38   3155     15   1880      0      0      0   0.00   0.00      0   0.00    8.2  0.000    0.0  0.000      0      0      0      0      0
07/09/1990   9756      1   4100   5655     53   8043     37   3100     15   1905      0      0      0   0.00   0.00      0   0.00    8.5  0.000    0.0  0.000      0      0      0      0      0
07/10/1990   9814      0   4237   5577     59   8198     36   3095     15   1928      0      0      0   0.00   0.00      0   0.00    8.7  0.000    0.0  0.000      0      0      0      0      0
07/11/1990   9896      0   4462   5434     65   8273     35   3099     15   1952      0      0      0   0.00   0.00      0   0.00    8.9  0.000    0.0  0.000      0      0      0      0      0
07/12/1990  10041      1   4752   5288     69   8294     35   3130     15   1967      0      0      0   0.00   0.00      0   0.00    9.1  0.000    0.0  0.000      0      0      0      0      0
07/13/1990  10216      3   5040   5173     72   8337     35   3173     15   1958      0      0      0   0.00   0.00      0   0.00    9.3  0.000    0.0  0.000      0      0      0      0      0
07/14/1990  10424      6   5336   5082     74   8361     35   3219     15   1938      0      0      0   0.00   0.00      0   0.00    9.5  0.000    0.0  0.000      0      0      0      0      0
07/15/1990  10615     10   5688   4917     75   8370     35   3240     15   1919      0      0      0   0.00   0.00      0   0.00    9.7  0.000    0.0  0.000      0      0      0      0      0
07/16/1990  10805     14   6096   4695     76   8362     35   3251     15   1879      0      0      0   0.00   0.00      0   0.00    9.9  0.000    0.0  0.000      0      0      0      0      0
07/17/1990  11012     19   6574   4419     76   8331     35   3252     14   1829      0      0      0   0.00   0.00      0   0.00   10.0  0.000    0.0  0.000      0      0      0      0      0
07/18/1990  11301     24   7090   4187     76   8329     35   3231     13   1779      0      0      0   0.00   0.00      0   0.00   10.2  0.000    0.0  0.000      0      0      0      0      0
07/19/1990  11583     29   7659   3895     76   8342     35   3178     11   1749      0      0      0   0.00   0.00      0   0.00   10.3  0.000    0.0  0.000      0      0      0      0      0
07/20/1990  11868     35   8337   3496     75   8317     34   3114     10   1719      0      0      0   0.00   0.00      0   0.00   10.4  0.000    0.0  0.000      0      0      0      0      0
07/21/1990  12162     41   9014   3107     74   8286     33   3052      8   1664      0      0      0   0.00   0.00      0   0.00   10.5  0.000    0.0  0.000      0      0      0      0      0
07/22/1990  12511     47   9682   2782     73   8257     31   2989      6   1585      0      0      0   0.00   0.00      0   0.00   10.5  0.000    0.0  0.000      0      0      0      0      0
07/23/1990  12833     53  10319   2461     72   8254     29   2914      4   1475      0      0      0   0.00   0.00      0   0.00   10.6  0.000    0.0  0.000      0      0      0      0      0
07/24/1990  13125     59  10950   2116     71   8229     26   2837      2   1344      0      0      0   0.00   0.00      0   0.00   10.6  0.000    0.0  0.000      0      0      0      0      0
07/25/1990  13407     65  11458   1884     70   8211     22   2745      1   1206      0      0      0   0.00   0.00      0   0.00   10.6  0.000    0.0  0.000      0      0      0      0      0
07/26/1990  13728     70  11899   1759     70   8183     18   2610      0   1101      0      0      0   0.00   0.00      0   0.00   10.6  0.000    0.0  0.000      0      0      0      0      0
07/27/1990  14065     75  12269   1721     69   8146     14   2432      0   1047      0      0      0   0.00   0.00      0   0.00   10.6  0.000    0.0  0.000      0      0      0      0      0
07/28/1990  14409     80  12580   1749     68   8073     10   2232      0   1033      0      0      0   0.00   0.00      0   0.00   10.6  0.000    0.0  0.000      0      0      0      0      0
07/29/1990  14778     85  12824   1869     66   7967      7   2047      0   1039      0      0      0   0.00   0.00      0   0.00   10.6  0.000    0.0  0.000      0      0      0      0      0
07/30/1990  15186     90  13048   2048     64   7826      4   1894      0   1059      0      0      0   0.00   0.00      0   0.00   10.6  0.000    0.0  0.000      0      0      0      0      0
07/31/1990  15655     95  13221   2339     61   7620      2   1790      0   1097      0      0      0   0.00   0.00      0   0.00   10.6  0.000    0.0  0.000      0      0      0      0      0
08/01/1990  16178    100  13324   2754     57   7359      1   1742      0   1160      0      0      0   0.00   0.00      0   0.00   10.6  0.000    0.0  0.000      0      0      0      0      0
08/02/1990  16758    104  13391   3263     53   7065      0   1747      1   1247      0      0      0   0.00   0.00      0   0.00   10.7  0.000    0.0  0.000      0      0      0      0      0
08/03/1990  17407    107  13468   3832     48   6763      0   1786      3   1357      0      0      0   0.00   0.00      0   0.00   10.8  0.000    0.0  0.000      0      0      0      0      0
08/04/1990  18048    109  13518   4421     43   6468      0   1855      6   1482      0      0      0   0.00   0.00      0   0.00   10.9  0.000    0.0  0.000      0      0      0      0      0
08/05/1990  18683    110  13529   5044     38   6179      1   1961      9   1622      0      0      0   0.00   0.00      0   0.00   11.0  0.000    0.0  0.000      0      0      0      0      0
08/06/1990  19290    111  13492   5687     33   5923      3   2104     12   1760      0      0      0   0.00   0.00      0   0.00   11.2  0.000    0.0  0.000      0      0      0      0      0
08/07/1990  19879    111  13412   6356     28   5698      6   2278     14   1888      0      0      0   0.00   0.00      0   0.00   11.4  0.000    0.0  0.000      0      0      0      0      0
08/08/1990  20364    111  13339   6914     23   5497     10   2486     16   1996      0      0      0   0.00   0.00      0   0.00   11.6  0.000    0.0  0.000      0      0      0      0      0
08/09/1990  20769    111  13269   7389     18   5334     15   2704     18   2089      0      0      0   0.00   0.00      0   0.00   11.8  0.000    0.0  0.000      0      0      0      0      0
08/10/1990  21083    109  13150   7824     14   5226     20   2919     21   2166      0      0      0   0.00   0.00      0   0.00   12.1  0.000    0.0  0.000      0      0      0      0      0
08/11/1990  21289    107  13002   8180     10   5190     26   3125     23   2228      0      0      0   0.00   0.00      0   0.00   12.4  0.000    0.0  0.000      0      0      0      0      0
08/12/1990  21392    104  12831   8457      8   5231     32   3311     25   2277      0      0      0   0.00   0.00      0   0.00   12.6  0.000    0.0  0.000      0      0      0      0      0
08/13/1990  21424    101  12643   8680      7   5373     38   3463     26   2299      0      0      0   0.00   0.00      0   0.00   12.9  0.000    0.0  0.000      0      0      0      0      0
08/14/1990  21336     97  12410   8829      8   5606     43   3593     27   2269      0      0      0   0.00   0.00      0   0.00   13.3  0.000    0.0  0.000      0      0      0      0      0
08/15/1990  21134     92  12162   8880     11   5913     48   3700     26   2181      0      0      0   0.00   0.00      0   0.00   13.6  0.000    0.0  0.000      0      0      0      0      0
08/16/1990  20888     88  11894   8906     15   6268     52   3766     25   2116      0      0      0   0.00   0.00      0   0.00   13.9  0.000    0.0  0.000      0      0      0      0      0
08/17/1990  20658     83  11625   8950     20   6648     56   3773     25   2099      0      0      0   0.00   0.00      0   0.00   14.2  0.000    0.0  0.000      0      0      0      0      0
08/18/1990  20409     78  11338   8993     26   7046     58   3715     25   2078      0      0      0   0.00   0.00      0   0.00   14.5  0.000    0.0  0.000      0      0      0      0      0
08/19/1990   2101      0   2101      0     33   7457     41   3002     25   2041      0      0      0   0.00   0.00      0   0.00   14.8  0.203    0.0  0.000     17    652     68   8942   8993
08/20/1990   2364      0   2364      0     37   7506     44   3303     16   1327      0      0      0   0.00   0.00      0   0.00   14.8  0.203    0.0  0.000      2      0      0     26     75
08/21/1990   2654      0   2654      0     41   7596     48   3494      8    663      0      0      0   0.00   0.00      0   0.00   14.8  0.203    0.0  0.000      0      0      0     18     75
08/22/1990   2978      0   2978      0     45   7914     52   3426      0      0      0      0      0   0.00   0.00      0   0.00   14.8  0.203    0.0  0.000      0      0      0     14     75
08/23/1990   3344      0   3343      1     49   8148     48   2741      0      0      0      0      0   0.00   0.00      0   0.00   14.8  0.203    0.0  0.000      0      0      0     11     74
08/24/1990   3755      0   3752      3     56   8355     41   2041      0      0      0      0      0   0.00   0.00      0   0.00   14.8  0.203    0.0  0.000      0      0      0      9     73
08/25/1990   4223      0   4215      8     64   8531     33   1327      0      0      0      0      0   0.00   0.00      0   0.00   14.7  0.203    0.0  0.000      0      0      0      0     70
08/26/1990   4747      0   4731     16     71   8604     25    663      0      1      0      0      0   0.00   0.00      0   0.00   14.7  0.203    0.0  0.000      0      0      1      0     67
08/27/1990   5380      2   5287     91     78   8636     16      0      0      5      0      0      0   0.00   0.00      0   0.00   14.7  0.203    0.0  0.000      0      0      0      0      0
08/28/1990   6049      5   5878    166     83   7970      8      0      0     32      0      0      0   0.00   0.00      0   0.00   14.6  0.203    0.0  0.000      0      0      0      0      0
08/29/1990   6752      9   6502    241     87   7271      0      1      0     81      0      0      0   0.00   0.00      0   0.00   14.6  0.203    0.0  0.000      0      0      0      0      0
08/30/1990   7481     14   7151    316     82   6547      0      5      0    144      0      0      0   0.00   0.00      0   0.00   14.6  0.203    0.0  0.000      0      0      0      0      0
08/31/1990   8229     19   7757    453     77   5804      0     32      0    202      0      0      0   0.00   0.00      0   0.00   14.6  0.203    0.0  0.000      0      0      0      0      0
09/01/1990   8996     25   8381    590     71   5043      0     82      0    271      0      0      0   0.00   0.00      0   0.00   14.5  0.203    0.0  0.000      0      0      0      0      0
09/02/1990   9416     32   8657    727     64   4630      0    149      0    353      0      0      0   0.00   0.00      0   0.00   14.5  0.203    0.0  0.000      0      0      0      0      0
09/03/1990   9893     36   8993    864     60   4158      0    233      0    442      0      0      0   0.00   0.00      0   0.00   14.5  0.203    0.0  0.000      0      0      0      0      0
09/04/1990  10628     40   9587   1001     56   3431      0    348      0    521      0      0      0   0.00   0.00      0   0.00   14.5  0.203    0.0  0.000      0      0      0      0      0
09/05/1990  11317     44  10135   1138     52   2773      0    470      0    596      0      0      0   0.00   0.00      0   0.00   14.5  0.203    0.0  0.000      0      0      0      0      0
09/06/1990  12021     48  10698   1275     48   2123      0    594      0    669      0      0      0   0.00   0.00      0   0.00   14.4  0.203    0.0  0.000      0      0      0      0      0
09/07/1990  12741     55  11307   1379     41   1476      0    725      0    737      0      0      0   0.00   0.00      0   0.00   14.4  0.203    0.0  0.000      0      0      0      0      0
09/08/1990  13411     63  11866   1482     33    897      0    864      0    789      0      0      0   0.00   0.00      0   0.00   14.4  0.203    0.0  0.000      0      0      0      0      0
09/09/1990  14077     71  12422   1584     25    353      0    992      0    836      0      0      0   0.00   0.00      0   0.00   14.4  0.203    0.0  0.000      0      0      0      0      0
09/10/1990  14078     80  12084   1914     16    502      0   1109      0    888      0      0      0   0.00   0.00      0   0.00   14.4  0.203    0.0  0.000      0      0      0      0      0
09/11/1990  14011     88  11719   2204      8    676      0   1211      0    961      0      0      0   0.00   0.00      0   0.00   14.4  0.203    0.0  0.000      0      0      0      0      0
09/12/1990  13944     96  11320   2528      0    874      0   1307      0   1043      0      0      0   0.00   0.00      0   0.00   14.5  0.202    0.0  0.000      0      0      0      0      0
09/13/1990  13869     96  10880   2893      0   1098      0   1401      0   1130      0      0      0   0.00   0.00      0   0.00   14.5  0.201    0.0  0.000      0      0      0      0      0
09/14/1990  13794     96  10396   3302      0   1345      0   1503      1   1185      0      0      0   0.00   0.00      0   0.00   14.6  0.201    0.0  0.000      0      0      0      0      0
09/15/1990  13657     96   9858   3703      0   1611      0   1613      2   1239      0      0      0   0.00   0.00      0   0.00   14.7  0.199    0.0  0.000      0      0      0      0      0
09/16/1990  13384     96   9268   4020      0   1886      0   1742      4   1290      0      0      0   0.00   0.00      0   0.00   14.8  0.198    0.0  0.000      0      0      0      0      0
09/17/1990  13249     94   8641   4514      0   2176      1   1852      5   1372      0      0      0   0.00   0.00      0   0.00   14.9  0.196    0.0  0.000      0      0      0      0      0
09/18/1990  13136     91   8002   5043      0   2467      2   1964      7   1446      0      0      0   0.00   0.00      0   0.00   15.1  0.194    0.0  0.000      0      0      0      0      0
09/19/1990  13045     87   7353   5605      0   2766      4   2071      9   1512      0      0      0   0.00   0.00      0   0.00   15.3  0.191    0.0  0.000      0      0      0      0      0
09/20/1990  12970     82   6696   6192      0   3075      6   2181     12   1606      0      0      0   0.00   0.00      0   0.00   15.5  0.189    0.0  0.000      0      0      0      0      0
09/21/1990  12945     77   6038   6830      0   3395      9   2280     14   1712      0      0      0   0.00   0.00      0   0.00   15.7  0.186    0.0  0.000      0      0      0      0      0
09/22/1990  12953     71   5396   7486      0   3680     13   2398     15   1788      0      0      0   0.00   0.00      0   0.00   16.0  0.182    0.0  0.000      0      0      0      0      0
09/23/1990  12988     64   5132   7792      0   3961     18   2548     16   1792      0      0      0   0.00   0.00      0   0.00   16.3  0.179    0.0  0.000      0      0      0      0      0
09/24/1990  12820     60   4833   7927      1   4243     22   2702     17   1810      0      0      0   0.00   0.00      0   0.00   16.7  0.175    0.0  0.000      0      0      0      0      0
09/25/1990  12649     56   4300   8293      2   4531     26   2814     19   1838      0      0      0   0.00   0.00      0   0.00   17.0  0.172    0.0  0.000      0      0      0      0      0
09/26/1990  12470     52   3839   8579      4   4811     30   2894     20   1889      0      0      0   0.00   0.00      0   0.00   17.4  0.168    0.0  0.000      0      0      0      0      0
09/27/1990  12273     48   3386   8839      6   5086     34   3000     21   1907      0      0      0   0.00   0.00      0   0.00   17.7  0.165    0.0  0.000      0      0      0      0      0
09/28/1990  12048     41   2938   9069      9   5400     38   3046     22   1949      0      0      0   0.00   0.00      0   0.00   18.1  0.161    0.0  0.000      0      0      0      0      0
09/29/1990  11778     33   2550   9195     13   5734     41   3071     24   2020      0      0      0   0.00   0.00      0   0.00   18.5  0.158    0.0  0.000      0      0      0      0      0
09/30/1990  11473     25   2181   9267     18   6038     43   3119     26   2103      0      0      0   0.00   0.00      0   0.00   18.9  0.154    0.0  0.000      0      0      0      0      0
10/01/1990  11151     16   2499   8636     23   6304     46   3203     27   2172      0      0      0   0.00   0.00      0   0.00   19.3  0.151    0.0  0.000      0      0      0      0      0
10/02/1990  10826      8   2848   7970     28   6583     50   3281     26   2136      0      0      0   0.00   0.00      0   0.00   19.6  0.149    0.0  0.000      0      0      0      0      0
10/03/1990  10495      0   3224   7271     34   6833     53   3384     24   2061      0      0      0   0.00   0.00      0   0.00   19.9  0.147    0.0  0.000      0      0      0      0      0
10/04/1990  10176      0   3629   6547     40   7063     56   3486     22   2007      0      0      0   0.00   0.00      0   0.00   20.2  0.145    0.0  0.000      0      0      0      0      0
10/05/1990   9837      0   4033   5804     47   7305     57   3510     19   1939      0      0      0   0.00   0.00      0   0.00   20.5  0.143    0.0  0.000      0      0      0      0      0
10/06/1990   9506      0   4463   5043     54   7543     57   3496     17   1806      0      0      0   0.00   0.00      0   0.00   20.6  0.142    0.0  0.000      0      0      0      0      0
10/07/1990   9549      0   4918   4631     61   7793     57   3473     13   1576      0      0      0   0.00   0.00      0   0.00   20.8  0.140    0.0  0.000      0      0      0      0      0
10/08/1990   9563      1   5400   4162     68   8036     54   3346     11   1417      0      0      0   0.00   0.00      0   0.00   21.0  0.139    0.0  0.000      0      0      0      0      0
10/09/1990   9337      2   5877   3458     76   8269     50   3130      8   1345      0      0      0   0.00   0.00      0   0.00   21.1  0.139    0.0  0.000      0      0      0      0      0
10/10/1990   9176      4   6349   2823     83   8417     44   2913      6   1292      0      0      0   0.00   0.00      0   0.00   21.2  0.138    0.0  0.000      0      0      0      0      0
10/11/1990   9058      6   6862   2190     90   8491     38   2702      3   1210      0      0      0   0.00   0.00      0   0.00   21.2  0.138    0.0  0.000      0      0      0      0      0
10/12/1990   8957      9   7387   1561     95   8564     32   2468      1   1078      0      0      0   0.00   0.00      0   0.00   21.2  0.138    0.0  0.000      0      0      0      0      0
10/13/1990   8895     13   7866   1016     98   8568     26   2266      0    931      0      0      0   0.00   0.00      0   0.00   21.2  0.138    0.0  0.000      0      0      0      0      0
10/14/1990   8821     18   8301    502    100   8505     19   2106      0    761      0      0      0   0.00   0.00      0   0.00   21.2  0.138    0.0  0.000      0      0      0      0      0
10/15/1990   9454     23   8755    676    100   8330     14   1970      0    556      0      0      0   0.00   0.00      0   0.00   21.2  0.138    0.0  0.000      0      0      0      0      0
10/16/1990  10085     28   9183    874    100   8147      9   1780      0    443      0      0      0   0.00   0.00      0   0.00   21.2  0.138    0.0  0.000      0      0      0      0      0
10/17/1990  10726     34   9594   1098     97   7961      6   1522      0    421      0      0      0   0.00   0.00      0   0.00   21.1  0.138    0.0  0.000      0      0      0      0      0
10/18/1990  11378     40   9993   1345     94   7715      3   1234      0    513      0      0      0   0.00   0.00      0   0.00   21.1  0.138    0.0  0.000      0      0      0      0      0
10/19/1990  12053     47  10395   1611     89   7408      1   1013      0    581      0      0      0   0.00   0.00      0   0.00   21.1  0.138    0.0  0.000      0      0      0      0      0
10/20/1990  12766     54  10825   1887     83   7019      0    865      0    627      0      0      0   0.00   0.00      0   0.00   21.2  0.137    0.0  0.000      0      0      0      0      0
10/21/1990  13501     61  11260   2180     76   6543      0    816      0    685      0      0      0   0.00   0.00      0   0.00   21.2  0.137    0.0  0.000      0      0      0      0      0
10/22/1990  14242     69  11679   2494     68   5997      0    833      0    766      0      0      0   0.00   0.00      0   0.00   21.2  0.137    0.0  0.000      0      0      0      0      0
10/23/1990  14894     78  12000   2816     59   5439      0    936      0    869      0      0      0   0.00   0.00      0   0.00   21.3  0.137    0.0  0.000      0      0      0      0      0
10/24/1990  15507     87  12278   3142     50   4925      0   1058      0    966      0      0      0   0.00   0.00      0   0.00   21.3  0.136    0.0  0.000      0      0      0      0      0
10/25/1990  16132     96  12556   3480     41   4411      0   1178      1   1063      0      0      0   0.00   0.00      0   0.00   21.4  0.136    0.0  0.000      0      0      0      0      0
10/26/1990  16657    104  12754   3799     33   4013      0   1292      2   1121      0      0      0   0.00   0.00      0   0.00   21.5  0.135    0.0  0.000      0      0      0      0      0
10/27/1990  17066    111  12845   4110     26   3700      0   1443      4   1171      0      0      0   0.00   0.00      0   0.00   21.6  0.135    0.0  0.000      0      0      0      0      0
10/28/1990  17377    118  12842   4417     19   3462      1   1614      5   1195      0      0      0   0.00   0.00      0   0.00   21.7  0.134    0.0  0.000      0      0      0      0      0
10/29/1990  17650    122  12799   4729     14   3281      2   1728      6   1237      0      0      0   0.00   0.00      0   0.00   21.8  0.133    0.0  0.000      0      0      0      0      0
10/30/1990  17905    126  12744   5035      9   3121      4   1848      6   1227      0      0      0   0.00   0.00      0   0.00   22.0  0.132    0.0  0.000      0      0      0      0      0
10/31/1990  18082    127  12622   5333      6   3039      6   1940      7   1209      0      0      0   0.00   0.00      0   0.00   22.1  0.132    0.0  0.000      0      0      0      0      0
11/01/1990  18183    128  12403   5652      3   3037      8   1999      7   1120      0      0      0   0.00   0.00      0   0.00   22.3  0.131    0.0  0.000      0      0      0      0      0
11/02/1990  18220    127  12110   5983      1   3106     10   2012      7   1034      0      0      0   0.00   0.00      0   0.00   22.5  0.129    0.0  0.000      0      0      0      0      0
11/03/1990  18182    124  11765   6293      0   3229     13   2028      7    982      0      0      0   0.00   0.00      0   0.00   22.7  0.128    0.0  0.000      0      0      0      0      0
11/04/1990  18063    119  11372   6572      1   3447     14   1948      8   1038      0      0      0   0.00   0.00      0   0.00   22.9  0.127    0.0  0.000      0      0      0      0      0
11/05/1990  17842    114  10856   6872      2   3745     15   1851     10   1128      0      0      0   0.00   0.00      0   0.00   23.1  0.126    0.0  0.000      0      0      0      0      0
11/06/1990  17619    109  10370   7140      4   4023     16   1773     10   1133      0      0      0   0.00   0.00      0   0.00   23.3  0.125    0.0  0.000      0      0      0      0      0
11/07/1990  17398    103   9904   7391      6   4253     17   1759     10   1093      0      0      0   0.00   0.00      0   0.00   23.6  0.123    0.0  0.000      0      0      0      0      0
11/08/1990  17184     97   9462   7625      8   4441     19   1770     10   1088      0      0      0   0.00   0.00      0   0.00   23.9  0.122    0.0  0.000      0      0      0      0      0
11/09/1990  16975     90   9002   7883     10   4562     20   1786     11   1168      0      0      0   0.00   0.00      0   0.00   24.2  0.120    0.0  0.000      0      0      0      0      0
11/10/1990  16748     83   8511   8154     13   4660     20   1818     13   1263      0      0      0   0.00   0.00      0   0.00   24.5  0.119    0.0  0.000      0      0      0      0      0
11/11/1990  16543     76   8044   8423     15   4738     22   1876     14   1329      0      0      0   0.00   0.00      0   0.00   24.8  0.117    0.0  0.000      0      0      0      0      0
11/12/1990  16335     68   7596   8671     17   4834     24   1916     15   1395      0      0      0   0.00   0.00      0   0.00   25.1  0.116    0.0  0.000      0      0      0      0      0
11/13/1990  16138     59   7244   8835     20   4919     26   1953     15   1469      0      0      0   0.00   0.00      0   0.00   25.5  0.114    0.0  0.000      0      0      0      0      0
11/14/1990  15965     50   6949   8966     23   4905     28   2072     15   1453      0      0      0   0.00   0.00      0   0.00   25.8  0.113    0.0  0.000      0      0      0      0      0
11/15/1990  15762     41   6652   9069     27   4864     29   2218     15   1391      0      0      0   0.00   0.00      0   0.00   26.2  0.111    0.0  0.000      0      0      0      0      0
11/16/1990  15520     33   6426   9061     30   4886     31   2334     15   1351      0      0      0   0.00   0.00      0   0.00   26.5  0.110    0.0  0.000      0      0      0      0      0
11/17/1990  15324     26   6314   8984     33   4902     33   2357     15   1401      0      0      0   0.00   0.00      0   0.00   26.9  0.108    0.0  0.000      0      0      0      0      0
11/18/1990  15144     20   6271   8853     36   4932     34   2346     15   1433      0      0      0   0.00   0.00      0   0.00   27.3  0.107    0.0  0.000      0      0      0      0      0
11/19/1990  14930     16   6246   8668     39   4978     35   2356     15   1428      0      0      0   0.00   0.00      0   0.00   27.6  0.105    0.0  0.000      0      0      0      0      0
11/20/1990  15312     13   6196   9103     42   5070     35   2363     14   1272      0      0      0   0.00   0.00      0   0.00   28.0  0.104    0.0  0.000      0      0      0      0      0
11/21/1990  15078     12   6188   8878     45   5192     35   2310     12   1117      0      0      0   0.00   0.00      0   0.00   28.3  0.103    0.0  0.000      0      0      0      0      0
11/22/1990  14140     11   6156   7973     48   5311     35   2331     11    971      0      0      0   0.00   0.00      0   0.00   28.6  0.102    0.0  0.000      0      0      0      0      0
11/23/1990  13785     11   6152   7622     51   5427     34   2244     10    942      0      0      0   0.00   0.00      0   0.00   28.9  0.100    0.0  0.000      0      0      0      0      0
11/24/1990  13421     13   6239   7169     53   5561     32   2076     10    949      0      0      0   0.00   0.00      0   0.00   29.2  0.099    0.0  0.000      0      0      0      0      0
11/25/1990  13794     15   6433   7346     56   5674     31   1901      9    967      0      0      0   0.00   0.00      0   0.00   29.2  0.099    0.0  0.000      0      0      0      0      0
11/26/1990  14185     17   6724   7444     59   5732     29   1753      8    886      0      0      0   0.00   0.00      0   0.00   29.1  0.099    0.0  0.000      0      0      0      0      0
11/27/1990  14519     20   6929   7570     61   5856     27   1597      6    782      0      0      0   0.00   0.00      0   0.00   29.1  0.099    0.0  0.000      0      0      0      0      0
11/28/1990  14853     23   7105   7725     63   5853     25   1596      5    688      0      0      0   0.00   0.00      0   0.00   29.4  0.098    0.0  0.000      0      0      0      0      0
11/29/1990  13810     27   7299   6484     64   5761     22   1522      6    747      0      0      0   0.00   0.00      0   0.00   29.6  0.098    0.0  0.000      0      0      0      0      0
11/30/1990  13571     30   7516   6025     65   5659     19   1408      7    817      0      0      0   0.00   0.00      0   0.00   29.8  0.097    0.0  0.000      0      0      0      0      0
12/01/1990  14000     33   7741   6226     65   5532     18   1342      6    795      0      0      0   0.00   0.00      0   0.00   30.1  0.096    0.0  0.000      0      0      0      0      0
12/02/1990  14454     37   7943   6474     65   5381     17   1320      4    696      0      0      0   0.00   0.00      0   0.00   30.0  0.096    0.0  0.000      0      0      0      0      0
12/03/1990  14300     41   8145   6114     64   5231     16   1258      3    640      0      0      0   0.00   0.00      0   0.00   30.2  0.096    0.0  0.000      0      0      0      0      0
12/04/1990  14141     46   8341   5754     62   4949     14   1251      3    654      0      0      0   0.00   0.00      0   0.00   30.4  0.095    0.0  0.000      0      0      0      0      0
12/05/1990  14580     51   8430   6099     60   4710     12   1234      3    651      0      0      0   0.00   0.00      0   0.00   30.4  0.095    0.0  0.000      0      0      0      0      0
12/06/1990  14418     56   8473   5889     57   4528     11   1210      3    661      0      0      0   0.00   0.00      0   0.00   30.6  0.094    0.0  0.000      0      0      0      0      0
12/07/1990  13948     61   8571   5316     53   4345     11   1158      3    671      0      0      0   0.00   0.00      0   0.00   30.8  0.094    0.0  0.000      0      0      0      0      0
12/08/1990  14013     66   8660   5287     50   4126     10   1068      3    717      0      0      0   0.00   0.00      0   0.00   31.0  0.093    0.0  0.000      0      0      0      0      0
12/09/1990  14033     70   8711   5252     48   3890      8   1076      3    728      0      0      0   0.00   0.00      0   0.00   31.1  0.093    0.0  0.000      0      0      0      0      0
12/10/1990  14110     74   8762   5274     45   3613      7   1133      4    796      0      0      0   0.00   0.00      0   0.00   31.3  0.092    0.0  0.000      0      0      0      0      0
12/11/1990  14099     77   8705   5317     41   3494      7   1145      5    877      0      0      0   0.00   0.00      0   0.00   31.5  0.092    0.0  0.000      0      0      0      0      0
12/12/1990  14394     80   8619   5695     37   3427      7   1150      6    922      0      0      0   0.00   0.00      0   0.00   31.4  0.092    0.0  0.000      0      0      0      0      0
12/13/1990  14706     83   8613   6010     33   3293      8   1278      5    865      0      0      0   0.00   0.00      0   0.00   31.6  0.091    0.0  0.000      0      0      0      0      0
12/14/1990  15007     85   8613   6309     30   3213      9   1361      3    670      0      0      0   0.00   0.00      0   0.00   31.6  0.091    0.0  0.000      0      0      0      0      0
12/15/1990  15306     85   8586   6635     28   3149     10   1401      1    539      0      0      0   0.00   0.00      0   0.00   31.5  0.091    0.0  0.000      0      0      0      0      0
12/16/1990  15634     87   8542   7005     25   3043     10   1426      0    425      0      0      0   0.00   0.00      0   0.00   31.5  0.091    0.0  0.000      0      0      0      0      0
12/17/1990  15852     88   8371   7393     23   3055      9   1303      1    474      0      0      0   0.00   0.00      0   0.00   31.4  0.091    0.0  0.000      0      0      0      0      0
12/18/1990  16046     88   8235   7723     21   3163      8   1144      2    513      0      0      0   0.00   0.00      0   0.00   31.3  0.091    0.0  0.000      0      0      0      0      0
12/19/1990  16278     88   8137   8053     19   3232      7    974      3    541      0      0      0   0.00   0.00      0   0.00   31.3  0.091    0.0  0.000      0      0      0      0      0
12/20/1990  16551     86   8030   8435     19   3230      6    855      2    431      0      0      0   0.00   0.00      0   0.00   31.2  0.091    0.0  0.000      0      0      0      0      0
12/21/1990  16812     84   7884   8844     20   3211      5    792      1    234      0      0      0   0.00   0.00      0   0.00   31.2  0.091    0.0  0.000      0      0      0      0      0
12/22/1990  17020     83   7669   9268     20   3107      4    845      0     60      0      0      0   0.00   0.00      0   0.00   31.1  0.091    0.0  0.000      0      0      0      0      0
12/23/1990  17194     82   7397   9715     18   3073      3    747      0      0      0      0      0   0.00   0.00      0   0.00   31.1  0.091    0.0  0.000      0      0      0      0      0
12/24/1990  17398     80   7129  10189     16   2996      3    601      0      0      0      0      0   0.00   0.00      0   0.00   31.0  0.091    0.0  0.000      0      0      0      0      0
12/25/1990  17616     76   6854  10686     15   2927      3    431      0     37      0      0      0   0.00   0.00      0   0.00   31.0  0.091    0.0  0.000      0      0      0      0      0
12/26/1990  17784     72   6595  11117     14   2935      3    234      0    127      0      0      0   0.00   0.00      0   0.00   30.9  0.091    0.0  0.000      0      0      0      0      0
12/27/1990  17995     68   6399  11528     14   2876      2     60      1    253      0      0      0   0.00   0.00      0   0.00   30.9  0.091    0.0  0.000      0      0      0      0      0
12/28/1990  18222     64   6174  11984     14   2687      1     37      2    364      0      0      0   0.00   0.00      0   0.00   30.8  0.091    0.0  0.000      0      0      0      0      0
12/29/1990  18435     60   5911  12464     14   2452      0    127      2    338      0      0      0   0.00   0.00      0   0.00   30.8  0.091    0.0  0.000      0      0      0      0      0
12/30/1990  18656     56   5694  12906     13   2208      1    253      2    323      0      0      0   0.00   0.00      0   0.00   30.8  0.091    0.0  0.000      0      0      0      0      0
12/31/1990  18950     52   5542  13356     12   1891      2    401      2    292      0      0      0   0.00   0.00      0   0.00   30.7  0.091    0.0  0.000      0      0      0      0      0
