Varroa Population Simulation - Nov 23,2015  02:34:21 PM
VarroaPop Version 3.2.5.8  June, 2015

                                        Capped  Capped                                                                      Prop           Conc          Conc                                     
            Colony  Adult  Adult         Drone   Wkr    Drone  Wkr    Drone  Wkr  Free   DBrood WBrood DMite  WMite  Mites  Mites  Colony Pollen Colony Nectar   Dead   Dead   Dead   Dead   Dead
     Date   Size   Drones   Wkr   Forgrs Brood  Brood   Larv   Larv    Eggs  Eggs Mites  Mites  Mites  /Cell  /Cell  Dying  Dying  Pollen  Pest  Nectar  Pest    DLarv  WLarv  DAdlt  WAdlt  Forgrs
Initial     10000      0   8400   1600      0      0      0      0      0      0      0      0      0   0.00   0.00      0   0.00    0.0  0.000    0.0  0.000      0      0      0      0      0
08/01/1990   9600      0   8000   1600      0      0      0      0      1    160      0      0      0   0.00   0.00      0   0.00    0.0  0.000    0.0  0.000      0      0      0      0      0
08/02/1990   9200      0   7600   1600      0      0      0      0      2    320      0      0      0   0.00   0.00      0   0.00    0.0  0.000    0.0  0.000      0      0      0      0      0
08/03/1990   8800      0   7200   1600      0      0      0      0      3    480      0      0      0   0.00   0.00      0   0.00    0.1  0.000    0.0  0.000      0      0      0      0      0
08/04/1990   8400      0   6800   1600      0      0      1    160      3    481      0      0      0   0.00   0.00      0   0.00    0.1  0.000    0.0  0.000      0      0      0      0      0
08/05/1990   8000      0   6400   1600      0      0      2    320      4    485      0      0      0   0.00   0.00      0   0.00    0.1  0.000    0.0  0.000      0      0      0      0      0
08/06/1990   7600      0   6000   1600      0      0      3    480      5    490      0      0      0   0.00   0.00      0   0.00    0.1  0.000    0.0  0.000      0      0      0      0      0
08/07/1990   7200      0   5600   1600      0      0      4    641      6    494      0      0      0   0.00   0.00      0   0.00    0.2  0.000    0.0  0.000      0      0      0      0      0
08/08/1990   6800      0   5200   1600      0      0      6    805      6    495      0      0      0   0.00   0.00      0   0.00    0.2  0.000    0.0  0.000      0      0      0      0      0
08/09/1990   6400      0   4800   1600      0    160      8    810      6    495      0      0      0   0.00   0.00      0   0.00    0.2  0.000    0.0  0.000      0      0      0      0      0
08/10/1990   6000      0   4400   1600      0    320     10    815      6    495      0      0      0   0.00   0.00      0   0.00    0.3  0.000    0.0  0.000      0      0      0      0      0
08/11/1990   2959      0   2959      0      1    480      6    564      6    495      0      0      0   0.00   0.00      0   0.00    0.3  0.550    0.0  0.000      5    256      0   1033   1600
08/12/1990   2690      0   2690      0      1    502      6    646      4    330      0      0      0   0.00   0.00      0   0.00    0.3  0.549    0.0  0.000      2     61      0      0    269
08/13/1990   2421      0   2421      0      1    549      7    709      2    165      0      0      0   0.00   0.00      0   0.00    0.3  0.549    0.0  0.000      1     55      0      0    269
08/14/1990   2152      0   2152      0      1    653      8    720      0      0      0      0      0   0.00   0.00      0   0.00    0.3  0.548    0.0  0.000      1     50      0      0    269
08/15/1990   1883      0   1883      0      1    763      7    565      0      0      0      0      0   0.00   0.00      0   0.00    0.3  0.548    0.0  0.000      1     45      0      0    269
08/16/1990   1614      0   1614      0      1    878      6    408      0      0      0      0      0   0.00   0.00      0   0.00    0.3  0.548    0.0  0.000      1     42      0      0    269
08/17/1990   1345      0   1345      0      2    998      4    249      0      0      0      0      0   0.00   0.00      0   0.00    0.3  0.552    0.0  0.000      1     39      0      0    269
08/18/1990   1076      0   1076      0      3   1121      3    126      0      0      0      0      0   0.00   0.00      0   0.00    0.3  0.559    0.0  0.000      0      0      0      0    269
08/19/1990   1076      0    807    269      4   1247      2      0      0      0      0      0      0   0.00   0.00      0   0.00    0.3  0.546    0.0  0.000      0      0      0      0      0
08/20/1990   1076      0    538    538      5   1247      1      0      0     36      0      0      0   0.00   0.00      0   0.00    0.3  0.508    0.0  0.000      0      0      0      0      0
08/21/1990   1076      0    269    807      6   1247      0      0      0    102      0      0      0   0.00   0.00      0   0.00    0.3  0.455    0.0  0.000      0      0      0      0      0
08/22/1990   1236      0    160   1076      6   1087      0      0      0    197      0      0      0   0.00   0.00      0   0.00    0.4  0.400    0.0  0.000      0      0      0      0      0
08/23/1990   1127      0    320    807      6    927      0     36      1    280      0      0      0   0.00   0.00      0   0.00    0.4  0.368    0.0  0.000      0      0      0      0      0
08/24/1990   1018      0    480    538      6    767      0    102      1    302      0      0      0   0.00   0.00      0   0.00    0.5  0.350    0.0  0.000      0      0      0      0      0
08/25/1990    772      1    502    269      5    745      0    197      1    265      0      0      0   0.00   0.00      0   0.00    0.5  0.343    0.0  0.000      0      0      0      0      0
08/26/1990    550      1    549      0      5    698      1    316      0    180      0      0      0   0.00   0.00      0   0.00    0.5  0.343    0.0  0.000      0      0      0      0      0
08/27/1990    654      1    653      0      5    594      1    404      0     92      0      0      0   0.00   0.00      0   0.00    0.5  0.343    0.0  0.000      0      0      0      0      0
08/28/1990    764      1    763      0      5    520      1    426      0     34      0      0      0   0.00   0.00      0   0.00    0.5  0.343    0.0  0.000      0      0      0      0      0
08/29/1990    879      1    878      0      5    471      1    394      0      0      0      0      0   0.00   0.00      0   0.00    0.4  0.343    0.0  0.000      0      0      0      0      0
08/30/1990    999      1    998      0      5    446      1    299      0      0      0      0      0   0.00   0.00      0   0.00    0.4  0.343    0.0  0.000      0      0      0      0      0
08/31/1990   1123      2   1121      0      4    442      1    180      0      0      0      0      0   0.00   0.00      0   0.00    0.4  0.343    0.0  0.000      0      0      0      0      0
09/01/1990   1250      3   1247      0      3    404      1     92      0      0      0      0      0   0.00   0.00      0   0.00    0.4  0.343    0.0  0.000      0      0      0      0      0
09/02/1990   1251      4   1247      0      3    462      0     34      0      0      0      0      0   0.00   0.00      0   0.00    0.4  0.343    0.0  0.000      0      0      0      0      0
09/03/1990   1252      5   1247      0      2    496      0      0      0      0      0      0      0   0.00   0.00      0   0.00    0.4  0.342    0.0  0.000      0      0      0      0      0
09/04/1990   1253      6   1247      0      1    496      0      0      0      0      0      0      0   0.00   0.00      0   0.00    0.4  0.342    0.0  0.000      0      0      0      0      0
09/05/1990   1253      6   1247      0      1    496      0      0      0      0      0      0      0   0.00   0.00      0   0.00    0.4  0.342    0.0  0.000      0      0      0      0      0
09/06/1990   1253      6   1247      0      1    496      0      0      0      0      0      0      0   0.00   0.00      0   0.00    0.4  0.342    0.0  0.000      0      0      0      0      0
09/07/1990   1253      6   1247      0      1    496      0      0      0      0      0      0      0   0.00   0.00      0   0.00    0.4  0.342    0.0  0.000      0      0      0      0      0
09/08/1990   1253      6   1247      0      1    496      0      0      0      0      0      0      0   0.00   0.00      0   0.00    0.4  0.341    0.0  0.000      0      0      0      0      0
09/09/1990   1253      6   1247      0      1    496      0      0      0      0      0      0      0   0.00   0.00      0   0.00    0.4  0.341    0.0  0.000      0      0      0      0      0
09/10/1990   1289      6   1283      0      1    460      0      0      0      0      0      0      0   0.00   0.00      0   0.00    0.3  0.341    0.0  0.000      0      0      0      0      0
09/11/1990   1355      6   1349      0      1    394      0      0      0      0      0      0      0   0.00   0.00      0   0.00    0.3  0.341    0.0  0.000      0      0      0      0      0
09/12/1990   1450      6   1284    160      1    299      0      0      0      0      0      0      0   0.00   0.00      0   0.00    0.3  0.341    0.0  0.000      0      0      0      0      0
09/13/1990   1569      6   1243    320      1    180      0      0      0     23      0      0      0   0.00   0.00      0   0.00    0.3  0.335    0.0  0.000      0      0      0      0      0
09/14/1990   1657      6   1171    480      1     92      0      0      0     64      0      0      0   0.00   0.00      0   0.00    0.4  0.322    0.0  0.000      0      0      0      0      0
09/15/1990   1714      5   1207    502      1     34      0      0      0    121      0      0      0   0.00   0.00      0   0.00    0.4  0.310    0.0  0.000      0      0      0      0      0
09/16/1990   1589      6   1194    389      0      0      0     23      0    157      0      0      0   0.00   0.00      0   0.00    0.4  0.302    0.0  0.000      0      0      0      0      0
09/17/1990   1429      6   1090    333      0      0      0     64      0    165      0      0      0   0.00   0.00      0   0.00    0.4  0.296    0.0  0.000      0      0      0      0      0
09/18/1990   1269      6    980    283      0      0      0    121      0    150      0      0      0   0.00   0.00      0   0.00    0.4  0.291    0.0  0.000      0      0      0      0      0
09/19/1990   1247      6    865    376      0      0      0    180      0    127      0      0      0   0.00   0.00      0   0.00    0.4  0.282    0.0  0.000      0      0      0      0      0
09/20/1990   1200      6    745    449      0      0      0    229      0    127      0      0      0   0.00   0.00      0   0.00    0.4  0.271    0.0  0.000      0      0      0      0      0
09/21/1990   1095      5    622    468      0     23      0    248      0    142      0      0      0   0.00   0.00      0   0.00    0.4  0.260    0.0  0.000      0      0      0      0      0
09/22/1990    984      4    496    484      0     64      0    243      0    162      0      0      0   0.00   0.00      0   0.00    0.5  0.249    0.0  0.000      0      0      0      0      0
09/23/1990    868      3    496    369      0    121      0    235      0    167      0      0      0   0.00   0.00      0   0.00    0.5  0.243    0.0  0.000      0      0      0      0      0
09/24/1990    747      2    496    249      0    180      0    233      0    155      0      0      0   0.00   0.00      0   0.00    0.5  0.239    0.0  0.000      0      0      0      0      0
09/25/1990    623      1    496    126      0    229      0    240      0    131      0      0      0   0.00   0.00      0   0.00    0.5  0.239    0.0  0.000      0      0      0      0      0
09/26/1990    497      1    496      0      0    271      0    252      0     94      0      0      0   0.00   0.00      0   0.00    0.5  0.239    0.0  0.000      0      0      0      0      0
09/27/1990    497      1    496      0      0    307      0    261      0     49      0      0      0   0.00   0.00      0   0.00    0.5  0.239    0.0  0.000      0      0      0      0      0
09/28/1990    497      1    496      0      0    356      0    244      0     17      0      0      0   0.00   0.00      0   0.00    0.5  0.239    0.0  0.000      0      0      0      0      0
09/29/1990    497      1    496      0      0    413      0    204      0      0      0      0      0   0.00   0.00      0   0.00    0.5  0.239    0.0  0.000      0      0      0      0      0
09/30/1990    497      1    496      0      0    469      0    148      0      0      0      0      0   0.00   0.00      0   0.00    0.5  0.239    0.0  0.000      0      0      0      0      0
10/01/1990    497      1    460     36      0    523      0     94      0      0      0      0      0   0.00   0.00      0   0.00    0.5  0.239    0.0  0.000      0      0      0      0      0
10/02/1990    497      1    394    102      0    568      0     49      0      5      0      0      0   0.00   0.00      0   0.00    0.5  0.238    0.0  0.000      0      0      0      0      0
10/03/1990    497      1    299    197      0    600      0     17      0     19      0      0      0   0.00   0.00      0   0.00    0.5  0.234    0.0  0.000      0      0      0      0      0
10/04/1990    520      1    203    316      0    594      0      0      0     48      0      0      0   0.00   0.00      0   0.00    0.5  0.227    0.0  0.000      0      0      0      0      0
10/05/1990    525      1    156    368      0    553      0      5      0     84      0      0      0   0.00   0.00      0   0.00    0.5  0.220    0.0  0.000      0      0      0      0      0
10/06/1990    516      1    155    360      0    496      0     19      0    113      0      0      0   0.00   0.00      0   0.00    0.5  0.213    0.0  0.000      0      0      0      0      0
10/07/1990    479      0    180    299      0    437      0     48      0    123      0      0      0   0.00   0.00      0   0.00    0.5  0.208    0.0  0.000      0      0      0      0      0
10/08/1990    409      0    229    180      0    388      0     89      0    116      0      0      0   0.00   0.00      0   0.00    0.5  0.205    0.0  0.000      0      0      0      0      0
10/09/1990    363      0    271     92      0    346      0    132      0     95      0      0      0   0.00   0.00      0   0.00    0.5  0.204    0.0  0.000      0      0      0      0      0
10/10/1990    341      0    307     34      0    315      0    166      0     67      0      0      0   0.00   0.00      0   0.00    0.5  0.204    0.0  0.000      0      0      0      0      0
10/11/1990    356      0    356      0      0    280      0    186      0     37      0      0      0   0.00   0.00      0   0.00    0.5  0.204    0.0  0.000      0      0      0      0      0
10/12/1990    413      0    413      0      0    252      0    179      0     15      0      0      0   0.00   0.00      0   0.00    0.5  0.204    0.0  0.000      0      0      0      0      0
10/13/1990    469      0    469      0      0    237      0    149      0      4      0      0      0   0.00   0.00      0   0.00    0.5  0.204    0.0  0.000      0      0      0      0      0
10/14/1990    523      0    523      0      0    226      0    110      0      0      0      0      0   0.00   0.00      0   0.00    0.5  0.204    0.0  0.000      0      0      0      0      0
10/15/1990    568      0    568      0      0    220      0     71      0      0      0      0      0   0.00   0.00      0   0.00    0.5  0.204    0.0  0.000      0      0      0      0      0
10/16/1990    600      0    600      0      0    222      0     37      0      0      0      0      0   0.00   0.00      0   0.00    0.5  0.204    0.0  0.000      0      0      0      0      0
10/17/1990    617      0    617      0      0    227      0     15      0      0      0      0      0   0.00   0.00      0   0.00    0.5  0.204    0.0  0.000      0      0      0      0      0
10/18/1990    617      0    617      0      0    238      0      4      0      0      0      0      0   0.00   0.00      0   0.00    0.5  0.204    0.0  0.000      0      0      0      0      0
10/19/1990    617      0    617      0      0    242      0      0      0      0      0      0      0   0.00   0.00      0   0.00    0.5  0.204    0.0  0.000      0      0      0      0      0
10/20/1990    617      0    617      0      0    242      0      0      0      0      0      0      0   0.00   0.00      0   0.00    0.5  0.204    0.0  0.000      0      0      0      0      0
10/21/1990    617      0    617      0      0    242      0      0      0      0      0      0      0   0.00   0.00      0   0.00    0.5  0.204    0.0  0.000      0      0      0      0      0
10/22/1990    617      0    617      0      0    242      0      0      0      0      0      0      0   0.00   0.00      0   0.00    0.5  0.204    0.0  0.000      0      0      0      0      0
10/23/1990    622      0    622      0      0    237      0      0      0      0      0      0      0   0.00   0.00      0   0.00    0.5  0.204    0.0  0.000      0      0      0      0      0
10/24/1990    636      0    636      0      0    223      0      0      0      0      0      0      0   0.00   0.00      0   0.00    0.5  0.204    0.0  0.000      0      0      0      0      0
10/25/1990    665      0    642     23      0    194      0      0      0      0      0      0      0   0.00   0.00      0   0.00    0.5  0.204    0.0  0.000      0      0      0      0      0
10/26/1990    706      0    642     64      0    153      0      0      0      2      0      0      0   0.00   0.00      0   0.00    0.5  0.204    0.0  0.000      0      0      0      0      0
10/27/1990    749      0    628    121      0    110      0      0      0      9      0      0      0   0.00   0.00      0   0.00    0.5  0.204    0.0  0.000      0      0      0      0      0
10/28/1990    788      0    608    180      0     71      0      0      0     23      0      0      0   0.00   0.00      0   0.00    0.5  0.202    0.0  0.000      0      0      0      0      0
10/29/1990    799      0    593    206      0     37      0      2      0     41      0      0      0   0.00   0.00      0   0.00    0.5  0.200    0.0  0.000      0      0      0      0      0
10/30/1990    780      0    573    207      0     15      0      9      0     55      0      0      0   0.00   0.00      0   0.00    0.5  0.198    0.0  0.000      0      0      0      0      0
10/31/1990    734      0    548    186      0      4      0     23      0     61      0      0      0   0.00   0.00      0   0.00    0.5  0.196    0.0  0.000      0      0      0      0      0
11/01/1990    675      0    503    172      0      0      0     43      0     56      0      0      0   0.00   0.00      0   0.00    0.5  0.194    0.0  0.000      0      0      0      0      0
11/02/1990    623      0    446    177      0      0      0     64      0     47      0      0      0   0.00   0.00      0   0.00    0.5  0.192    0.0  0.000      0      0      0      0      0
11/03/1990    579      0    390    189      0      2      0     82      0     41      0      0      0   0.00   0.00      0   0.00    0.5  0.189    0.0  0.000      0      0      0      0      0
11/04/1990    542      0    336    206      0      9      0     90      0     43      0      0      0   0.00   0.00      0   0.00    0.5  0.187    0.0  0.000      0      0      0      0      0
11/05/1990    493      0    291    202      0     23      0     88      0     49      0      0      0   0.00   0.00      0   0.00    0.5  0.184    0.0  0.000      0      0      0      0      0
11/06/1990    436      0    259    177      0     43      0     82      0     50      0      0      0   0.00   0.00      0   0.00    0.5  0.182    0.0  0.000      0      0      0      0      0
11/07/1990    380      0    242    138      0     64      0     78      0     46      0      0      0   0.00   0.00      0   0.00    0.5  0.180    0.0  0.000      0      0      0      0      0
11/08/1990    327      0    242     85      0     84      0     76      0     39      0      0      0   0.00   0.00      0   0.00    0.5  0.180    0.0  0.000      0      0      0      0      0
11/09/1990    284      0    242     42      0     99      0     76      0     31      0      0      0   0.00   0.00      0   0.00    0.5  0.180    0.0  0.000      0      0      0      0      0
11/10/1990    255      0    242     13      0    111      0     77      0     22      0      0      0   0.00   0.00      0   0.00    0.5  0.180    0.0  0.000      0      0      0      0      0
11/11/1990    242      0    242      0      0    125      0     74      0     11      0      0      0   0.00   0.00      0   0.00    0.5  0.180    0.0  0.000      0      0      0      0      0
11/12/1990    242      0    242      0      0    142      0     64      0      4      0      0      0   0.00   0.00      0   0.00    0.5  0.180    0.0  0.000      0      0      0      0      0
11/13/1990    241      0    237      4      0    160      0     50      0      0      0      0      0   0.00   0.00      0   0.00    0.5  0.180    0.0  0.000      0      0      0      0      0
11/14/1990    239      0    223     16      0    175      0     35      0      0      0      0      0   0.00   0.00      0   0.00    0.5  0.180    0.0  0.000      0      0      0      0      0
11/15/1990    236      0    194     42      0    188      0     22      0      0      0      0      0   0.00   0.00      0   0.00    0.5  0.180    0.0  0.000      0      0      0      0      0
11/16/1990    234      0    155     79      0    197      0     11      0      4      0      0      0   0.00   0.00      0   0.00    0.5  0.179    0.0  0.000      0      0      0      0      0
11/17/1990    236      0    119    117      0    197      0      4      0     12      0      0      0   0.00   0.00      0   0.00    0.5  0.177    0.0  0.000      0      0      0      0      0
11/18/1990    236      0     94    142      0    187      0      0      0     23      0      0      0   0.00   0.00      0   0.00    0.5  0.175    0.0  0.000      0      0      0      0      0
11/19/1990    227      0     80    147      0    167      0      4      0     32      0      0      0   0.00   0.00      0   0.00    0.5  0.173    0.0  0.000      0      0      0      0      0
11/20/1990    244      0     79    165      0    146      0     12      0     34      0      0      0   0.00   0.00      0   0.00    0.5  0.171    0.0  0.000      0      0      0      0      0
11/21/1990    224      0     88    136      0    126      0     23      0     33      0      0      0   0.00   0.00      0   0.00    0.6  0.169    0.0  0.000      0      0      0      0      0
11/22/1990    162      0     99     63      0    111      0     36      0     29      0      0      0   0.00   0.00      0   0.00    0.6  0.169    0.0  0.000      0      0      0      0      0
11/23/1990    141      0    111     30      0     99      0     46      0     23      0      0      0   0.00   0.00      0   0.00    0.6  0.168    0.0  0.000      0      0      0      0      0
11/24/1990    134      0    125      9      0     89      0     52      0     14      0      0      0   0.00   0.00      0   0.00    0.6  0.168    0.0  0.000      0      0      0      0      0
11/25/1990    149      0    142      7      0     80      0     53      0      5      0      0      0   0.00   0.00      0   0.00    0.6  0.168    0.0  0.000      0      0      0      0      0
11/26/1990    166      0    160      6      0     73      0     46      0      1      0      0      0   0.00   0.00      0   0.00    0.6  0.168    0.0  0.000      0      0      0      0      0
11/27/1990    180      0    175      5      0     71      0     34      0      0      0      0      0   0.00   0.00      0   0.00    0.6  0.168    0.0  0.000      0      0      0      0      0
11/28/1990    192      0    188      4      0     68      0     24      0      0      0      0      0   0.00   0.00      0   0.00    0.6  0.168    0.0  0.000      0      0      0      0      0
11/29/1990    199      0    199      0      0     67      0     14      0      0      0      0      0   0.00   0.00      0   0.00    0.6  0.168    0.0  0.000      0      0      0      0      0
11/30/1990    206      0    206      0      0     69      0      5      0      0      0      0      0   0.00   0.00      0   0.00    0.6  0.168    0.0  0.000      0      0      0      0      0
12/01/1990    210      0    210      0      0     69      0      1      0      0      0      0      0   0.00   0.00      0   0.00    0.6  0.168    0.0  0.000      0      0      0      0      0
12/02/1990    210      0    210      0      0     70      0      0      0      0      0      0      0   0.00   0.00      0   0.00    0.5  0.168    0.0  0.000      0      0      0      0      0
12/03/1990    210      0    210      0      0     70      0      0      0      0      0      0      0   0.00   0.00      0   0.00    0.5  0.168    0.0  0.000      0      0      0      0      0
12/04/1990    210      0    210      0      0     70      0      0      0      0      0      0      0   0.00   0.00      0   0.00    0.5  0.168    0.0  0.000      0      0      0      0      0
12/05/1990    210      0    210      0      0     70      0      0      0      0      0      0      0   0.00   0.00      0   0.00    0.5  0.168    0.0  0.000      0      0      0      0      0
12/06/1990    210      0    210      0      0     70      0      0      0      0      0      0      0   0.00   0.00      0   0.00    0.5  0.168    0.0  0.000      0      0      0      0      0
12/07/1990    213      0    212      1      0     66      0      0      0      0      0      0      0   0.00   0.00      0   0.00    0.5  0.168    0.0  0.000      0      0      0      0      0
12/08/1990    219      0    213      6      0     58      0      0      0      0      0      0      0   0.00   0.00      0   0.00    0.5  0.168    0.0  0.000      0      0      0      0      0
12/09/1990    228      0    210     18      0     47      0      0      0      0      0      0      0   0.00   0.00      0   0.00    0.5  0.168    0.0  0.000      0      0      0      0      0
12/10/1990    238      0    203     35      0     34      0      0      0      0      0      0      0   0.00   0.00      0   0.00    0.5  0.168    0.0  0.000      0      0      0      0      0
12/11/1990    244      0    192     52      0     24      0      0      0      2      0      0      0   0.00   0.00      0   0.00    0.5  0.168    0.0  0.000      0      0      0      0      0
12/12/1990    250      0    182     68      0     14      0      0      0      5      0      0      0   0.00   0.00      0   0.00    0.5  0.168    0.0  0.000      0      0      0      0      0
12/13/1990    255      0    176     79      0      5      0      0      0      9      0      0      0   0.00   0.00      0   0.00    0.5  0.167    0.0  0.000      0      0      0      0      0
12/14/1990    255      0    168     87      0      1      0      2      0      8      0      0      0   0.00   0.00      0   0.00    0.5  0.167    0.0  0.000      0      0      0      0      0
12/15/1990    253      0    155     98      0      0      0      5      0      8      0      0      0   0.00   0.00      0   0.00    0.5  0.167    0.0  0.000      0      0      0      0      0
12/16/1990    250      0    138    112      0      0      0      9      0      7      0      0      0   0.00   0.00      0   0.00    0.5  0.167    0.0  0.000      0      0      0      0      0
12/17/1990    247      0    120    127      0      0      0     10      0     10      0      0      0   0.00   0.00      0   0.00    0.5  0.167    0.0  0.000      0      0      0      0      0
12/18/1990    244      0    105    139      0      0      0     13      0     12      0      0      0   0.00   0.00      0   0.00    0.5  0.167    0.0  0.000      0      0      0      0      0
12/19/1990    241      0     92    149      0      2      0     14      0     14      0      0      0   0.00   0.00      0   0.00    0.5  0.167    0.0  0.000      0      0      0      0      0
12/20/1990    238      0     81    157      0      5      0     15      0     11      0      0      0   0.00   0.00      0   0.00    0.5  0.167    0.0  0.000      0      0      0      0      0
12/21/1990    235      0     74    161      0      9      0     16      0      6      0      0      0   0.00   0.00      0   0.00    0.5  0.167    0.0  0.000      0      0      0      0      0
12/22/1990    232      0     70    162      0     10      0     20      0      1      0      0      0   0.00   0.00      0   0.00    0.5  0.167    0.0  0.000      0      0      0      0      0
12/23/1990    230      0     70    160      0     13      0     18      0      0      0      0      0   0.00   0.00      0   0.00    0.5  0.167    0.0  0.000      0      0      0      0      0
12/24/1990    228      0     70    158      0     16      0     15      0      0      0      0      0   0.00   0.00      0   0.00    0.5  0.167    0.0  0.000      0      0      0      0      0
12/25/1990    226      0     70    156      0     20      0     11      0      0      0      0      0   0.00   0.00      0   0.00    0.5  0.167    0.0  0.000      0      0      0      0      0
12/26/1990    224      0     70    154      0     25      0      6      0      2      0      0      0   0.00   0.00      0   0.00    0.5  0.167    0.0  0.000      0      0      0      0      0
12/27/1990    222      0     70    152      0     30      0      1      0      5      0      0      0   0.00   0.00      0   0.00    0.5  0.167    0.0  0.000      0      0      0      0      0
12/28/1990    220      0     66    154      0     31      0      0      0      9      0      0      0   0.00   0.00      0   0.00    0.5  0.167    0.0  0.000      0      0      0      0      0
12/29/1990    218      0     58    160      0     31      0      2      0      8      0      0      0   0.00   0.00      0   0.00    0.5  0.167    0.0  0.000      0      0      0      0      0
12/30/1990    217      0     47    170      0     31      0      5      0      7      0      0      0   0.00   0.00      0   0.00    0.5  0.167    0.0  0.000      0      0      0      0      0
12/31/1990    216      0     34    182      0     31      0      9      0      6      0      0      0   0.00   0.00      0   0.00    0.5  0.167    0.0  0.000      0      0      0      0      0
