Varroa Population Simulation - Nov 23,2015  02:37:57 PM
VarroaPop Version 3.2.5.8  June, 2015

                                        Capped  Capped                                                                      Prop           Conc          Conc                                     
            Colony  Adult  Adult         Drone   Wkr    Drone  Wkr    Drone  Wkr  Free   DBrood WBrood DMite  WMite  Mites  Mites  Colony Pollen Colony Nectar   Dead   Dead   Dead   Dead   Dead
     Date   Size   Drones   Wkr   Forgrs Brood  Brood   Larv   Larv    Eggs  Eggs Mites  Mites  Mites  /Cell  /Cell  Dying  Dying  Pollen  Pest  Nectar  Pest    DLarv  WLarv  DAdlt  WAdlt  Forgrs
Initial     10000      0   6174   3826      0      0      0      0      0      0      0      0      0   0.00   0.00      0   0.00    0.0  0.000    0.0  0.000      0      0      0      0      0
08/01/1990   9706      0   5880   3826      0      0      0      0      5    799      0      0      0   0.00   0.00      0   0.00    0.1  0.000    0.0  0.000      0      0      0      0      0
08/02/1990   9412      0   5586   3826      0      0      0      0     10   1598      0      0      0   0.00   0.00      0   0.00    0.3  0.000    0.0  0.000      0      0      0      0      0
08/03/1990   9118      0   5292   3826      0      0      0      0     15   2395      0      0      0   0.00   0.00      0   0.00    0.4  0.000    0.0  0.000      0      0      0      0      0
08/04/1990   8824      0   4998   3826      0      0      5    799     15   2398      0      0      0   0.00   0.00      0   0.00    0.5  0.000    0.0  0.000      0      0      0      0      0
08/05/1990   8530      0   4704   3826      0      0     10   1598     15   2420      0      0      0   0.00   0.00      0   0.00    0.7  0.000    0.0  0.000      0      0      0      0      0
08/06/1990   8236      0   4410   3826      0      0     15   2395     15   2449      0      0      0   0.00   0.00      0   0.00    0.8  0.000    0.0  0.000      0      0      0      0      0
08/07/1990   7942      0   4116   3826      0      0     20   3197     15   2473      0      0      0   0.00   0.00      0   0.00    1.0  0.000    0.0  0.000      0      0      0      0      0
08/08/1990   7648      0   3822   3826      0      0     25   4018     15   2478      0      0      0   0.00   0.00      0   0.00    1.1  0.000    0.0  0.000      0      0      0      0      0
08/09/1990   7354      0   3528   3826      0    799     30   4045     15   2478      0      0      0   0.00   0.00      0   0.00    1.2  0.000    0.0  0.000      0      0      0      0      0
08/10/1990   7060      0   3234   3826      0   1598     35   4072     15   2478      0      0      0   0.00   0.00      0   0.00    1.4  0.000    0.0  0.000      0      0      0      0      0
08/11/1990   6766      0   2940   3826      5   2395     35   4101     15   2478      0      0      0   0.00   0.00      0   0.00    1.5  0.000    0.0  0.000      0      0      0      0      0
08/12/1990   6472      0   2646   3826     10   3197     35   4125     15   2476      0      0      0   0.00   0.00      0   0.00    1.7  0.000    0.0  0.000      0      0      0      0      0
08/13/1990   6174      0   2352   3822     15   4018     35   4130     15   2454      0      0      0   0.00   0.00      0   0.00    1.8  0.000    0.0  0.000      0      0      0      0      0
08/14/1990   5880      0   2058   3822     20   4844     35   4130     14   2390      0      0      0   0.00   0.00      0   0.00    2.0  0.000    0.0  0.000      0      0      0      0      0
08/15/1990   5586      0   1764   3822     25   5670     35   4128     13   2274      0      0      0   0.00   0.00      0   0.00    2.1  0.000    0.0  0.000      0      0      0      0      0
08/16/1990   5292      0   1470   3822     30   6496     35   4106     12   2193      0      0      0   0.00   0.00      0   0.00    2.3  0.000    0.0  0.000      0      0      0      0      0
08/17/1990   4998      0   1176   3822     35   7322     34   4042     12   2168      0      0      0   0.00   0.00      0   0.00    2.4  0.000    0.0  0.000      0      0      0      0      0
08/18/1990   4704      0    882   3822     40   8148     33   3924     12   2144      0      0      0   0.00   0.00      0   0.00    2.6  0.000    0.0  0.000      0      0      0      0      0
08/19/1990   4410      0    588   3822     45   8974     32   3821     12   2103      0      0      0   0.00   0.00      0   0.00    2.8  0.000    0.0  0.000      0      0      0      0      0
08/20/1990   4116      0    294   3822     50   9798     31   3734     12   2084      0      0      0   0.00   0.00      0   0.00    2.9  0.000    0.0  0.000      0      0      0      0      0
08/21/1990   3822      0      0   3822     55  10602     30   3614     12   2129      0      0      0   0.00   0.00      0   0.00    3.1  0.000    0.0  0.000      0      0      0      0      0
08/22/1990   4327      0    799   3528     60  10565     29   3534     12   2208      0      0      0   0.00   0.00      0   0.00    3.2  0.000    0.0  0.000      0      0      0      0      0
08/23/1990   4832      0   1598   3234     65  10474     28   3544     12   2237      0      0      0   0.00   0.00      0   0.00    3.4  0.000    0.0  0.000      0      0      0      0      0
08/24/1990   5335      0   2395   2940     69  10400     28   3550     10   2154      0      0      0   0.00   0.00      0   0.00    3.5  0.000    0.0  0.000      0      0      0      0      0
08/25/1990   5848      5   3197   2646     68  10335     28   3574      7   1961      0      0      0   0.00   0.00      0   0.00    3.6  0.000    0.0  0.000      0      0      0      0      0
08/26/1990   6380     10   4018   2352     67  10198     28   3637      4   1772      0      0      0   0.00   0.00      0   0.00    3.7  0.000    0.0  0.000      0      0      0      0      0
08/27/1990   6917     15   4844   2058     66  10054     26   3601      2   1678      0      0      0   0.00   0.00      0   0.00    3.7  0.000    0.0  0.000      0      0      0      0      0
08/28/1990   7454     20   5670   1764     65   9946     23   3451      1   1638      0      0      0   0.00   0.00      0   0.00    3.8  0.000    0.0  0.000      0      0      0      0      0
08/29/1990   7991     25   6496   1470     64   9849     20   3280      0   1577      0      0      0   0.00   0.00      0   0.00    3.8  0.000    0.0  0.000      0      0      0      0      0
08/30/1990   8528     30   7322   1176     63   9784     16   3071      0   1450      0      0      0   0.00   0.00      0   0.00    3.8  0.000    0.0  0.000      0      0      0      0      0
08/31/1990   9065     35   8148    882     62   9705     12   2852      0   1284      0      0      0   0.00   0.00      0   0.00    3.8  0.000    0.0  0.000      0      0      0      0      0
09/01/1990   9602     40   8974    588     61   9525      8   2703      0   1091      0      0      0   0.00   0.00      0   0.00    3.8  0.000    0.0  0.000      0      0      0      0      0
09/02/1990  10431     45   9798    588     60   9269      4   2560      0    889      0      0      0   0.00   0.00      0   0.00    3.7  0.000    0.0  0.000      0      0      0      0      0
09/03/1990  10946     50  10602    294     57   9023      2   2364      0    748      0      0      0   0.00   0.00      0   0.00    3.7  0.000    0.0  0.000      0      0      0      0      0
09/04/1990  11419     55  11364      0     53   8813      1   2116      0    566      0      0      0   0.00   0.00      0   0.00    3.6  0.000    0.0  0.000      0      0      0      0      0
09/05/1990  12132     60  12072      0     49   8633      0   1811      0    343      0      0      0   0.00   0.00      0   0.00    3.5  0.000    0.0  0.000      0      0      0      0      0
09/06/1990  12860     65  12795      0     44   8407      0   1535      0    122      0      0      0   0.00   0.00      0   0.00    3.5  0.000    0.0  0.000      0      0      0      0      0
09/07/1990  13601     69  13532      0     40   8095      0   1232      0      0      0      0      0   0.00   0.00      0   0.00    3.4  0.000    0.0  0.000      0      0      0      0      0
09/08/1990  14289     73  14216      0     36   7773      0    870      0      0      0      0      0   0.00   0.00      0   0.00    3.3  0.000    0.0  0.000      0      0      0      0      0
09/09/1990  14975     77  14898      0     32   7395      0    566      0      0      0      0      0   0.00   0.00      0   0.00    3.2  0.000    0.0  0.000      0      0      0      0      0
09/10/1990  15697     81  15616      0     28   6900      0    343      0      0      0      0      0   0.00   0.00      0   0.00    3.0  0.000    0.0  0.000      0      0      0      0      0
09/11/1990  16430     85  16345      0     24   6392      0    122      0      0      0      0      0   0.00   0.00      0   0.00    2.9  0.000    0.0  0.000      0      0      0      0      0
09/12/1990  17195     89  16307    799     20   5753      0      0      0      0      0      0      0   0.00   0.00      0   0.00    2.9  0.000    0.0  0.000      0      0      0      0      0
09/13/1990  17946     93  16255   1598     16   5006      0      0      0    284      0      0      0   0.00   0.00      0   0.00    2.8  0.000    0.0  0.000      0      0      0      0      0
09/14/1990  18596     97  16104   2395     12   4360      0      0      0    713      0      0      0   0.00   0.00      0   0.00    2.8  0.000    0.0  0.000      0      0      0      0      0
09/15/1990  19163     96  15870   3197      8   3792      0      0      0   1257      0      0      0   0.00   0.00      0   0.00    2.9  0.000    0.0  0.000      0      0      0      0      0
09/16/1990  19720     95  15607   4018      4   3234      0    284      2   1610      0      0      0   0.00   0.00      0   0.00    2.9  0.000    0.0  0.000      0      0      0      0      0
09/17/1990  20269     92  15333   4844      2   2682      0    713      6   1912      0      0      0   0.00   0.00      0   0.00    3.0  0.000    0.0  0.000      0      0      0      0      0
09/18/1990  20793     88  15035   5670      1   2154      0   1257     11   2151      0      0      0   0.00   0.00      0   0.00    3.2  0.000    0.0  0.000      0      0      0      0      0
09/19/1990  21286     84  14706   6496      0   1657      2   1894     16   2343      0      0      0   0.00   0.00      0   0.00    3.4  0.000    0.0  0.000      0      0      0      0      0
09/20/1990  21706     79  14305   7322      0   1232      6   2625     21   2543      0      0      0   0.00   0.00      0   0.00    3.6  0.000    0.0  0.000      0      0      0      0      0
09/21/1990  22063     74  13841   8148      0   1154     11   3124     27   2746      0      0      0   0.00   0.00      0   0.00    3.9  0.000    0.0  0.000      0      0      0      0      0
09/22/1990  22362     69  13319   8974      0   1279     18   3524     31   2885      0      0      0   0.00   0.00      0   0.00    4.2  0.000    0.0  0.000      0      0      0      0      0
09/23/1990  22580     64  12718   9798      0   1600     27   3911     33   2900      0      0      0   0.00   0.00      0   0.00    4.5  0.000    0.0  0.000      0      0      0      0      0
09/24/1990  22796     59  12135  10602      0   2016     38   4260     35   2947      0      0      0   0.00   0.00      0   0.00    4.9  0.000    0.0  0.000      0      0      0      0      0
09/25/1990  22114     54  11495  10565      0   2625     49   4497     39   3033      0      0      0   0.00   0.00      0   0.00    5.3  0.000    0.0  0.000      0      0      0      0      0
09/26/1990  21310     49  10787  10474      2   3408     58   4660     43   3136      0      0      0   0.00   0.00      0   0.00    5.7  0.000    0.0  0.000      0      0      0      0      0
09/27/1990  20508     44  10064  10400      6   4237     67   4864     44   3153      0      0      0   0.00   0.00      0   0.00    6.1  0.000    0.0  0.000      0      0      0      0      0
09/28/1990  19702     40   9327  10335     11   5168     77   4987     44   3170      0      0      0   0.00   0.00      0   0.00    6.5  0.000    0.0  0.000      0      0      0      0      0
09/29/1990  18877     36   8643  10198     18   6154     85   5050     44   3240      0      0      0   0.00   0.00      0   0.00    6.9  0.000    0.0  0.000      0      0      0      0      0
09/30/1990  18047     32   7961  10054     27   7122     90   5132     46   3334      0      0      0   0.00   0.00      0   0.00    7.3  0.000    0.0  0.000      0      0      0      0      0
10/01/1990  17217     28   7243   9946     38   8068     94   5257     47   3410      0      0      0   0.00   0.00      0   0.00    7.7  0.000    0.0  0.000      0      0      0      0      0
10/02/1990  16387     24   6514   9849     49   9101     98   5343     46   3359      0      0      0   0.00   0.00      0   0.00    8.0  0.000    0.0  0.000      0      0      0      0      0
10/03/1990  15557     20   5753   9784     60  10155    103   5433     44   3287      0      0      0   0.00   0.00      0   0.00    8.4  0.000    0.0  0.000      0      0      0      0      0
10/04/1990  15011     16   5290   9705     73  10920    106   5531     44   3298      0      0      0   0.00   0.00      0   0.00    8.8  0.000    0.0  0.000      0      0      0      0      0
10/05/1990  14610     12   5073   9525     88  11541    105   5549     44   3294      0      0      0   0.00   0.00      0   0.00    9.2  0.000    0.0  0.000      0      0      0      0      0
10/06/1990  14326      8   5049   9269    103  12068    104   5550     42   3186      0      0      0   0.00   0.00      0   0.00    9.6  0.000    0.0  0.000      0      0      0      0      0
10/07/1990  14155      4   5128   9023    117  12550    106   5589     37   2909      0      0      0   0.00   0.00      0   0.00    9.9  0.000    0.0  0.000      0      0      0      0      0
10/08/1990  14122      2   5307   8813    132  12963    105   5509     34   2735      0      0      0   0.00   0.00      0   0.00   10.3  0.000    0.0  0.000      0      0      0      0      0
10/09/1990  14196      1   5562   8633    147  13327    102   5326     33   2711      0      0      0   0.00   0.00      0   0.00   10.7  0.000    0.0  0.000      0      0      0      0      0
10/10/1990  14303      2   5894   8407    161  13566     97   5139     33   2741      0      0      0   0.00   0.00      0   0.00   11.0  0.000    0.0  0.000      0      0      0      0      0
10/11/1990  14501      6   6400   8095    173  13707     92   4957     33   2755      0      0      0   0.00   0.00      0   0.00   11.3  0.000    0.0  0.000      0      0      0      0      0
10/12/1990  14808     11   7024   7773    182  13879     89   4739     33   2717      0      0      0   0.00   0.00      0   0.00   11.6  0.000    0.0  0.000      0      0      0      0      0
10/13/1990  15101     18   7688   7395    189  13975     86   4586     32   2683      0      0      0   0.00   0.00      0   0.00   11.9  0.000    0.0  0.000      0      0      0      0      0
10/14/1990  15338     27   8411   6900    196  13993     81   4526     31   2649      0      0      0   0.00   0.00      0   0.00   12.2  0.000    0.0  0.000      0      0      0      0      0
10/15/1990  15653     38   9223   6392    199  13841     78   4547     29   2604      0      0      0   0.00   0.00      0   0.00   12.4  0.000    0.0  0.000      0      0      0      0      0
10/16/1990  15957     49  10155   5753    200  13677     76   4534     27   2541      0      0      0   0.00   0.00      0   0.00   12.6  0.000    0.0  0.000      0      0      0      0      0
10/17/1990  16270     60  11204   5006    200  13568     75   4464     23   2447      0      0      0   0.00   0.00      0   0.00   12.8  0.000    0.0  0.000      0      0      0      0      0
10/18/1990  16687     73  12254   4360    198  13429     73   4410     19   2333      0      0      0   0.00   0.00      0   0.00   12.9  0.000    0.0  0.000      0      0      0      0      0
10/19/1990  17205     88  13325   3792    194  13262     70   4320     15   2137      0      0      0   0.00   0.00      0   0.00   13.0  0.000    0.0  0.000      0      0      0      0      0
10/20/1990  17781    103  14444   3234    190  13045     65   4194     12   1893      0      0      0   0.00   0.00      0   0.00   13.0  0.000    0.0  0.000      0      0      0      0      0
10/21/1990  18387    117  15588   2682    187  12778     59   4060      9   1689      0      0      0   0.00   0.00      0   0.00   13.0  0.000    0.0  0.000      0      0      0      0      0
10/22/1990  19021    132  16735   2154    183  12501     52   3808      6   1563      0      0      0   0.00   0.00      0   0.00   13.0  0.000    0.0  0.000      0      0      0      0      0
10/23/1990  19607    147  17803   1657    178  12290     45   3483      3   1475      0      0      0   0.00   0.00      0   0.00   13.0  0.000    0.0  0.000      0      0      0      0      0
10/24/1990  20270    163  18875   1232    172  12032     37   3208      1   1334      0      0      0   0.00   0.00      0   0.00   12.9  0.000    0.0  0.000      0      0      0      0      0
10/25/1990  21082    179  19749   1154    165  11650     29   2924      0   1175      0      0      0   0.00   0.00      0   0.00   12.8  0.000    0.0  0.000      0      0      0      0      0
10/26/1990  21856    193  20384   1279    159  11329     21   2625      0   1025      0      0      0   0.00   0.00      0   0.00   12.7  0.000    0.0  0.000      0      0      0      0      0
10/27/1990  22611    207  20804   1600    151  10983     15   2405      0    955      0      0      0   0.00   0.00      0   0.00   12.7  0.000    0.0  0.000      0      0      0      0      0
10/28/1990  23287    223  21048   2016    140  10634     10   2206      0    990      0      0      0   0.00   0.00      0   0.00   12.6  0.000    0.0  0.000      0      0      0      0      0
10/29/1990  24069    237  21207   2625    130  10283      6   1961      0   1114      0      0      0   0.00   0.00      0   0.00   12.6  0.000    0.0  0.000      0      0      0      0      0
10/30/1990  25021    249  21364   3408    121   9835      3   1797      0   1236      0      0      0   0.00   0.00      0   0.00   12.6  0.000    0.0  0.000      0      0      0      0      0
10/31/1990  25941    258  21446   4237    112   9368      1   1721      2   1362      0      0      0   0.00   0.00      0   0.00   12.6  0.000    0.0  0.000      0      0      0      0      0
11/01/1990  26844    265  21419   5160    102   8862      0   1741      4   1394      0      0      0   0.00   0.00      0   0.00   12.7  0.000    0.0  0.000      0      0      0      0      0
11/02/1990  27743    271  21335   6137     91   8293      0   1858      7   1403      0      0      0   0.00   0.00      0   0.00   12.9  0.000    0.0  0.000      0      0      0      0      0
11/03/1990  28614    275  21244   7095     80   7710      2   2058     10   1434      0      0      0   0.00   0.00      0   0.00   13.0  0.000    0.0  0.000      0      0      0      0      0
11/04/1990  29475    277  21168   8030     69   7168      4   2180     14   1600      0      0      0   0.00   0.00      0   0.00   13.2  0.000    0.0  0.000      0      0      0      0      0
11/05/1990  30320    277  20992   9051     58   6679      7   2271     18   1809      0      0      0   0.00   0.00      0   0.00   13.5  0.000    0.0  0.000      0      0      0      0      0
11/06/1990  31120    276  20752  10092     48   6283     12   2378     20   1872      0      0      0   0.00   0.00      0   0.00   13.8  0.000    0.0  0.000      0      0      0      0      0
11/07/1990  31604    275  20479  10850     38   5957     18   2544     22   1859      0      0      0   0.00   0.00      0   0.00   14.2  0.000    0.0  0.000      0      0      0      0      0
11/08/1990  31908    271  20172  11465     29   5708     25   2718     25   1894      0      0      0   0.00   0.00      0   0.00   14.5  0.000    0.0  0.000      0      0      0      0      0
11/09/1990  31970    264  19719  11987     21   5540     32   2856     29   2060      0      0      0   0.00   0.00      0   0.00   14.9  0.000    0.0  0.000      0      0      0      0      0
11/10/1990  31852    255  19132  12465     17   5467     38   3000     32   2241      0      0      0   0.00   0.00      0   0.00   15.4  0.000    0.0  0.000      0      0      0      0      0
11/11/1990  31648    246  18527  12875     14   5453     46   3178     34   2365      0      0      0   0.00   0.00      0   0.00   15.8  0.000    0.0  0.000      0      0      0      0      0
11/12/1990  31344    235  17872  13237     13   5577     54   3316     36   2488      0      0      0   0.00   0.00      0   0.00   16.3  0.000    0.0  0.000      0      0      0      0      0
11/13/1990  30946    223  17248  13475     15   5801     60   3432     39   2619      0      0      0   0.00   0.00      0   0.00   16.8  0.000    0.0  0.000      0      0      0      0      0
11/14/1990  30399    209  16574  13616     19   5991     66   3671     39   2590      0      0      0   0.00   0.00      0   0.00   17.3  0.000    0.0  0.000      0      0      0      0      0
11/15/1990  29731    194  15749  13788     25   6261     72   3945     37   2475      0      0      0   0.00   0.00      0   0.00   17.8  0.000    0.0  0.000      0      0      0      0      0
11/16/1990  29043    180  14979  13884     32   6670     79   4157     36   2402      0      0      0   0.00   0.00      0   0.00   18.3  0.000    0.0  0.000      0      0      0      0      0
11/17/1990  28411    166  14343  13902     40   7096     83   4201     38   2489      0      0      0   0.00   0.00      0   0.00   18.8  0.000    0.0  0.000      0      0      0      0      0
11/18/1990  27730    150  13830  13750     50   7512     84   4179     40   2552      0      0      0   0.00   0.00      0   0.00   19.3  0.000    0.0  0.000      0      0      0      0      0
11/19/1990  27080    136  13358  13586     61   7921     86   4194     40   2551      0      0      0   0.00   0.00      0   0.00   19.8  0.000    0.0  0.000      0      0      0      0      0
11/20/1990  27505    124  12868  14513     72   8348     89   4202     36   2282      0      0      0   0.00   0.00      0   0.00   20.4  0.000    0.0  0.000      0      0      0      0      0
11/21/1990  26940    113  12451  14376     84   8769     90   4112     32   2008      0      0      0   0.00   0.00      0   0.00   20.9  0.000    0.0  0.000      0      0      0      0      0
11/22/1990  25272    102  11997  13173     97   9117     90   4155     28   1756      0      0      0   0.00   0.00      0   0.00   21.4  0.000    0.0  0.000      0      0      0      0      0
11/23/1990  24601     91  11554  12956    111   9420     86   4009     27   1718      0      0      0   0.00   0.00      0   0.00   21.9  0.000    0.0  0.000      0      0      0      0      0
11/24/1990  23973     82  11202  12689    121   9737     83   3718     27   1752      0      0      0   0.00   0.00      0   0.00   22.4  0.000    0.0  0.000      0      0      0      0      0
11/25/1990  24566     73  10948  13545    130  10006     81   3422     28   1812      0      0      0   0.00   0.00      0   0.00   22.3  0.000    0.0  0.000      0      0      0      0      0
11/26/1990  25212     65  10759  14388    140  10163     77   3175     25   1681      0      0      0   0.00   0.00      0   0.00   22.3  0.000    0.0  0.000      0      0      0      0      0
11/27/1990  25780     60  10533  15187    149  10416     72   2919     22   1503      0      0      0   0.00   0.00      0   0.00   22.2  0.000    0.0  0.000      0      0      0      0      0
11/28/1990  26364     56  10360  15948    156  10429     69   2952     20   1342      0      0      0   0.00   0.00      0   0.00   22.8  0.000    0.0  0.000      0      0      0      0      0
11/29/1990  24868     54  10320  14494    162  10277     62   2848     24   1475      0      0      0   0.00   0.00      0   0.00   23.4  0.000    0.0  0.000      0      0      0      0      0
11/30/1990  24550     53  10456  14041    165  10112     58   2666     27   1647      0      0      0   0.00   0.00      0   0.00   24.0  0.000    0.0  0.000      0      0      0      0      0
12/01/1990  25321     55  10708  14558    166   9906     57   2576     26   1635      0      0      0   0.00   0.00      0   0.00   24.6  0.000    0.0  0.000      0      0      0      0      0
12/02/1990  26138     60  10996  15082    165   9664     58   2571     22   1463      0      0      0   0.00   0.00      0   0.00   24.5  0.000    0.0  0.000      0      0      0      0      0
12/03/1990  25867     67  11381  14419    163   9436     58   2501     20   1353      0      0      0   0.00   0.00      0   0.00   25.1  0.000    0.0  0.000      0      0      0      0      0
12/04/1990  25729     75  11852  13802    161   8968     56   2530     21   1386      0      0      0   0.00   0.00      0   0.00   25.6  0.000    0.0  0.000      0      0      0      0      0
12/05/1990  26522     85  12252  14185    159   8577     52   2531     21   1385      0      0      0   0.00   0.00      0   0.00   25.5  0.000    0.0  0.000      0      0      0      0      0
12/06/1990  26336     97  12681  13558    152   8303     53   2512     21   1411      0      0      0   0.00   0.00      0   0.00   26.1  0.000    0.0  0.000      0      0      0      0      0
12/07/1990  25443    111  13229  12103    144   8041     55   2441     21   1429      0      0      0   0.00   0.00      0   0.00   26.5  0.000    0.0  0.000      0      0      0      0      0
12/08/1990  25402    123  13786  11493    140   7735     53   2269     22   1523      0      0      0   0.00   0.00      0   0.00   26.9  0.000    0.0  0.000      0      0      0      0      0
12/09/1990  25329    134  14243  10952    139   7386     50   2288     22   1541      0      0      0   0.00   0.00      0   0.00   27.3  0.000    0.0  0.000      0      0      0      0      0
12/10/1990  25282    147  14666  10469    135   6953     49   2407     23   1672      0      0      0   0.00   0.00      0   0.00   27.7  0.000    0.0  0.000      0      0      0      0      0
12/11/1990  25013    161  14832  10020    128   6806     49   2439     24   1814      0      0      0   0.00   0.00      0   0.00   28.1  0.000    0.0  0.000      0      0      0      0      0
12/12/1990  25562    174  14889  10499    121   6764     50   2443     24   1878      0      0      0   0.00   0.00      0   0.00   28.0  0.000    0.0  0.000      0      0      0      0      0
12/13/1990  26149    187  15028  10934    115   6582     52   2694     21   1732      0      0      0   0.00   0.00      0   0.00   28.4  0.000    0.0  0.000      0      0      0      0      0
12/14/1990  26722    197  15147  11378    113   6499     52   2842     16   1326      0      0      0   0.00   0.00      0   0.00   28.3  0.000    0.0  0.000      0      0      0      0      0
12/15/1990  27298    204  15207  11887    110   6441     53   2892     13   1055      0      0      0   0.00   0.00      0   0.00   28.1  0.000    0.0  0.000      0      0      0      0      0
12/16/1990  27938    211  15240  12487    108   6293     52   2903     11    823      0      0      0   0.00   0.00      0   0.00   28.0  0.000    0.0  0.000      0      0      0      0      0
12/17/1990  28374    217  15019  13138    107   6359     47   2627     13    914      0      0      0   0.00   0.00      0   0.00   27.9  0.000    0.0  0.000      0      0      0      0      0
12/18/1990  28768    221  14838  13709    105   6610     44   2275     14    984      0      0      0   0.00   0.00      0   0.00   27.8  0.000    0.0  0.000      0      0      0      0      0
12/19/1990  29243    225  14723  14295    102   6765     41   1912     15   1037      0      0      0   0.00   0.00      0   0.00   27.7  0.000    0.0  0.000      0      0      0      0      0
12/20/1990  29804    224  14600  14980    105   6762     37   1663     11    822      0      0      0   0.00   0.00      0   0.00   27.6  0.000    0.0  0.000      0      0      0      0      0
12/21/1990  30364    223  14425  15716    107   6695     34   1527      6    446      0      0      0   0.00   0.00      0   0.00   27.5  0.000    0.0  0.000      0      0      0      0      0
12/22/1990  30821    223  14117  16481    106   6456     32   1623      1    113      0      0      0   0.00   0.00      0   0.00   27.4  0.000    0.0  0.000      0      0      0      0      0
12/23/1990  31210    223  13698  17289    102   6354     27   1430      0      0      0      0      0   0.00   0.00      0   0.00   27.3  0.000    0.0  0.000      0      0      0      0      0
12/24/1990  31657    221  13290  18146     96   6165     24   1150      0      0      0      0      0   0.00   0.00      0   0.00   27.2  0.000    0.0  0.000      0      0      0      0      0
12/25/1990  32141    217  12884  19040     93   5984     20    822      0     70      0      0      0   0.00   0.00      0   0.00   27.1  0.000    0.0  0.000      0      0      0      0      0
12/26/1990  32521    211  12493  19817     91   5953     16    446      2    239      0      0      0   0.00   0.00      0   0.00   27.0  0.000    0.0  0.000      0      0      0      0      0
12/27/1990  32988    205  12226  20557     89   5791     11    113      6    477      0      0      0   0.00   0.00      0   0.00   27.0  0.000    0.0  0.000      0      0      0      0      0
12/28/1990  33487    199  11911  21377     86   5377      6     70     11    684      0      0      0   0.00   0.00      0   0.00   26.9  0.000    0.0  0.000      0      0      0      0      0
12/29/1990  33959    193  11527  22239     85   4876      3    239     10    636      0      0      0   0.00   0.00      0   0.00   26.8  0.000    0.0  0.000      0      0      0      0      0
12/30/1990  34445    189  11215  23041     79   4363      6    477     10    606      0      0      0   0.00   0.00      0   0.00   26.7  0.000    0.0  0.000      0      0      0      0      0
12/31/1990  35074    184  11032  23858     71   3705     11    754      9    547      0      0      0   0.00   0.00      0   0.00   26.6  0.000    0.0  0.000      0      0      0      0      0
