Varroa Population Simulation - Nov 23,2015  02:36:14 PM
VarroaPop Version 3.2.5.8  June, 2015

                                        Capped  Capped                                                                      Prop           Conc          Conc                                     
            Colony  Adult  Adult         Drone   Wkr    Drone  Wkr    Drone  Wkr  Free   DBrood WBrood DMite  WMite  Mites  Mites  Colony Pollen Colony Nectar   Dead   Dead   Dead   Dead   Dead
     Date   Size   Drones   Wkr   Forgrs Brood  Brood   Larv   Larv    Eggs  Eggs Mites  Mites  Mites  /Cell  /Cell  Dying  Dying  Pollen  Pest  Nectar  Pest    DLarv  WLarv  DAdlt  WAdlt  Forgrs
Initial     10000      0   6762   3238      0      0      0      0      0      0      0      0      0   0.00   0.00      0   0.00    0.0  0.000    0.0  0.000      0      0      0      0      0
08/01/1990   9678      0   6440   3238      0      0      0      0      1    367      0      0      0   0.00   0.00      0   0.00    0.1  0.000    0.0  0.000      0      0      0      0      0
08/02/1990   9356      0   6118   3238      0      0      0      0      2    734      0      0      0   0.00   0.00      0   0.00    0.2  0.000    0.0  0.000      0      0      0      0      0
08/03/1990   9034      0   5796   3238      0      0      0      0      3   1100      0      0      0   0.00   0.00      0   0.00    0.3  0.000    0.0  0.000      0      0      0      0      0
08/04/1990   8712      0   5474   3238      0      0      1    367      3   1101      0      0      0   0.00   0.00      0   0.00    0.4  0.000    0.0  0.000      0      0      0      0      0
08/05/1990   8390      0   5152   3238      0      0      2    734      3   1111      0      0      0   0.00   0.00      0   0.00    0.5  0.000    0.0  0.000      0      0      0      0      0
08/06/1990   8068      0   4830   3238      0      0      3   1100      3   1124      0      0      0   0.00   0.00      0   0.00    0.6  0.000    0.0  0.000      0      0      0      0      0
08/07/1990   7746      0   4508   3238      0      0      4   1468      3   1135      0      0      0   0.00   0.00      0   0.00    0.7  0.000    0.0  0.000      0      0      0      0      0
08/08/1990   7424      0   4186   3238      0      0      5   1845      3   1137      0      0      0   0.00   0.00      0   0.00    0.9  0.000    0.0  0.000      0      0      0      0      0
08/09/1990   7102      0   3864   3238      0    367      6   1857      3   1137      0      0      0   0.00   0.00      0   0.00    1.0  0.000    0.0  0.000      0      0      0      0      0
08/10/1990   6762      0   3542   3220      0    734      7   1869      3   1137      0      0      0   0.00   0.00      0   0.00    1.1  0.000    0.0  0.000      0      0      0      0      0
08/11/1990   1171      0   1111     60      1   1100      3   1204      3   1137      0      0      0   0.00   0.00      0   0.00    1.2  0.518    0.0  0.000      4    678      0   2104   3150
08/12/1990   1084      0   1010     74      1   1118      3   1368      2    773      0      0      0   0.00   0.00      0   0.00    1.2  0.518    0.0  0.000      1    197      0      0     81
08/13/1990   1000      0    909     91      1   1167      3   1516      1    411      0      0      0   0.00   0.00      0   0.00    1.2  0.518    0.0  0.000      1    182      0      0     78
08/14/1990    919      0    808    111      1   1349      3   1537      0     53      0      0      0   0.00   0.00      0   0.00    1.2  0.520    0.0  0.000      1    176      0      0     75
08/15/1990    840      0    707    133      1   1546      2   1185      0     61      0      0      0   0.00   0.00      0   0.00    1.2  0.524    0.0  0.000      1    170      0      0     73
08/16/1990    764      0    606    158      1   1749      1    835      0     72      0      0      0   0.00   0.00      0   0.00    1.2  0.530    0.0  0.000      1    164      0      0     70
08/17/1990    690      0    505    185      1   1958      0    489      0     85      0      0      0   0.00   0.00      0   0.00    1.2  0.538    0.0  0.000      1    158      0      0     68
08/18/1990    617      0    404    213      1   2173      0    290      0     98      0      0      0   0.00   0.00      0   0.00    1.2  0.546    0.0  0.000      0      7      0      0     67
08/19/1990    611      0    303    308      1   2394      0     97      0    111      0      0      0   0.00   0.00      0   0.00    1.2  0.541    0.0  0.000      0      0      0      0      0
08/20/1990    605      0    202    403      1   2402      0    123      0    138      0      0      0   0.00   0.00      0   0.00    1.3  0.533    0.0  0.000      0      0      0      0      0
08/21/1990    599      0    101    498      1   2419      0    142      0    181      0      0      0   0.00   0.00      0   0.00    1.3  0.524    0.0  0.000      0      0      0      0      0
08/22/1990    946      0    367    579      1   2073      0    162      0    238      0      0      0   0.00   0.00      0   0.00    1.3  0.514    0.0  0.000      0      0      0      0      0
08/23/1990   1290      0    734    556      1   1729      0    200      0    290      0      0      0   0.00   0.00      0   0.00    1.3  0.506    0.0  0.000      0      0      0      0      0
08/24/1990   1630      0   1100    530      1   1391      0    251      0    310      0      0      0   0.00   0.00      0   0.00    1.3  0.499    0.0  0.000      0      0      0      0      0
08/25/1990   1621      1   1118    502      0   1407      0    315      0    300      0      0      0   0.00   0.00      0   0.00    1.4  0.493    0.0  0.000      0      0      0      0      0
08/26/1990   1639      1   1167    471      0   1394      0    392      0    274      0      0      0   0.00   0.00      0   0.00    1.4  0.487    0.0  0.000      0      0      0      0      0
08/27/1990   1788      1   1349    438      0   1253      0    450      0    263      0      0      0   0.00   0.00      0   0.00    1.4  0.483    0.0  0.000      0      0      0      0      0
08/28/1990   1951      1   1546    404      0   1117      0    477      0    260      0      0      0   0.00   0.00      0   0.00    1.4  0.479    0.0  0.000      0      0      0      0      0
08/29/1990   2053      1   1749    303      0    993      0    485      0    256      0      0      0   0.00   0.00      0   0.00    1.4  0.478    0.0  0.000      0      0      0      0      0
08/30/1990   2161      1   1958    202      0    882      0    475      0    230      0      0      0   0.00   0.00      0   0.00    1.4  0.478    0.0  0.000      0      0      0      0      0
08/31/1990   2275      1   2173    101      0    780      0    447      0    187      0      0      0   0.00   0.00      0   0.00    1.4  0.478    0.0  0.000      0      0      0      0      0
09/01/1990   2395      1   2394      0      0    658      0    431      0    126      0      0      0   0.00   0.00      0   0.00    1.4  0.478    0.0  0.000      0      0      0      0      0
09/02/1990   2403      1   2402      0      0    738      0    405      0     64      0      0      0   0.00   0.00      0   0.00    1.4  0.478    0.0  0.000      0      0      0      0      0
09/03/1990   2420      1   2419      0      0    808      0    360      0     22      0      0      0   0.00   0.00      0   0.00    1.3  0.478    0.0  0.000      0      0      0      0      0
09/04/1990   2441      1   2440      0      0    875      0    294      0      0      0      0      0   0.00   0.00      0   0.00    1.3  0.478    0.0  0.000      0      0      0      0      0
09/05/1990   2464      1   2463      0      0    937      0    209      0      0      0      0      0   0.00   0.00      0   0.00    1.3  0.478    0.0  0.000      0      0      0      0      0
09/06/1990   2492      1   2491      0      0    992      0    126      0      0      0      0      0   0.00   0.00      0   0.00    1.3  0.478    0.0  0.000      0      0      0      0      0
09/07/1990   2526      1   2525      0      0   1020      0     64      0      0      0      0      0   0.00   0.00      0   0.00    1.3  0.477    0.0  0.000      0      0      0      0      0
09/08/1990   2562      1   2561      0      0   1026      0     22      0      0      0      0      0   0.00   0.00      0   0.00    1.2  0.477    0.0  0.000      0      0      0      0      0
09/09/1990   2603      1   2602      0      0   1007      0      0      0      0      0      0      0   0.00   0.00      0   0.00    1.2  0.477    0.0  0.000      0      0      0      0      0
09/10/1990   2664      1   2663      0      0    946      0      0      0      0      0      0      0   0.00   0.00      0   0.00    1.2  0.477    0.0  0.000      0      0      0      0      0
09/11/1990   2743      1   2742      0      0    867      0      0      0      0      0      0      0   0.00   0.00      0   0.00    1.2  0.477    0.0  0.000      0      0      0      0      0
09/12/1990   2841      1   2473    367      0    769      0      0      0      0      0      0      0   0.00   0.00      0   0.00    1.2  0.477    0.0  0.000      0      0      0      0      0
09/13/1990   2954      1   2219    734      0    656      0      0      0     75      0      0      0   0.00   0.00      0   0.00    1.2  0.470    0.0  0.000      0      0      0      0      0
09/14/1990   3053      1   1952   1100      0    557      0      0      0    199      0      0      0   0.00   0.00      0   0.00    1.2  0.456    0.0  0.000      0      0      0      0      0
09/15/1990   3140      0   2022   1118      0    469      0      0      0    364      0      0      0   0.00   0.00      0   0.00    1.3  0.444    0.0  0.000      0      0      0      0      0
09/16/1990   3227      0   2060   1167      0    382      0     75      0    456      0      0      0   0.00   0.00      0   0.00    1.3  0.431    0.0  0.000      0      0      0      0      0
09/17/1990   3315      0   1966   1349      0    294      0    199      0    508      0      0      0   0.00   0.00      0   0.00    1.4  0.416    0.0  0.000      0      0      0      0      0
09/18/1990   3400      0   1854   1546      0    209      0    364      0    534      0      0      0   0.00   0.00      0   0.00    1.4  0.399    0.0  0.000      0      0      0      0      0
09/19/1990   3483      0   1734   1749      0    126      0    531      0    573      0      0      0   0.00   0.00      0   0.00    1.5  0.380    0.0  0.000      0      0      0      0      0
09/20/1990   3545      0   1587   1958      0     64      0    707      0    634      0      0      0   0.00   0.00      0   0.00    1.6  0.361    0.0  0.000      0      0      0      0      0
09/21/1990   3587      0   1414   2173      0     97      0    823      0    698      0      0      0   0.00   0.00      0   0.00    1.7  0.342    0.0  0.000      0      0      0      0      0
09/22/1990   3242      0   1215   2027      0    199      0    905      0    748      0      0      0   0.00   0.00      0   0.00    1.7  0.325    0.0  0.000      0      0      0      0      0
09/23/1990   2875      0   1207   1668      0    364      0    977      0    742      0      0      0   0.00   0.00      0   0.00    1.8  0.314    0.0  0.000      0      0      0      0      0
09/24/1990   2509      0   1190   1319      0    531      0   1065      0    703      0      0      0   0.00   0.00      0   0.00    1.9  0.305    0.0  0.000      0      0      0      0      0
09/25/1990   2491      0   1169   1322      0    707      0   1145      0    631      0      0      0   0.00   0.00      0   0.00    1.9  0.297    0.0  0.000      0      0      0      0      0
09/26/1990   2442      0   1146   1296      0    898      0   1185      0    583      0      0      0   0.00   0.00      0   0.00    2.0  0.290    0.0  0.000      0      0      0      0      0
09/27/1990   2260      0   1118   1142      0   1104      0   1195      0    548      0      0      0   0.00   0.00      0   0.00    2.0  0.284    0.0  0.000      0      0      0      0      0
09/28/1990   2063      0   1084    979      0   1341      0   1142      0    534      0      0      0   0.00   0.00      0   0.00    2.0  0.279    0.0  0.000      0      0      0      0      0
09/29/1990   1860      0   1048    812      0   1596      0   1070      0    510      0      0      0   0.00   0.00      0   0.00    2.1  0.275    0.0  0.000      0      0      0      0      0
09/30/1990   1651      0   1007    644      0   1852      0    995      0    471      0      0      0   0.00   0.00      0   0.00    2.1  0.273    0.0  0.000      0      0      0      0      0
10/01/1990   1436      0    946    490      0   2083      0    934      0    421      0      0      0   0.00   0.00      0   0.00    2.1  0.271    0.0  0.000      0      0      0      0      0
10/02/1990   1215      0    867    348      0   2299      0    877      0    352      0      0      0   0.00   0.00      0   0.00    2.1  0.270    0.0  0.000      0      0      0      0      0
10/03/1990   1207      0    769    438      0   2483      0    835      0    278      0      0      0   0.00   0.00      0   0.00    2.1  0.268    0.0  0.000      0      0      0      0      0
10/04/1990   1265      0    731    534      0   2591      0    772      0    248      0      0      0   0.00   0.00      0   0.00    2.1  0.266    0.0  0.000      0      0      0      0      0
10/05/1990   1368      0    756    612      0   2648      0    681      0    255      0      0      0   0.00   0.00      0   0.00    2.1  0.263    0.0  0.000      0      0      0      0      0
10/06/1990   1510      0    833    677      0   2653      0    579      0    286      0      0      0   0.00   0.00      0   0.00    2.2  0.261    0.0  0.000      0      0      0      0      0
10/07/1990   1649      0    913    736      0   2645      0    510      0    295      0      0      0   0.00   0.00      0   0.00    2.2  0.257    0.0  0.000      0      0      0      0      0
10/08/1990   1791      0   1001    790      0   2611      0    465      0    305      0      0      0   0.00   0.00      0   0.00    2.2  0.254    0.0  0.000      0      0      0      0      0
10/09/1990   1946      0   1107    839      0   2540      0    444      0    327      0      0      0   0.00   0.00      0   0.00    2.3  0.250    0.0  0.000      0      0      0      0      0
10/10/1990   2111      0   1230    881      0   2424      0    453      0    352      0      0      0   0.00   0.00      0   0.00    2.3  0.247    0.0  0.000      0      0      0      0      0
10/11/1990   2287      0   1405    882      0   2255      0    492      0    374      0      0      0   0.00   0.00      0   0.00    2.3  0.243    0.0  0.000      0      0      0      0      0
10/12/1990   2463      0   1618    845      0   2090      0    523      0    383      0      0      0   0.00   0.00      0   0.00    2.4  0.240    0.0  0.000      0      0      0      0      0
10/13/1990   2621      0   1852    769      0   1931      0    550      0    383      0      0      0   0.00   0.00      0   0.00    2.4  0.238    0.0  0.000      0      0      0      0      0
10/14/1990   2739      0   2083    656      0   1799      0    580      0    372      0      0      0   0.00   0.00      0   0.00    2.4  0.236    0.0  0.000      0      0      0      0      0
10/15/1990   2856      0   2299    557      0   1682      0    611      0    348      0      0      0   0.00   0.00      0   0.00    2.4  0.235    0.0  0.000      0      0      0      0      0
10/16/1990   2952      0   2483    469      0   1605      0    628      0    314      0      0      0   0.00   0.00      0   0.00    2.4  0.234    0.0  0.000      0      0      0      0      0
10/17/1990   3048      0   2666    382      0   1543      0    625      0    275      0      0      0   0.00   0.00      0   0.00    2.4  0.234    0.0  0.000      0      0      0      0      0
10/18/1990   3141      0   2847    294      0   1486      0    607      0    236      0      0      0   0.00   0.00      0   0.00    2.4  0.234    0.0  0.000      0      0      0      0      0
10/19/1990   3226      0   3017    209      0   1445      0    568      0    193      0      0      0   0.00   0.00      0   0.00    2.4  0.234    0.0  0.000      0      0      0      0      0
10/20/1990   3302      0   3176    126      0   1416      0    517      0    146      0      0      0   0.00   0.00      0   0.00    2.4  0.234    0.0  0.000      0      0      0      0      0
10/21/1990   3382      0   3318     64      0   1398      0    460      0    101      0      0      0   0.00   0.00      0   0.00    2.4  0.234    0.0  0.000      0      0      0      0      0
10/22/1990   3460      0   3438     22      0   1396      0    389      0     65      0      0      0   0.00   0.00      0   0.00    2.3  0.234    0.0  0.000      0      0      0      0      0
10/23/1990   3528      0   3528      0      0   1412      0    315      0     36      0      0      0   0.00   0.00      0   0.00    2.3  0.234    0.0  0.000      0      0      0      0      0
10/24/1990   3596      0   3596      0      0   1434      0    247      0     14      0      0      0   0.00   0.00      0   0.00    2.3  0.234    0.0  0.000      0      0      0      0      0
10/25/1990   3686      0   3611     75      0   1423      0    179      0      3      0      0      0   0.00   0.00      0   0.00    2.3  0.234    0.0  0.000      0      0      0      0      0
10/26/1990   3783      0   3584    199      0   1393      0    115      0     13      0      0      0   0.00   0.00      0   0.00    2.3  0.234    0.0  0.000      0      0      0      0      0
10/27/1990   3882      0   3518    364      0   1341      0     68      0     48      0      0      0   0.00   0.00      0   0.00    2.2  0.234    0.0  0.000      0      0      0      0      0
10/28/1990   3981      0   3450    531      0   1274      0     36      0    107      0      0      0   0.00   0.00      0   0.00    2.2  0.234    0.0  0.000      0      0      0      0      0
10/29/1990   4088      0   3381    707      0   1189      0     27      0    174      0      0      0   0.00   0.00      0   0.00    2.3  0.233    0.0  0.000      0      0      0      0      0
10/30/1990   4209      0   3311    898      0   1079      0     51      0    232      0      0      0   0.00   0.00      0   0.00    2.3  0.231    0.0  0.000      0      0      0      0      0
10/31/1990   4333      0   3229   1104      0    958      0    107      0    280      0      0      0   0.00   0.00      0   0.00    2.3  0.229    0.0  0.000      0      0      0      0      0
11/01/1990   4454      0   3121   1333      0    829      0    187      0    302      0      0      0   0.00   0.00      0   0.00    2.3  0.225    0.0  0.000      0      0      0      0      0
11/02/1990   4575      0   2996   1579      0    699      0    280      0    316      0      0      0   0.00   0.00      0   0.00    2.4  0.220    0.0  0.000      0      0      0      0      0
11/03/1990   4689      0   2864   1825      0    588      0    374      0    337      0      0      0   0.00   0.00      0   0.00    2.4  0.215    0.0  0.000      0      0      0      0      0
11/04/1990   4725      0   2751   1974      0    505      0    441      0    390      0      0      0   0.00   0.00      0   0.00    2.5  0.209    0.0  0.000      0      0      0      0      0
11/05/1990   4701      0   2641   2060      0    458      0    489      0    450      0      0      0   0.00   0.00      0   0.00    2.6  0.203    0.0  0.000      0      0      0      0      0
11/06/1990   4621      0   2547   2074      0    448      0    537      0    466      0      0      0   0.00   0.00      0   0.00    2.7  0.197    0.0  0.000      0      0      0      0      0
11/07/1990   4529      0   2443   2086      0    462      0    599      0    453      0      0      0   0.00   0.00      0   0.00    2.7  0.191    0.0  0.000      0      0      0      0      0
11/08/1990   4417      0   2329   2088      0    502      0    659      0    449      0      0      0   0.00   0.00      0   0.00    2.8  0.186    0.0  0.000      0      0      0      0      0
11/09/1990   4271      0   2206   2065      0    557      0    701      0    476      0      0      0   0.00   0.00      0   0.00    2.9  0.181    0.0  0.000      0      0      0      0      0
11/10/1990   4096      0   2079   2017      0    632      0    736      0    508      0      0      0   0.00   0.00      0   0.00    3.0  0.176    0.0  0.000      0      0      0      0      0
11/11/1990   3881      0   1959   1922      0    738      0    771      0    523      0      0      0   0.00   0.00      0   0.00    3.0  0.172    0.0  0.000      0      0      0      0      0
11/12/1990   3637      0   1850   1787      0    882      0    787      0    533      0      0      0   0.00   0.00      0   0.00    3.1  0.168    0.0  0.000      0      0      0      0      0
11/13/1990   3384      0   1763   1621      0   1046      0    794      0    539      0      0      0   0.00   0.00      0   0.00    3.2  0.165    0.0  0.000      0      0      0      0      0
11/14/1990   3153      0   1695   1458      0   1190      0    828      0    507      0      0      0   0.00   0.00      0   0.00    3.2  0.163    0.0  0.000      0      0      0      0      0
11/15/1990   2937      0   1605   1332      0   1332      0    867      0    456      0      0      0   0.00   0.00      0   0.00    3.3  0.160    0.0  0.000      0      0      0      0      0
11/16/1990   2766      0   1521   1245      0   1482      0    884      0    410      0      0      0   0.00   0.00      0   0.00    3.3  0.158    0.0  0.000      0      0      0      0      0
11/17/1990   2618      0   1457   1161      0   1618      0    859      0    399      0      0      0   0.00   0.00      0   0.00    3.4  0.156    0.0  0.000      0      0      0      0      0
11/18/1990   2496      0   1417   1079      0   1733      0    815      0    388      0      0      0   0.00   0.00      0   0.00    3.4  0.155    0.0  0.000      0      0      0      0      0
11/19/1990   2406      0   1390   1016      0   1831      0    771      0    370      0      0      0   0.00   0.00      0   0.00    3.4  0.153    0.0  0.000      0      0      0      0      0
11/20/1990   2489      0   1362   1127      0   1919      0    725      0    316      0      0      0   0.00   0.00      0   0.00    3.5  0.151    0.0  0.000      0      0      0      0      0
11/21/1990   2438      0   1345   1093      0   1992      0    664      0    274      0      0      0   0.00   0.00      0   0.00    3.5  0.150    0.0  0.000      0      0      0      0      0
11/22/1990   2289      0   1318    971      0   2036      0    634      0    238      0      0      0   0.00   0.00      0   0.00    3.5  0.148    0.0  0.000      0      0      0      0      0
11/23/1990   2306      0   1295   1011      0   2059      0    585      0    231      0      0      0   0.00   0.00      0   0.00    3.6  0.147    0.0  0.000      0      0      0      0      0
11/24/1990   2366      0   1299   1067      0   2065      0    528      0    233      0      0      0   0.00   0.00      0   0.00    3.6  0.145    0.0  0.000      0      0      0      0      0
11/25/1990   2511      0   1336   1175      0   2045      0    473      0    244      0      0      0   0.00   0.00      0   0.00    3.6  0.145    0.0  0.000      0      0      0      0      0
11/26/1990   2668      0   1397   1271      0   1997      0    428      0    235      0      0      0   0.00   0.00      0   0.00    3.6  0.145    0.0  0.000      0      0      0      0      0
11/27/1990   2802      0   1451   1351      0   1969      0    391      0    218      0      0      0   0.00   0.00      0   0.00    3.6  0.145    0.0  0.000      0      0      0      0      0
11/28/1990   2934      0   1514   1420      0   1908      0    401      0    203      0      0      0   0.00   0.00      0   0.00    3.6  0.143    0.0  0.000      0      0      0      0      0
11/29/1990   2927      0   1610   1317      0   1822      0    389      0    229      0      0      0   0.00   0.00      0   0.00    3.7  0.141    0.0  0.000      0      0      0      0      0
11/30/1990   3002      0   1734   1268      0   1731      0    371      0    257      0      0      0   0.00   0.00      0   0.00    3.7  0.139    0.0  0.000      0      0      0      0      0
12/01/1990   3166      0   1876   1290      0   1631      0    373      0    254      0      0      0   0.00   0.00      0   0.00    3.8  0.137    0.0  0.000      0      0      0      0      0
12/02/1990   3334      0   2032   1302      0   1532      0    385      0    225      0      0      0   0.00   0.00      0   0.00    3.8  0.137    0.0  0.000      0      0      0      0      0
12/03/1990   3421      0   2202   1219      0   1442      0    384      0    206      0      0      0   0.00   0.00      0   0.00    3.8  0.136    0.0  0.000      0      0      0      0      0
12/04/1990   3499      0   2379   1120      0   1327      0    392      0    208      0      0      0   0.00   0.00      0   0.00    3.9  0.135    0.0  0.000      0      0      0      0      0
12/05/1990   3635      0   2525   1110      0   1243      0    392      0    203      0      0      0   0.00   0.00      0   0.00    3.8  0.135    0.0  0.000      0      0      0      0      0
12/06/1990   3649      0   2655    994      0   1189      0    387      0    200      0      0      0   0.00   0.00      0   0.00    3.9  0.134    0.0  0.000      0      0      0      0      0
12/07/1990   3551      0   2776    775      0   1146      0    371      0    193      0      0      0   0.00   0.00      0   0.00    3.9  0.133    0.0  0.000      0      0      0      0      0
12/08/1990   3562      0   2876    686      0   1101      0    338      0    192      0      0      0   0.00   0.00      0   0.00    3.9  0.133    0.0  0.000      0      0      0      0      0
12/09/1990   3250      0   2936    314      0   1055      0    333      0    177      0      0      0   0.00   0.00      0   0.00    3.9  0.133    0.0  0.000      0      0      0      0      0
12/10/1990   3290      0   2972    318      0   1001      0    339      0    145      0      0      0   0.00   0.00      0   0.00    3.9  0.133    0.0  0.000      0      0      0      0      0
12/11/1990   3308      0   2960    348      0    991      0    324      0    125      0      0      0   0.00   0.00      0   0.00    3.9  0.133    0.0  0.000      0      0      0      0      0
12/12/1990   3377      0   2930    447      0    989      0    302      0    107      0      0      0   0.00   0.00      0   0.00    3.9  0.133    0.0  0.000      0      0      0      0      0
12/13/1990   3449      0   2908    541      0    966      0    281      0    110      0      0      0   0.00   0.00      0   0.00    3.9  0.133    0.0  0.000      0      0      0      0      0
12/14/1990   3515      0   2875    640      0    960      0    249      0     94      0      0      0   0.00   0.00      0   0.00    3.8  0.133    0.0  0.000      0      0      0      0      0
12/15/1990   3587      0   2826    761      0    949      0    216      0     89      0      0      0   0.00   0.00      0   0.00    3.8  0.133    0.0  0.000      0      0      0      0      0
12/16/1990   3671      0   2762    909      0    914      0    199      0     81      0      0      0   0.00   0.00      0   0.00    3.8  0.133    0.0  0.000      0      0      0      0      0
12/17/1990   3729      0   2660   1069      0    902      0    166      0    101      0      0      0   0.00   0.00      0   0.00    3.8  0.133    0.0  0.000      0      0      0      0      0
12/18/1990   3784      0   2578   1206      0    876      0    160      0    122      0      0      0   0.00   0.00      0   0.00    3.8  0.133    0.0  0.000      0      0      0      0      0
12/19/1990   3853      0   2512   1341      0    836      0    155      0    140      0      0      0   0.00   0.00      0   0.00    3.7  0.133    0.0  0.000      0      0      0      0      0
12/20/1990   3938      0   2440   1498      0    780      0    160      0    117      0      0      0   0.00   0.00      0   0.00    3.7  0.133    0.0  0.000      0      0      0      0      0
12/21/1990   4022      0   2359   1663      0    729      0    172      0     66      0      0      0   0.00   0.00      0   0.00    3.7  0.133    0.0  0.000      0      0      0      0      0
12/22/1990   4088      0   2258   1830      0    676      0    201      0     17      0      0      0   0.00   0.00      0   0.00    3.7  0.133    0.0  0.000      0      0      0      0      0
12/23/1990   4143      0   2142   2001      0    644      0    188      0      0      0      0      0   0.00   0.00      0   0.00    3.7  0.133    0.0  0.000      0      0      0      0      0
12/24/1990   4207      0   2032   2175      0    604      0    157      0      0      0      0      0   0.00   0.00      0   0.00    3.7  0.133    0.0  0.000      0      0      0      0      0
12/25/1990   4275      0   1927   2348      0    569      0    117      0     13      0      0      0   0.00   0.00      0   0.00    3.6  0.133    0.0  0.000      0      0      0      0      0
12/26/1990   4325      0   1838   2487      0    563      0     66      0     47      0      0      0   0.00   0.00      0   0.00    3.6  0.133    0.0  0.000      0      0      0      0      0
12/27/1990   4386      0   1776   2610      0    544      0     17      0     96      0      0      0   0.00   0.00      0   0.00    3.6  0.133    0.0  0.000      0      0      0      0      0
12/28/1990   4447      0   1710   2737      0    493      0     13      0    141      0      0      0   0.00   0.00      0   0.00    3.6  0.133    0.0  0.000      0      0      0      0      0
12/29/1990   4496      0   1631   2865      0    437      0     47      0    132      0      0      0   0.00   0.00      0   0.00    3.6  0.133    0.0  0.000      0      0      0      0      0
12/30/1990   4542      0   1565   2977      0    384      0     96      0    128      0      0      0   0.00   0.00      0   0.00    3.6  0.133    0.0  0.000      0      0      0      0      0
12/31/1990   4571      0   1485   3086      0    348      0    154      0    117      0      0      0   0.00   0.00      0   0.00    3.6  0.133    0.0  0.000      0      0      0      0      0
