Varroa Population Simulation - Nov 24,2015  04:08:45 PM
VarroaPop Version 3.2.5.8  June, 2015

                                        Capped  Capped                                                                      Prop           Conc          Conc                                     
            Colony  Adult  Adult         Drone   Wkr    Drone  Wkr    Drone  Wkr  Free   DBrood WBrood DMite  WMite  Mites  Mites  Colony Pollen Colony Nectar   Dead   Dead   Dead   Dead   Dead
     Date   Size   Drones   Wkr   Forgrs Brood  Brood   Larv   Larv    Eggs  Eggs Mites  Mites  Mites  /Cell  /Cell  Dying  Dying  Pollen  Pest  Nectar  Pest    DLarv  WLarv  DAdlt  WAdlt  Forgrs
Initial     10000      0   5817   4183      0      0      0      0      0      0      0      0      0   0.00   0.00      0   0.00    0.0  0.000    0.0  0.000      0      0      0      0      0
05/01/1990   9723      0   5540   4183      0      0      0      0      2    440      0      0      0   0.00   0.00      0   0.00    0.2  0.000    0.0  0.000      0      0      0      0      0
05/02/1990   9446      0   5263   4183      0      0      0      0      5    913      0      0      0   0.00   0.00      0   0.00    0.3  0.000    0.0  0.000      0      0      0      0      0
05/03/1990   9169      0   4986   4183      0      0      0      0      8   1428      0      0      0   0.00   0.00      0   0.00    0.5  0.000    0.0  0.000      0      0      0      0      0
05/04/1990   8892      0   4709   4183      0      0      2    440      9   1524      0      0      0   0.00   0.00      0   0.00    0.6  0.000    0.0  0.000      0      0      0      0      0
05/05/1990   8615      0   4432   4183      0      0      5    913      9   1598      0      0      0   0.00   0.00      0   0.00    0.8  0.000    0.0  0.000      0      0      0      0      0
05/06/1990   8338      0   4155   4183      0      0      8   1428      9   1619      0      0      0   0.00   0.00      0   0.00    0.9  0.000    0.0  0.000      0      0      0      0      0
05/07/1990   8061      0   3878   4183      0      0     11   1964      9   1580      0      0      0   0.00   0.00      0   0.00    1.1  0.000    0.0  0.000      0      0      0      0      0
05/08/1990   7784      0   3601   4183      0      0     14   2511      9   1522      0      0      0   0.00   0.00      0   0.00    1.2  0.000    0.0  0.000      0      0      0      0      0
05/09/1990   7507      0   3324   4183      0    440     17   2607      8   1439      0      0      0   0.00   0.00      0   0.00    1.4  0.000    0.0  0.000      0      0      0      0      0
05/10/1990   7230      0   3047   4183      0    913     20   2631      7   1331      0      0      0   0.00   0.00      0   0.00    1.6  0.000    0.0  0.000      0      0      0      0      0
05/11/1990   6953      0   2770   4183      2   1428     21   2605      6   1272      0      0      0   0.00   0.00      0   0.00    1.7  0.000    0.0  0.000      0      0      0      0      0
05/12/1990   6676      0   2493   4183      5   1964     20   2522      6   1264      0      0      0   0.00   0.00      0   0.00    1.9  0.000    0.0  0.000      0      0      0      0      0
05/13/1990   6399      0   2216   4183      8   2511     19   2364      6   1328      0      0      0   0.00   0.00      0   0.00    2.1  0.000    0.0  0.000      0      0      0      0      0
05/14/1990   6122      0   1939   4183     11   3047     18   2258      6   1350      0      0      0   0.00   0.00      0   0.00    2.2  0.000    0.0  0.000      0      0      0      0      0
05/15/1990   5817      0   1662   4155     14   3544     17   2206      6   1338      0      0      0   0.00   0.00      0   0.00    2.4  0.000    0.0  0.000      0      0      0      0      0
05/16/1990   5540      0   1385   4155     17   4033     16   2170      7   1368      0      0      0   0.00   0.00      0   0.00    2.6  0.000    0.0  0.000      0      0      0      0      0
05/17/1990   5263      0   1108   4155     20   4486     15   2169      7   1368      0      0      0   0.00   0.00      0   0.00    2.7  0.000    0.0  0.000      0      0      0      0      0
05/18/1990   4986      0    831   4155     23   4875     14   2213      7   1339      0      0      0   0.00   0.00      0   0.00    2.9  0.000    0.0  0.000      0      0      0      0      0
05/19/1990   4709      0    554   4155     25   5305     15   2266      6   1247      0      0      0   0.00   0.00      0   0.00    3.1  0.000    0.0  0.000      0      0      0      0      0
05/20/1990   4432      0    277   4155     27   5750     15   2273      6   1241      0      0      0   0.00   0.00      0   0.00    3.3  0.000    0.0  0.000      0      0      0      0      0
05/21/1990   4155      0      0   4155     29   6203     15   2224      6   1303      0      0      0   0.00   0.00      0   0.00    3.5  0.000    0.0  0.000      0      0      0      0      0
05/22/1990   4318      0    440   3878     31   6215     15   2163      7   1388      0      0      0   0.00   0.00      0   0.00    3.6  0.000    0.0  0.000      0      0      0      0      0
05/23/1990   4791      0    913   3878     33   6175     15   2176      6   1323      0      0      0   0.00   0.00      0   0.00    3.6  0.000    0.0  0.000      0      0      0      0      0
05/24/1990   5029      0   1428   3601     35   6143     15   2159      5   1235      0      0      0   0.00   0.00      0   0.00    3.8  0.000    0.0  0.000      0      0      0      0      0
05/25/1990   5290      2   1964   3324     35   6059     16   2183      3   1169      0      0      0   0.00   0.00      0   0.00    3.9  0.000    0.0  0.000      0      0      0      0      0
05/26/1990   5563      5   2511   3047     35   5916     14   2160      3   1190      0      0      0   0.00   0.00      0   0.00    4.1  0.000    0.0  0.000      0      0      0      0      0
05/27/1990   6102      8   3047   3047     34   5771     13   2147      2   1149      0      0      0   0.00   0.00      0   0.00    4.0  0.000    0.0  0.000      0      0      0      0      0
05/28/1990   6602     11   3544   3047     33   5720     12   2111      1   1072      0      0      0   0.00   0.00      0   0.00    4.0  0.000    0.0  0.000      0      0      0      0      0
05/29/1990   6817     14   4033   2770     32   5697     11   2047      0   1027      0      0      0   0.00   0.00      0   0.00    4.1  0.000    0.0  0.000      0      0      0      0      0
05/30/1990   6996     17   4486   2493     31   5720      9   1908      0   1035      0      0      0   0.00   0.00      0   0.00    4.2  0.000    0.0  0.000      0      0      0      0      0
05/31/1990   7111     20   4875   2216     30   5712      7   1860      0   1013      0      0      0   0.00   0.00      0   0.00    4.3  0.000    0.0  0.000      0      0      0      0      0
06/01/1990   7267     23   5305   1939     30   5660      4   1839      0    956      0      0      0   0.00   0.00      0   0.00    4.3  0.000    0.0  0.000      0      0      0      0      0
06/02/1990   7437     25   5750   1662     29   5625      3   1774      0    928      0      0      0   0.00   0.00      0   0.00    4.4  0.000    0.0  0.000      0      0      0      0      0
06/03/1990   7615     27   6203   1385     28   5574      2   1683      0    917      0      0      0   0.00   0.00      0   0.00    4.4  0.000    0.0  0.000      0      0      0      0      0
06/04/1990   7792     29   6655   1108     27   5459      1   1646      0    885      0      0      0   0.00   0.00      0   0.00    4.4  0.000    0.0  0.000      0      0      0      0      0
06/05/1990   7950     31   7088    831     26   5359      0   1630      0    799      0      0      0   0.00   0.00      0   0.00    4.4  0.000    0.0  0.000      0      0      0      0      0
06/06/1990   8158     33   7571    554     24   5233      0   1573      0    689      0      0      0   0.00   0.00      0   0.00    4.4  0.000    0.0  0.000      0      0      0      0      0
06/07/1990   8335     35   8023    277     22   5126      0   1496      0    557      0      0      0   0.00   0.00      0   0.00    4.3  0.000    0.0  0.000      0      0      0      0      0
06/08/1990   8464     37   8427      0     20   5033      0   1416      0    407      0      0      0   0.00   0.00      0   0.00    4.3  0.000    0.0  0.000      0      0      0      0      0
06/09/1990   8858     40   8818      0     17   4942      0   1306      0    217      0      0      0   0.00   0.00      0   0.00    4.2  0.000    0.0  0.000      0      0      0      0      0
06/10/1990   9306     42   9264      0     15   4813      0   1125      0     81      0      0      0   0.00   0.00      0   0.00    4.1  0.000    0.0  0.000      0      0      0      0      0
06/11/1990   9774     44   9730      0     13   4647      0    906      0      0      0      0      0   0.00   0.00      0   0.00    4.1  0.000    0.0  0.000      0      0      0      0      0
06/12/1990  10252     46   9766    440     11   4439      0    638      0      0      0      0      0   0.00   0.00      0   0.00    4.0  0.000    0.0  0.000      0      0      0      0      0
06/13/1990  10635     48   9674    913      9   4289      0    407      0    102      0      0      0   0.00   0.00      0   0.00    4.0  0.000    0.0  0.000      0      0      0      0      0
06/14/1990  11015     50   9537   1428      7   4101      0    217      0    277      0      0      0   0.00   0.00      0   0.00    4.0  0.000    0.0  0.000      0      0      0      0      0
06/15/1990  11426     51   9411   1964      4   3827      0     81      0    524      0      0      0   0.00   0.00      0   0.00    4.0  0.000    0.0  0.000      0      0      0      0      0
06/16/1990  11826     49   9266   2511      3   3506      0    102      0    747      0      0      0   0.00   0.00      0   0.00    4.1  0.000    0.0  0.000      0      0      0      0      0
06/17/1990  12161     47   9067   3047      2   3169      0    277      0    967      0      0      0   0.00   0.00      0   0.00    4.1  0.000    0.0  0.000      0      0      0      0      0
06/18/1990  12492     45   8903   3544      1   2836      0    524      1   1139      0      0      0   0.00   0.00      0   0.00    4.2  0.000    0.0  0.000      0      0      0      0      0
06/19/1990  12847     43   8771   4033      0   2479      0    849      3   1301      0      0      0   0.00   0.00      0   0.00    4.4  0.000    0.0  0.000      0      0      0      0      0
06/20/1990  13189     40   8663   4486      0   2134      0   1244      6   1468      0      0      0   0.00   0.00      0   0.00    4.5  0.000    0.0  0.000      0      0      0      0      0
06/21/1990  13497     37   8585   4875      0   1925      1   1561      9   1641      0      0      0   0.00   0.00      0   0.00    4.7  0.000    0.0  0.000      0      0      0      0      0
06/22/1990  13794     34   8455   5305      0   1800      3   1873     11   1729      0      0      0   0.00   0.00      0   0.00    4.9  0.000    0.0  0.000      0      0      0      0      0
06/23/1990  14109     32   8327   5750      0   1730      6   2188     13   1762      0      0      0   0.00   0.00      0   0.00    5.0  0.000    0.0  0.000      0      0      0      0      0
06/24/1990  14407     30   8174   6203      0   1755     10   2455     14   1799      0      0      0   0.00   0.00      0   0.00    5.3  0.000    0.0  0.000      0      0      0      0      0
06/25/1990  14673     28   7990   6655      0   1882     14   2635     15   1873      0      0      0   0.00   0.00      0   0.00    5.5  0.000    0.0  0.000      0      0      0      0      0
06/26/1990  14902     26   7788   7088      0   2070     19   2811     16   1953      0      0      0   0.00   0.00      0   0.00    5.8  0.000    0.0  0.000      0      0      0      0      0
06/27/1990  14650     24   7495   7131      0   2367     24   2953     18   2004      0      0      0   0.00   0.00      0   0.00    6.0  0.000    0.0  0.000      0      0      0      0      0
06/28/1990  14311     22   7179   7110      1   2793     28   3040     20   2026      0      0      0   0.00   0.00      0   0.00    6.3  0.000    0.0  0.000      0      0      0      0      0
06/29/1990  13875     20   6856   6999      3   3304     32   3123     21   2057      0      0      0   0.00   0.00      0   0.00    6.6  0.000    0.0  0.000      0      0      0      0      0
06/30/1990  13336     17   6465   6854      6   3879     36   3228     21   2083      0      0      0   0.00   0.00      0   0.00    6.8  0.000    0.0  0.000      0      0      0      0      0
07/01/1990  12787     15   6019   6753     10   4474     39   3304     21   2109      0      0      0   0.00   0.00      0   0.00    7.1  0.000    0.0  0.000      0      0      0      0      0
07/02/1990  12249     13   5553   6683     14   5103     42   3381     20   2069      0      0      0   0.00   0.00      0   0.00    7.3  0.000    0.0  0.000      0      0      0      0      0
07/03/1990  11750     11   5077   6662     19   5752     44   3438     19   2020      0      0      0   0.00   0.00      0   0.00    7.6  0.000    0.0  0.000      0      0      0      0      0
07/04/1990  11361      9   4798   6554     24   6325     46   3460     18   1956      0      0      0   0.00   0.00      0   0.00    7.9  0.000    0.0  0.000      0      0      0      0      0
07/05/1990  11081      7   4595   6479     29   6830     47   3446     18   1927      0      0      0   0.00   0.00      0   0.00    8.1  0.000    0.0  0.000      0      0      0      0      0
07/06/1990  10936      4   4432   6500     35   7254     47   3432     17   1906      0      0      0   0.00   0.00      0   0.00    8.4  0.000    0.0  0.000      0      0      0      0      0
07/07/1990  10830      3   4355   6472     42   7635     46   3359     17   1930      0      0      0   0.00   0.00      0   0.00    8.6  0.000    0.0  0.000      0      0      0      0      0
07/08/1990  10779      2   4413   6364     49   7946     45   3290     17   1955      0      0      0   0.00   0.00      0   0.00    8.9  0.000    0.0  0.000      0      0      0      0      0
07/09/1990  10744      1   4499   6244     56   8224     43   3229     18   1984      0      0      0   0.00   0.00      0   0.00    9.1  0.000    0.0  0.000      0      0      0      0      0
07/10/1990  10778      0   4629   6149     63   8403     42   3220     18   2011      0      0      0   0.00   0.00      0   0.00    9.4  0.000    0.0  0.000      0      0      0      0      0
07/11/1990  10907      0   4846   6061     70   8498     41   3225     18   2037      0      0      0   0.00   0.00      0   0.00    9.6  0.000    0.0  0.000      0      0      0      0      0
07/12/1990  11017      1   5127   5889     75   8539     41   3257     18   2057      0      0      0   0.00   0.00      0   0.00    9.8  0.000    0.0  0.000      0      0      0      0      0
07/13/1990  11142      3   5402   5737     79   8601     41   3304     17   2050      0      0      0   0.00   0.00      0   0.00   10.1  0.000    0.0  0.000      0      0      0      0      0
07/14/1990  11336      6   5680   5650     82   8642     41   3356     16   2031      0      0      0   0.00   0.00      0   0.00   10.3  0.000    0.0  0.000      0      0      0      0      0
07/15/1990  11578     10   6009   5559     84   8670     41   3384     15   2011      0      0      0   0.00   0.00      0   0.00   10.5  0.000    0.0  0.000      0      0      0      0      0
07/16/1990  11785     14   6390   5381     85   8683     41   3399     15   1975      0      0      0   0.00   0.00      0   0.00   10.7  0.000    0.0  0.000      0      0      0      0      0
07/17/1990  11999     19   6834   5146     86   8673     40   3403     15   1934      0      0      0   0.00   0.00      0   0.00   10.9  0.000    0.0  0.000      0      0      0      0      0
07/18/1990  12208     24   7324   4860     87   8677     39   3384     15   1896      0      0      0   0.00   0.00      0   0.00   11.1  0.000    0.0  0.000      0      0      0      0      0
07/19/1990  12503     29   7859   4615     88   8694     38   3337     15   1872      0      0      0   0.00   0.00      0   0.00   11.2  0.000    0.0  0.000      0      0      0      0      0
07/20/1990  12837     35   8484   4318     88   8673     37   3280     14   1850      0      0      0   0.00   0.00      0   0.00   11.4  0.000    0.0  0.000      0      0      0      0      0
07/21/1990  13140     42   9190   3908     87   8644     36   3230     13   1810      0      0      0   0.00   0.00      0   0.00   11.5  0.000    0.0  0.000      0      0      0      0      0
07/22/1990  13442     49   9887   3506     86   8616     35   3178     11   1751      0      0      0   0.00   0.00      0   0.00   11.6  0.000    0.0  0.000      0      0      0      0      0
07/23/1990  13778     56  10553   3169     84   8615     34   3119      9   1653      0      0      0   0.00   0.00      0   0.00   11.6  0.000    0.0  0.000      0      0      0      0      0
07/24/1990  14109     63  11210   2836     82   8599     33   3065      6   1524      0      0      0   0.00   0.00      0   0.00   11.7  0.000    0.0  0.000      0      0      0      0      0
07/25/1990  14392     70  11741   2581     80   8594     31   2995      4   1390      0      0      0   0.00   0.00      0   0.00   11.7  0.000    0.0  0.000      0      0      0      0      0
07/26/1990  14690     76  12203   2411     79   8584     28   2876      2   1295      0      0      0   0.00   0.00      0   0.00   11.7  0.000    0.0  0.000      0      0      0      0      0
07/27/1990  15021     82  12592   2347     78   8565     24   2717      1   1252      0      0      0   0.00   0.00      0   0.00   11.8  0.000    0.0  0.000      0      0      0      0      0
07/28/1990  15384     88  12924   2372     77   8514     20   2535      0   1244      0      0      0   0.00   0.00      0   0.00   11.8  0.000    0.0  0.000      0      0      0      0      0
07/29/1990  15735     94  13191   2450     76   8439     15   2361      0   1250      0      0      0   0.00   0.00      0   0.00   11.8  0.000    0.0  0.000      0      0      0      0      0
07/30/1990  16105     99  13437   2569     75   8332     11   2218      0   1262      0      0      0   0.00   0.00      0   0.00   11.8  0.000    0.0  0.000      0      0      0      0      0
07/31/1990  16527    105  13634   2788     73   8156      7   2126      0   1282      0      0      0   0.00   0.00      0   0.00   11.9  0.000    0.0  0.000      0      0      0      0      0
08/01/1990  16990    111  13760   3119     70   7926      4   2087      1   1318      0      0      0   0.00   0.00      0   0.00   11.9  0.000    0.0  0.000      0      0      0      0      0
08/02/1990  17490    116  13853   3521     66   7665      2   2090      2   1374      0      0      0   0.00   0.00      0   0.00   12.0  0.000    0.0  0.000      0      0      0      0      0
08/03/1990  18035    120  13955   3960     61   7401      1   2113      4   1451      0      0      0   0.00   0.00      0   0.00   12.0  0.000    0.0  0.000      0      0      0      0      0
08/04/1990  18626    123  14029   4474     56   7147      1   2153      6   1543      0      0      0   0.00   0.00      0   0.00   12.1  0.000    0.0  0.000      0      0      0      0      0
08/05/1990  19293    125  14065   5103     50   6898      2   2220      9   1655      0      0      0   0.00   0.00      0   0.00   12.3  0.000    0.0  0.000      0      0      0      0      0
08/06/1990  19935    126  14057   5752     45   6676      4   2314     12   1776      0      0      0   0.00   0.00      0   0.00   12.4  0.000    0.0  0.000      0      0      0      0      0
08/07/1990  20563    126  14010   6427     40   6475      7   2434     14   1898      0      0      0   0.00   0.00      0   0.00   12.6  0.000    0.0  0.000      0      0      0      0      0
08/08/1990  21190    126  13957   7107     35   6284     11   2593     16   2005      0      0      0   0.00   0.00      0   0.00   12.9  0.000    0.0  0.000      0      0      0      0      0
08/09/1990  21705    126  13903   7676     30   6122     16   2772     18   2103      0      0      0   0.00   0.00      0   0.00   13.1  0.000    0.0  0.000      0      0      0      0      0
08/10/1990  22135    125  13803   8207     25   5999     21   2958     21   2189      0      0      0   0.00   0.00      0   0.00   13.4  0.000    0.0  0.000      0      0      0      0      0
08/11/1990  22473    123  13684   8666     21   5925     26   3147     24   2263      0      0      0   0.00   0.00      0   0.00   13.7  0.000    0.0  0.000      0      0      0      0      0
08/12/1990  22704    121  13545   9038     17   5914     32   3332     27   2322      0      0      0   0.00   0.00      0   0.00   14.0  0.000    0.0  0.000      0      0      0      0      0
08/13/1990  22814    118  13387   9309     15   6001     38   3492     29   2351      0      0      0   0.00   0.00      0   0.00   14.3  0.000    0.0  0.000      0      0      0      0      0
08/14/1990  22850    115  13188   9547     14   6177     44   3634     30   2326      0      0      0   0.00   0.00      0   0.00   14.7  0.000    0.0  0.000      0      0      0      0      0
08/15/1990  22783    111  12979   9693     15   6422     50   3756     29   2240      0      0      0   0.00   0.00      0   0.00   15.0  0.000    0.0  0.000      0      0      0      0      0
08/16/1990  22630    107  12755   9768     18   6711     55   3838     28   2180      0      0      0   0.00   0.00      0   0.00   15.3  0.000    0.0  0.000      0      0      0      0      0
08/17/1990  22448    102  12534   9812     22   7028     60   3857     28   2168      0      0      0   0.00   0.00      0   0.00   15.7  0.000    0.0  0.000      0      0      0      0      0
08/18/1990  22284     97  12293   9894     27   7367     63   3807     28   2150      0      0      0   0.00   0.00      0   0.00   16.0  0.000    0.0  0.000      0      0      0      0      0
08/19/1990   7172     20   7152      0     34   7724     52   3327     28   2113      0      0      0   0.00   0.00      0   0.00   16.4  0.098    0.0  0.000     13    428     69   4888   9961
08/20/1990   7306     19   7287      0     40   7818     55   3545     18   1374      0      0      0   0.00   0.00      0   0.00   16.4  0.098    0.0  0.000      1      0      0      2    290
08/21/1990   7450     18   7432      0     46   8008     58   3606      9    687      0      0      0   0.00   0.00      0   0.00   16.3  0.098    0.0  0.000      0      0      0      1    290
08/22/1990   7614     17   7597      0     52   8304     61   3542      0      0      0      0      0   0.00   0.00      0   0.00   16.3  0.098    0.0  0.000      0      0      0      0    290
08/23/1990   7806     16   7790      0     58   8526     55   2837      0      0      0      0      0   0.00   0.00      0   0.00   16.2  0.098    0.0  0.000      0      0      0      0    290
08/24/1990   8028     15   8013      0     67   8737     46   2113      0      0      0      0      0   0.00   0.00      0   0.00   16.2  0.098    0.0  0.000      0      0      0      0    290
08/25/1990   8284     14   8270      0     75   8929     37   1374      0      0      0      0      0   0.00   0.00      0   0.00   16.2  0.098    0.0  0.000      0      0      1      0    290
08/26/1990   8588     13   8575      0     83   9021     28    687      0      0      0      0      0   0.00   0.00      0   0.00   16.1  0.098    0.0  0.000      0      0      1      0    290
08/27/1990   9223     14   8919    290     91   9074     18      0      0      0      0      0      0   0.00   0.00      0   0.00   16.1  0.098    0.0  0.000      0      0      0      0      0
08/28/1990   9894     16   9298    580     97   8405      9      0      0     79      0      0      0   0.00   0.00      0   0.00   16.0  0.098    0.0  0.000      0      0      0      0      0
08/29/1990  10599     19   9710    870    102   7703      0      0      0    227      0      0      0   0.00   0.00      0   0.00   16.0  0.098    0.0  0.000      0      0      0      0      0
08/30/1990  11335     23  10152   1160     97   6971      0      0      0    423      0      0      0   0.00   0.00      0   0.00   16.0  0.098    0.0  0.000      0      0      0      0      0
08/31/1990  12094     27  10488   1579     92   6216      0     79      0    582      0      0      0   0.00   0.00      0   0.00   16.0  0.098    0.0  0.000      0      0      0      0      0
09/01/1990  12875     32  10845   1998     86   5440      0    227      0    738      0      0      0   0.00   0.00      0   0.00   16.0  0.098    0.0  0.000      0      0      0      0      0
09/02/1990  13402     38  10947   2417     79   4919      0    423      0    896      0      0      0   0.00   0.00      0   0.00   16.0  0.098    0.0  0.000      0      0      0      0      0
09/03/1990  14033     43  11154   2836     73   4293      0    661      0   1049      0      0      0   0.00   0.00      0   0.00   16.0  0.097    0.0  0.000      0      0      0      0      0
09/04/1990  14789     48  11486   3255     67   3542      0    965      1   1170      0      0      0   0.00   0.00      0   0.00   16.1  0.097    0.0  0.000      0      0      0      0      0
09/05/1990  15499     53  11772   3674     61   2916      0   1240      2   1283      0      0      0   0.00   0.00      0   0.00   16.2  0.097    0.0  0.000      0      0      0      0      0
09/06/1990  16228     58  12077   4093     55   2340      0   1483      4   1392      0      0      0   0.00   0.00      0   0.00   16.3  0.096    0.0  0.000      0      0      0      0      0
09/07/1990  16975     66  12474   4435     46   1797      1   1712      6   1490      0      0      0   0.00   0.00      0   0.00   16.4  0.095    0.0  0.000      0      0      0      0      0
09/08/1990  17670     74  12819   4777     37   1348      2   1941      8   1560      0      0      0   0.00   0.00      0   0.00   16.5  0.094    0.0  0.000      0      0      0      0      0
09/09/1990  18366     83  13161   5122     28    965      4   2137     10   1624      0      0      0   0.00   0.00      0   0.00   16.7  0.094    0.0  0.000      0      0      0      0      0
09/10/1990  18376     93  12736   5547     18   1319      7   2306     12   1705      0      0      0   0.00   0.00      0   0.00   16.8  0.093    0.0  0.000      0      0      0      0      0
09/11/1990  18385    102  12301   5982      9   1710     10   2452     14   1776      0      0      0   0.00   0.00      0   0.00   17.0  0.092    0.0  0.000      0      0      0      0      0
09/12/1990  18104    111  11846   6147      0   2135     14   2591     15   1834      0      0      0   0.00   0.00      0   0.00   17.2  0.091    0.0  0.000      0      0      0      0      0
09/13/1990  17814    111  11363   6340      0   2602     19   2728     15   1858      0      0      0   0.00   0.00      0   0.00   17.4  0.090    0.0  0.000      0      0      0      0      0
09/14/1990  17524    111  10850   6563      1   3102     23   2836     15   1840      0      0      0   0.00   0.00      0   0.00   17.6  0.089    0.0  0.000      0      0      0      0      0
09/15/1990  17234    111  10303   6820      2   3625     27   2935     15   1812      0      0      0   0.00   0.00      0   0.00   17.8  0.087    0.0  0.000      0      0      0      0      0
09/16/1990  16815    111   9708   6996      4   4162     30   3026     15   1788      0      0      0   0.00   0.00      0   0.00   18.1  0.086    0.0  0.000      0      0      0      0      0
09/17/1990  15975    109   9074   6792      7   4726     32   3052     16   1821      0      0      0   0.00   0.00      0   0.00   18.3  0.085    0.0  0.000      0      0      0      0      0
09/18/1990  15632    106   8484   7042     10   5251     34   3042     16   1831      0      0      0   0.00   0.00      0   0.00   18.6  0.084    0.0  0.000      0      0      0      0      0
09/19/1990  15357    102   7930   7325     14   5711     35   3038     17   1831      0      0      0   0.00   0.00      0   0.00   18.8  0.083    0.0  0.000      0      0      0      0      0
09/20/1990  15129     97   7394   7638     19   6137     36   3039     17   1859      0      0      0   0.00   0.00      0   0.00   19.1  0.082    0.0  0.000      0      0      0      0      0
09/21/1990  14943     92   6877   7974     24   6527     36   3015     19   1921      0      0      0   0.00   0.00      0   0.00   19.4  0.080    0.0  0.000      0      0      0      0      0
09/22/1990  14899     86   6405   8408     29   6813     37   3029     20   1954      0      0      0   0.00   0.00      0   0.00   19.7  0.079    0.0  0.000      0      0      0      0      0
09/23/1990  14904     79   6238   8587     34   7053     38   3086     21   1915      0      0      0   0.00   0.00      0   0.00   20.1  0.078    0.0  0.000      0      0      0      0      0
09/24/1990  14944     73   6003   8868     39   7266     40   3148     21   1901      0      0      0   0.00   0.00      0   0.00   20.4  0.076    0.0  0.000      0      0      0      0      0
09/25/1990  14938     67   5677   9194     44   7464     42   3162     22   1918      0      0      0   0.00   0.00      0   0.00   20.8  0.075    0.0  0.000      0      0      0      0      0
09/26/1990  14964     61   5439   9464     49   7601     44   3170     23   1967      0      0      0   0.00   0.00      0   0.00   21.2  0.074    0.0  0.000      0      0      0      0      0
09/27/1990  15003     55   5215   9733     55   7705     45   3218     24   1985      0      0      0   0.00   0.00      0   0.00   21.6  0.072    0.0  0.000      0      0      0      0      0
09/28/1990  15035     47   4999   9989     59   7833     48   3221     25   2023      0      0      0   0.00   0.00      0   0.00   22.0  0.071    0.0  0.000      0      0      0      0      0
09/29/1990  15051     39   4849  10163     64   7962     50   3216     27   2094      0      0      0   0.00   0.00      0   0.00   22.4  0.070    0.0  0.000      0      0      0      0      0
09/30/1990  15061     32   4726  10303     68   8035     52   3249     29   2181      0      0      0   0.00   0.00      0   0.00   22.9  0.068    0.0  0.000      0      0      0      0      0
10/01/1990  15063     25   5330   9708     72   8043     54   3329     30   2256      0      0      0   0.00   0.00      0   0.00   23.3  0.067    0.0  0.000      0      0      0      0      0
10/02/1990  15031     19   5938   9074     76   8087     57   3409     29   2225      0      0      0   0.00   0.00      0   0.00   23.7  0.066    0.0  0.000      0      0      0      0      0
10/03/1990  14979     14   6560   8405     79   8119     60   3512     27   2157      0      0      0   0.00   0.00      0   0.00   24.0  0.065    0.0  0.000      0      0      0      0      0
10/04/1990  14910     19   7188   7703     81   8152     63   3618     25   2114      0      0      0   0.00   0.00      0   0.00   24.3  0.064    0.0  0.000      0      0      0      0      0
10/05/1990  14773     24   7778   6971     84   8232     64   3649     23   2056      0      0      0   0.00   0.00      0   0.00   24.6  0.064    0.0  0.000      0      0      0      0      0
10/06/1990  14617     29   8372   6216     87   8330     64   3646     20   1931      0      0      0   0.00   0.00      0   0.00   24.8  0.063    0.0  0.000      0      0      0      0      0
10/07/1990  14450     34   8976   5440     90   8458     64   3638     17   1703      0      0      0   0.00   0.00      0   0.00   25.0  0.063    0.0  0.000      0      0      0      0      0
10/08/1990  14557     39   9599   4919     94   8592     62   3524     14   1537      0      0      0   0.00   0.00      0   0.00   25.1  0.062    0.0  0.000      0      0      0      0      0
10/09/1990  14540     44  10124   4372     99   8755     57   3321     12   1459      0      0      0   0.00   0.00      0   0.00   25.2  0.062    0.0  0.000      0      0      0      0      0
10/10/1990  14398     49  10580   3769    104   8852     52   3116      9   1412      0      0      0   0.00   0.00      0   0.00   25.3  0.062    0.0  0.000      0      0      0      0      0
10/11/1990  14350     55  11035   3260    108   8890     46   2904      7   1354      0      0      0   0.00   0.00      0   0.00   25.4  0.061    0.0  0.000      0      0      0      0      0
10/12/1990  14297     60  11463   2774    112   8948     40   2666      5   1262      0      0      0   0.00   0.00      0   0.00   25.5  0.061    0.0  0.000      0      0      0      0      0
10/13/1990  14201     66  11796   2339    114   8954     34   2472      3   1170      0      0      0   0.00   0.00      0   0.00   25.5  0.061    0.0  0.000      0      0      0      0      0
10/14/1990  14132     72  12054   2006    116   8906     28   2327      1   1079      0      0      0   0.00   0.00      0   0.00   25.5  0.061    0.0  0.000      0      0      0      0      0
10/15/1990  14104     79  12315   1710    116   8750     22   2225      0    989      0      0      0   0.00   0.00      0   0.00   25.5  0.061    0.0  0.000      0      0      0      0      0
10/16/1990  14765     86  12544   2135    114   8573     17   2105      0    902      0      0      0   0.00   0.00      0   0.00   25.5  0.061    0.0  0.000      0      0      0      0      0
10/17/1990  15433     93  12738   2602    112   8398     12   1947      0    882      0      0      0   0.00   0.00      0   0.00   25.5  0.061    0.0  0.000      0      0      0      0      0
10/18/1990  16110    100  12908   3102    109   8177      8   1802      0    930      0      0      0   0.00   0.00      0   0.00   25.6  0.061    0.0  0.000      0      0      0      0      0
10/19/1990  16809    107  13077   3625    104   7904      5   1653      0   1005      0      0      0   0.00   0.00      0   0.00   25.6  0.061    0.0  0.000      0      0      0      0      0
10/20/1990  17548    114  13272   4162     98   7566      3   1567      1   1040      0      0      0   0.00   0.00      0   0.00   25.7  0.061    0.0  0.000      0      0      0      0      0
10/21/1990  18311    120  13465   4726     92   7166      1   1562      3   1091      0      0      0   0.00   0.00      0   0.00   25.9  0.060    0.0  0.000      0      0      0      0      0
10/22/1990  19084    126  13628   5330     84   6727      0   1579      6   1178      0      0      0   0.00   0.00      0   0.00   26.0  0.060    0.0  0.000      0      0      0      0      0
10/23/1990  19792    133  13721   5938     74   6330      1   1618      9   1302      0      0      0   0.00   0.00      0   0.00   26.2  0.060    0.0  0.000      0      0      0      0      0
10/24/1990  20408    139  13788   6481     64   5911      3   1751     12   1414      0      0      0   0.00   0.00      0   0.00   26.4  0.059    0.0  0.000      0      0      0      0      0
10/25/1990  20989    144  13884   6961     54   5495      6   1875     14   1527      0      0      0   0.00   0.00      0   0.00   26.6  0.059    0.0  0.000      0      0      0      0      0
10/26/1990  21440    148  13937   7355     45   5204     10   1990     15   1578      0      0      0   0.00   0.00      0   0.00   26.8  0.058    0.0  0.000      0      0      0      0      0
10/27/1990  21769    151  13907   7711     37   4985     15   2160     15   1615      0      0      0   0.00   0.00      0   0.00   27.1  0.058    0.0  0.000      0      0      0      0      0
10/28/1990  21964    154  13799   8011     29   4832     20   2362     15   1612      0      0      0   0.00   0.00      0   0.00   27.4  0.057    0.0  0.000      0      0      0      0      0
10/29/1990  22089    156  13653   8280     22   4758     25   2477     15   1636      0      0      0   0.00   0.00      0   0.00   27.6  0.056    0.0  0.000      0      0      0      0      0
10/30/1990  22184    156  13535   8493     18   4704     29   2597     15   1591      0      0      0   0.00   0.00      0   0.00   27.9  0.056    0.0  0.000      0      0      0      0      0
10/31/1990  22208    156  13380   8672     15   4722     32   2672     15   1539      0      0      0   0.00   0.00      0   0.00   28.2  0.055    0.0  0.000      0      0      0      0      0
11/01/1990  22143    154  13148   8841     14   4818     34   2699     15   1399      0      0      0   0.00   0.00      0   0.00   28.5  0.055    0.0  0.000      0      0      0      0      0
11/02/1990  22021    152  12876   8993     15   4969     35   2661     14   1269      0      0      0   0.00   0.00      0   0.00   28.8  0.054    0.0  0.000      0      0      0      0      0
11/03/1990  21838    148  12596   9094     18   5130     35   2633     14   1181      0      0      0   0.00   0.00      0   0.00   29.2  0.054    0.0  0.000      0      0      0      0      0
11/04/1990  21613    144  12312   9157     21   5354     35   2483     14   1226      0      0      0   0.00   0.00      0   0.00   29.5  0.053    0.0  0.000      0      0      0      0      0
11/05/1990  21336    138  11964   9234     25   5592     34   2318     15   1310      0      0      0   0.00   0.00      0   0.00   29.8  0.052    0.0  0.000      0      0      0      0      0
11/06/1990  20985    131  11580   9274     30   5864     34   2178     15   1297      0      0      0   0.00   0.00      0   0.00   30.1  0.052    0.0  0.000      0      0      0      0      0
11/07/1990  20669    124  11227   9318     35   6063     34   2118     15   1233      0      0      0   0.00   0.00      0   0.00   30.5  0.051    0.0  0.000      0      0      0      0      0
11/08/1990  20384    117  10909   9358     40   6201     34   2089     15   1208      0      0      0   0.00   0.00      0   0.00   30.8  0.051    0.0  0.000      0      0      0      0      0
11/09/1990  20086    109  10562   9415     45   6258     34   2076     15   1278      0      0      0   0.00   0.00      0   0.00   31.2  0.050    0.0  0.000      0      0      0      0      0
11/10/1990  19825    101  10173   9551     50   6292     34   2082     15   1366      0      0      0   0.00   0.00      0   0.00   31.5  0.050    0.0  0.000      0      0      0      0      0
11/11/1990  19621     93   9819   9709     55   6291     34   2116     15   1423      0      0      0   0.00   0.00      0   0.00   31.9  0.049    0.0  0.000      0      0      0      0      0
11/12/1990  19436     84   9484   9868     59   6306     35   2128     16   1483      0      0      0   0.00   0.00      0   0.00   32.3  0.048    0.0  0.000      0      0      0      0      0
11/13/1990  19268     75   9250   9943     63   6300     35   2138     17   1552      0      0      0   0.00   0.00      0   0.00   32.6  0.048    0.0  0.000      0      0      0      0      0
11/14/1990  19169     67   9076  10026     66   6174     35   2242     17   1528      0      0      0   0.00   0.00      0   0.00   33.0  0.047    0.0  0.000      0      0      0      0      0
11/15/1990  19102     60   8897  10145     68   6012     36   2378     16   1456      0      0      0   0.00   0.00      0   0.00   33.4  0.047    0.0  0.000      0      0      0      0      0
11/16/1990  18964     55   8772  10137     69   5930     37   2482     16   1410      0      0      0   0.00   0.00      0   0.00   33.8  0.046    0.0  0.000      0      0      0      0      0
11/17/1990  18847     52   8760  10035     69   5837     37   2492     17   1460      0      0      0   0.00   0.00      0   0.00   34.2  0.046    0.0  0.000      0      0      0      0      0
11/18/1990  18749     49   8806   9894     69   5766     37   2468     18   1494      0      0      0   0.00   0.00      0   0.00   34.6  0.045    0.0  0.000      0      0      0      0      0
11/19/1990  18677     47   8871   9759     69   5717     38   2469     18   1489      0      0      0   0.00   0.00      0   0.00   35.0  0.045    0.0  0.000      0      0      0      0      0
11/20/1990  19169     47   8892  10230     69   5729     39   2469     16   1328      0      0      0   0.00   0.00      0   0.00   35.4  0.044    0.0  0.000      0      0      0      0      0
11/21/1990  19008     47   8933  10028     69   5779     40   2410     14   1165      0      0      0   0.00   0.00      0   0.00   35.8  0.044    0.0  0.000      0      0      0      0      0
11/22/1990  18112     48   8916   9148     70   5846     40   2430     12   1016      0      0      0   0.00   0.00      0   0.00   36.1  0.043    0.0  0.000      0      0      0      0      0
11/23/1990  17821     50   8899   8872     71   5916     38   2341     12    988      0      0      0   0.00   0.00      0   0.00   36.5  0.043    0.0  0.000      0      0      0      0      0
11/24/1990  17534     53   8944   8537     71   6008     37   2165     12   1003      0      0      0   0.00   0.00      0   0.00   36.8  0.042    0.0  0.000      0      0      0      0      0
11/25/1990  17969     56   9063   8850     71   6080     36   1986     12   1029      0      0      0   0.00   0.00      0   0.00   36.7  0.042    0.0  0.000      0      0      0      0      0
11/26/1990  18418     59   9220   9139     73   6100     34   1835     10    949      0      0      0   0.00   0.00      0   0.00   36.7  0.042    0.0  0.000      0      0      0      0      0
11/27/1990  18797     64   9339   9394     74   6200     32   1679      8    842      0      0      0   0.00   0.00      0   0.00   36.6  0.042    0.0  0.000      0      0      0      0      0
11/28/1990  19170     69   9414   9687     75   6175     30   1687      7    745      0      0      0   0.00   0.00      0   0.00   37.0  0.042    0.0  0.000      0      0      0      0      0
11/29/1990  18144     74   9498   8572     76   6057     26   1619      9    812      0      0      0   0.00   0.00      0   0.00   37.3  0.042    0.0  0.000      0      0      0      0      0
11/30/1990  17844     79   9612   8153     75   5938     24   1505     10    898      0      0      0   0.00   0.00      0   0.00   37.6  0.041    0.0  0.000      0      0      0      0      0
12/01/1990  18305     84   9740   8481     74   5797     23   1444      9    884      0      0      0   0.00   0.00      0   0.00   37.9  0.041    0.0  0.000      0      0      0      0      0
12/02/1990  18788     89   9830   8869     73   5637     23   1428      7    786      0      0      0   0.00   0.00      0   0.00   37.8  0.041    0.0  0.000      0      0      0      0      0
12/03/1990  18616     94   9917   8605     72   5484     22   1374      6    727      0      0      0   0.00   0.00      0   0.00   38.1  0.041    0.0  0.000      0      0      0      0      0
12/04/1990  18476     98   9990   8388     71   5194     20   1379      7    747      0      0      0   0.00   0.00      0   0.00   38.5  0.040    0.0  0.000      0      0      0      0      0
12/05/1990  18933    101   9944   8888     70   4951     18   1372      7    749      0      0      0   0.00   0.00      0   0.00   38.4  0.040    0.0  0.000      0      0      0      0      0
12/06/1990  18665    104   9846   8715     66   4773     18   1356      8    768      0      0      0   0.00   0.00      0   0.00   38.7  0.040    0.0  0.000      0      0      0      0      0
12/07/1990  17980    106   9822   8052     62   4596     19   1314      8    785      0      0      0   0.00   0.00      0   0.00   39.0  0.040    0.0  0.000      0      0      0      0      0
12/08/1990  18008    106   9789   8113     60   4389     18   1223      9    843      0      0      0   0.00   0.00      0   0.00   39.3  0.039    0.0  0.000      0      0      0      0      0
12/09/1990  18017    106   9728   8183     59   4163     17   1240      9    864      0      0      0   0.00   0.00      0   0.00   39.6  0.039    0.0  0.000      0      0      0      0      0
12/10/1990  18025    107   9675   8243     56   3893     17   1313     10    955      0      0      0   0.00   0.00      0   0.00   39.9  0.039    0.0  0.000      0      0      0      0      0
12/11/1990  17939    108   9526   8305     52   3788     18   1339     11   1057      0      0      0   0.00   0.00      0   0.00   40.2  0.038    0.0  0.000      0      0      0      0      0
12/12/1990  18243    109   9354   8780     48   3745     19   1357     12   1112      0      0      0   0.00   0.00      0   0.00   40.2  0.038    0.0  0.000      0      0      0      0      0
12/13/1990  18569    110   9292   9167     44   3626     21   1519     11   1040      0      0      0   0.00   0.00      0   0.00   40.5  0.038    0.0  0.000      0      0      0      0      0
12/14/1990  18883    109   9245   9529     43   3568     22   1628      8    803      0      0      0   0.00   0.00      0   0.00   40.4  0.038    0.0  0.000      0      0      0      0      0
12/15/1990  19199    108   9176   9915     41   3527     24   1684      6    641      0      0      0   0.00   0.00      0   0.00   40.4  0.038    0.0  0.000      0      0      0      0      0
12/16/1990  19548    107   9095  10346     40   3440     24   1716      4    500      0      0      0   0.00   0.00      0   0.00   40.3  0.038    0.0  0.000      0      0      0      0      0
12/17/1990  19782    107   8884  10791     39   3483     22   1567      5    554      0      0      0   0.00   0.00      0   0.00   40.3  0.038    0.0  0.000      0      0      0      0      0
12/18/1990  19990    106   8721  11163     38   3640     21   1370      5    595      0      0      0   0.00   0.00      0   0.00   40.2  0.038    0.0  0.000      0      0      0      0      0
12/19/1990  20241    105   8607  11529     37   3752     19   1159      6    625      0      0      0   0.00   0.00      0   0.00   40.1  0.038    0.0  0.000      0      0      0      0      0
12/20/1990  20538    102   8488  11948     39   3783     17   1009      4    495      0      0      0   0.00   0.00      0   0.00   40.1  0.038    0.0  0.000      0      0      0      0      0
12/21/1990  20830     99   8341  12390     41   3782     15    925      2    268      0      0      0   0.00   0.00      0   0.00   40.0  0.038    0.0  0.000      0      0      0      0      0
12/22/1990  21065     97   8125  12843     42   3671     13    981      0     68      0      0      0   0.00   0.00      0   0.00   39.9  0.038    0.0  0.000      0      0      0      0      0
12/23/1990  21265     96   7851  13318     41   3638     10    863      0      0      0      0      0   0.00   0.00      0   0.00   39.9  0.038    0.0  0.000      0      0      0      0      0
12/24/1990  21498     94   7585  13819     39   3555      9    693      0      0      0      0      0   0.00   0.00      0   0.00   39.8  0.038    0.0  0.000      0      0      0      0      0
12/25/1990  21751     91   7320  14340     39   3478      7    495      0     41      0      0      0   0.00   0.00      0   0.00   39.8  0.038    0.0  0.000      0      0      0      0      0
12/26/1990  21950     88   7072  14790     38   3484      6    268      1    140      0      0      0   0.00   0.00      0   0.00   39.7  0.038    0.0  0.000      0      0      0      0      0
12/27/1990  22199     84   6897  15218     38   3412      4     68      2    280      0      0      0   0.00   0.00      0   0.00   39.7  0.038    0.0  0.000      0      0      0      0      0
12/28/1990  22468     81   6695  15692     37   3188      2     41      4    402      0      0      0   0.00   0.00      0   0.00   39.6  0.038    0.0  0.000      0      0      0      0      0
12/29/1990  22724     78   6455  16191     37   2909      1    140      3    373      0      0      0   0.00   0.00      0   0.00   39.6  0.038    0.0  0.000      0      0      0      0      0
12/30/1990  22995     76   6267  16652     34   2616      2    280      3    355      0      0      0   0.00   0.00      0   0.00   39.6  0.038    0.0  0.000      0      0      0      0      0
12/31/1990  23354     73   6161  17120     31   2233      4    443      2    319      0      0      0   0.00   0.00      0   0.00   39.5  0.038    0.0  0.000      0      0      0      0      0
