Varroa Population Simulation - Nov 24,2015  04:09:02 PM
VarroaPop Version 3.2.5.8  June, 2015

                                        Capped  Capped                                                                      Prop           Conc          Conc                                     
            Colony  Adult  Adult         Drone   Wkr    Drone  Wkr    Drone  Wkr  Free   DBrood WBrood DMite  WMite  Mites  Mites  Colony Pollen Colony Nectar   Dead   Dead   Dead   Dead   Dead
     Date   Size   Drones   Wkr   Forgrs Brood  Brood   Larv   Larv    Eggs  Eggs Mites  Mites  Mites  /Cell  /Cell  Dying  Dying  Pollen  Pest  Nectar  Pest    DLarv  WLarv  DAdlt  WAdlt  Forgrs
Initial     10000      0   6762   3238      0      0      0      0      0      0      0      0      0   0.00   0.00      0   0.00    0.0  0.000    0.0  0.000      0      0      0      0      0
05/01/1990   9678      0   6440   3238      0      0      0      0      1    386      0      0      0   0.00   0.00      0   0.00    0.1  0.000    0.0  0.000      0      0      0      0      0
05/02/1990   9356      0   6118   3238      0      0      0      0      2    802      0      0      0   0.00   0.00      0   0.00    0.2  0.000    0.0  0.000      0      0      0      0      0
05/03/1990   9034      0   5796   3238      0      0      0      0      3   1255      0      0      0   0.00   0.00      0   0.00    0.3  0.000    0.0  0.000      0      0      0      0      0
05/04/1990   8712      0   5474   3238      0      0      1    386      3   1340      0      0      0   0.00   0.00      0   0.00    0.4  0.000    0.0  0.000      0      0      0      0      0
05/05/1990   8390      0   5152   3238      0      0      2    802      3   1405      0      0      0   0.00   0.00      0   0.00    0.5  0.000    0.0  0.000      0      0      0      0      0
05/06/1990   8068      0   4830   3238      0      0      3   1255      3   1423      0      0      0   0.00   0.00      0   0.00    0.6  0.000    0.0  0.000      0      0      0      0      0
05/07/1990   7746      0   4508   3238      0      0      4   1726      3   1389      0      0      0   0.00   0.00      0   0.00    0.7  0.000    0.0  0.000      0      0      0      0      0
05/08/1990   7424      0   4186   3238      0      0      5   2207      3   1338      0      0      0   0.00   0.00      0   0.00    0.9  0.000    0.0  0.000      0      0      0      0      0
05/09/1990   7102      0   3864   3238      0    386      6   2292      3   1264      0      0      0   0.00   0.00      0   0.00    1.0  0.000    0.0  0.000      0      0      0      0      0
05/10/1990   6762      0   3542   3220      0    802      7   2313      3   1169      0      0      0   0.00   0.00      0   0.00    1.1  0.000    0.0  0.000      0      0      0      0      0
05/11/1990   6440      0   3220   3220      1   1255      7   2290      3   1115      0      0      0   0.00   0.00      0   0.00    1.2  0.000    0.0  0.000      0      0      0      0      0
05/12/1990   6118      0   2898   3220      2   1726      7   2216      3   1108      0      0      0   0.00   0.00      0   0.00    1.3  0.000    0.0  0.000      0      0      0      0      0
05/13/1990   5796      0   2576   3220      3   2207      7   2077      3   1162      0      0      0   0.00   0.00      0   0.00    1.4  0.000    0.0  0.000      0      0      0      0      0
05/14/1990   5474      0   2254   3220      4   2678      7   1982      3   1182      0      0      0   0.00   0.00      0   0.00    1.6  0.000    0.0  0.000      0      0      0      0      0
05/15/1990   5152      0   1932   3220      5   3115      7   1935      3   1171      0      0      0   0.00   0.00      0   0.00    1.7  0.000    0.0  0.000      0      0      0      0      0
05/16/1990   4830      0   1610   3220      6   3545      7   1901      3   1200      0      0      0   0.00   0.00      0   0.00    1.8  0.000    0.0  0.000      0      0      0      0      0
05/17/1990   4508      0   1288   3220      7   3942      7   1900      3   1200      0      0      0   0.00   0.00      0   0.00    2.0  0.000    0.0  0.000      0      0      0      0      0
05/18/1990   4186      0    966   3220      8   4284      7   1937      3   1176      0      0      0   0.00   0.00      0   0.00    2.1  0.000    0.0  0.000      0      0      0      0      0
05/19/1990   3864      0    644   3220      9   4660      7   1986      3   1096      0      0      0   0.00   0.00      0   0.00    2.2  0.000    0.0  0.000      0      0      0      0      0
05/20/1990   3542      0    322   3220     10   5050      7   1992      3   1091      0      0      0   0.00   0.00      0   0.00    2.4  0.000    0.0  0.000      0      0      0      0      0
05/21/1990   3220      0      0   3220     11   5446      7   1951      3   1146      0      0      0   0.00   0.00      0   0.00    2.5  0.000    0.0  0.000      0      0      0      0      0
05/22/1990   3284      0    386   2898     12   5456      7   1900      3   1220      0      0      0   0.00   0.00      0   0.00    2.6  0.000    0.0  0.000      0      0      0      0      0
05/23/1990   3700      0    802   2898     13   5419      7   1912      2   1157      0      0      0   0.00   0.00      0   0.00    2.6  0.000    0.0  0.000      0      0      0      0      0
05/24/1990   3831      0   1255   2576     14   5391      7   1897      1   1072      0      0      0   0.00   0.00      0   0.00    2.7  0.000    0.0  0.000      0      0      0      0      0
05/25/1990   3981      1   1726   2254     14   5316      7   1920      0    996      0      0      0   0.00   0.00      0   0.00    2.8  0.000    0.0  0.000      0      0      0      0      0
05/26/1990   4141      2   2207   1932     14   5190      6   1893      0    993      0      0      0   0.00   0.00      0   0.00    2.9  0.000    0.0  0.000      0      0      0      0      0
05/27/1990   4613      3   2678   1932     14   5064      5   1873      0    928      0      0      0   0.00   0.00      0   0.00    2.9  0.000    0.0  0.000      0      0      0      0      0
05/28/1990   5051      4   3115   1932     14   5018      4   1825      0    841      0      0      0   0.00   0.00      0   0.00    2.9  0.000    0.0  0.000      0      0      0      0      0
05/29/1990   5160      5   3545   1610     14   4998      3   1740      0    792      0      0      0   0.00   0.00      0   0.00    2.9  0.000    0.0  0.000      0      0      0      0      0
05/30/1990   5236      6   3942   1288     14   5020      2   1581      0    782      0      0      0   0.00   0.00      0   0.00    3.0  0.000    0.0  0.000      0      0      0      0      0
05/31/1990   5257      7   4284    966     14   5006      1   1509      0    732      0      0      0   0.00   0.00      0   0.00    3.0  0.000    0.0  0.000      0      0      0      0      0
06/01/1990   5312      8   4660    644     14   4955      0   1460      0    629      0      0      0   0.00   0.00      0   0.00    3.0  0.000    0.0  0.000      0      0      0      0      0
06/02/1990   5381      9   5050    322     13   4908      0   1367      0    525      0      0      0   0.00   0.00      0   0.00    3.0  0.000    0.0  0.000      0      0      0      0      0
06/03/1990   5456     10   5446      0     12   4837      0   1248      0    404      0      0      0   0.00   0.00      0   0.00    2.9  0.000    0.0  0.000      0      0      0      0      0
06/04/1990   5853     11   5842      0     11   4701      0   1161      0    231      0      0      0   0.00   0.00      0   0.00    2.9  0.000    0.0  0.000      0      0      0      0      0
06/05/1990   6233     12   6221      0     10   4578      0   1051      0     85      0      0      0   0.00   0.00      0   0.00    2.9  0.000    0.0  0.000      0      0      0      0      0
06/06/1990   6659     13   6646      0      9   4429      0    860      0      0      0      0      0   0.00   0.00      0   0.00    2.8  0.000    0.0  0.000      0      0      0      0      0
06/07/1990   7056     14   7042      0      8   4283      0    610      0      0      0      0      0   0.00   0.00      0   0.00    2.8  0.000    0.0  0.000      0      0      0      0      0
06/08/1990   7412     15   7397      0      7   4134      0    404      0      0      0      0      0   0.00   0.00      0   0.00    2.7  0.000    0.0  0.000      0      0      0      0      0
06/09/1990   7758     16   7742      0      6   3962      0    231      0      0      0      0      0   0.00   0.00      0   0.00    2.7  0.000    0.0  0.000      0      0      0      0      0
06/10/1990   8150     17   8133      0      5   3717      0     85      0      0      0      0      0   0.00   0.00      0   0.00    2.6  0.000    0.0  0.000      0      0      0      0      0
06/11/1990   8561     18   8543      0      4   3392      0      0      0      0      0      0      0   0.00   0.00      0   0.00    2.5  0.000    0.0  0.000      0      0      0      0      0
06/12/1990   8981     19   8576    386      3   2973      0      0      0      0      0      0      0   0.00   0.00      0   0.00    2.5  0.000    0.0  0.000      0      0      0      0      0
06/13/1990   9310     20   8488    802      2   2645      0      0      0     90      0      0      0   0.00   0.00      0   0.00    2.5  0.000    0.0  0.000      0      0      0      0      0
06/14/1990   9636     21   8360   1255      1   2320      0      0      0    248      0      0      0   0.00   0.00      0   0.00    2.5  0.000    0.0  0.000      0      0      0      0      0
06/15/1990   9979     21   8232   1726      0   1977      0      0      0    474      0      0      0   0.00   0.00      0   0.00    2.5  0.000    0.0  0.000      0      0      0      0      0
06/16/1990  10303     20   8076   2207      0   1652      0     90      0    684      0      0      0   0.00   0.00      0   0.00    2.6  0.000    0.0  0.000      0      0      0      0      0
06/17/1990  10562     19   7865   2678      0   1392      0    248      0    894      0      0      0   0.00   0.00      0   0.00    2.6  0.000    0.0  0.000      0      0      0      0      0
06/18/1990  10817     18   7684   3115      0   1136      0    474      0   1059      0      0      0   0.00   0.00      0   0.00    2.7  0.000    0.0  0.000      0      0      0      0      0
06/19/1990  11092     17   7530   3545      0    860      0    774      1   1215      0      0      0   0.00   0.00      0   0.00    2.8  0.000    0.0  0.000      0      0      0      0      0
06/20/1990  11341     16   7383   3942      0    610      0   1142      3   1374      0      0      0   0.00   0.00      0   0.00    2.9  0.000    0.0  0.000      0      0      0      0      0
06/21/1990  11546     15   7247   4284      0    494      0   1443      6   1539      0      0      0   0.00   0.00      0   0.00    3.1  0.000    0.0  0.000      0      0      0      0      0
06/22/1990  11332     14   7044   4274      0    479      1   1741      8   1624      0      0      0   0.00   0.00      0   0.00    3.2  0.000    0.0  0.000      0      0      0      0      0
06/23/1990  11061     13   6800   4248      0    559      3   2042      9   1635      0      0      0   0.00   0.00      0   0.00    3.4  0.000    0.0  0.000      0      0      0      0      0
06/24/1990  10692     12   6489   4191      0    774      6   2298      9   1626      0      0      0   0.00   0.00      0   0.00    3.5  0.000    0.0  0.000      0      0      0      0      0
06/25/1990  10220     11   6093   4116      0   1142      9   2471      9   1628      0      0      0   0.00   0.00      0   0.00    3.7  0.000    0.0  0.000      0      0      0      0      0
06/26/1990   9738     10   5714   4014      0   1533     12   2618      9   1634      0      0      0   0.00   0.00      0   0.00    3.8  0.000    0.0  0.000      0      0      0      0      0
06/27/1990   9266      9   5289   3968      0   1989     15   2709      9   1614      0      0      0   0.00   0.00      0   0.00    3.9  0.000    0.0  0.000      0      0      0      0      0
06/28/1990   8828      8   4893   3927      0   2516     18   2725      9   1586      0      0      0   0.00   0.00      0   0.00    4.1  0.000    0.0  0.000      0      0      0      0      0
06/29/1990   8397      7   4538   3852      1   3072     20   2713      9   1582      0      0      0   0.00   0.00      0   0.00    4.2  0.000    0.0  0.000      0      0      0      0      0
06/30/1990   7999      6   4193   3800      3   3613     21   2699      9   1593      0      0      0   0.00   0.00      0   0.00    4.3  0.000    0.0  0.000      0      0      0      0      0
07/01/1990   7656      5   3802   3849      6   4151     21   2676      9   1610      0      0      0   0.00   0.00      0   0.00    4.5  0.000    0.0  0.000      0      0      0      0      0
07/02/1990   7279      4   3392   3883      9   4698     21   2669      8   1585      0      0      0   0.00   0.00      0   0.00    4.6  0.000    0.0  0.000      0      0      0      0      0
07/03/1990   6888      3   2973   3912     12   5241     21   2664      8   1560      0      0      0   0.00   0.00      0   0.00    4.8  0.000    0.0  0.000      0      0      0      0      0
07/04/1990   6581      2   2735   3844     15   5695     21   2652      7   1526      0      0      0   0.00   0.00      0   0.00    4.9  0.000    0.0  0.000      0      0      0      0      0
07/05/1990   6342      1   2568   3773     18   6064     20   2640      7   1511      0      0      0   0.00   0.00      0   0.00    5.1  0.000    0.0  0.000      0      0      0      0      0
07/06/1990   6188      0   2451   3737     21   6353     20   2638      6   1494      0      0      0   0.00   0.00      0   0.00    5.2  0.000    0.0  0.000      0      0      0      0      0
07/07/1990   6063      0   2426   3637     24   6593     19   2596      6   1506      0      0      0   0.00   0.00      0   0.00    5.4  0.000    0.0  0.000      0      0      0      0      0
07/08/1990   6035      0   2534   3501     27   6763     18   2558      6   1513      0      0      0   0.00   0.00      0   0.00    5.5  0.000    0.0  0.000      0      0      0      0      0
07/09/1990   6071      0   2669   3402     30   6904     17   2522      6   1521      0      0      0   0.00   0.00      0   0.00    5.6  0.000    0.0  0.000      0      0      0      0      0
07/10/1990   6182      0   2849   3333     33   6963     16   2517      6   1525      0      0      0   0.00   0.00      0   0.00    5.8  0.000    0.0  0.000      0      0      0      0      0
07/11/1990   6318      0   3126   3192     36   6949     15   2511      6   1533      0      0      0   0.00   0.00      0   0.00    5.9  0.000    0.0  0.000      0      0      0      0      0
07/12/1990   6464      0   3476   2988     38   6891     15   2517      6   1533      0      0      0   0.00   0.00      0   0.00    6.0  0.000    0.0  0.000      0      0      0      0      0
07/13/1990   6587      1   3844   2742     40   6850     14   2531      5   1506      0      0      0   0.00   0.00      0   0.00    6.1  0.000    0.0  0.000      0      0      0      0      0
07/14/1990   6799      3   4236   2560     40   6808     14   2550      4   1456      0      0      0   0.00   0.00      0   0.00    6.2  0.000    0.0  0.000      0      0      0      0      0
07/15/1990   7024      6   4698   2320     39   6771     14   2544      2   1400      0      0      0   0.00   0.00      0   0.00    6.3  0.000    0.0  0.000      0      0      0      0      0
07/16/1990   7227      9   5241   1977     38   6735     13   2524      1   1325      0      0      0   0.00   0.00      0   0.00    6.3  0.000    0.0  0.000      0      0      0      0      0
07/17/1990   7449     12   5785   1652     37   6695     12   2485      0   1232      0      0      0   0.00   0.00      0   0.00    6.4  0.000    0.0  0.000      0      0      0      0      0
07/18/1990   7719     15   6312   1392     36   6682     10   2419      0   1124      0      0      0   0.00   0.00      0   0.00    6.4  0.000    0.0  0.000      0      0      0      0      0
07/19/1990   7981     18   6827   1136     35   6682      8   2316      0   1018      0      0      0   0.00   0.00      0   0.00    6.4  0.000    0.0  0.000      0      0      0      0      0
07/20/1990   8248     21   7367    860     34   6646      6   2184      0    914      0      0      0   0.00   0.00      0   0.00    6.4  0.000    0.0  0.000      0      0      0      0      0
07/21/1990   8539     24   7905    610     33   6595      4   2037      0    793      0      0      0   0.00   0.00      0   0.00    6.4  0.000    0.0  0.000      0      0      0      0      0
07/22/1990   8868     27   8437    404     32   6528      2   1878      0    654      0      0      0   0.00   0.00      0   0.00    6.3  0.000    0.0  0.000      0      0      0      0      0
07/23/1990   9213     30   8952    231     30   6461      1   1698      0    500      0      0      0   0.00   0.00      0   0.00    6.3  0.000    0.0  0.000      0      0      0      0      0
07/24/1990   9583     33   9465     85     28   6360      0   1505      0    347      0      0      0   0.00   0.00      0   0.00    6.2  0.000    0.0  0.000      0      0      0      0      0
07/25/1990   9999     36   9873     90     25   6234      0   1300      0    205      0      0      0   0.00   0.00      0   0.00    6.2  0.000    0.0  0.000      0      0      0      0      0
07/26/1990  10501     38  10215    248     23   6074      0   1074      0    119      0      0      0   0.00   0.00      0   0.00    6.1  0.000    0.0  0.000      0      0      0      0      0
07/27/1990  11000     41  10485    474     20   5884      0    834      0    127      0      0      0   0.00   0.00      0   0.00    6.0  0.000    0.0  0.000      0      0      0      0      0
07/28/1990  11512     43  10695    774     18   5642      0    591      0    235      0      0      0   0.00   0.00      0   0.00    6.0  0.000    0.0  0.000      0      0      0      0      0
07/29/1990  12021     45  10834   1142     16   5354      0    400      0    405      0      0      0   0.00   0.00      0   0.00    6.0  0.000    0.0  0.000      0      0      0      0      0
07/30/1990  12527     47  10947   1533     14   5017      0    307      0    594      0      0      0   0.00   0.00      0   0.00    6.0  0.000    0.0  0.000      0      0      0      0      0
07/31/1990  13043     49  11005   1989     12   4617      0    326      0    780      0      0      0   0.00   0.00      0   0.00    6.0  0.000    0.0  0.000      0      0      0      0      0
08/01/1990  13560     51  10993   2516     10   4168      0    458      0    957      0      0      0   0.00   0.00      0   0.00    6.0  0.000    0.0  0.000      0      0      0      0      0
08/02/1990  14066     53  10941   3072      8   3689      0    696      0   1124      0      0      0   0.00   0.00      0   0.00    6.1  0.000    0.0  0.000      0      0      0      0      0
08/03/1990  14554     54  10887   3613      6   3230      0    987      1   1283      0      0      0   0.00   0.00      0   0.00    6.2  0.000    0.0  0.000      0      0      0      0      0
08/04/1990  14929     54  10814   4061      4   2839      0   1288      3   1431      0      0      0   0.00   0.00      0   0.00    6.3  0.000    0.0  0.000      0      0      0      0      0
08/05/1990  15218     53  10715   4450      2   2524      0   1585      6   1568      0      0      0   0.00   0.00      0   0.00    6.4  0.000    0.0  0.000      0      0      0      0      0
08/06/1990  15402     51  10584   4767      1   2310      1   1865      9   1685      0      0      0   0.00   0.00      0   0.00    6.6  0.000    0.0  0.000      0      0      0      0      0
08/07/1990  15472     49  10412   5011      0   2201      3   2125     11   1778      0      0      0   0.00   0.00      0   0.00    6.7  0.000    0.0  0.000      0      0      0      0      0
08/08/1990  15441     46  10225   5170      0   2180      6   2373     13   1840      0      0      0   0.00   0.00      0   0.00    6.9  0.000    0.0  0.000      0      0      0      0      0
08/09/1990  15353     43  10016   5294      0   2249     10   2593     14   1884      0      0      0   0.00   0.00      0   0.00    7.0  0.000    0.0  0.000      0      0      0      0      0
08/10/1990  15162     40   9744   5378      0   2411     14   2779     15   1914      0      0      0   0.00   0.00      0   0.00    7.2  0.000    0.0  0.000      0      0      0      0      0
08/11/1990  14851     37   9425   5389      0   2670     19   2930     15   1934      0      0      0   0.00   0.00      0   0.00    7.4  0.000    0.0  0.000      0      0      0      0      0
08/12/1990  14459     34   9060   5365      0   3026     24   3046     15   1943      0      0      0   0.00   0.00      0   0.00    7.6  0.000    0.0  0.000      0      0      0      0      0
08/13/1990  14029     31   8659   5339      1   3479     28   3125     15   1929      0      0      0   0.00   0.00      0   0.00    7.7  0.000    0.0  0.000      0      0      0      0      0
08/14/1990  13554     28   8212   5314      3   4008     31   3179     15   1877      0      0      0   0.00   0.00      0   0.00    7.9  0.000    0.0  0.000      0      0      0      0      0
08/15/1990  13029     25   7739   5265      6   4599     33   3211     14   1784      0      0      0   0.00   0.00      0   0.00    8.1  0.000    0.0  0.000      0      0      0      0      0
08/16/1990  12512     23   7267   5222     10   5200     34   3214     13   1715      0      0      0   0.00   0.00      0   0.00    8.3  0.000    0.0  0.000      0      0      0      0      0
08/17/1990  12039     20   6845   5174     14   5765     35   3172     13   1689      0      0      0   0.00   0.00      0   0.00    8.5  0.000    0.0  0.000      0      0      0      0      0
08/18/1990  11643     18   6468   5157     19   6278     34   3081     13   1662      0      0      0   0.00   0.00      0   0.00    8.6  0.000    0.0  0.000      0      0      0      0      0
08/19/1990   2599      0   2599      0     24   6729     17   2236     13   1625      0      0      0   0.00   0.00      0   0.00    8.8  0.127    0.0  0.000     16    759     11   3550   5147
08/20/1990   2611      0   2611      0     25   6590     20   2680      8   1054      0      0      0   0.00   0.00      0   0.00    8.8  0.127    0.0  0.000      1      3      0     74    177
08/21/1990   2671      0   2671      0     26   6668     22   2809      4    526      0      0      0   0.00   0.00      0   0.00    8.8  0.127    0.0  0.000      1      2      0     82    177
08/22/1990   2779      0   2779      0     27   6887     24   2740      0      0      0      0      0   0.00   0.00      0   0.00    8.8  0.127    0.0  0.000      1      1      0     90    177
08/23/1990   2937      0   2937      0     28   7010     22   2186      0      0      0      0      0   0.00   0.00      0   0.00    8.8  0.127    0.0  0.000      1      1      0     95    177
08/24/1990   3141      0   3140      1     32   7094     17   1623      0      0      0      0      0   0.00   0.00      0   0.00    8.7  0.127    0.0  0.000      1      1      0     98    176
08/25/1990   3392      0   3387      5     35   7141     13   1052      0      0      0      0      0   0.00   0.00      0   0.00    8.7  0.127    0.0  0.000      1      1      0     99    173
08/26/1990   3690      0   3676     14     38   7101     10    525      0      0      0      0      0   0.00   0.00      0   0.00    8.7  0.127    0.0  0.000      0      0      0    101    168
08/27/1990   4286      1   4094    191     41   7031      6      0      0      3      0      0      0   0.00   0.00      0   0.00    8.7  0.127    0.0  0.000      0      0      0      0      0
08/28/1990   4904      3   4533    368     42   6415      3      0      0     58      0      0      0   0.00   0.00      0   0.00    8.7  0.127    0.0  0.000      0      0      0      0      0
08/29/1990   5536      6   4985    545     42   5786      0      0      0    160      0      0      0   0.00   0.00      0   0.00    8.7  0.127    0.0  0.000      0      0      0      0      0
08/30/1990   6179     10   5447    722     38   5147      0      3      0    293      0      0      0   0.00   0.00      0   0.00    8.7  0.127    0.0  0.000      0      0      0      0      0
08/31/1990   6829     14   6029    786     34   4501      0     58      0    406      0      0      0   0.00   0.00      0   0.00    8.7  0.127    0.0  0.000      0      0      0      0      0
09/01/1990   7483     19   6614    850     29   3852      0    160      0    490      0      0      0   0.00   0.00      0   0.00    8.7  0.127    0.0  0.000      0      0      0      0      0
09/02/1990   7612     24   6674    914     24   3728      0    296      0    552      0      0      0   0.00   0.00      0   0.00    8.7  0.127    0.0  0.000      0      0      0      0      0
09/03/1990   8010     25   7007    978     23   3331      0    464      0    591      0      0      0   0.00   0.00      0   0.00    8.7  0.127    0.0  0.000      0      0      0      0      0
09/04/1990   8604     26   7537   1041     22   2740      0    647      0    621      0      0      0   0.00   0.00      0   0.00    8.7  0.127    0.0  0.000      0      0      0      0      0
09/05/1990   9154     27   8026   1101     21   2242      0    790      0    654      0      0      0   0.00   0.00      0   0.00    8.7  0.127    0.0  0.000      0      0      0      0      0
09/06/1990   9708     28   8524   1156     20   1782      0    895      0    689      0      0      0   0.00   0.00      0   0.00    8.7  0.127    0.0  0.000      0      0      0      0      0
09/07/1990  10105     32   9042   1031     16   1348      0    975      0    721      0      0      0   0.00   0.00      0   0.00    8.6  0.127    0.0  0.000      0      0      0      0      0
09/08/1990  10458     35   9517    906     13    989      0   1038      0    716      0      0      0   0.00   0.00      0   0.00    8.6  0.127    0.0  0.000      0      0      0      0      0
09/09/1990  10809     38   9942    829     10    650      0   1094      0    683      0      0      0   0.00   0.00      0   0.00    8.6  0.127    0.0  0.000      0      0      0      0      0
09/10/1990  10636     42   9753    841      6    848      0   1144      0    638      0      0      0   0.00   0.00      0   0.00    8.6  0.127    0.0  0.000      0      0      0      0      0
09/11/1990  10575     45   9516   1014      3   1055      0   1163      0    610      0      0      0   0.00   0.00      0   0.00    8.5  0.127    0.0  0.000      0      0      0      0      0
09/12/1990  10450     48   9231   1171      0   1271      0   1156      0    627      0      0      0   0.00   0.00      0   0.00    8.5  0.127    0.0  0.000      0      0      0      0      0
09/13/1990  10386     48   8896   1442      0   1502      0   1128      0    673      0      0      0   0.00   0.00      0   0.00    8.5  0.127    0.0  0.000      0      0      0      0      0
09/14/1990  10322     48   8516   1758      0   1744      0   1084      0    741      0      0      0   0.00   0.00      0   0.00    8.5  0.127    0.0  0.000      0      0      0      0      0
09/15/1990  10258     48   8092   2118      0   1992      0   1062      0    815      0      0      0   0.00   0.00      0   0.00    8.6  0.127    0.0  0.000      0      0      0      0      0
09/16/1990  10194     48   7626   2520      0   2218      0   1085      0    903      0      0      0   0.00   0.00      0   0.00    8.6  0.126    0.0  0.000      0      0      0      0      0
09/17/1990  10144     47   7034   3063      0   2424      0   1142      0   1016      0      0      0   0.00   0.00      0   0.00    8.7  0.125    0.0  0.000      0      0      0      0      0
09/18/1990  10145     45   6473   3627      0   2572      0   1239      1   1130      0      0      0   0.00   0.00      0   0.00    8.8  0.123    0.0  0.000      0      0      0      0      0
09/19/1990  10144     42   5946   4156      0   2668      0   1378      3   1239      0      0      0   0.00   0.00      0   0.00    9.0  0.121    0.0  0.000      0      0      0      0      0
09/20/1990  10087     38   5443   4606      0   2758      0   1531      6   1365      0      0      0   0.00   0.00      0   0.00    9.1  0.119    0.0  0.000      0      0      0      0      0
09/21/1990  10014     34   4965   5015      0   2839      1   1696      9   1485      0      0      0   0.00   0.00      0   0.00    9.3  0.116    0.0  0.000      0      0      0      0      0
09/22/1990   9910     29   4502   5379      0   2919      3   1876     11   1561      0      0      0   0.00   0.00      0   0.00    9.5  0.114    0.0  0.000      0      0      0      0      0
09/23/1990   9768     24   4576   5168      0   3021      6   2081     12   1564      0      0      0   0.00   0.00      0   0.00    9.7  0.112    0.0  0.000      0      0      0      0      0
09/24/1990   9594     23   4386   5185      0   3151     10   2278     12   1557      0      0      0   0.00   0.00      0   0.00    9.9  0.109    0.0  0.000      0      0      0      0      0
09/25/1990   9385     22   4008   5355      0   3314     14   2421     12   1558      0      0      0   0.00   0.00      0   0.00   10.1  0.107    0.0  0.000      0      0      0      0      0
09/26/1990   9149     21   3686   5442      0   3497     18   2515     12   1579      0      0      0   0.00   0.00      0   0.00   10.3  0.105    0.0  0.000      0      0      0      0      0
09/27/1990   8795     20   3366   5409      0   3701     22   2596     12   1586      0      0      0   0.00   0.00      0   0.00   10.6  0.103    0.0  0.000      0      0      0      0      0
09/28/1990   8423     16   3044   5363      1   3958     25   2614     12   1608      0      0      0   0.00   0.00      0   0.00   10.8  0.100    0.0  0.000      0      0      0      0      0
09/29/1990   8017     13   2743   5261      3   4266     27   2609     13   1646      0      0      0   0.00   0.00      0   0.00   11.0  0.098    0.0  0.000      0      0      0      0      0
09/30/1990   7584     10   2427   5147      6   4579     28   2621     14   1690      0      0      0   0.00   0.00      0   0.00   11.2  0.097    0.0  0.000      0      0      0      0      0
10/01/1990   7137      6   2630   4501     10   4884     28   2658     15   1722      0      0      0   0.00   0.00      0   0.00   11.4  0.095    0.0  0.000      0      0      0      0      0
10/02/1990   6683      3   2828   3852     14   5213     29   2698     13   1662      0      0      0   0.00   0.00      0   0.00   11.6  0.094    0.0  0.000      0      0      0      0      0
10/03/1990   6782      0   3054   3728     18   5510     30   2753     10   1558      0      0      0   0.00   0.00      0   0.00   11.7  0.093    0.0  0.000      0      0      0      0      0
10/04/1990   6634      0   3303   3331     22   5790     31   2801      7   1486      0      0      0   0.00   0.00      0   0.00   11.8  0.092    0.0  0.000      0      0      0      0      0
10/05/1990   6306      0   3569   2737     26   6058     30   2774      5   1418      0      0      0   0.00   0.00      0   0.00   11.9  0.091    0.0  0.000      0      0      0      0      0
10/06/1990   6053      0   3869   2184     30   6303     28   2703      3   1305      0      0      0   0.00   0.00      0   0.00   12.0  0.090    0.0  0.000      0      0      0      0      0
10/07/1990   5828      0   4206   1622     34   6533     26   2641      1   1094      0      0      0   0.00   0.00      0   0.00   12.0  0.090    0.0  0.000      0      0      0      0      0
10/08/1990   5637      0   4582   1055     38   6732     23   2502      0    904      0      0      0   0.00   0.00      0   0.00   12.1  0.090    0.0  0.000      0      0      0      0      0
10/09/1990   5524      0   4941    583     43   6895     18   2286      0    741      0      0      0   0.00   0.00      0   0.00   12.0  0.090    0.0  0.000      0      0      0      0      0
10/10/1990   5445      0   5285    160     48   6956     13   2073      0    570      0      0      0   0.00   0.00      0   0.00   12.0  0.090    0.0  0.000      0      0      0      0      0
10/11/1990   5950      0   5654    296     53   6925      8   1848      0    360      0      0      0   0.00   0.00      0   0.00   12.0  0.090    0.0  0.000      0      0      0      0      0
10/12/1990   6485      1   6020    464     55   6896      5   1541      0    232      0      0      0   0.00   0.00      0   0.00   12.0  0.090    0.0  0.000      0      0      0      0      0
10/13/1990   7009      3   6356    650     55   6813      3   1225      0    211      0      0      0   0.00   0.00      0   0.00   12.0  0.090    0.0  0.000      0      0      0      0      0
10/14/1990   7520      6   6666    848     54   6666      1    903      0    308      0      0      0   0.00   0.00      0   0.00   12.0  0.090    0.0  0.000      0      0      0      0      0
10/15/1990   8051     10   6986   1055     51   6433      0    679      0    408      0      0      0   0.00   0.00      0   0.00   12.0  0.090    0.0  0.000      0      0      0      0      0
10/16/1990   8578     14   7293   1271     47   6159      0    532      0    501      0      0      0   0.00   0.00      0   0.00   12.0  0.090    0.0  0.000      0      0      0      0      0
10/17/1990   9111     18   7591   1502     43   5828      0    470      0    586      0      0      0   0.00   0.00      0   0.00   12.0  0.090    0.0  0.000      0      0      0      0      0
10/18/1990   9646     22   7883   1741     39   5417      0    517      0    668      0      0      0   0.00   0.00      0   0.00   12.0  0.089    0.0  0.000      0      0      0      0      0
10/19/1990  10140     26   8180   1934     35   4911      0    673      0    719      0      0      0   0.00   0.00      0   0.00   12.1  0.089    0.0  0.000      0      0      0      0      0
10/20/1990  10609     30   8521   2058     31   4414      0    824      0    740      0      0      0   0.00   0.00      0   0.00   12.1  0.089    0.0  0.000      0      0      0      0      0
10/21/1990  11055     34   8890   2131     27   3938      0    974      0    765      0      0      0   0.00   0.00      0   0.00   12.1  0.089    0.0  0.000      0      0      0      0      0
10/22/1990  11468     38   9264   2166     23   3497      0   1084      0    803      0      0      0   0.00   0.00      0   0.00   12.2  0.088    0.0  0.000      0      0      0      0      0
10/23/1990  11794     43   9573   2178     18   3160      0   1156      0    855      0      0      0   0.00   0.00      0   0.00   12.2  0.088    0.0  0.000      0      0      0      0      0
10/24/1990  12075     48   9821   2206     13   2881      0   1238      0    889      0      0      0   0.00   0.00      0   0.00   12.2  0.088    0.0  0.000      0      0      0      0      0
10/25/1990  12378     53  10077   2248      8   2597      0   1301      0    923      0      0      0   0.00   0.00      0   0.00   12.3  0.088    0.0  0.000      0      0      0      0      0
10/26/1990  12604     56  10250   2298      5   2410      0   1343      0    926      0      0      0   0.00   0.00      0   0.00   12.3  0.087    0.0  0.000      0      0      0      0      0
10/27/1990  12736     58  10311   2367      3   2295      0   1408      0    928      0      0      0   0.00   0.00      0   0.00   12.3  0.087    0.0  0.000      0      0      0      0      0
10/28/1990  12790     60  10268   2462      1   2243      0   1484      0    917      0      0      0   0.00   0.00      0   0.00   12.4  0.087    0.0  0.000      0      0      0      0      0
10/29/1990  12792     61  10138   2593      0   2271      0   1504      0    928      0      0      0   0.00   0.00      0   0.00   12.4  0.087    0.0  0.000      0      0      0      0      0
10/30/1990  12764     61   9922   2781      0   2357      0   1533      0    909      0      0      0   0.00   0.00      0   0.00   12.5  0.086    0.0  0.000      0      0      0      0      0
10/31/1990  12678     61   9599   3018      0   2528      0   1546      0    894      0      0      0   0.00   0.00      0   0.00   12.5  0.086    0.0  0.000      0      0      0      0      0
11/01/1990  12504     61   9133   3310      0   2800      0   1543      0    835      0      0      0   0.00   0.00      0   0.00   12.6  0.085    0.0  0.000      0      0      0      0      0
11/02/1990  12366     60   8669   3637      0   3048      0   1519      0    784      0      0      0   0.00   0.00      0   0.00   12.7  0.084    0.0  0.000      0      0      0      0      0
11/03/1990  12232     58   8249   3925      0   3243      0   1514      0    763      0      0      0   0.00   0.00      0   0.00   12.8  0.084    0.0  0.000      0      0      0      0      0
11/04/1990  12109     55   7877   4177      0   3420      0   1450      1    824      0      0      0   0.00   0.00      0   0.00   13.0  0.083    0.0  0.000      0      0      0      0      0
11/05/1990  12003     51   7520   4432      0   3557      0   1386      2    910      0      0      0   0.00   0.00      0   0.00   13.1  0.082    0.0  0.000      0      0      0      0      0
11/06/1990  11889     47   7192   4650      0   3670      0   1349      3    923      0      0      0   0.00   0.00      0   0.00   13.3  0.081    0.0  0.000      0      0      0      0      0
11/07/1990  11765     43   6884   4838      0   3743      1   1365      3    900      0      0      0   0.00   0.00      0   0.00   13.4  0.080    0.0  0.000      0      0      0      0      0
11/08/1990  11631     39   6602   4990      0   3783      2   1402      4    902      0      0      0   0.00   0.00      0   0.00   13.6  0.079    0.0  0.000      0      0      0      0      0
11/09/1990  11457     35   6303   5119      0   3786      3   1437      5    971      0      0      0   0.00   0.00      0   0.00   13.8  0.078    0.0  0.000      0      0      0      0      0
11/10/1990  11248     31   5978   5239      0   3787      4   1481      6   1050      0      0      0   0.00   0.00      0   0.00   14.0  0.077    0.0  0.000      0      0      0      0      0
11/11/1990  11016     27   5677   5312      0   3781      6   1541      7   1103      0      0      0   0.00   0.00      0   0.00   14.2  0.076    0.0  0.000      0      0      0      0      0
11/12/1990  10762     23   5384   5355      0   3807      8   1584      8   1155      0      0      0   0.00   0.00      0   0.00   14.4  0.075    0.0  0.000      0      0      0      0      0
11/13/1990  10529     18   5171   5340      0   3842     10   1621      9   1209      0      0      0   0.00   0.00      0   0.00   14.6  0.074    0.0  0.000      0      0      0      0      0
11/14/1990  10327     13   5008   5306      1   3815     12   1721      8   1189      0      0      0   0.00   0.00      0   0.00   14.8  0.073    0.0  0.000      0      0      0      0      0
11/15/1990  10113      8   4821   5284      2   3784     14   1839      7   1129      0      0      0   0.00   0.00      0   0.00   15.0  0.072    0.0  0.000      0      0      0      0      0
11/16/1990   9884      5   4679   5200      3   3818     16   1928      7   1088      0      0      0   0.00   0.00      0   0.00   15.2  0.071    0.0  0.000      0      0      0      0      0
11/17/1990   9666      3   4631   5032      4   3858     17   1939      8   1118      0      0      0   0.00   0.00      0   0.00   15.4  0.070    0.0  0.000      0      0      0      0      0
11/18/1990   9437      1   4644   4792      6   3917     17   1918      8   1135      0      0      0   0.00   0.00      0   0.00   15.6  0.069    0.0  0.000      0      0      0      0      0
11/19/1990   9199      0   4703   4496      8   3993     18   1913      7   1118      0      0      0   0.00   0.00      0   0.00   15.8  0.068    0.0  0.000      0      0      0      0      0
11/20/1990   9483      0   4799   4684     10   4104     19   1902      5    982      0      0      0   0.00   0.00      0   0.00   15.9  0.067    0.0  0.000      0      0      0      0      0
11/21/1990   9209      0   4968   4241     13   4232     18   1844      4    850      0      0      0   0.00   0.00      0   0.00   16.1  0.067    0.0  0.000      0      0      0      0      0
11/22/1990   8314      0   5178   3136     16   4347     17   1842      3    723      0      0      0   0.00   0.00      0   0.00   16.2  0.066    0.0  0.000      0      0      0      0      0
11/23/1990   8050      0   5351   2699     19   4449     15   1755      2    669      0      0      0   0.00   0.00      0   0.00   16.3  0.066    0.0  0.000      0      0      0      0      0
11/24/1990   7847      0   5520   2327     21   4557     14   1606      1    631      0      0      0   0.00   0.00      0   0.00   16.3  0.066    0.0  0.000      0      0      0      0      0
11/25/1990   8147      0   5694   2453     23   4641     13   1447      0    593      0      0      0   0.00   0.00      0   0.00   16.3  0.066    0.0  0.000      0      0      0      0      0
11/26/1990   8466      0   5853   2613     26   4674     10   1289      0    525      0      0      0   0.00   0.00      0   0.00   16.3  0.066    0.0  0.000      0      0      0      0      0
11/27/1990   8740      0   5942   2798     29   4752      7   1119      0    459      0      0      0   0.00   0.00      0   0.00   16.2  0.066    0.0  0.000      0      0      0      0      0
11/28/1990   9018      1   6008   3009     30   4723      5   1058      0    416      0      0      0   0.00   0.00      0   0.00   16.3  0.065    0.0  0.000      0      0      0      0      0
11/29/1990   8423      2   6087   2334     31   4622      3    964      0    467      0      0      0   0.00   0.00      0   0.00   16.4  0.065    0.0  0.000      0      0      0      0      0
11/30/1990   8419      3   6194   2222     31   4504      2    855      0    509      0      0      0   0.00   0.00      0   0.00   16.4  0.065    0.0  0.000      0      0      0      0      0
12/01/1990   8776      4   6318   2454     31   4342      1    805      0    491      0      0      0   0.00   0.00      0   0.00   16.5  0.065    0.0  0.000      0      0      0      0      0
12/02/1990   9152      6   6425   2721     30   4150      0    800      0    426      0      0      0   0.00   0.00      0   0.00   16.5  0.065    0.0  0.000      0      0      0      0      0
12/03/1990   9270      8   6546   2716     28   3942      0    771      0    405      0      0      0   0.00   0.00      0   0.00   16.5  0.064    0.0  0.000      0      0      0      0      0
12/04/1990   9448     10   6672   2766     26   3658      0    771      0    430      0      0      0   0.00   0.00      0   0.00   16.6  0.064    0.0  0.000      0      0      0      0      0
12/05/1990   9805     13   6725   3067     23   3420      0    767      0    440      0      0      0   0.00   0.00      0   0.00   16.6  0.064    0.0  0.000      0      0      0      0      0
12/06/1990   9960     16   6752   3192     20   3229      0    760      0    461      0      0      0   0.00   0.00      0   0.00   16.7  0.064    0.0  0.000      0      0      0      0      0
12/07/1990  10200     19   6834   3347     17   3037      0    734      0    485      0      0      0   0.00   0.00      0   0.00   16.8  0.063    0.0  0.000      0      0      0      0      0
12/08/1990  10531     21   6915   3595     15   2811      0    698      0    540      0      0      0   0.00   0.00      0   0.00   16.9  0.063    0.0  0.000      0      0      0      0      0
12/09/1990  10297     23   6970   3304     13   2585      0    730      0    576      0      0      0   0.00   0.00      0   0.00   17.0  0.062    0.0  0.000      0      0      0      0      0
12/10/1990  10442     26   7024   3392     10   2345      0    793      0    645      0      0      0   0.00   0.00      0   0.00   17.1  0.062    0.0  0.000      0      0      0      0      0
12/11/1990  10453     29   6988   3436      7   2234      0    833      0    713      0      0      0   0.00   0.00      0   0.00   17.2  0.062    0.0  0.000      0      0      0      0      0
12/12/1990  10675     31   6926   3718      5   2165      0    876      0    743      0      0      0   0.00   0.00      0   0.00   17.2  0.062    0.0  0.000      0      0      0      0      0
12/13/1990  10902     33   6912   3957      3   2062      0    998      0    702      0      0      0   0.00   0.00      0   0.00   17.3  0.061    0.0  0.000      0      0      0      0      0
12/14/1990  11097     34   6873   4190      2   2026      0   1085      0    547      0      0      0   0.00   0.00      0   0.00   17.2  0.061    0.0  0.000      0      0      0      0      0
12/15/1990  11280     35   6794   4451      1   2019      0   1134      0    443      0      0      0   0.00   0.00      0   0.00   17.2  0.061    0.0  0.000      0      0      0      0      0
12/16/1990  11468     36   6681   4751      0   2009      0   1160      0    351      0      0      0   0.00   0.00      0   0.00   17.1  0.061    0.0  0.000      0      0      0      0      0
12/17/1990  11593     36   6488   5069      0   2077      0   1056      0    395      0      0      0   0.00   0.00      0   0.00   17.1  0.061    0.0  0.000      0      0      0      0      0
12/18/1990  11708     36   6330   5342      0   2205      0    932      0    432      0      0      0   0.00   0.00      0   0.00   17.1  0.061    0.0  0.000      0      0      0      0      0
12/19/1990  11850     35   6197   5618      0   2306      0    798      0    460      0      0      0   0.00   0.00      0   0.00   17.0  0.061    0.0  0.000      0      0      0      0      0
12/20/1990  12025     34   6053   5938      0   2353      0    708      0    367      0      0      0   0.00   0.00      0   0.00   17.0  0.061    0.0  0.000      0      0      0      0      0
12/21/1990  12181     33   5868   6280      0   2398      0    662      0    200      0      0      0   0.00   0.00      0   0.00   16.9  0.061    0.0  0.000      0      0      0      0      0
12/22/1990  12304     32   5638   6634      0   2362      0    711      0     51      0      0      0   0.00   0.00      0   0.00   16.9  0.061    0.0  0.000      0      0      0      0      0
12/23/1990  12412     30   5376   7006      0   2370      0    632      0      0      0      0      0   0.00   0.00      0   0.00   16.8  0.061    0.0  0.000      0      0      0      0      0
12/24/1990  12545     28   5118   7399      0   2344      0    511      0      0      0      0      0   0.00   0.00      0   0.00   16.8  0.061    0.0  0.000      0      0      0      0      0
12/25/1990  12692     26   4859   7807      0   2327      0    367      0     33      0      0      0   0.00   0.00      0   0.00   16.8  0.061    0.0  0.000      0      0      0      0      0
12/26/1990  12808     23   4627   8158      0   2362      0    200      0    112      0      0      0   0.00   0.00      0   0.00   16.7  0.061    0.0  0.000      0      0      0      0      0
12/27/1990  12960     20   4450   8490      0   2343      0     51      0    225      0      0      0   0.00   0.00      0   0.00   16.7  0.061    0.0  0.000      0      0      0      0      0
12/28/1990  13129     17   4256   8856      0   2209      0     33      1    323      0      0      0   0.00   0.00      0   0.00   16.7  0.061    0.0  0.000      0      0      0      0      0
12/29/1990  13301     15   4049   9237      0   2022      0    112      1    302      0      0      0   0.00   0.00      0   0.00   16.6  0.061    0.0  0.000      0      0      0      0      0
12/30/1990  13489     13   3891   9585      0   1818      0    225      1    289      0      0      0   0.00   0.00      0   0.00   16.6  0.061    0.0  0.000      0      0      0      0      0
12/31/1990  13726     10   3783   9933      0   1564      1    356      0    263      0      0      0   0.00   0.00      0   0.00   16.6  0.061    0.0  0.000      0      0      0      0      0
