Varroa Population Simulation - Nov 23,2015  02:34:06 PM
VarroaPop Version 3.2.5.8  June, 2015

                                        Capped  Capped                                                                      Prop           Conc          Conc                                     
            Colony  Adult  Adult         Drone   Wkr    Drone  Wkr    Drone  Wkr  Free   DBrood WBrood DMite  WMite  Mites  Mites  Colony Pollen Colony Nectar   Dead   Dead   Dead   Dead   Dead
     Date   Size   Drones   Wkr   Forgrs Brood  Brood   Larv   Larv    Eggs  Eggs Mites  Mites  Mites  /Cell  /Cell  Dying  Dying  Pollen  Pest  Nectar  Pest    DLarv  WLarv  DAdlt  WAdlt  Forgrs
Initial     10000      0   5817   4183      0      0      0      0      0      0      0      0      0   0.00   0.00      0   0.00    0.0  0.000    0.0  0.000      0      0      0      0      0
08/01/1990   9723      0   5540   4183      0      0      0      0      5    274      0      0      0   0.00   0.00      0   0.00    0.2  0.000    0.0  0.000      0      0      0      0      0
08/02/1990   9446      0   5263   4183      0      0      0      0     10    547      0      0      0   0.00   0.00      0   0.00    0.3  0.000    0.0  0.000      0      0      0      0      0
08/03/1990   9169      0   4986   4183      0      0      0      0     15    820      0      0      0   0.00   0.00      0   0.00    0.5  0.000    0.0  0.000      0      0      0      0      0
08/04/1990   8892      0   4709   4183      0      0      5    274     15    821      0      0      0   0.00   0.00      0   0.00    0.6  0.000    0.0  0.000      0      0      0      0      0
08/05/1990   8615      0   4432   4183      0      0     10    547     15    830      0      0      0   0.00   0.00      0   0.00    0.8  0.000    0.0  0.000      0      0      0      0      0
08/06/1990   8338      0   4155   4183      0      0     15    820     16    840      0      0      0   0.00   0.00      0   0.00    0.9  0.000    0.0  0.000      0      0      0      0      0
08/07/1990   8061      0   3878   4183      0      0     20   1095     17    848      0      0      0   0.00   0.00      0   0.00    1.1  0.000    0.0  0.000      0      0      0      0      0
08/08/1990   7784      0   3601   4183      0      0     25   1377     18    849      0      0      0   0.00   0.00      0   0.00    1.2  0.000    0.0  0.000      0      0      0      0      0
08/09/1990   7507      0   3324   4183      0    274     31   1386     18    849      0      0      0   0.00   0.00      0   0.00    1.4  0.000    0.0  0.000      0      0      0      0      0
08/10/1990   7230      0   3047   4183      0    547     37   1396     18    849      0      0      0   0.00   0.00      0   0.00    1.6  0.000    0.0  0.000      0      0      0      0      0
08/11/1990   2051      0   1826    225      5    820     34   1353     18    849      0      0      0   0.00   0.00      0   0.00    1.7  0.268    0.0  0.000      3     53      0    940   3934
08/12/1990   1943      0   1660    283      9   1055     35   1399     12    601      0      0      0   0.00   0.00      0   0.00    1.7  0.270    0.0  0.000      1      2      0      0     93
08/13/1990   1873      0   1494    379     13   1324     36   1413      6    360      0      0      0   0.00   0.00      0   0.00    1.7  0.274    0.0  0.000      1      0      0      0     55
08/14/1990   1830      0   1328    502     17   1605     37   1415      0    128      0      0      0   0.00   0.00      0   0.00    1.7  0.279    0.0  0.000      1      0      0      0     28
08/15/1990   1802      0   1162    640     21   1888     32   1167      0    153      0      0      0   0.00   0.00      0   0.00    1.8  0.284    0.0  0.000      1      0      0      0     13
08/16/1990   1781      0    996    785     26   2171     27    926      0    186      0      0      0   0.00   0.00      0   0.00    1.8  0.288    0.0  0.000      0      0      0      0      6
08/17/1990   1763      0    830    933     31   2454     22    694      1    224      0      0      0   0.00   0.00      0   0.00    1.8  0.289    0.0  0.000      0      0      0      0      3
08/18/1990   1746      0    664   1082     36   2737     17    471      2    258      0      0      0   0.00   0.00      0   0.00    1.9  0.289    0.0  0.000      0      0      0      0      2
08/19/1990   1731      0    498   1233     41   3020     12    263      3    288      0      0      0   0.00   0.00      0   0.00    1.9  0.281    0.0  0.000      0      0      0      0      0
08/20/1990   1716      0    332   1384     47   3055      7    317      3    320      0      0      0   0.00   0.00      0   0.00    2.0  0.273    0.0  0.000      0      0      0      0      0
08/21/1990   1701      0    166   1535     53   3097      2    369      4    358      0      0      0   0.00   0.00      0   0.00    2.1  0.264    0.0  0.000      0      0      0      0      0
08/22/1990   1960      0    274   1686     53   2874      3    423      5    401      0      0      0   0.00   0.00      0   0.00    2.1  0.254    0.0  0.000      0      0      0      0      0
08/23/1990   2218      0    547   1671     53   2661      4    484      6    441      0      0      0   0.00   0.00      0   0.00    2.2  0.246    0.0  0.000      0      0      0      0      0
08/24/1990   2476      0    820   1656     53   2463      6    541      6    454      0      0      0   0.00   0.00      0   0.00    2.3  0.239    0.0  0.000      0      0      0      0      0
08/25/1990   2701      5   1055   1641     48   2317      8    600      6    439      0      0      0   0.00   0.00      0   0.00    2.3  0.232    0.0  0.000      0      0      0      0      0
08/26/1990   2959      9   1324   1626     44   2142     10    667      6    415      0      0      0   0.00   0.00      0   0.00    2.4  0.225    0.0  0.000      0      0      0      0      0
08/27/1990   3171     13   1605   1553     41   1966     11    707      6    415      0      0      0   0.00   0.00      0   0.00    2.5  0.220    0.0  0.000      0      0      0      0      0
08/28/1990   3347     17   1888   1442     38   1804     12    719      6    428      0      0      0   0.00   0.00      0   0.00    2.5  0.215    0.0  0.000      0      0      0      0      0
08/29/1990   3496     21   2171   1304     35   1653     13    724      6    434      0      0      0   0.00   0.00      0   0.00    2.6  0.211    0.0  0.000      0      0      0      0      0
08/30/1990   3631     26   2454   1151     31   1518     14    721      6    417      0      0      0   0.00   0.00      0   0.00    2.6  0.208    0.0  0.000      0      0      0      0      0
08/31/1990   3759     31   2737    991     28   1396     14    706      5    388      0      0      0   0.00   0.00      0   0.00    2.6  0.205    0.0  0.000      0      0      0      0      0
09/01/1990   3884     36   3020    828     25   1258     14    704      4    353      0      0      0   0.00   0.00      0   0.00    2.7  0.204    0.0  0.000      0      0      0      0      0
09/02/1990   3924     41   3055    828     22   1356     14    699      3    321      0      0      0   0.00   0.00      0   0.00    2.6  0.204    0.0  0.000      0      0      0      0      0
09/03/1990   3808     47   3097    664     18   1451     13    679      3    299      0      0      0   0.00   0.00      0   0.00    2.6  0.203    0.0  0.000      0      0      0      0      0
09/04/1990   3699     53   3148    498     14   1545     12    642      3    270      0      0      0   0.00   0.00      0   0.00    2.6  0.203    0.0  0.000      0      0      0      0      0
09/05/1990   3593     53   3208    332     16   1631     11    592      2    238      0      0      0   0.00   0.00      0   0.00    2.6  0.203    0.0  0.000      0      0      0      0      0
09/06/1990   3502     53   3283    166     18   1699     10    544      1    188      0      0      0   0.00   0.00      0   0.00    2.6  0.203    0.0  0.000      0      0      0      0      0
09/07/1990   3425     53   3372      0     20   1738      9    495      0    133      0      0      0   0.00   0.00      0   0.00    2.6  0.203    0.0  0.000      0      0      0      0      0
09/08/1990   3519     53   3466      0     22   1761      7    442      0     69      0      0      0   0.00   0.00      0   0.00    2.6  0.203    0.0  0.000      0      0      0      0      0
09/09/1990   3624     53   3571      0     24   1764      5    379      0     24      0      0      0   0.00   0.00      0   0.00    2.5  0.203    0.0  0.000      0      0      0      0      0
09/10/1990   3746     54   3692      0     24   1739      4    307      0      0      0      0      0   0.00   0.00      0   0.00    2.5  0.203    0.0  0.000      0      0      0      0      0
09/11/1990   3879     55   3824      0     24   1702      3    212      0      0      0      0      0   0.00   0.00      0   0.00    2.5  0.203    0.0  0.000      0      0      0      0      0
09/12/1990   4028     56   3698    274     24   1633      2    133      0      0      0      0      0   0.00   0.00      0   0.00    2.5  0.203    0.0  0.000      0      0      0      0      0
09/13/1990   4190     57   3586    547     24   1536      1     69      0     38      0      0      0   0.00   0.00      0   0.00    2.5  0.203    0.0  0.000      0      0      0      0      0
09/14/1990   4337     59   3458    820     23   1436      0     24      0    102      0      0      0   0.00   0.00      0   0.00    2.5  0.202    0.0  0.000      0      0      0      0      0
09/15/1990   4467     56   3356   1055     21   1327      0      0      1    189      0      0      0   0.00   0.00      0   0.00    2.5  0.200    0.0  0.000      0      0      0      0      0
09/16/1990   4602     54   3224   1324     19   1190      0     38      2    257      0      0      0   0.00   0.00      0   0.00    2.5  0.197    0.0  0.000      0      0      0      0      0
09/17/1990   4745     52   3088   1605     17   1045      0    102      4    319      0      0      0   0.00   0.00      0   0.00    2.6  0.193    0.0  0.000      0      0      0      0      0
09/18/1990   4889     50   2951   1888     15    899      1    189      5    373      0      0      0   0.00   0.00      0   0.00    2.7  0.188    0.0  0.000      0      0      0      0      0
09/19/1990   5030     48   2811   2171     13    756      2    295      7    420      0      0      0   0.00   0.00      0   0.00    2.7  0.183    0.0  0.000      0      0      0      0      0
09/20/1990   5155     45   2656   2454     11    628      4    421      9    470      0      0      0   0.00   0.00      0   0.00    2.8  0.176    0.0  0.000      0      0      0      0      0
09/21/1990   5269     42   2490   2737      9    549      6    524     12    519      0      0      0   0.00   0.00      0   0.00    2.9  0.170    0.0  0.000      0      0      0      0      0
09/22/1990   5374     39   2315   3020      7    505      9    613     14    556      0      0      0   0.00   0.00      0   0.00    3.1  0.163    0.0  0.000      0      0      0      0      0
09/23/1990   5467     36   2376   3055      5    496     13    702     15    569      0      0      0   0.00   0.00      0   0.00    3.2  0.157    0.0  0.000      0      0      0      0      0
09/24/1990   5557     31   2429   3097      4    507     18    786     15    580      0      0      0   0.00   0.00      0   0.00    3.3  0.151    0.0  0.000      0      0      0      0      0
09/25/1990   5631     26   2457   3148      4    554     22    850     15    590      0      0      0   0.00   0.00      0   0.00    3.4  0.146    0.0  0.000      0      0      0      0      0
09/26/1990   5696     27   2461   3208      4    631     26    898     15    603      0      0      0   0.00   0.00      0   0.00    3.6  0.141    0.0  0.000      0      0      0      0      0
09/27/1990   5468     28   2431   3009      5    739     29    946     15    606      0      0      0   0.00   0.00      0   0.00    3.7  0.136    0.0  0.000      0      0      0      0      0
09/28/1990   5220     29   2366   2825      6    891     32    970     15    608      0      0      0   0.00   0.00      0   0.00    3.8  0.132    0.0  0.000      0      0      0      0      0
09/29/1990   4947     29   2272   2646      9   1081     34    982     15    610      0      0      0   0.00   0.00      0   0.00    3.9  0.129    0.0  0.000      0      0      0      0      0
09/30/1990   4712     29   2167   2516     13   1271     35    996     15    608      0      0      0   0.00   0.00      0   0.00    4.0  0.126    0.0  0.000      0      0      0      0      0
10/01/1990   4442     28   2046   2368     18   1460     35   1009     15    604      0      0      0   0.00   0.00      0   0.00    4.1  0.123    0.0  0.000      0      0      0      0      0
10/02/1990   4160     27   1914   2219     23   1661     35   1012     15    579      0      0      0   0.00   0.00      0   0.00    4.2  0.120    0.0  0.000      0      0      0      0      0
10/03/1990   3876     26   1766   2084     28   1861     35   1014     15    551      0      0      0   0.00   0.00      0   0.00    4.2  0.118    0.0  0.000      0      0      0      0      0
10/04/1990   3630     25   1643   1962     33   2025     35   1010     15    534      0      0      0   0.00   0.00      0   0.00    4.3  0.116    0.0  0.000      0      0      0      0      0
10/05/1990   3409     23   1562   1824     38   2165     35    985     14    516      0      0      0   0.00   0.00      0   0.00    4.4  0.114    0.0  0.000      0      0      0      0      0
10/06/1990   3211     21   1516   1674     43   2280     35    957     12    483      0      0      0   0.00   0.00      0   0.00    4.4  0.113    0.0  0.000      0      0      0      0      0
10/07/1990   3032     19   1485   1528     48   2378     35    934     10    425      0      0      0   0.00   0.00      0   0.00    4.5  0.111    0.0  0.000      0      0      0      0      0
10/08/1990   3121     17   1466   1638     53   2454     34    893      8    383      0      0      0   0.00   0.00      0   0.00    4.6  0.110    0.0  0.000      0      0      0      0      0
10/09/1990   3219     16   1461   1742     57   2511     32    836      8    374      0      0      0   0.00   0.00      0   0.00    4.6  0.108    0.0  0.000      0      0      0      0      0
10/10/1990   3320     15   1471   1834     61   2537     30    780      8    385      0      0      0   0.00   0.00      0   0.00    4.7  0.106    0.0  0.000      0      0      0      0      0
10/11/1990   3436     15   1519   1902     64   2535     27    725      9    405      0      0      0   0.00   0.00      0   0.00    4.8  0.105    0.0  0.000      0      0      0      0      0
10/12/1990   3551     15   1592   1944     67   2526     25    676     10    416      0      0      0   0.00   0.00      0   0.00    4.9  0.103    0.0  0.000      0      0      0      0      0
10/13/1990   3653     16   1674   1963     69   2497     23    649     11    425      0      0      0   0.00   0.00      0   0.00    4.9  0.101    0.0  0.000      0      0      0      0      0
10/14/1990   3750     18   1767   1965     70   2449     21    647     12    433      0      0      0   0.00   0.00      0   0.00    5.0  0.100    0.0  0.000      0      0      0      0      0
10/15/1990   3850     22   1873   1955     69   2371     21    667     12    438      0      0      0   0.00   0.00      0   0.00    5.1  0.098    0.0  0.000      0      0      0      0      0
10/16/1990   3933     26   1994   1913     67   2290     22    691     12    440      0      0      0   0.00   0.00      0   0.00    5.2  0.097    0.0  0.000      0      0      0      0      0
10/17/1990   4007     30   2132   1845     65   2220     23    706     12    435      0      0      0   0.00   0.00      0   0.00    5.2  0.096    0.0  0.000      0      0      0      0      0
10/18/1990   4067     34   2291   1742     62   2150     25    720     12    429      0      0      0   0.00   0.00      0   0.00    5.3  0.095    0.0  0.000      0      0      0      0      0
10/19/1990   4112     38   2469   1605     60   2087     26    726     11    406      0      0      0   0.00   0.00      0   0.00    5.4  0.093    0.0  0.000      0      0      0      0      0
10/20/1990   4176     43   2673   1460     58   2026     27    725      9    371      0      0      0   0.00   0.00      0   0.00    5.4  0.093    0.0  0.000      0      0      0      0      0
10/21/1990   4250     48   2875   1327     56   1967     28    724      8    339      0      0      0   0.00   0.00      0   0.00    5.4  0.092    0.0  0.000      0      0      0      0      0
10/22/1990   4316     53   3073   1190     55   1916     27    699      7    321      0      0      0   0.00   0.00      0   0.00    5.5  0.091    0.0  0.000      0      0      0      0      0
10/23/1990   4355     58   3252   1045     54   1885     25    658      7    313      0      0      0   0.00   0.00      0   0.00    5.5  0.091    0.0  0.000      0      0      0      0      0
10/24/1990   4388     63   3426    899     53   1856     24    623      6    298      0      0      0   0.00   0.00      0   0.00    5.5  0.091    0.0  0.000      0      0      0      0      0
10/25/1990   4431     68   3569    794     52   1817     22    585      6    280      0      0      0   0.00   0.00      0   0.00    5.5  0.091    0.0  0.000      0      0      0      0      0
10/26/1990   4469     73   3666    730     51   1798     20    542      5    254      0      0      0   0.00   0.00      0   0.00    5.5  0.090    0.0  0.000      0      0      0      0      0
10/27/1990   4498     78   3720    700     50   1779     18    515      4    230      0      0      0   0.00   0.00      0   0.00    5.5  0.090    0.0  0.000      0      0      0      0      0
10/28/1990   4518     83   3737    698     49   1763     16    494      3    210      0      0      0   0.00   0.00      0   0.00    5.5  0.090    0.0  0.000      0      0      0      0      0
10/29/1990   4545     87   3730    728     48   1754     14    457      3    202      0      0      0   0.00   0.00      0   0.00    5.6  0.090    0.0  0.000      0      0      0      0      0
10/30/1990   4584     89   3721    774     47   1726     13    424      3    193      0      0      0   0.00   0.00      0   0.00    5.6  0.090    0.0  0.000      0      0      0      0      0
10/31/1990   4641     91   3702    848     47   1691     11    391      3    189      0      0      0   0.00   0.00      0   0.00    5.6  0.090    0.0  0.000      0      0      0      0      0
11/01/1990   4706     91   3665    950     47   1647     10    361      3    178      0      0      0   0.00   0.00      0   0.00    5.6  0.090    0.0  0.000      0      0      0      0      0
11/02/1990   4796     92   3618   1086     46   1590      9    337      3    171      0      0      0   0.00   0.00      0   0.00    5.6  0.089    0.0  0.000      0      0      0      0      0
11/03/1990   4907     92   3571   1244     45   1520      8    326      3    173      0      0      0   0.00   0.00      0   0.00    5.6  0.089    0.0  0.000      0      0      0      0      0
11/04/1990   5042     91   3529   1422     44   1444      7    309      4    197      0      0      0   0.00   0.00      0   0.00    5.7  0.088    0.0  0.000      0      0      0      0      0
11/05/1990   5177     90   3476   1611     41   1362      7    298      5    230      0      0      0   0.00   0.00      0   0.00    5.7  0.087    0.0  0.000      0      0      0      0      0
11/06/1990   5308     89   3421   1798     38   1282      7    297      6    246      0      0      0   0.00   0.00      0   0.00    5.8  0.086    0.0  0.000      0      0      0      0      0
11/07/1990   5435     88   3361   1986     35   1202      8    313      6    253      0      0      0   0.00   0.00      0   0.00    5.9  0.085    0.0  0.000      0      0      0      0      0
11/08/1990   5561     87   3299   2175     32   1122      9    339      7    267      0      0      0   0.00   0.00      0   0.00    5.9  0.084    0.0  0.000      0      0      0      0      0
11/09/1990   5637     86   3219   2332     29   1054     10    365      8    300      0      0      0   0.00   0.00      0   0.00    6.0  0.083    0.0  0.000      0      0      0      0      0
11/10/1990   5673     85   3122   2466     26   1002     11    395     10    335      0      0      0   0.00   0.00      0   0.00    6.1  0.082    0.0  0.000      0      0      0      0      0
11/11/1990   5690     84   3030   2576     23    956     13    433     11    363      0      0      0   0.00   0.00      0   0.00    6.2  0.081    0.0  0.000      0      0      0      0      0
11/12/1990   5682     82   2936   2664     21    930     15    468     13    389      0      0      0   0.00   0.00      0   0.00    6.3  0.079    0.0  0.000      0      0      0      0      0
11/13/1990   5649     79   2856   2714     20    919     18    500     14    416      0      0      0   0.00   0.00      0   0.00    6.4  0.078    0.0  0.000      0      0      0      0      0
11/14/1990   5599     77   2777   2745     19    904     20    550     14    415      0      0      0   0.00   0.00      0   0.00    6.5  0.077    0.0  0.000      0      0      0      0      0
11/15/1990   5528     74   2682   2772     19    903     23    604     13    399      0      0      0   0.00   0.00      0   0.00    6.6  0.076    0.0  0.000      0      0      0      0      0
11/16/1990   5422     71   2594   2757     19    932     26    649     13    388      0      0      0   0.00   0.00      0   0.00    6.7  0.075    0.0  0.000      0      0      0      0      0
11/17/1990   5300     68   2524   2708     19    974     28    665     14    401      0      0      0   0.00   0.00      0   0.00    6.8  0.073    0.0  0.000      0      0      0      0      0
11/18/1990   5173     65   2467   2641     20   1028     29    668     15    408      0      0      0   0.00   0.00      0   0.00    6.9  0.072    0.0  0.000      0      0      0      0      0
11/19/1990   5046     62   2413   2571     22   1093     31    674     15    404      0      0      0   0.00   0.00      0   0.00    7.0  0.071    0.0  0.000      0      0      0      0      0
11/20/1990   5091     60   2343   2688     25   1170     32    677     13    358      0      0      0   0.00   0.00      0   0.00    7.1  0.070    0.0  0.000      0      0      0      0      0
11/21/1990   4951     58   2271   2622     28   1255     33    660     11    313      0      0      0   0.00   0.00      0   0.00    7.2  0.069    0.0  0.000      0      0      0      0      0
11/22/1990   4618     57   2186   2375     32   1330     33    663      9    271      0      0      0   0.00   0.00      0   0.00    7.3  0.068    0.0  0.000      0      0      0      0      0
11/23/1990   4467     55   2098   2314     36   1398     31    636      9    261      0      0      0   0.00   0.00      0   0.00    7.4  0.068    0.0  0.000      0      0      0      0      0
11/24/1990   4327     53   2019   2255     39   1470     30    585      9    262      0      0      0   0.00   0.00      0   0.00    7.5  0.067    0.0  0.000      0      0      0      0      0
11/25/1990   4388     51   1950   2387     42   1534     29    533      9    268      0      0      0   0.00   0.00      0   0.00    7.5  0.067    0.0  0.000      0      0      0      0      0
11/26/1990   4458     48   1890   2520     46   1576     27    489      8    248      0      0      0   0.00   0.00      0   0.00    7.5  0.067    0.0  0.000      0      0      0      0      0
11/27/1990   4520     45   1825   2650     50   1628     25    443      6    224      0      0      0   0.00   0.00      0   0.00    7.4  0.067    0.0  0.000      0      0      0      0      0
11/28/1990   4588     43   1768   2777     53   1639     23    443      5    202      0      0      0   0.00   0.00      0   0.00    7.6  0.066    0.0  0.000      0      0      0      0      0
11/29/1990   4304     41   1728   2535     56   1622     20    424      6    225      0      0      0   0.00   0.00      0   0.00    7.7  0.065    0.0  0.000      0      0      0      0      0
11/30/1990   4220     39   1719   2462     57   1599     18    396      8    250      0      0      0   0.00   0.00      0   0.00    7.8  0.064    0.0  0.000      0      0      0      0      0
12/01/1990   4323     37   1732   2554     58   1565     17    384      8    247      0      0      0   0.00   0.00      0   0.00    7.9  0.063    0.0  0.000      0      0      0      0      0
12/02/1990   4437     36   1752   2649     58   1521     17    387      7    219      0      0      0   0.00   0.00      0   0.00    7.9  0.063    0.0  0.000      0      0      0      0      0
12/03/1990   4402     36   1787   2579     58   1478     17    378      6    203      0      0      0   0.00   0.00      0   0.00    8.0  0.062    0.0  0.000      0      0      0      0      0
12/04/1990   4382     38   1835   2509     57   1397     16    383      6    210      0      0      0   0.00   0.00      0   0.00    8.1  0.062    0.0  0.000      0      0      0      0      0
12/05/1990   4497     39   1869   2589     56   1330     15    382      6    211      0      0      0   0.00   0.00      0   0.00    8.0  0.062    0.0  0.000      0      0      0      0      0
12/06/1990   4448     42   1906   2500     53   1281     15    379      6    216      0      0      0   0.00   0.00      0   0.00    8.1  0.061    0.0  0.000      0      0      0      0      0
12/07/1990   4311     45   1969   2297     49   1234     16    368      6    218      0      0      0   0.00   0.00      0   0.00    8.2  0.060    0.0  0.000      0      0      0      0      0
12/08/1990   4337     47   2040   2250     47   1179     16    343      6    232      0      0      0   0.00   0.00      0   0.00    8.3  0.060    0.0  0.000      0      0      0      0      0
12/09/1990   4355     49   2104   2202     46   1120     15    348      6    234      0      0      0   0.00   0.00      0   0.00    8.4  0.059    0.0  0.000      0      0      0      0      0
12/10/1990   4363     53   2171   2139     44   1049     14    367      7    255      0      0      0   0.00   0.00      0   0.00    8.5  0.058    0.0  0.000      0      0      0      0      0
12/11/1990   4333     57   2205   2071     41   1024     14    372      8    277      0      0      0   0.00   0.00      0   0.00    8.6  0.058    0.0  0.000      0      0      0      0      0
12/12/1990   4407     61   2228   2118     38   1017     14    372      9    286      0      0      0   0.00   0.00      0   0.00    8.6  0.058    0.0  0.000      0      0      0      0      0
12/13/1990   4486     65   2264   2157     35    989     15    411      8    263      0      0      0   0.00   0.00      0   0.00    8.6  0.057    0.0  0.000      0      0      0      0      0
12/14/1990   4559     67   2295   2197     34    979     16    433      5    200      0      0      0   0.00   0.00      0   0.00    8.6  0.057    0.0  0.000      0      0      0      0      0
12/15/1990   4632     69   2317   2246     33    973     17    440      3    158      0      0      0   0.00   0.00      0   0.00    8.6  0.057    0.0  0.000      0      0      0      0      0
12/16/1990   4715     71   2335   2309     32    953     17    442      2    121      0      0      0   0.00   0.00      0   0.00    8.6  0.057    0.0  0.000      0      0      0      0      0
12/17/1990   4768     73   2313   2382     31    965     15    399      3    135      0      0      0   0.00   0.00      0   0.00    8.6  0.057    0.0  0.000      0      0      0      0      0
12/18/1990   4817     75   2295   2447     30   1004     14    343      3    146      0      0      0   0.00   0.00      0   0.00    8.6  0.057    0.0  0.000      0      0      0      0      0
12/19/1990   4877     76   2284   2517     29   1028     13    286      3    155      0      0      0   0.00   0.00      0   0.00    8.5  0.057    0.0  0.000      0      0      0      0      0
12/20/1990   4951     76   2271   2604     30   1026     11    248      2    123      0      0      0   0.00   0.00      0   0.00    8.5  0.057    0.0  0.000      0      0      0      0      0
12/21/1990   5022     75   2245   2702     32   1017      9    226      1     67      0      0      0   0.00   0.00      0   0.00    8.5  0.057    0.0  0.000      0      0      0      0      0
12/22/1990   5078     75   2196   2807     33    981      7    241      0     17      0      0      0   0.00   0.00      0   0.00    8.5  0.057    0.0  0.000      0      0      0      0      0
12/23/1990   5124     75   2127   2922     32    965      5    213      0      0      0      0      0   0.00   0.00      0   0.00    8.5  0.057    0.0  0.000      0      0      0      0      0
12/24/1990   5180     75   2059   3046     29    935      5    172      0      0      0      0      0   0.00   0.00      0   0.00    8.5  0.057    0.0  0.000      0      0      0      0      0
12/25/1990   5241     73   1990   3178     28    906      4    123      0     11      0      0      0   0.00   0.00      0   0.00    8.4  0.057    0.0  0.000      0      0      0      0      0
12/26/1990   5286     71   1923   3292     27    900      3     67      0     37      0      0      0   0.00   0.00      0   0.00    8.4  0.057    0.0  0.000      0      0      0      0      0
12/27/1990   5343     68   1876   3399     26    874      2     17      1     73      0      0      0   0.00   0.00      0   0.00    8.4  0.057    0.0  0.000      0      0      0      0      0
12/28/1990   5404     65   1820   3519     25    811      1     11      2    105      0      0      0   0.00   0.00      0   0.00    8.4  0.057    0.0  0.000      0      0      0      0      0
12/29/1990   5462     63   1754   3645     24    735      0     37      2     97      0      0      0   0.00   0.00      0   0.00    8.4  0.057    0.0  0.000      0      0      0      0      0
12/30/1990   5522     61   1702   3759     22    657      1     73      1     94      0      0      0   0.00   0.00      0   0.00    8.4  0.057    0.0  0.000      0      0      0      0      0
12/31/1990   5604     58   1671   3875     20    556      2    116      0     85      0      0      0   0.00   0.00      0   0.00    8.4  0.057    0.0  0.000      0      0      0      0      0
