Varroa Population Simulation - Nov 23,2015  02:59:56 PM
VarroaPop Version 3.2.5.8  June, 2015

                                        Capped  Capped                                                                      Prop           Conc          Conc                                     
            Colony  Adult  Adult         Drone   Wkr    Drone  Wkr    Drone  Wkr  Free   DBrood WBrood DMite  WMite  Mites  Mites  Colony Pollen Colony Nectar   Dead   Dead   Dead   Dead   Dead
     Date   Size   Drones   Wkr   Forgrs Brood  Brood   Larv   Larv    Eggs  Eggs Mites  Mites  Mites  /Cell  /Cell  Dying  Dying  Pollen  Pest  Nectar  Pest    DLarv  WLarv  DAdlt  WAdlt  Forgrs
Initial     10000      0   6762   3238      0      0      0      0      0      0      0      0      0   0.00   0.00      0   0.00    0.0  0.000    0.0  0.000      0      0      0      0      0
05/01/1990   9678      0   6440   3238      0      0      0      0      0    290      0      0      0   0.00   0.00      0   0.00    0.1  0.000    0.0  0.000      0      0      0      0      0
05/02/1990   9356      0   6118   3238      0      0      0      0      0    602      0      0      0   0.00   0.00      0   0.00    0.2  0.000    0.0  0.000      0      0      0      0      0
05/03/1990   9034      0   5796   3238      0      0      0      0      1    941      0      0      0   0.00   0.00      0   0.00    0.3  0.000    0.0  0.000      0      0      0      0      0
05/04/1990   8712      0   5474   3238      0      0      0    290      2   1004      0      0      0   0.00   0.00      0   0.00    0.4  0.000    0.0  0.000      0      0      0      0      0
05/05/1990   8390      0   5152   3238      0      0      0    602      3   1052      0      0      0   0.00   0.00      0   0.00    0.5  0.000    0.0  0.000      0      0      0      0      0
05/06/1990   8068      0   4830   3238      0      0      1    941      3   1066      0      0      0   0.00   0.00      0   0.00    0.6  0.000    0.0  0.000      0      0      0      0      0
05/07/1990   7746      0   4508   3238      0      0      2   1294      3   1041      0      0      0   0.00   0.00      0   0.00    0.7  0.000    0.0  0.000      0      0      0      0      0
05/08/1990   7424      0   4186   3238      0      0      3   1654      2   1004      0      0      0   0.00   0.00      0   0.00    0.9  0.000    0.0  0.000      0      0      0      0      0
05/09/1990   7102      0   3864   3238      0    290      4   1717      1    950      0      0      0   0.00   0.00      0   0.00    1.0  0.000    0.0  0.000      0      0      0      0      0
05/10/1990   6762      0   3542   3220      0    602      5   1733      0    879      0      0      0   0.00   0.00      0   0.00    1.1  0.000    0.0  0.000      0      0      0      0      0
05/11/1990   6440      0   3220   3220      0    941      5   1717      0    839      0      0      0   0.00   0.00      0   0.00    1.2  0.000    0.0  0.000      0      0      0      0      0
05/12/1990   6118      0   2898   3220      0   1294      5   1663      0    833      0      0      0   0.00   0.00      0   0.00    1.3  0.000    0.0  0.000      0      0      0      0      0
05/13/1990   5796      0   2576   3220      1   1654      4   1560      0    874      0      0      0   0.00   0.00      0   0.00    1.4  0.000    0.0  0.000      0      0      0      0      0
05/14/1990   5474      0   2254   3220      2   2007      3   1490      0    888      0      0      0   0.00   0.00      0   0.00    1.6  0.000    0.0  0.000      0      0      0      0      0
05/15/1990   5152      0   1932   3220      3   2335      2   1455      0    880      0      0      0   0.00   0.00      0   0.00    1.7  0.000    0.0  0.000      0      0      0      0      0
05/16/1990   4830      0   1610   3220      4   2658      1   1430      0    901      0      0      0   0.00   0.00      0   0.00    1.8  0.000    0.0  0.000      0      0      0      0      0
05/17/1990   4508      0   1288   3220      5   2957      0   1428      0    902      0      0      0   0.00   0.00      0   0.00    2.0  0.000    0.0  0.000      0      0      0      0      0
05/18/1990   4186      0    966   3220      5   3214      0   1456      0    883      0      0      0   0.00   0.00      0   0.00    2.1  0.000    0.0  0.000      0      0      0      0      0
05/19/1990   3864      0    644   3220      5   3497      0   1492      0    823      0      0      0   0.00   0.00      0   0.00    2.2  0.000    0.0  0.000      0      0      0      0      0
05/20/1990   3542      0    322   3220      5   3790      0   1497      0    819      0      0      0   0.00   0.00      0   0.00    2.4  0.000    0.0  0.000      0      0      0      0      0
05/21/1990   3220      0      0   3220      5   4088      0   1465      0    861      0      0      0   0.00   0.00      0   0.00    2.5  0.000    0.0  0.000      0      0      0      0      0
05/22/1990   3188      0    290   2898      5   4095      0   1427      0    917      0      0      0   0.00   0.00      0   0.00    2.7  0.000    0.0  0.000      0      0      0      0      0
05/23/1990   3500      0    602   2898      5   4068      0   1436      0    869      0      0      0   0.00   0.00      0   0.00    2.7  0.000    0.0  0.000      0      0      0      0      0
05/24/1990   3517      0    941   2576      5   4048      0   1425      0    804      0      0      0   0.00   0.00      0   0.00    2.8  0.000    0.0  0.000      0      0      0      0      0
05/25/1990   3548      0   1294   2254      5   3993      0   1442      0    746      0      0      0   0.00   0.00      0   0.00    2.9  0.000    0.0  0.000      0      0      0      0      0
05/26/1990   3586      0   1654   1932      5   3899      0   1422      0    743      0      0      0   0.00   0.00      0   0.00    2.9  0.000    0.0  0.000      0      0      0      0      0
05/27/1990   3940      1   2007   1932      4   3805      0   1406      0    695      0      0      0   0.00   0.00      0   0.00    2.9  0.000    0.0  0.000      0      0      0      0      0
05/28/1990   4269      2   2335   1932      3   3771      0   1369      0    630      0      0      0   0.00   0.00      0   0.00    2.9  0.000    0.0  0.000      0      0      0      0      0
05/29/1990   4271      3   2658   1610      2   3756      0   1304      0    594      0      0      0   0.00   0.00      0   0.00    3.0  0.000    0.0  0.000      0      0      0      0      0
05/30/1990   4249      4   2957   1288      1   3772      0   1184      0    586      0      0      0   0.00   0.00      0   0.00    3.0  0.000    0.0  0.000      0      0      0      0      0
05/31/1990   4185      5   3214    966      0   3761      0   1130      0    548      0      0      0   0.00   0.00      0   0.00    3.0  0.000    0.0  0.000      0      0      0      0      0
06/01/1990   4146      5   3497    644      0   3721      0   1094      0    471      0      0      0   0.00   0.00      0   0.00    3.0  0.000    0.0  0.000      0      0      0      0      0
06/02/1990   4117      5   3790    322      0   3685      0   1024      0    393      0      0      0   0.00   0.00      0   0.00    3.0  0.000    0.0  0.000      0      0      0      0      0
06/03/1990   4093      5   4088      0      0   3630      0    935      0    302      0      0      0   0.00   0.00      0   0.00    3.0  0.000    0.0  0.000      0      0      0      0      0
06/04/1990   4390      5   4385      0      0   3528      0    870      0    172      0      0      0   0.00   0.00      0   0.00    3.0  0.000    0.0  0.000      0      0      0      0      0
06/05/1990   4675      5   4670      0      0   3435      0    787      0     63      0      0      0   0.00   0.00      0   0.00    2.9  0.000    0.0  0.000      0      0      0      0      0
06/06/1990   4994      5   4989      0      0   3323      0    643      0      0      0      0      0   0.00   0.00      0   0.00    2.9  0.000    0.0  0.000      0      0      0      0      0
06/07/1990   5292      5   5287      0      0   3212      0    456      0      0      0      0      0   0.00   0.00      0   0.00    2.9  0.000    0.0  0.000      0      0      0      0      0
06/08/1990   5558      5   5553      0      0   3100      0    302      0      0      0      0      0   0.00   0.00      0   0.00    2.8  0.000    0.0  0.000      0      0      0      0      0
06/09/1990   5817      5   5812      0      0   2971      0    172      0      0      0      0      0   0.00   0.00      0   0.00    2.8  0.000    0.0  0.000      0      0      0      0      0
06/10/1990   6111      5   6106      0      0   2786      0     63      0      0      0      0      0   0.00   0.00      0   0.00    2.8  0.000    0.0  0.000      0      0      0      0      0
06/11/1990   6419      5   6414      0      0   2541      0      0      0      0      0      0      0   0.00   0.00      0   0.00    2.7  0.000    0.0  0.000      0      0      0      0      0
06/12/1990   6734      5   6439    290      0   2226      0      0      0      0      0      0      0   0.00   0.00      0   0.00    2.7  0.000    0.0  0.000      0      0      0      0      0
06/13/1990   6980      5   6373    602      0   1980      0      0      0     53      0      0      0   0.00   0.00      0   0.00    2.7  0.000    0.0  0.000      0      0      0      0      0
06/14/1990   7223      5   6277    941      0   1737      0      0      0    148      0      0      0   0.00   0.00      0   0.00    2.7  0.000    0.0  0.000      0      0      0      0      0
06/15/1990   7480      5   6181   1294      0   1480      0      0      0    286      0      0      0   0.00   0.00      0   0.00    2.7  0.000    0.0  0.000      0      0      0      0      0
06/16/1990   7723      5   6064   1654      0   1237      0     53      0    420      0      0      0   0.00   0.00      0   0.00    2.7  0.000    0.0  0.000      0      0      0      0      0
06/17/1990   7917      4   5906   2007      0   1042      0    148      0    556      0      0      0   0.00   0.00      0   0.00    2.8  0.000    0.0  0.000      0      0      0      0      0
06/18/1990   8108      3   5770   2335      0    850      0    286      0    667      0      0      0   0.00   0.00      0   0.00    2.8  0.000    0.0  0.000      0      0      0      0      0
06/19/1990   8314      2   5654   2658      0    643      0    473      0    773      0      0      0   0.00   0.00      0   0.00    2.9  0.000    0.0  0.000      0      0      0      0      0
06/20/1990   8500      1   5542   2957      0    456      0    704      0    882      0      0      0   0.00   0.00      0   0.00    3.0  0.000    0.0  0.000      0      0      0      0      0
06/21/1990   8653      0   5439   3214      0    355      0    900      0    994      0      0      0   0.00   0.00      0   0.00    3.1  0.000    0.0  0.000      0      0      0      0      0
06/22/1990   8493      0   5286   3207      0    320      0   1098      1   1052      0      0      0   0.00   0.00      0   0.00    3.2  0.000    0.0  0.000      0      0      0      0      0
06/23/1990   8290      0   5102   3188      0    349      0   1300      2   1062      0      0      0   0.00   0.00      0   0.00    3.3  0.000    0.0  0.000      0      0      0      0      0
06/24/1990   8014      0   4867   3147      0    473      0   1474      3   1057      0      0      0   0.00   0.00      0   0.00    3.4  0.000    0.0  0.000      0      0      0      0      0
06/25/1990   7661      0   4570   3091      0    704      1   1594      3   1058      0      0      0   0.00   0.00      0   0.00    3.5  0.000    0.0  0.000      0      0      0      0      0
06/26/1990   7301      0   4285   3016      0    953      2   1695      3   1061      0      0      0   0.00   0.00      0   0.00    3.6  0.000    0.0  0.000      0      0      0      0      0
06/27/1990   6948      0   3966   2982      0   1246      3   1758      2   1048      0      0      0   0.00   0.00      0   0.00    3.7  0.000    0.0  0.000      0      0      0      0      0
06/28/1990   6620      0   3668   2952      0   1586      4   1770      1   1031      0      0      0   0.00   0.00      0   0.00    3.9  0.000    0.0  0.000      0      0      0      0      0
06/29/1990   6297      0   3402   2895      0   1947      5   1762      0   1029      0      0      0   0.00   0.00      0   0.00    4.0  0.000    0.0  0.000      0      0      0      0      0
06/30/1990   5998      0   3143   2855      0   2298      5   1754      0   1036      0      0      0   0.00   0.00      0   0.00    4.1  0.000    0.0  0.000      0      0      0      0      0
07/01/1990   5741      0   2849   2892      0   2648      5   1739      0   1046      0      0      0   0.00   0.00      0   0.00    4.2  0.000    0.0  0.000      0      0      0      0      0
07/02/1990   5458      0   2541   2917      1   3004      4   1734      0   1029      0      0      0   0.00   0.00      0   0.00    4.3  0.000    0.0  0.000      0      0      0      0      0
07/03/1990   5165      0   2226   2939      2   3356      3   1732      0   1013      0      0      0   0.00   0.00      0   0.00    4.4  0.000    0.0  0.000      0      0      0      0      0
07/04/1990   4920      0   2033   2887      3   3656      2   1724      0    991      0      0      0   0.00   0.00      0   0.00    4.5  0.000    0.0  0.000      0      0      0      0      0
07/05/1990   4718      0   1885   2833      4   3904      1   1715      0    980      0      0      0   0.00   0.00      0   0.00    4.6  0.000    0.0  0.000      0      0      0      0      0
07/06/1990   4571      0   1766   2805      5   4101      0   1714      0    967      0      0      0   0.00   0.00      0   0.00    4.7  0.000    0.0  0.000      0      0      0      0      0
07/07/1990   4439      0   1710   2729      5   4265      0   1686      0    973      0      0      0   0.00   0.00      0   0.00    4.8  0.000    0.0  0.000      0      0      0      0      0
07/08/1990   4372      0   1746   2626      5   4384      0   1659      0    978      0      0      0   0.00   0.00      0   0.00    4.9  0.000    0.0  0.000      0      0      0      0      0
07/09/1990   4355      0   1803   2552      5   4480      0   1635      0    981      0      0      0   0.00   0.00      0   0.00    5.0  0.000    0.0  0.000      0      0      0      0      0
07/10/1990   4389      0   1889   2500      5   4521      0   1630      0    983      0      0      0   0.00   0.00      0   0.00    5.1  0.000    0.0  0.000      0      0      0      0      0
07/11/1990   4435      0   2042   2393      5   4515      0   1624      0    987      0      0      0   0.00   0.00      0   0.00    5.2  0.000    0.0  0.000      0      0      0      0      0
07/12/1990   4488      0   2249   2239      5   4477      0   1625      0    986      0      0      0   0.00   0.00      0   0.00    5.3  0.000    0.0  0.000      0      0      0      0      0
07/13/1990   4524      0   2470   2054      5   4449      0   1633      0    967      0      0      0   0.00   0.00      0   0.00    5.4  0.000    0.0  0.000      0      0      0      0      0
07/14/1990   4628      0   2711   1917      5   4420      0   1644      0    931      0      0      0   0.00   0.00      0   0.00    5.5  0.000    0.0  0.000      0      0      0      0      0
07/15/1990   4741      0   3004   1737      5   4393      0   1638      0    892      0      0      0   0.00   0.00      0   0.00    5.5  0.000    0.0  0.000      0      0      0      0      0
07/16/1990   4837      1   3356   1480      4   4369      0   1622      0    840      0      0      0   0.00   0.00      0   0.00    5.6  0.000    0.0  0.000      0      0      0      0      0
07/17/1990   4948      2   3709   1237      3   4340      0   1594      0    776      0      0      0   0.00   0.00      0   0.00    5.6  0.000    0.0  0.000      0      0      0      0      0
07/18/1990   5097      3   4052   1042      2   4328      0   1547      0    702      0      0      0   0.00   0.00      0   0.00    5.6  0.000    0.0  0.000      0      0      0      0      0
07/19/1990   5241      4   4387    850      1   4325      0   1475      0    630      0      0      0   0.00   0.00      0   0.00    5.6  0.000    0.0  0.000      0      0      0      0      0
07/20/1990   5386      5   4738    643      0   4297      0   1384      0    561      0      0      0   0.00   0.00      0   0.00    5.6  0.000    0.0  0.000      0      0      0      0      0
07/21/1990   5549      5   5088    456      0   4259      0   1282      0    482      0      0      0   0.00   0.00      0   0.00    5.6  0.000    0.0  0.000      0      0      0      0      0
07/22/1990   5740      5   5433    302      0   4210      0   1174      0    393      0      0      0   0.00   0.00      0   0.00    5.6  0.000    0.0  0.000      0      0      0      0      0
07/23/1990   5944      5   5767    172      0   4160      0   1053      0    297      0      0      0   0.00   0.00      0   0.00    5.6  0.000    0.0  0.000      0      0      0      0      0
07/24/1990   6169      5   6101     63      0   4086      0    924      0    204      0      0      0   0.00   0.00      0   0.00    5.5  0.000    0.0  0.000      0      0      0      0      0
07/25/1990   6429      5   6371     53      0   3995      0    791      0    119      0      0      0   0.00   0.00      0   0.00    5.5  0.000    0.0  0.000      0      0      0      0      0
07/26/1990   6752      5   6599    148      0   3882      0    648      0     63      0      0      0   0.00   0.00      0   0.00    5.5  0.000    0.0  0.000      0      0      0      0      0
07/27/1990   7073      5   6782    286      0   3749      0    498      0     59      0      0      0   0.00   0.00      0   0.00    5.4  0.000    0.0  0.000      0      0      0      0      0
07/28/1990   7402      5   6924    473      0   3583      0    349      0    109      0      0      0   0.00   0.00      0   0.00    5.4  0.000    0.0  0.000      0      0      0      0      0
07/29/1990   7730      5   7021    704      0   3386      0    229      0    198      0      0      0   0.00   0.00      0   0.00    5.4  0.000    0.0  0.000      0      0      0      0      0
07/30/1990   8054      5   7096    953      0   3161      0    164      0    302      0      0      0   0.00   0.00      0   0.00    5.4  0.000    0.0  0.000      0      0      0      0      0
07/31/1990   8385      5   7134   1246      0   2897      0    161      0    410      0      0      0   0.00   0.00      0   0.00    5.4  0.000    0.0  0.000      0      0      0      0      0
08/01/1990   8717      5   7126   1586      0   2603      0    223      0    518      0      0      0   0.00   0.00      0   0.00    5.4  0.000    0.0  0.000      0      0      0      0      0
08/02/1990   9040      5   7088   1947      0   2294      0    347      0    624      0      0      0   0.00   0.00      0   0.00    5.4  0.000    0.0  0.000      0      0      0      0      0
08/03/1990   9352      5   7049   2298      0   1993      0    508      0    729      0      0      0   0.00   0.00      0   0.00    5.5  0.000    0.0  0.000      0      0      0      0      0
08/04/1990   9595      5   6995   2595      0   1731      0    682      0    829      0      0      0   0.00   0.00      0   0.00    5.6  0.000    0.0  0.000      0      0      0      0      0
08/05/1990   9784      5   6923   2856      0   1511      0    862      0    923      0      0      0   0.00   0.00      0   0.00    5.6  0.000    0.0  0.000      0      0      0      0      0
08/06/1990   9905      4   6831   3070      0   1351      0   1039      0   1003      0      0      0   0.00   0.00      0   0.00    5.7  0.000    0.0  0.000      0      0      0      0      0
08/07/1990   9949      3   6710   3236      0   1257      0   1209      1   1066      0      0      0   0.00   0.00      0   0.00    5.8  0.000    0.0  0.000      0      0      0      0      0
08/08/1990   9927      2   6577   3348      0   1219      0   1375      2   1110      0      0      0   0.00   0.00      0   0.00    5.9  0.000    0.0  0.000      0      0      0      0      0
08/09/1990   9865      1   6430   3434      0   1239      0   1524      3   1142      0      0      0   0.00   0.00      0   0.00    6.1  0.000    0.0  0.000      0      0      0      0      0
08/10/1990   9734      0   6242   3492      0   1320      1   1651      3   1165      0      0      0   0.00   0.00      0   0.00    6.2  0.000    0.0  0.000      0      0      0      0      0
08/11/1990   9525      0   6023   3502      0   1466      2   1756      3   1180      0      0      0   0.00   0.00      0   0.00    6.3  0.000    0.0  0.000      0      0      0      0      0
08/12/1990   9263      0   5777   3486      0   1675      3   1837      3   1188      0      0      0   0.00   0.00      0   0.00    6.4  0.000    0.0  0.000      0      0      0      0      0
08/13/1990   8979      0   5510   3469      0   1946      4   1893      3   1180      0      0      0   0.00   0.00      0   0.00    6.5  0.000    0.0  0.000      0      0      0      0      0
08/14/1990   8667      0   5214   3453      0   2265      5   1933      3   1148      0      0      0   0.00   0.00      0   0.00    6.6  0.000    0.0  0.000      0      0      0      0      0
08/15/1990   8325      0   4905   3420      0   2622      6   1959      3   1089      0      0      0   0.00   0.00      0   0.00    6.7  0.000    0.0  0.000      0      0      0      0      0
08/16/1990   7984      0   4593   3391      0   2993      7   1963      3   1046      0      0      0   0.00   0.00      0   0.00    6.9  0.000    0.0  0.000      0      0      0      0      0
08/17/1990   7665      0   4306   3359      1   3348      7   1939      3   1029      0      0      0   0.00   0.00      0   0.00    7.0  0.000    0.0  0.000      0      0      0      0      0
08/18/1990   7386      0   4041   3345      2   3678      7   1883      3   1013      0      0      0   0.00   0.00      0   0.00    7.1  0.000    0.0  0.000      0      0      0      0      0
08/19/1990   7151      0   3813   3338      3   3975      7   1829      3    990      0      0      0   0.00   0.00      0   0.00    7.2  0.000    0.0  0.000      0      0      0      0      0
08/20/1990   6938      0   3627   3311      4   4234      7   1780      3    978      0      0      0   0.00   0.00      0   0.00    7.3  0.000    0.0  0.000      0      0      0      0      0
08/21/1990   6760      0   3468   3292      5   4448      7   1716      3    996      0      0      0   0.00   0.00      0   0.00    7.5  0.000    0.0  0.000      0      0      0      0      0
08/22/1990   6623      0   3344   3279      6   4605      7   1671      3   1030      0      0      0   0.00   0.00      0   0.00    7.6  0.000    0.0  0.000      0      0      0      0      0
08/23/1990   6533      0   3265   3268      7   4699      7   1669      3   1055      0      0      0   0.00   0.00      0   0.00    7.7  0.000    0.0  0.000      0      0      0      0      0
08/24/1990   6476      0   3230   3246      8   4765      7   1666      3   1041      0      0      0   0.00   0.00      0   0.00    7.8  0.000    0.0  0.000      0      0      0      0      0
08/25/1990   6461      0   3242   3219      9   4805      7   1672      2    987      0      0      0   0.00   0.00      0   0.00    7.9  0.000    0.0  0.000      0      0      0      0      0
08/26/1990   6476      0   3296   3180     10   4789      7   1711      1    937      0      0      0   0.00   0.00      0   0.00    8.1  0.000    0.0  0.000      0      0      0      0      0
08/27/1990   6512      0   3393   3119     11   4752      7   1717      0    938      0      0      0   0.00   0.00      0   0.00    8.2  0.000    0.0  0.000      0      0      0      0      0
08/28/1990   6554      0   3532   3022     12   4717      6   1681      0    973      0      0      0   0.00   0.00      0   0.00    8.3  0.000    0.0  0.000      0      0      0      0      0
08/29/1990   6608      0   3704   2904     13   4675      5   1652      0   1002      0      0      0   0.00   0.00      0   0.00    8.4  0.000    0.0  0.000      0      0      0      0      0
08/30/1990   6673      0   3905   2768     14   4640      4   1625      0    994      0      0      0   0.00   0.00      0   0.00    8.5  0.000    0.0  0.000      0      0      0      0      0
08/31/1990   6737      1   4136   2600     14   4607      3   1599      0    967      0      0      0   0.00   0.00      0   0.00    8.6  0.000    0.0  0.000      0      0      0      0      0
09/01/1990   6803      2   4402   2399     14   4536      2   1613      0    934      0      0      0   0.00   0.00      0   0.00    8.7  0.000    0.0  0.000      0      0      0      0      0
09/02/1990   7201      3   4700   2498     14   4439      1   1632      0    911      0      0      0   0.00   0.00      0   0.00    8.7  0.000    0.0  0.000      0      0      0      0      0
09/03/1990   7265      4   5019   2242     14   4364      0   1629      0    902      0      0      0   0.00   0.00      0   0.00    8.7  0.000    0.0  0.000      0      0      0      0      0
09/04/1990   7319      5   5346   1968     13   4326      0   1609      0    875      0      0      0   0.00   0.00      0   0.00    8.8  0.000    0.0  0.000      0      0      0      0      0
09/05/1990   7362      6   5670   1686     12   4323      0   1570      0    843      0      0      0   0.00   0.00      0   0.00    8.8  0.000    0.0  0.000      0      0      0      0      0
09/06/1990   7422      7   6002   1413     11   4320      0   1529      0    785      0      0      0   0.00   0.00      0   0.00    8.8  0.000    0.0  0.000      0      0      0      0      0
09/07/1990   7511      8   6316   1187     10   4291      0   1490      0    718      0      0      0   0.00   0.00      0   0.00    8.8  0.000    0.0  0.000      0      0      0      0      0
09/08/1990   7602      9   6574   1019      9   4277      0   1446      0    641      0      0      0   0.00   0.00      0   0.00    8.8  0.000    0.0  0.000      0      0      0      0      0
09/09/1990   7713     10   6794    909      8   4264      0   1380      0    570      0      0      0   0.00   0.00      0   0.00    8.8  0.000    0.0  0.000      0      0      0      0      0
09/10/1990   7862     11   6992    859      7   4224      0   1297      0    520      0      0      0   0.00   0.00      0   0.00    8.8  0.000    0.0  0.000      0      0      0      0      0
09/11/1990   8040     12   7160    868      6   4183      0   1185      0    484      0      0      0   0.00   0.00      0   0.00    8.8  0.000    0.0  0.000      0      0      0      0      0
09/12/1990   8165     13   7306    846      5   4109      0   1075      0    465      0      0      0   0.00   0.00      0   0.00    8.8  0.000    0.0  0.000      0      0      0      0      0
09/13/1990   8460     14   7423   1023      4   4012      0    974      0    449      0      0      0   0.00   0.00      0   0.00    8.8  0.000    0.0  0.000      0      0      0      0      0
09/14/1990   8749     15   7472   1262      3   3927      0    884      0    456      0      0      0   0.00   0.00      0   0.00    8.8  0.000    0.0  0.000      0      0      0      0      0
09/15/1990   9036     16   7464   1556      2   3840      0    822      0    486      0      0      0   0.00   0.00      0   0.00    8.8  0.000    0.0  0.000      0      0      0      0      0
09/16/1990   9337     17   7437   1883      1   3716      0    782      0    547      0      0      0   0.00   0.00      0   0.00    8.9  0.000    0.0  0.000      0      0      0      0      0
09/17/1990   9631     18   7407   2206      0   3559      0    770      0    629      0      0      0   0.00   0.00      0   0.00    8.9  0.000    0.0  0.000      0      0      0      0      0
09/18/1990   9902     18   7371   2513      0   3387      0    788      0    707      0      0      0   0.00   0.00      0   0.00    9.0  0.000    0.0  0.000      0      0      0      0      0
09/19/1990  10142     18   7329   2795      0   3198      0    845      0    774      0      0      0   0.00   0.00      0   0.00    9.0  0.000    0.0  0.000      0      0      0      0      0
09/20/1990  10323     18   7259   3046      0   3030      0    934      0    843      0      0      0   0.00   0.00      0   0.00    9.1  0.000    0.0  0.000      0      0      0      0      0
09/21/1990  10458     17   7173   3268      0   2869      0   1046      0    910      0      0      0   0.00   0.00      0   0.00    9.2  0.000    0.0  0.000      0      0      0      0      0
09/22/1990  10556     16   7083   3457      0   2720      0   1163      0    953      0      0      0   0.00   0.00      0   0.00    9.3  0.000    0.0  0.000      0      0      0      0      0
09/23/1990  10607     15   6982   3610      0   2605      0   1291      1    951      0      0      0   0.00   0.00      0   0.00    9.5  0.000    0.0  0.000      0      0      0      0      0
09/24/1990  10628     14   6895   3719      0   2514      0   1409      2    958      0      0      0   0.00   0.00      0   0.00    9.6  0.000    0.0  0.000      0      0      0      0      0
09/25/1990  10599     13   6810   3776      0   2474      0   1487      3    974      0      0      0   0.00   0.00      0   0.00    9.7  0.000    0.0  0.000      0      0      0      0      0
09/26/1990  10524     12   6736   3776      0   2469      1   1535      3   1003      0      0      0   0.00   0.00      0   0.00    9.8  0.000    0.0  0.000      0      0      0      0      0
09/27/1990  10407     11   6634   3762      0   2503      2   1593      3   1007      0      0      0   0.00   0.00      0   0.00    9.9  0.000    0.0  0.000      0      0      0      0      0
09/28/1990  10248     10   6499   3739      0   2599      3   1618      3   1017      0      0      0   0.00   0.00      0   0.00   10.1  0.000    0.0  0.000      0      0      0      0      0
09/29/1990  10052      9   6364   3679      0   2738      4   1628      3   1040      0      0      0   0.00   0.00      0   0.00   10.2  0.000    0.0  0.000      0      0      0      0      0
09/30/1990   9832      8   6214   3610      0   2886      5   1647      3   1069      0      0      0   0.00   0.00      0   0.00   10.3  0.000    0.0  0.000      0      0      0      0      0
10/01/1990   9600      7   6041   3552      0   3030      6   1684      3   1090      0      0      0   0.00   0.00      0   0.00   10.4  0.000    0.0  0.000      0      0      0      0      0
10/02/1990   9353      6   5852   3495      0   3212      7   1710      3   1069      0      0      0   0.00   0.00      0   0.00   10.5  0.000    0.0  0.000      0      0      0      0      0
10/03/1990   9106      5   5649   3452      1   3395      7   1742      3   1041      0      0      0   0.00   0.00      0   0.00   10.6  0.000    0.0  0.000      0      0      0      0      0
10/04/1990   8866      4   5435   3427      2   3584      7   1771      3   1039      0      0      0   0.00   0.00      0   0.00   10.8  0.000    0.0  0.000      0      0      0      0      0
10/05/1990   8658      3   5267   3388      3   3763      7   1772      3   1035      0      0      0   0.00   0.00      0   0.00   10.9  0.000    0.0  0.000      0      0      0      0      0
10/06/1990   8500      2   5148   3350      4   3926      7   1766      2   1000      0      0      0   0.00   0.00      0   0.00   11.0  0.000    0.0  0.000      0      0      0      0      0
10/07/1990   8364      1   5045   3318      5   4077      7   1770      1    915      0      0      0   0.00   0.00      0   0.00   11.1  0.000    0.0  0.000      0      0      0      0      0
10/08/1990   8255      0   4958   3297      6   4203      7   1738      0    863      0      0      0   0.00   0.00      0   0.00   11.2  0.000    0.0  0.000      0      0      0      0      0
10/09/1990   8192      0   4882   3310      7   4309      6   1676      0    860      0      0      0   0.00   0.00      0   0.00   11.3  0.000    0.0  0.000      0      0      0      0      0
10/10/1990   8147      0   4817   3330      8   4372      5   1616      0    875      0      0      0   0.00   0.00      0   0.00   11.4  0.000    0.0  0.000      0      0      0      0      0
10/11/1990   8120      0   4807   3313      9   4401      4   1560      0    887      0      0      0   0.00   0.00      0   0.00   11.6  0.000    0.0  0.000      0      0      0      0      0
10/12/1990   8106      0   4825   3281     10   4438      3   1497      0    885      0      0      0   0.00   0.00      0   0.00   11.7  0.000    0.0  0.000      0      0      0      0      0
10/13/1990   8070      0   4836   3234     11   4454      2   1456      0    884      0      0      0   0.00   0.00      0   0.00   11.8  0.000    0.0  0.000      0      0      0      0      0
10/14/1990   8016      0   4847   3169     12   4450      1   1447      0    884      0      0      0   0.00   0.00      0   0.00   11.9  0.000    0.0  0.000      0      0      0      0      0
10/15/1990   8023      0   4881   3142     13   4395      0   1467      0    880      0      0      0   0.00   0.00      0   0.00   12.0  0.000    0.0  0.000      0      0      0      0      0
10/16/1990   8057      0   4935   3122     13   4343      0   1477      0    876      0      0      0   0.00   0.00      0   0.00   12.1  0.000    0.0  0.000      0      0      0      0      0
10/17/1990   8083      1   5007   3075     12   4307      0   1471      0    867      0      0      0   0.00   0.00      0   0.00   12.2  0.000    0.0  0.000      0      0      0      0      0
10/18/1990   8094      2   5103   2989     11   4263      0   1472      0    862      0      0      0   0.00   0.00      0   0.00   12.3  0.000    0.0  0.000      0      0      0      0      0
10/19/1990   8104      3   5234   2867     10   4213      0   1466      0    826      0      0      0   0.00   0.00      0   0.00   12.4  0.000    0.0  0.000      0      0      0      0      0
10/20/1990   8124      4   5406   2714      9   4152      0   1453      0    767      0      0      0   0.00   0.00      0   0.00   12.5  0.000    0.0  0.000      0      0      0      0      0
10/21/1990   8172      5   5602   2565      8   4078      0   1450      0    720      0      0      0   0.00   0.00      0   0.00   12.6  0.000    0.0  0.000      0      0      0      0      0
10/22/1990   8230      6   5804   2420      7   4007      0   1408      0    705      0      0      0   0.00   0.00      0   0.00   12.6  0.000    0.0  0.000      0      0      0      0      0
10/23/1990   8262      7   5991   2264      6   3963      0   1340      0    714      0      0      0   0.00   0.00      0   0.00   12.7  0.000    0.0  0.000      0      0      0      0      0
10/24/1990   8305      8   6178   2119      5   3913      0   1294      0    710      0      0      0   0.00   0.00      0   0.00   12.8  0.000    0.0  0.000      0      0      0      0      0
10/25/1990   8370      9   6394   1967      4   3835      0   1246      0    705      0      0      0   0.00   0.00      0   0.00   12.8  0.000    0.0  0.000      0      0      0      0      0
10/26/1990   8425     10   6570   1845      3   3790      0   1192      0    674      0      0      0   0.00   0.00      0   0.00   12.8  0.000    0.0  0.000      0      0      0      0      0
10/27/1990   8465     11   6692   1762      2   3739      0   1178      0    641      0      0      0   0.00   0.00      0   0.00   12.9  0.000    0.0  0.000      0      0      0      0      0
10/28/1990   8503     12   6762   1729      1   3687      0   1184      0    601      0      0      0   0.00   0.00      0   0.00   12.9  0.000    0.0  0.000      0      0      0      0      0
10/29/1990   8573     13   6804   1756      0   3647      0   1146      0    584      0      0      0   0.00   0.00      0   0.00   12.9  0.000    0.0  0.000      0      0      0      0      0
10/30/1990   8686     13   6845   1828      0   3584      0   1114      0    553      0      0      0   0.00   0.00      0   0.00   13.0  0.000    0.0  0.000      0      0      0      0      0
10/31/1990   8809     13   6863   1933      0   3526      0   1071      0    531      0      0      0   0.00   0.00      0   0.00   13.0  0.000    0.0  0.000      0      0      0      0      0
11/01/1990   8930     13   6848   2069      0   3470      0   1020      0    488      0      0      0   0.00   0.00      0   0.00   13.1  0.000    0.0  0.000      0      0      0      0      0
11/02/1990   9068     13   6820   2235      0   3404      0    962      0    453      0      0      0   0.00   0.00      0   0.00   13.1  0.000    0.0  0.000      0      0      0      0      0
11/03/1990   9201     13   6794   2394      0   3316      0    928      0    438      0      0      0   0.00   0.00      0   0.00   13.2  0.000    0.0  0.000      0      0      0      0      0
11/04/1990   9341     13   6781   2547      0   3227      0    867      0    472      0      0      0   0.00   0.00      0   0.00   13.2  0.000    0.0  0.000      0      0      0      0      0
11/05/1990   9471     13   6742   2716      0   3125      0    814      0    523      0      0      0   0.00   0.00      0   0.00   13.3  0.000    0.0  0.000      0      0      0      0      0
11/06/1990   9573     13   6696   2864      0   3024      0    782      0    533      0      0      0   0.00   0.00      0   0.00   13.4  0.000    0.0  0.000      0      0      0      0      0
11/07/1990   9645     12   6645   2988      0   2913      0    786      0    523      0      0      0   0.00   0.00      0   0.00   13.5  0.000    0.0  0.000      0      0      0      0      0
11/08/1990   9690     11   6597   3082      0   2794      0    806      0    527      0      0      0   0.00   0.00      0   0.00   13.6  0.000    0.0  0.000      0      0      0      0      0
11/09/1990   9680     10   6505   3165      0   2686      0    827      0    570      0      0      0   0.00   0.00      0   0.00   13.7  0.000    0.0  0.000      0      0      0      0      0
11/10/1990   9629      9   6372   3248      0   2599      0    856      0    617      0      0      0   0.00   0.00      0   0.00   13.8  0.000    0.0  0.000      0      0      0      0      0
11/11/1990   9561      8   6248   3305      0   2512      0    895      0    650      0      0      0   0.00   0.00      0   0.00   13.9  0.000    0.0  0.000      0      0      0      0      0
11/12/1990   9471      7   6120   3344      0   2453      0    925      0    682      0      0      0   0.00   0.00      0   0.00   14.0  0.000    0.0  0.000      0      0      0      0      0
11/13/1990   9387      6   6017   3364      0   2408      0    950      0    717      0      0      0   0.00   0.00      0   0.00   14.1  0.000    0.0  0.000      0      0      0      0      0
11/14/1990   9317      5   5917   3395      0   2335      0   1012      0    707      0      0      0   0.00   0.00      0   0.00   14.2  0.000    0.0  0.000      0      0      0      0      0
11/15/1990   9215      4   5786   3425      0   2271      0   1084      0    675      0      0      0   0.00   0.00      0   0.00   14.3  0.000    0.0  0.000      0      0      0      0      0
11/16/1990   9084      3   5656   3425      0   2261      0   1140      0    654      0      0      0   0.00   0.00      0   0.00   14.4  0.000    0.0  0.000      0      0      0      0      0
11/17/1990   8952      2   5558   3392      0   2264      0   1149      0    678      0      0      0   0.00   0.00      0   0.00   14.6  0.000    0.0  0.000      0      0      0      0      0
11/18/1990   8806      1   5472   3333      0   2287      0   1142      0    693      0      0      0   0.00   0.00      0   0.00   14.7  0.000    0.0  0.000      0      0      0      0      0
11/19/1990   8648      0   5377   3271      0   2327      0   1144      0    690      0      0      0   0.00   0.00      0   0.00   14.8  0.000    0.0  0.000      0      0      0      0      0
11/20/1990   8812      0   5251   3561      0   2393      0   1145      0    613      0      0      0   0.00   0.00      0   0.00   14.9  0.000    0.0  0.000      0      0      0      0      0
11/21/1990   8624      0   5128   3496      0   2473      0   1118      0    540      0      0      0   0.00   0.00      0   0.00   15.0  0.000    0.0  0.000      0      0      0      0      0
11/22/1990   8048      0   4978   3070      0   2546      0   1127      0    473      0      0      0   0.00   0.00      0   0.00   15.1  0.000    0.0  0.000      0      0      0      0      0
11/23/1990   7849      0   4819   3030      0   2615      0   1083      0    460      0      0      0   0.00   0.00      0   0.00   15.2  0.000    0.0  0.000      0      0      0      0      0
11/24/1990   7666      0   4682   2984      0   2689      0   1004      0    463      0      0      0   0.00   0.00      0   0.00   15.3  0.000    0.0  0.000      0      0      0      0      0
11/25/1990   7834      0   4566   3268      0   2752      0    922      0    473      0      0      0   0.00   0.00      0   0.00   15.3  0.000    0.0  0.000      0      0      0      0      0
11/26/1990   8014      0   4462   3552      0   2785      0    850      0    441      0      0      0   0.00   0.00      0   0.00   15.3  0.000    0.0  0.000      0      0      0      0      0
11/27/1990   8169      0   4339   3830      0   2846      0    777      0    399      0      0      0   0.00   0.00      0   0.00   15.2  0.000    0.0  0.000      0      0      0      0      0
11/28/1990   8327      0   4222   4105      0   2842      0    782      0    365      0      0      0   0.00   0.00      0   0.00   15.4  0.000    0.0  0.000      0      0      0      0      0
11/29/1990   7841      0   4127   3714      0   2798      0    751      0    410      0      0      0   0.00   0.00      0   0.00   15.5  0.000    0.0  0.000      0      0      0      0      0
11/30/1990   7749      0   4083   3666      0   2749      0    703      0    459      0      0      0   0.00   0.00      0   0.00   15.7  0.000    0.0  0.000      0      0      0      0      0
12/01/1990   7954      0   4072   3882      0   2685      0    687      0    457      0      0      0   0.00   0.00      0   0.00   15.8  0.000    0.0  0.000      0      0      0      0      0
12/02/1990   8171      0   4057   4114      0   2611      0    698      0    409      0      0      0   0.00   0.00      0   0.00   15.8  0.000    0.0  0.000      0      0      0      0      0
12/03/1990   8138      0   4060   4078      0   2540      0    689      0    384      0      0      0   0.00   0.00      0   0.00   15.9  0.000    0.0  0.000      0      0      0      0      0
12/04/1990   8111      0   4075   4036      0   2409      0    703      0    398      0      0      0   0.00   0.00      0   0.00   16.1  0.000    0.0  0.000      0      0      0      0      0
12/05/1990   8318      0   4054   4264      0   2303      0    708      0    401      0      0      0   0.00   0.00      0   0.00   16.1  0.000    0.0  0.000      0      0      0      0      0
12/06/1990   8231      0   4030   4201      0   2230      0    708      0    413      0      0      0   0.00   0.00      0   0.00   16.2  0.000    0.0  0.000      0      0      0      0      0
12/07/1990   7893      0   4055   3838      0   2165      0    691      0    424      0      0      0   0.00   0.00      0   0.00   16.4  0.000    0.0  0.000      0      0      0      0      0
12/08/1990   7841      0   4091   3750      0   2084      0    650      0    454      0      0      0   0.00   0.00      0   0.00   16.5  0.000    0.0  0.000      0      0      0      0      0
12/09/1990   6901      0   4122   2779      0   1994      0    664      0    461      0      0      0   0.00   0.00      0   0.00   16.6  0.000    0.0  0.000      0      0      0      0      0
12/10/1990   6843      0   4161   2682      0   1884      0    706      0    475      0      0      0   0.00   0.00      0   0.00   16.7  0.000    0.0  0.000      0      0      0      0      0
12/11/1990   6720      0   4151   2569      0   1855      0    720      0    494      0      0      0   0.00   0.00      0   0.00   16.8  0.000    0.0  0.000      0      0      0      0      0
12/12/1990   6860      0   4131   2729      0   1852      0    727      0    489      0      0      0   0.00   0.00      0   0.00   16.8  0.000    0.0  0.000      0      0      0      0      0
12/13/1990   7009      0   4146   2863      0   1812      0    780      0    452      0      0      0   0.00   0.00      0   0.00   16.9  0.000    0.0  0.000      0      0      0      0      0
12/14/1990   7150      0   4158   2992      0   1808      0    801      0    346      0      0      0   0.00   0.00      0   0.00   16.8  0.000    0.0  0.000      0      0      0      0      0
12/15/1990   7293      0   4156   3137      0   1813      0    792      0    279      0      0      0   0.00   0.00      0   0.00   16.8  0.000    0.0  0.000      0      0      0      0      0
12/16/1990   7452      0   4147   3305      0   1793      0    778      0    220      0      0      0   0.00   0.00      0   0.00   16.8  0.000    0.0  0.000      0      0      0      0      0
12/17/1990   7561      0   4076   3485      0   1828      0    686      0    248      0      0      0   0.00   0.00      0   0.00   16.7  0.000    0.0  0.000      0      0      0      0      0
12/18/1990   7662      0   4022   3640      0   1889      0    596      0    269      0      0      0   0.00   0.00      0   0.00   16.7  0.000    0.0  0.000      0      0      0      0      0
12/19/1990   7787      0   3989   3798      0   1922      0    504      0    285      0      0      0   0.00   0.00      0   0.00   16.7  0.000    0.0  0.000      0      0      0      0      0
12/20/1990   7940      0   3959   3981      0   1907      0    445      0    226      0      0      0   0.00   0.00      0   0.00   16.7  0.000    0.0  0.000      0      0      0      0      0
12/21/1990   8089      0   3911   4178      0   1882      0    413      0    123      0      0      0   0.00   0.00      0   0.00   16.6  0.000    0.0  0.000      0      0      0      0      0
12/22/1990   8211      0   3829   4382      0   1811      0    443      0     31      0      0      0   0.00   0.00      0   0.00   16.6  0.000    0.0  0.000      0      0      0      0      0
12/23/1990   8316      0   3718   4598      0   1777      0    392      0      0      0      0      0   0.00   0.00      0   0.00   16.6  0.000    0.0  0.000      0      0      0      0      0
12/24/1990   8440      0   3613   4827      0   1718      0    316      0      0      0      0      0   0.00   0.00      0   0.00   16.5  0.000    0.0  0.000      0      0      0      0      0
12/25/1990   8576      0   3510   5066      0   1661      0    226      0     20      0      0      0   0.00   0.00      0   0.00   16.5  0.000    0.0  0.000      0      0      0      0      0
12/26/1990   8684      0   3412   5272      0   1645      0    123      0     69      0      0      0   0.00   0.00      0   0.00   16.5  0.000    0.0  0.000      0      0      0      0      0
12/27/1990   8819      0   3351   5468      0   1590      0     31      0    138      0      0      0   0.00   0.00      0   0.00   16.5  0.000    0.0  0.000      0      0      0      0      0
12/28/1990   8965      0   3280   5685      0   1463      0     20      0    200      0      0      0   0.00   0.00      0   0.00   16.5  0.000    0.0  0.000      0      0      0      0      0
12/29/1990   9102      0   3188   5914      0   1314      0     69      0    186      0      0      0   0.00   0.00      0   0.00   16.4  0.000    0.0  0.000      0      0      0      0      0
12/30/1990   9244      0   3119   6125      0   1160      0    138      0    179      0      0      0   0.00   0.00      0   0.00   16.4  0.000    0.0  0.000      0      0      0      0      0
12/31/1990   9404      0   3065   6339      0    988      0    220      0    162      0      0      0   0.00   0.00      0   0.00   16.4  0.000    0.0  0.000      0      0      0      0      0
