Varroa Population Simulation - Nov 24,2015  04:07:44 PM
VarroaPop Version 3.2.5.8  June, 2015

                                        Capped  Capped                                                                      Prop           Conc          Conc                                     
            Colony  Adult  Adult         Drone   Wkr    Drone  Wkr    Drone  Wkr  Free   DBrood WBrood DMite  WMite  Mites  Mites  Colony Pollen Colony Nectar   Dead   Dead   Dead   Dead   Dead
     Date   Size   Drones   Wkr   Forgrs Brood  Brood   Larv   Larv    Eggs  Eggs Mites  Mites  Mites  /Cell  /Cell  Dying  Dying  Pollen  Pest  Nectar  Pest    DLarv  WLarv  DAdlt  WAdlt  Forgrs
Initial     10000      0   6552   3448      0      0      0      0      0      0      0      0      0   0.00   0.00      0   0.00    0.0  0.000    0.0  0.000      0      0      0      0      0
05/01/1990   9688      0   6240   3448      0      0      0      0      2    498      0      0      0   0.00   0.00      0   0.00    0.1  0.000    0.0  0.000      0      0      0      0      0
05/02/1990   9376      0   5928   3448      0      0      0      0      4   1036      0      0      0   0.00   0.00      0   0.00    0.2  0.000    0.0  0.000      0      0      0      0      0
05/03/1990   9064      0   5616   3448      0      0      0      0      6   1621      0      0      0   0.00   0.00      0   0.00    0.3  0.000    0.0  0.000      0      0      0      0      0
05/04/1990   8752      0   5304   3448      0      0      2    498      7   1731      0      0      0   0.00   0.00      0   0.00    0.5  0.000    0.0  0.000      0      0      0      0      0
05/05/1990   8440      0   4992   3448      0      0      4   1036      8   1813      0      0      0   0.00   0.00      0   0.00    0.6  0.000    0.0  0.000      0      0      0      0      0
05/06/1990   8128      0   4680   3448      0      0      6   1621      9   1836      0      0      0   0.00   0.00      0   0.00    0.7  0.000    0.0  0.000      0      0      0      0      0
05/07/1990   7816      0   4368   3448      0      0      9   2229      8   1793      0      0      0   0.00   0.00      0   0.00    0.8  0.000    0.0  0.000      0      0      0      0      0
05/08/1990   7504      0   4056   3448      0      0     12   2849      7   1729      0      0      0   0.00   0.00      0   0.00    0.9  0.000    0.0  0.000      0      0      0      0      0
05/09/1990   7192      0   3744   3448      0    498     15   2959      6   1634      0      0      0   0.00   0.00      0   0.00    1.1  0.000    0.0  0.000      0      0      0      0      0
05/10/1990   6880      0   3432   3448      0   1036     17   2986      5   1511      0      0      0   0.00   0.00      0   0.00    1.2  0.000    0.0  0.000      0      0      0      0      0
05/11/1990   6552      0   3120   3432      2   1621     17   2957      5   1442      0      0      0   0.00   0.00      0   0.00    1.3  0.000    0.0  0.000      0      0      0      0      0
05/12/1990   6240      0   2808   3432      4   2229     17   2862      5   1433      0      0      0   0.00   0.00      0   0.00    1.4  0.000    0.0  0.000      0      0      0      0      0
05/13/1990   5928      0   2496   3432      6   2849     16   2684      6   1503      0      0      0   0.00   0.00      0   0.00    1.6  0.000    0.0  0.000      0      0      0      0      0
05/14/1990   5616      0   2184   3432      9   3457     15   2563      6   1526      0      0      0   0.00   0.00      0   0.00    1.7  0.000    0.0  0.000      0      0      0      0      0
05/15/1990   5304      0   1872   3432     12   4022     14   2502      6   1512      0      0      0   0.00   0.00      0   0.00    1.8  0.000    0.0  0.000      0      0      0      0      0
05/16/1990   4992      0   1560   3432     15   4578     13   2458      6   1549      0      0      0   0.00   0.00      0   0.00    2.0  0.000    0.0  0.000      0      0      0      0      0
05/17/1990   4680      0   1248   3432     17   5091     13   2455      6   1552      0      0      0   0.00   0.00      0   0.00    2.1  0.000    0.0  0.000      0      0      0      0      0
05/18/1990   4368      0    936   3432     19   5533     13   2503      6   1521      0      0      0   0.00   0.00      0   0.00    2.3  0.000    0.0  0.000      0      0      0      0      0
05/19/1990   4056      0    624   3432     21   6020     13   2565      5   1418      0      0      0   0.00   0.00      0   0.00    2.4  0.000    0.0  0.000      0      0      0      0      0
05/20/1990   3744      0    312   3432     22   6524     14   2574      5   1411      0      0      0   0.00   0.00      0   0.00    2.6  0.000    0.0  0.000      0      0      0      0      0
05/21/1990   3432      0      0   3432     24   7036     14   2521      5   1481      0      0      0   0.00   0.00      0   0.00    2.7  0.000    0.0  0.000      0      0      0      0      0
05/22/1990   3618      0    498   3120     26   7048     13   2457      6   1575      0      0      0   0.00   0.00      0   0.00    2.9  0.000    0.0  0.000      0      0      0      0      0
05/23/1990   4156      0   1036   3120     28   7000     13   2473      5   1494      0      0      0   0.00   0.00      0   0.00    2.9  0.000    0.0  0.000      0      0      0      0      0
05/24/1990   4429      0   1621   2808     30   6964     13   2453      4   1387      0      0      0   0.00   0.00      0   0.00    3.0  0.000    0.0  0.000      0      0      0      0      0
05/25/1990   4727      2   2229   2496     30   6869     13   2480      3   1296      0      0      0   0.00   0.00      0   0.00    3.1  0.000    0.0  0.000      0      0      0      0      0
05/26/1990   5037      4   2849   2184     30   6708     12   2446      2   1301      0      0      0   0.00   0.00      0   0.00    3.2  0.000    0.0  0.000      0      0      0      0      0
05/27/1990   5647      6   3457   2184     30   6546     11   2422      1   1229      0      0      0   0.00   0.00      0   0.00    3.1  0.000    0.0  0.000      0      0      0      0      0
05/28/1990   6215      9   4022   2184     29   6487     10   2365      0   1125      0      0      0   0.00   0.00      0   0.00    3.1  0.000    0.0  0.000      0      0      0      0      0
05/29/1990   6462     12   4578   1872     27   6460      9   2266      0   1066      0      0      0   0.00   0.00      0   0.00    3.2  0.000    0.0  0.000      0      0      0      0      0
05/30/1990   6666     15   5091   1560     26   6487      7   2076      0   1060      0      0      0   0.00   0.00      0   0.00    3.2  0.000    0.0  0.000      0      0      0      0      0
05/31/1990   6798     17   5533   1248     26   6470      5   1996      0   1007      0      0      0   0.00   0.00      0   0.00    3.2  0.000    0.0  0.000      0      0      0      0      0
06/01/1990   6975     19   6020    936     26   6405      3   1945      0    895      0      0      0   0.00   0.00      0   0.00    3.2  0.000    0.0  0.000      0      0      0      0      0
06/02/1990   7169     21   6524    624     25   6350      2   1840      0    793      0      0      0   0.00   0.00      0   0.00    3.2  0.000    0.0  0.000      0      0      0      0      0
06/03/1990   7370     22   7036    312     25   6268      1   1702      0    686      0      0      0   0.00   0.00      0   0.00    3.2  0.000    0.0  0.000      0      0      0      0      0
06/04/1990   7570     24   7546      0     24   6108      0   1611      0    531      0      0      0   0.00   0.00      0   0.00    3.2  0.000    0.0  0.000      0      0      0      0      0
06/05/1990   8062     26   8036      0     22   5963      0   1508      0    289      0      0      0   0.00   0.00      0   0.00    3.1  0.000    0.0  0.000      0      0      0      0      0
06/06/1990   8613     28   8585      0     20   5785      0   1322      0    104      0      0      0   0.00   0.00      0   0.00    3.0  0.000    0.0  0.000      0      0      0      0      0
06/07/1990   9128     30   9098      0     18   5616      0   1082      0      0      0      0      0   0.00   0.00      0   0.00    3.0  0.000    0.0  0.000      0      0      0      0      0
06/08/1990   9589     32   9557      0     16   5449      0    790      0      0      0      0      0   0.00   0.00      0   0.00    2.9  0.000    0.0  0.000      0      0      0      0      0
06/09/1990  10037     34  10003      0     14   5262      0    531      0      0      0      0      0   0.00   0.00      0   0.00    2.8  0.000    0.0  0.000      0      0      0      0      0
06/10/1990  10545     36  10509      0     12   4998      0    289      0      0      0      0      0   0.00   0.00      0   0.00    2.8  0.000    0.0  0.000      0      0      0      0      0
06/11/1990  11076     38  11038      0     10   4654      0    104      0      0      0      0      0   0.00   0.00      0   0.00    2.7  0.000    0.0  0.000      0      0      0      0      0
06/12/1990  11617     39  11080    498      9   4218      0      0      0      0      0      0      0   0.00   0.00      0   0.00    2.6  0.000    0.0  0.000      0      0      0      0      0
06/13/1990  12044     41  10967   1036      7   3793      0      0      0    141      0      0      0   0.00   0.00      0   0.00    2.6  0.000    0.0  0.000      0      0      0      0      0
06/14/1990  12468     43  10804   1621      5   3371      0      0      0    379      0      0      0   0.00   0.00      0   0.00    2.6  0.000    0.0  0.000      0      0      0      0      0
06/15/1990  12917     43  10645   2229      3   2922      0      0      0    714      0      0      0   0.00   0.00      0   0.00    2.6  0.000    0.0  0.000      0      0      0      0      0
06/16/1990  13346     42  10455   2849      2   2492      0    141      0   1010      0      0      0   0.00   0.00      0   0.00    2.7  0.000    0.0  0.000      0      0      0      0      0
06/17/1990  13695     41  10197   3457      1   2142      0    379      1   1301      0      0      0   0.00   0.00      0   0.00    2.8  0.000    0.0  0.000      0      0      0      0      0
06/18/1990  14038     39   9977   4022      0   1797      0    714      3   1525      0      0      0   0.00   0.00      0   0.00    2.9  0.000    0.0  0.000      0      0      0      0      0
06/19/1990  14406     36   9792   4578      0   1426      0   1151      7   1736      0      0      0   0.00   0.00      0   0.00    3.0  0.000    0.0  0.000      0      0      0      0      0
06/20/1990  14747     33   9623   5091      0   1082      1   1680     11   1953      0      0      0   0.00   0.00      0   0.00    3.2  0.000    0.0  0.000      0      0      0      0      0
06/21/1990  15037     31   9473   5533      0    931      3   2098     15   2177      0      0      0   0.00   0.00      0   0.00    3.4  0.000    0.0  0.000      0      0      0      0      0
06/22/1990  15294     29   9245   6020      0    910      7   2508     17   2288      0      0      0   0.00   0.00      0   0.00    3.6  0.000    0.0  0.000      0      0      0      0      0
06/23/1990  15036     27   8983   6026      0   1003     12   2919     19   2327      0      0      0   0.00   0.00      0   0.00    3.8  0.000    0.0  0.000      0      0      0      0      0
06/24/1990  14682     26   8656   6000      0   1255     18   3265     20   2345      0      0      0   0.00   0.00      0   0.00    4.0  0.000    0.0  0.000      0      0      0      0      0
06/25/1990  14199     24   8250   5925      0   1680     24   3495     21   2384      0      0      0   0.00   0.00      0   0.00    4.2  0.000    0.0  0.000      0      0      0      0      0
06/26/1990  13589     22   7760   5807      0   2239     31   3721     21   2401      0      0      0   0.00   0.00      0   0.00    4.4  0.000    0.0  0.000      0      0      0      0      0
06/27/1990  12967     20   7211   5736      1   2887     37   3874     21   2381      0      0      0   0.00   0.00      0   0.00    4.6  0.000    0.0  0.000      0      0      0      0      0
06/28/1990  12357     18   6698   5641      3   3633     42   3926     20   2348      0      0      0   0.00   0.00      0   0.00    4.8  0.000    0.0  0.000      0      0      0      0      0
06/29/1990  11790     16   6239   5535      7   4416     45   3945     20   2345      0      0      0   0.00   0.00      0   0.00    5.0  0.000    0.0  0.000      0      0      0      0      0
06/30/1990  11232     14   5793   5425     12   5175     47   3967     19   2361      0      0      0   0.00   0.00      0   0.00    5.2  0.000    0.0  0.000      0      0      0      0      0
07/01/1990  10717     12   5287   5418     18   5960     47   3947     19   2383      0      0      0   0.00   0.00      0   0.00    5.4  0.000    0.0  0.000      0      0      0      0      0
07/02/1990  10273     10   4758   5505     24   6761     48   3945     18   2340      0      0      0   0.00   0.00      0   0.00    5.6  0.000    0.0  0.000      0      0      0      0      0
07/03/1990   9785      9   4218   5558     31   7559     47   3944     18   2298      0      0      0   0.00   0.00      0   0.00    5.8  0.000    0.0  0.000      0      0      0      0      0
07/04/1990   9420      7   3934   5479     38   8220     46   3929     18   2242      0      0      0   0.00   0.00      0   0.00    6.0  0.000    0.0  0.000      0      0      0      0      0
07/05/1990   9144      5   3750   5389     45   8763     45   3904     18   2222      0      0      0   0.00   0.00      0   0.00    6.2  0.000    0.0  0.000      0      0      0      0      0
07/06/1990   8967      3   3636   5328     52   9193     44   3894     17   2200      0      0      0   0.00   0.00      0   0.00    6.5  0.000    0.0  0.000      0      0      0      0      0
07/07/1990   8913      2   3643   5268     59   9555     43   3826     17   2221      0      0      0   0.00   0.00      0   0.00    6.7  0.000    0.0  0.000      0      0      0      0      0
07/08/1990   8892      1   3822   5069     65   9823     43   3765     17   2239      0      0      0   0.00   0.00      0   0.00    6.9  0.000    0.0  0.000      0      0      0      0      0
07/09/1990   8937      0   4036   4901     72  10051     41   3711     17   2258      0      0      0   0.00   0.00      0   0.00    7.1  0.000    0.0  0.000      0      0      0      0      0
07/10/1990   9126      0   4313   4813     78  10159     41   3707     16   2273      0      0      0   0.00   0.00      0   0.00    7.2  0.000    0.0  0.000      0      0      0      0      0
07/11/1990   9427      1   4715   4711     83  10168     41   3706     15   2289      0      0      0   0.00   0.00      0   0.00    7.4  0.000    0.0  0.000      0      0      0      0      0
07/12/1990   9706      3   5206   4497     87  10116     40   3727     15   2301      0      0      0   0.00   0.00      0   0.00    7.6  0.000    0.0  0.000      0      0      0      0      0
07/13/1990   9940      7   5706   4227     89  10093     39   3758     15   2282      0      0      0   0.00   0.00      0   0.00    7.7  0.000    0.0  0.000      0      0      0      0      0
07/14/1990  10190     12   6249   3929     90  10041     38   3795     15   2237      0      0      0   0.00   0.00      0   0.00    7.9  0.000    0.0  0.000      0      0      0      0      0
07/15/1990  10572     18   6865   3689     90   9992     37   3807     14   2174      0      0      0   0.00   0.00      0   0.00    8.0  0.000    0.0  0.000      0      0      0      0      0
07/16/1990  10954     24   7559   3371     89   9948     37   3801     12   2087      0      0      0   0.00   0.00      0   0.00    8.1  0.000    0.0  0.000      0      0      0      0      0
07/17/1990  11314     31   8361   2922     88   9898     36   3774     10   1987      0      0      0   0.00   0.00      0   0.00    8.2  0.000    0.0  0.000      0      0      0      0      0
07/18/1990  11672     38   9142   2492     87   9884     34   3708      8   1877      0      0      0   0.00   0.00      0   0.00    8.3  0.000    0.0  0.000      0      0      0      0      0
07/19/1990  12094     45   9907   2142     85   9889     32   3599      6   1764      0      0      0   0.00   0.00      0   0.00    8.3  0.000    0.0  0.000      0      0      0      0      0
07/20/1990  12555     52  10706   1797     83   9854     30   3460      3   1643      0      0      0   0.00   0.00      0   0.00    8.3  0.000    0.0  0.000      0      0      0      0      0
07/21/1990  12988     59  11503   1426     81   9805     27   3303      1   1506      0      0      0   0.00   0.00      0   0.00    8.3  0.000    0.0  0.000      0      0      0      0      0
07/22/1990  13437     65  12290   1082     80   9743     23   3126      0   1348      0      0      0   0.00   0.00      0   0.00    8.3  0.000    0.0  0.000      0      0      0      0      0
07/23/1990  13908     72  13046    790     78   9688     18   2929      0   1154      0      0      0   0.00   0.00      0   0.00    8.2  0.000    0.0  0.000      0      0      0      0      0
07/24/1990  14410     78  13801    531     77   9594     13   2722      0    933      0      0      0   0.00   0.00      0   0.00    8.1  0.000    0.0  0.000      0      0      0      0      0
07/25/1990  14905     84  14391    430     75   9488      9   2487      0    711      0      0      0   0.00   0.00      0   0.00    8.1  0.000    0.0  0.000      0      0      0      0      0
07/26/1990  15462     90  14889    483     72   9343      6   2206      0    546      0      0      0   0.00   0.00      0   0.00    8.0  0.000    0.0  0.000      0      0      0      0      0
07/27/1990  16097     96  15287    714     69   9158      3   1891      0    479      0      0      0   0.00   0.00      0   0.00    7.9  0.000    0.0  0.000      0      0      0      0      0
07/28/1990  16855    102  15602   1151     65   8910      1   1555      0    543      0      0      0   0.00   0.00      0   0.00    7.8  0.000    0.0  0.000      0      0      0      0      0
07/29/1990  17615    108  15827   1680     60   8610      0   1246      0    728      0      0      0   0.00   0.00      0   0.00    7.8  0.000    0.0  0.000      0      0      0      0      0
07/30/1990  18372    113  16020   2239     55   8248      0   1022      0    987      0      0      0   0.00   0.00      0   0.00    7.8  0.000    0.0  0.000      0      0      0      0      0
07/31/1990  19145    119  16139   2887     49   7791      0    944      0   1259      0      0      0   0.00   0.00      0   0.00    7.8  0.000    0.0  0.000      0      0      0      0      0
08/01/1990  19920    124  16163   3633     43   7254      0   1041      1   1508      0      0      0   0.00   0.00      0   0.00    7.9  0.000    0.0  0.000      0      0      0      0      0
08/02/1990  20687    127  16144   4416     38   6658      0   1298      4   1735      0      0      0   0.00   0.00      0   0.00    8.0  0.000    0.0  0.000      0      0      0      0      0
08/03/1990  21436    128  16133   5175     33   6055      0   1657      9   1947      0      0      0   0.00   0.00      0   0.00    8.1  0.000    0.0  0.000      0      0      0      0      0
08/04/1990  22161    128  16073   5960     28   5496      1   2070     14   2143      0      0      0   0.00   0.00      0   0.00    8.2  0.000    0.0  0.000      0      0      0      0      0
08/05/1990  22720    127  15973   6620     23   5027      4   2490     18   2336      0      0      0   0.00   0.00      0   0.00    8.4  0.000    0.0  0.000      0      0      0      0      0
08/06/1990  23142    126  15836   7180     18   4696      9   2876     22   2508      0      0      0   0.00   0.00      0   0.00    8.7  0.000    0.0  0.000      0      0      0      0      0
08/07/1990  23430    124  15659   7647     13   4496     15   3226     26   2651      0      0      0   0.00   0.00      0   0.00    8.9  0.000    0.0  0.000      0      0      0      0      0
08/08/1990  23581    121  15469   7991      9   4409     22   3567     30   2747      0      0      0   0.00   0.00      0   0.00    9.1  0.000    0.0  0.000      0      0      0      0      0
08/09/1990  23596    117  15252   8227      6   4440     31   3876     32   2818      0      0      0   0.00   0.00      0   0.00    9.4  0.000    0.0  0.000      0      0      0      0      0
08/10/1990  23537    113  14957   8467      3   4588     41   4142     33   2869      0      0      0   0.00   0.00      0   0.00    9.7  0.000    0.0  0.000      0      0      0      0      0
08/11/1990  23338    108  14614   8616      2   4850     51   4367     33   2908      0      0      0   0.00   0.00      0   0.00   10.0  0.000    0.0  0.000      0      0      0      0      0
08/12/1990  22977    103  14217   8657      4   5235     59   4551     34   2934      0      0      0   0.00   0.00      0   0.00   10.2  0.000    0.0  0.000      0      0      0      0      0
08/13/1990  22497     96  13771   8630      9   5770     65   4675     34   2928      0      0      0   0.00   0.00      0   0.00   10.5  0.000    0.0  0.000      0      0      0      0      0
08/14/1990  21965     90  13249   8626     15   6425     70   4767     34   2860      0      0      0   0.00   0.00      0   0.00   10.8  0.000    0.0  0.000      0      0      0      0      0
08/15/1990  21342     84  12686   8572     22   7175     75   4834     32   2723      0      0      0   0.00   0.00      0   0.00   11.1  0.000    0.0  0.000      0      0      0      0      0
08/16/1990  20680     78  12095   8507     31   7971     77   4856     32   2621      0      0      0   0.00   0.00      0   0.00   11.4  0.000    0.0  0.000      0      0      0      0      0
08/17/1990  20042     72  11528   8442     41   8764     78   4809     32   2585      0      0      0   0.00   0.00      0   0.00   11.7  0.000    0.0  0.000      0      0      0      0      0
08/18/1990  19466     66  11008   8392     52   9501     77   4688     32   2547      0      0      0   0.00   0.00      0   0.00   12.0  0.000    0.0  0.000      0      0      0      0      0
08/19/1990   7028      0   7017     11     63  10151     75   4544     31   2492      0      0      0   0.00   0.00      0   0.00   12.3  0.049    0.0  0.000      2     25     44   3565   8345
08/20/1990   7071      0   7052     19     74  10689     75   4457     20   1619      0      0      0   0.00   0.00      0   0.00   12.2  0.049    0.0  0.000      0      0      0      1    380
08/21/1990   7203      0   7167     36     85  11145     74   4307     10    815      0      0      0   0.00   0.00      0   0.00   12.2  0.049    0.0  0.000      0      0      0      0    371
08/22/1990   7426      0   7357     69     96  11478     73   4201      0     22      0      0      0   0.00   0.00      0   0.00   12.2  0.049    0.0  0.000      0      0      0      0    355
08/23/1990   7750      0   7620    130    106  11674     63   3356      0     46      0      0      0   0.00   0.00      0   0.00   12.1  0.049    0.0  0.000      0      0      0      0    327
08/24/1990   8182      0   7947    235    117  11819     52   2501      0     85      0      0      0   0.00   0.00      0   0.00   12.1  0.049    0.0  0.000      0      0      0      0    283
08/25/1990   8731      0   8333    398    126  11920     42   1638      0    145      0      0      0   0.00   0.00      0   0.00   12.1  0.049    0.0  0.000      0      0      1      0    225
08/26/1990   9416      2   8789    625    134  11885     31    855      0    238      0      0      0   0.00   0.00      0   0.00   12.1  0.049    0.0  0.000      0      0      1      0    161
08/27/1990  10308      7   9288   1013    140  11803     20     94      0    378      0      0      0   0.00   0.00      0   0.00   12.0  0.049    0.0  0.000      0      0      0      0      0
08/28/1990  11231     13   9817   1401    144  10888     10    164      0    581      0      0      0   0.00   0.00      0   0.00   12.1  0.049    0.0  0.000      0      0      0      0      0
08/29/1990  12178     20  10369   1789    147   9953      0    278      0    818      0      0      0   0.00   0.00      0   0.00   12.1  0.049    0.0  0.000      0      0      0      0      0
08/30/1990  13145     29  10939   2177    138   9007      0    450      0   1034      0      0      0   0.00   0.00      0   0.00   12.1  0.049    0.0  0.000      0      0      0      0      0
08/31/1990  14115     39  11614   2462    128   8065      0    699      0   1205      0      0      0   0.00   0.00      0   0.00   12.1  0.049    0.0  0.000      0      0      0      0      0
09/01/1990  15088     50  12300   2738    117   7130      0   1011      0   1345      0      0      0   0.00   0.00      0   0.00   12.2  0.048    0.0  0.000      0      0      0      0      0
09/02/1990  16062     61  12969   3032    106   6240      0   1339      1   1474      0      0      0   0.00   0.00      0   0.00   12.1  0.048    0.0  0.000      0      0      0      0      0
09/03/1990  16999     72  13635   3292     95   5400      0   1666      3   1581      0      0      0   0.00   0.00      0   0.00   12.2  0.048    0.0  0.000      0      0      0      0      0
09/04/1990  17860     83  14253   3524     84   4673      0   1978      5   1660      0      0      0   0.00   0.00      0   0.00   12.2  0.048    0.0  0.000      0      0      0      0      0
09/05/1990  18613     94  14807   3712     73   4101      1   2232      7   1737      0      0      0   0.00   0.00      0   0.00   12.3  0.048    0.0  0.000      0      0      0      0      0
09/06/1990  19320    104  15374   3842     63   3597      3   2429      8   1811      0      0      0   0.00   0.00      0   0.00   12.4  0.047    0.0  0.000      0      0      0      0      0
09/07/1990  19979    115  16064   3800     52   3122      5   2604      9   1869      0      0      0   0.00   0.00      0   0.00   12.5  0.047    0.0  0.000      0      0      0      0      0
09/08/1990  20410    125  16688   3597     42   2759      8   2764      9   1884      0      0      0   0.00   0.00      0   0.00   12.5  0.047    0.0  0.000      0      0      0      0      0
09/09/1990  20838    136  17186   3516     31   2450     11   2895      9   1870      0      0      0   0.00   0.00      0   0.00   12.5  0.047    0.0  0.000      0      0      0      0      0
09/10/1990  20463    147  16765   3551     20   2977     14   2999      9   1865      0      0      0   0.00   0.00      0   0.00   12.6  0.047    0.0  0.000      0      0      0      0      0
09/11/1990  20090    157  16267   3666     10   3525     17   3067      9   1857      0      0      0   0.00   0.00      0   0.00   12.6  0.046    0.0  0.000      0      0      0      0      0
09/12/1990  19819    167  15701   3951      1   4088     19   3105      9   1861      0      0      0   0.00   0.00      0   0.00   12.7  0.046    0.0  0.000      0      0      0      0      0
09/13/1990  19258    167  15076   4015      3   4668     20   3127     10   1872      0      0      0   0.00   0.00      0   0.00   12.8  0.046    0.0  0.000      0      0      0      0      0
09/14/1990  19009    167  14405   4437      5   5251     21   3113     10   1857      0      0      0   0.00   0.00      0   0.00   12.9  0.046    0.0  0.000      0      0      0      0      0
09/15/1990  18788    167  13703   4918      8   5812     21   3097     11   1862      0      0      0   0.00   0.00      0   0.00   13.0  0.045    0.0  0.000      0      0      0      0      0
09/16/1990  18612    165  12978   5469     11   6314     22   3115     12   1875      0      0      0   0.00   0.00      0   0.00   13.1  0.045    0.0  0.000      0      0      0      0      0
09/17/1990  18498    160  12275   6063     14   6743     22   3100     14   1977      0      0      0   0.00   0.00      0   0.00   13.3  0.044    0.0  0.000      0      0      0      0      0
09/18/1990  18582    154  11633   6795     17   7096     23   3094     16   2073      0      0      0   0.00   0.00      0   0.00   13.5  0.043    0.0  0.000      0      0      0      0      0
09/19/1990  18746    147  11049   7550     20   7353     25   3133     18   2164      0      0      0   0.00   0.00      0   0.00   13.8  0.043    0.0  0.000      0      0      0      0      0
09/20/1990  18830    138  10491   8201     23   7570     27   3216     22   2285      0      0      0   0.00   0.00      0   0.00   14.0  0.042    0.0  0.000      0      0      0      0      0
09/21/1990  18843    128   9969   8746     26   7763     30   3295     26   2422      0      0      0   0.00   0.00      0   0.00   14.4  0.041    0.0  0.000      0      0      0      0      0
09/22/1990  18825    117   9486   9222     29   7865     34   3440     29   2504      0      0      0   0.00   0.00      0   0.00   14.7  0.040    0.0  0.000      0      0      0      0      0
09/23/1990  18765    106   9053   9606     33   7958     39   3639     30   2475      0      0      0   0.00   0.00      0   0.00   15.1  0.039    0.0  0.000      0      0      0      0      0
09/24/1990  18656     95   8647   9914     36   8057     46   3842     31   2470      0      0      0   0.00   0.00      0   0.00   15.5  0.038    0.0  0.000      0      0      0      0      0
09/25/1990  18505     84   8311  10110     40   8182     52   3967     32   2497      0      0      0   0.00   0.00      0   0.00   15.9  0.037    0.0  0.000      0      0      0      0      0
09/26/1990  18327     74   8070  10183     44   8294     57   4041     33   2560      0      0      0   0.00   0.00      0   0.00   16.3  0.036    0.0  0.000      0      0      0      0      0
09/27/1990  18102     66   7837  10199     47   8410     63   4148     33   2570      0      0      0   0.00   0.00      0   0.00   16.7  0.035    0.0  0.000      0      0      0      0      0
09/28/1990  17839     57   7595  10187     51   8598     68   4179     33   2599      0      0      0   0.00   0.00      0   0.00   17.1  0.034    0.0  0.000      0      0      0      0      0
09/29/1990  17536     50   7407  10079     55   8832     72   4179     34   2665      0      0      0   0.00   0.00      0   0.00   17.5  0.033    0.0  0.000      0      0      0      0      0
09/30/1990  17201     42   7215   9944     61   9044     74   4214     35   2748      0      0      0   0.00   0.00      0   0.00   17.9  0.033    0.0  0.000      0      0      0      0      0
10/01/1990  16863     34   7841   8988     68   9208     75   4303     36   2812      0      0      0   0.00   0.00      0   0.00   18.2  0.032    0.0  0.000      0      0      0      0      0
10/02/1990  16501     27   8449   8025     75   9445     77   4374     35   2741      0      0      0   0.00   0.00      0   0.00   18.5  0.032    0.0  0.000      0      0      0      0      0
10/03/1990  16132     20   9054   7058     82   9680     79   4465     32   2618      0      0      0   0.00   0.00      0   0.00   18.8  0.031    0.0  0.000      0      0      0      0      0
10/04/1990  15812     23   9667   6122     90   9896     80   4555     29   2516      0      0      0   0.00   0.00      0   0.00   19.0  0.031    0.0  0.000      0      0      0      0      0
10/05/1990  15454     26  10221   5207     98  10158     80   4545     24   2397      0      0      0   0.00   0.00      0   0.00   19.2  0.031    0.0  0.000      0      0      0      0      0
10/06/1990  15168     29  10771   4368    106  10417     78   4484     20   2198      0      0      0   0.00   0.00      0   0.00   19.3  0.030    0.0  0.000      0      0      0      0      0
10/07/1990  14977     33  11304   3640    113  10686     76   4406     14   1884      0      0      0   0.00   0.00      0   0.00   19.4  0.030    0.0  0.000      0      0      0      0      0
10/08/1990  14820     36  11820   2964    121  10929     71   4194     10   1645      0      0      0   0.00   0.00      0   0.00   19.4  0.030    0.0  0.000      0      0      0      0      0
10/09/1990  14667     40  12263   2364    129  11156     64   3870      6   1495      0      0      0   0.00   0.00      0   0.00   19.4  0.030    0.0  0.000      0      0      0      0      0
10/10/1990  14606     45  12650   1911    136  11263     55   3549      3   1372      0      0      0   0.00   0.00      0   0.00   19.4  0.030    0.0  0.000      0      0      0      0      0
10/11/1990  14627     50  13071   1506    143  11262     45   3221      1   1239      0      0      0   0.00   0.00      0   0.00   19.4  0.030    0.0  0.000      0      0      0      0      0
10/12/1990  15486     56  13480   1950    148  11250     35   2849      0   1081      0      0      0   0.00   0.00      0   0.00   19.4  0.030    0.0  0.000      0      0      0      0      0
10/13/1990  16313     63  13809   2441    150  11156     26   2524      0   1038      0      0      0   0.00   0.00      0   0.00   19.4  0.030    0.0  0.000      0      0      0      0      0
10/14/1990  17102     72  14072   2958    150  10985     17   2262      0   1099      0      0      0   0.00   0.00      0   0.00   19.5  0.030    0.0  0.000      0      0      0      0      0
10/15/1990  17936     82  14369   3485    146  10664     11   2046      1   1260      0      0      0   0.00   0.00      0   0.00   19.5  0.030    0.0  0.000      0      0      0      0      0
10/16/1990  18754     92  14646   4016    141  10304      6   1917      3   1403      0      0      0   0.00   0.00      0   0.00   19.6  0.030    0.0  0.000      0      0      0      0      0
10/17/1990  19546    101  14895   4550    134   9920      3   1866      6   1524      0      0      0   0.00   0.00      0   0.00   19.7  0.030    0.0  0.000      0      0      0      0      0
10/18/1990  20296    110  15128   5058    125   9466      2   1934      9   1636      0      0      0   0.00   0.00      0   0.00   19.8  0.029    0.0  0.000      0      0      0      0      0
10/19/1990  21002    119  15376   5507    115   8944      3   2081     11   1677      0      0      0   0.00   0.00      0   0.00   20.0  0.029    0.0  0.000      0      0      0      0      0
10/20/1990  21656    127  15676   5853    104   8336      6   2309     12   1659      0      0      0   0.00   0.00      0   0.00   20.2  0.029    0.0  0.000      0      0      0      0      0
10/21/1990  22251    135  16006   6110     93   7756     10   2532     13   1663      0      0      0   0.00   0.00      0   0.00   20.3  0.029    0.0  0.000      0      0      0      0      0
10/22/1990  22804    143  16323   6338     82   7231     14   2659     14   1722      0      0      0   0.00   0.00      0   0.00   20.5  0.029    0.0  0.000      0      0      0      0      0
10/23/1990  23217    152  16560   6505     70   6855     18   2708     15   1830      0      0      0   0.00   0.00      0   0.00   20.7  0.028    0.0  0.000      0      0      0      0      0
10/24/1990  23550    161  16763   6626     58   6541     23   2792     16   1911      0      0      0   0.00   0.00      0   0.00   20.9  0.028    0.0  0.000      0      0      0      0      0
10/25/1990  23873    170  16967   6736     47   6239     27   2857     17   1992      0      0      0   0.00   0.00      0   0.00   21.1  0.028    0.0  0.000      0      0      0      0      0
10/26/1990  24059    178  17100   6781     38   6094     30   2902     18   2000      0      0      0   0.00   0.00      0   0.00   21.2  0.028    0.0  0.000      0      0      0      0      0
10/27/1990  24111    184  17099   6828     32   6020     33   3026     18   1996      0      0      0   0.00   0.00      0   0.00   21.4  0.027    0.0  0.000      0      0      0      0      0
10/28/1990  24039    189  16976   6874     27   6014     35   3190     18   1954      0      0      0   0.00   0.00      0   0.00   21.6  0.027    0.0  0.000      0      0      0      0      0
10/29/1990  23907    192  16768   6947     25   6112     37   3239     18   1951      0      0      0   0.00   0.00      0   0.00   21.8  0.027    0.0  0.000      0      0      0      0      0
10/30/1990  23746    193  16521   7032     24   6247     39   3300     17   1875      0      0      0   0.00   0.00      0   0.00   22.0  0.027    0.0  0.000      0      0      0      0      0
10/31/1990  23529    191  16184   7154     26   6472     40   3314     16   1798      0      0      0   0.00   0.00      0   0.00   22.2  0.026    0.0  0.000      0      0      0      0      0
11/01/1990  23261    188  15722   7351     29   6784     41   3279     15   1628      0      0      0   0.00   0.00      0   0.00   22.4  0.026    0.0  0.000      0      0      0      0      0
11/02/1990  22931    183  15180   7568     33   7158     41   3183     15   1474      0      0      0   0.00   0.00      0   0.00   22.7  0.026    0.0  0.000      0      0      0      0      0
11/03/1990  22665    176  14718   7771     39   7434     40   3112     15   1376      0      0      0   0.00   0.00      0   0.00   22.9  0.026    0.0  0.000      0      0      0      0      0
11/04/1990  22451    167  14346   7938     45   7681     39   2911     15   1436      0      0      0   0.00   0.00      0   0.00   23.2  0.025    0.0  0.000      0      0      0      0      0
11/05/1990  22269    157  13970   8142     51   7852     38   2703     15   1545      0      0      0   0.00   0.00      0   0.00   23.4  0.025    0.0  0.000      0      0      0      0      0
11/06/1990  22161    147  13624   8390     57   7982     37   2537     15   1538      0      0      0   0.00   0.00      0   0.00   23.7  0.025    0.0  0.000      0      0      0      0      0
11/07/1990  22065    137  13310   8618     63   8032     36   2472     15   1474      0      0      0   0.00   0.00      0   0.00   24.0  0.024    0.0  0.000      0      0      0      0      0
11/08/1990  21985    127  13036   8822     68   8014     35   2450     16   1457      0      0      0   0.00   0.00      0   0.00   24.3  0.024    0.0  0.000      0      0      0      0      0
11/09/1990  21820    118  12702   9000     71   7933     35   2447     17   1556      0      0      0   0.00   0.00      0   0.00   24.6  0.024    0.0  0.000      0      0      0      0      0
11/10/1990  21615    110  12304   9201     73   7847     35   2472     19   1673      0      0      0   0.00   0.00      0   0.00   24.9  0.023    0.0  0.000      0      0      0      0      0
11/11/1990  21454    103  11951   9400     74   7727     36   2531     20   1751      0      0      0   0.00   0.00      0   0.00   25.3  0.023    0.0  0.000      0      0      0      0      0
11/12/1990  21232     96  11612   9524     75   7647     37   2567     22   1830      0      0      0   0.00   0.00      0   0.00   25.6  0.023    0.0  0.000      0      0      0      0      0
11/13/1990  21000     88  11393   9519     76   7562     39   2600     23   1918      0      0      0   0.00   0.00      0   0.00   26.0  0.023    0.0  0.000      0      0      0      0      0
11/14/1990  20839     81  11244   9514     76   7354     41   2744     23   1888      0      0      0   0.00   0.00      0   0.00   26.3  0.022    0.0  0.000      0      0      0      0      0
11/15/1990  20727     74  11088   9565     76   7129     44   2923     21   1796      0      0      0   0.00   0.00      0   0.00   26.7  0.022    0.0  0.000      0      0      0      0      0
11/16/1990  20510     68  10996   9446     76   7019     47   3061     20   1734      0      0      0   0.00   0.00      0   0.00   27.0  0.022    0.0  0.000      0      0      0      0      0
11/17/1990  20322     65  11042   9215     75   6914     49   3076     21   1789      0      0      0   0.00   0.00      0   0.00   27.4  0.021    0.0  0.000      0      0      0      0      0
11/18/1990  20109     62  11158   8889     75   6848     49   3046     22   1823      0      0      0   0.00   0.00      0   0.00   27.7  0.021    0.0  0.000      0      0      0      0      0
11/19/1990  19885     62  11302   8521     75   6819     50   3044     22   1806      0      0      0   0.00   0.00      0   0.00   28.0  0.021    0.0  0.000      0      0      0      0      0
11/20/1990  20467     63  11422   8982     76   6869     51   3035     19   1599      0      0      0   0.00   0.00      0   0.00   28.3  0.021    0.0  0.000      0      0      0      0      0
11/21/1990  20158     66  11584   8508     77   6968     51   2951     16   1396      0      0      0   0.00   0.00      0   0.00   28.6  0.020    0.0  0.000      0      0      0      0      0
11/22/1990  18775     70  11691   7014     79   7079     50   2962     14   1206      0      0      0   0.00   0.00      0   0.00   28.9  0.020    0.0  0.000      0      0      0      0      0
11/23/1990  18271     74  11815   6382     82   7191     47   2838     12   1154      0      0      0   0.00   0.00      0   0.00   29.1  0.020    0.0  0.000      0      0      0      0      0
11/24/1990  17896     79  11922   5895     84   7326     44   2613     11   1139      0      0      0   0.00   0.00      0   0.00   29.3  0.020    0.0  0.000      0      0      0      0      0
11/25/1990  18417     84  12028   6305     85   7432     43   2379      9   1135      0      0      0   0.00   0.00      0   0.00   29.2  0.020    0.0  0.000      0      0      0      0      0
11/26/1990  18958     89  12100   6769     87   7469     39   2169      8   1034      0      0      0   0.00   0.00      0   0.00   29.1  0.020    0.0  0.000      0      0      0      0      0
11/27/1990  19415     94  12057   7264     90   7594     34   1946      7    919      0      0      0   0.00   0.00      0   0.00   29.0  0.020    0.0  0.000      0      0      0      0      0
11/28/1990  19871     99  11978   7794     92   7557     30   1915      7    829      0      0      0   0.00   0.00      0   0.00   29.3  0.020    0.0  0.000      0      0      0      0      0
11/29/1990  18757    103  11921   6733     94   7408     25   1807      9    923      0      0      0   0.00   0.00      0   0.00   29.5  0.020    0.0  0.000      0      0      0      0      0
11/30/1990  18593    106  11936   6551     94   7244     22   1659     10   1028      0      0      0   0.00   0.00      0   0.00   29.7  0.020    0.0  0.000      0      0      0      0      0
12/01/1990  19163    108  11992   7063     93   7038     21   1590      9   1015      0      0      0   0.00   0.00      0   0.00   29.9  0.019    0.0  0.000      0      0      0      0      0
12/02/1990  19761    110  12009   7642     92   6796     20   1591      7    903      0      0      0   0.00   0.00      0   0.00   29.9  0.019    0.0  0.000      0      0      0      0      0
12/03/1990  19787    112  12044   7631     89   6549     20   1552      7    846      0      0      0   0.00   0.00      0   0.00   30.1  0.019    0.0  0.000      0      0      0      0      0
12/04/1990  19932    115  12080   7737     85   6154     19   1571      8    883      0      0      0   0.00   0.00      0   0.00   30.4  0.019    0.0  0.000      0      0      0      0      0
12/05/1990  20500    117  11986   8397     81   5827     18   1575      8    897      0      0      0   0.00   0.00      0   0.00   30.3  0.019    0.0  0.000      0      0      0      0      0
12/06/1990  20565    120  11848   8597     75   5582     19   1569      9    932      0      0      0   0.00   0.00      0   0.00   30.6  0.019    0.0  0.000      0      0      0      0      0
12/07/1990  20314    123  11814   8377     69   5343     20   1531     10    968      0      0      0   0.00   0.00      0   0.00   30.9  0.019    0.0  0.000      0      0      0      0      0
12/08/1990  20592    124  11779   8689     65   5066     19   1444     12   1056      0      0      0   0.00   0.00      0   0.00   31.2  0.018    0.0  0.000      0      0      0      0      0
12/09/1990  20866    124  11717   9025     63   4774     19   1486     12   1100      0      0      0   0.00   0.00      0   0.00   31.5  0.018    0.0  0.000      0      0      0      0      0
12/10/1990  19707    125  11669   7913     59   4440     20   1596     13   1235      0      0      0   0.00   0.00      0   0.00   31.8  0.018    0.0  0.000      0      0      0      0      0
12/11/1990  19594    127  11503   7964     53   4313     22   1654     14   1349      0      0      0   0.00   0.00      0   0.00   32.1  0.018    0.0  0.000      0      0      0      0      0
12/12/1990  19965    128  11315   8522     48   4261     24   1703     15   1401      0      0      0   0.00   0.00      0   0.00   32.0  0.018    0.0  0.000      0      0      0      0      0
12/13/1990  20354    129  11247   8978     44   4131     26   1934     14   1287      0      0      0   0.00   0.00      0   0.00   32.4  0.018    0.0  0.000      0      0      0      0      0
12/14/1990  20716    129  11183   9404     42   4091     28   2071     10    996      0      0      0   0.00   0.00      0   0.00   32.3  0.018    0.0  0.000      0      0      0      0      0
12/15/1990  21069    128  11078   9863     40   4090     31   2136      7    798      0      0      0   0.00   0.00      0   0.00   32.2  0.018    0.0  0.000      0      0      0      0      0
12/16/1990  21452    128  10946  10378     39   4052     31   2165      5    626      0      0      0   0.00   0.00      0   0.00   32.1  0.018    0.0  0.000      0      0      0      0      0
12/17/1990  21710    126  10672  10912     40   4157     28   1967      7    696      0      0      0   0.00   0.00      0   0.00   32.0  0.018    0.0  0.000      0      0      0      0      0
12/18/1990  21946    124  10459  11363     41   4406     26   1699      9    751      0      0      0   0.00   0.00      0   0.00   32.0  0.018    0.0  0.000      0      0      0      0      0
12/19/1990  22236    122  10301  11813     42   4572     24   1442     10    791      0      0      0   0.00   0.00      0   0.00   31.9  0.018    0.0  0.000      0      0      0      0      0
12/20/1990  22586    119  10138  12329     45   4635     22   1262      7    627      0      0      0   0.00   0.00      0   0.00   31.8  0.018    0.0  0.000      0      0      0      0      0
12/21/1990  22925    116   9931  12878     48   4665     21   1163      3    340      0      0      0   0.00   0.00      0   0.00   31.7  0.018    0.0  0.000      0      0      0      0      0
12/22/1990  23201    114   9643  13444     50   4553     19   1237      0     86      0      0      0   0.00   0.00      0   0.00   31.7  0.018    0.0  0.000      0      0      0      0      0
12/23/1990  23439    112   9290  14037     50   4530     15   1091      0      0      0      0      0   0.00   0.00      0   0.00   31.6  0.018    0.0  0.000      0      0      0      0      0
12/24/1990  23720    109   8947  14664     48   4445     14    877      0      0      0      0      0   0.00   0.00      0   0.00   31.5  0.018    0.0  0.000      0      0      0      0      0
12/25/1990  24028    104   8608  15316     48   4366     12    627      0     52      0      0      0   0.00   0.00      0   0.00   31.5  0.018    0.0  0.000      0      0      0      0      0
12/26/1990  24276     99   8299  15878     48   4384     10    340      1    180      0      0      0   0.00   0.00      0   0.00   31.4  0.018    0.0  0.000      0      0      0      0      0
12/27/1990  24589     94   8083  16412     48   4304      7     86      3    361      0      0      0   0.00   0.00      0   0.00   31.4  0.018    0.0  0.000      0      0      0      0      0
12/28/1990  24932     89   7842  17001     49   4025      3     52      6    519      0      0      0   0.00   0.00      0   0.00   31.3  0.018    0.0  0.000      0      0      0      0      0
12/29/1990  25267     84   7566  17617     50   3668      1    180      5    482      0      0      0   0.00   0.00      0   0.00   31.3  0.018    0.0  0.000      0      0      0      0      0
12/30/1990  25626     82   7360  18184     46   3290      3    361      5    458      0      0      0   0.00   0.00      0   0.00   31.2  0.018    0.0  0.000      0      0      0      0      0
12/31/1990  26105     79   7271  18755     42   2790      6    571      4    412      0      0      0   0.00   0.00      0   0.00   31.2  0.018    0.0  0.000      0      0      0      0      0
