Varroa Population Simulation - Nov 23,2015  02:37:45 PM
VarroaPop Version 3.2.5.8  June, 2015

                                        Capped  Capped                                                                      Prop           Conc          Conc                                     
            Colony  Adult  Adult         Drone   Wkr    Drone  Wkr    Drone  Wkr  Free   DBrood WBrood DMite  WMite  Mites  Mites  Colony Pollen Colony Nectar   Dead   Dead   Dead   Dead   Dead
     Date   Size   Drones   Wkr   Forgrs Brood  Brood   Larv   Larv    Eggs  Eggs Mites  Mites  Mites  /Cell  /Cell  Dying  Dying  Pollen  Pest  Nectar  Pest    DLarv  WLarv  DAdlt  WAdlt  Forgrs
Initial     10000      0   5985   4015      0      0      0      0      0      0      0      0      0   0.00   0.00      0   0.00    0.0  0.000    0.0  0.000      0      0      0      0      0
08/01/1990   9715      0   5700   4015      0      0      0      0      3    546      0      0      0   0.00   0.00      0   0.00    0.1  0.000    0.0  0.000      0      0      0      0      0
08/02/1990   9430      0   5415   4015      0      0      0      0      6   1091      0      0      0   0.00   0.00      0   0.00    0.3  0.000    0.0  0.000      0      0      0      0      0
08/03/1990   9145      0   5130   4015      0      0      0      0      9   1635      0      0      0   0.00   0.00      0   0.00    0.4  0.000    0.0  0.000      0      0      0      0      0
08/04/1990   8860      0   4845   4015      0      0      3    546      9   1637      0      0      0   0.00   0.00      0   0.00    0.6  0.000    0.0  0.000      0      0      0      0      0
08/05/1990   8575      0   4560   4015      0      0      6   1091      9   1653      0      0      0   0.00   0.00      0   0.00    0.7  0.000    0.0  0.000      0      0      0      0      0
08/06/1990   8290      0   4275   4015      0      0      9   1635      9   1673      0      0      0   0.00   0.00      0   0.00    0.9  0.000    0.0  0.000      0      0      0      0      0
08/07/1990   8005      0   3990   4015      0      0     12   2183      9   1689      0      0      0   0.00   0.00      0   0.00    1.0  0.000    0.0  0.000      0      0      0      0      0
08/08/1990   7720      0   3705   4015      0      0     15   2744      9   1692      0      0      0   0.00   0.00      0   0.00    1.2  0.000    0.0  0.000      0      0      0      0      0
08/09/1990   7435      0   3420   4015      0    546     18   2762      9   1692      0      0      0   0.00   0.00      0   0.00    1.3  0.000    0.0  0.000      0      0      0      0      0
08/10/1990   7150      0   3135   4015      0   1091     21   2781      9   1692      0      0      0   0.00   0.00      0   0.00    1.5  0.000    0.0  0.000      0      0      0      0      0
08/11/1990   6255      0   2673   3582      3   1635     13   2279      9   1692      0      0      0   0.00   0.00      0   0.00    1.6  0.005    0.0  0.000      7    522      0    175    424
08/12/1990   5981      0   2430   3551      4   1922     13   2297      8   1660      0      0      0   0.00   0.00      0   0.00    1.8  0.007    0.0  0.000      2    259      0      0     18
08/13/1990   5725      0   2187   3538      5   2222     13   2561      7   1613      0      0      0   0.00   0.00      0   0.00    1.9  0.008    0.0  0.000      2      0      0      0      0
08/14/1990   5469      0   1944   3525      6   2527     15   2820      6   1538      0      0      0   0.00   0.00      0   0.00    2.0  0.008    0.0  0.000      0      0      0      0      0
08/15/1990   5213      0   1701   3512      7   3091     16   2788      6   1459      0      0      0   0.00   0.00      0   0.00    2.2  0.008    0.0  0.000      0      0      0      0      0
08/16/1990   4957      0   1458   3499      8   3655     17   2741      6   1404      0      0      0   0.00   0.00      0   0.00    2.3  0.008    0.0  0.000      0      0      0      0      0
08/17/1990   4701      0   1215   3486      9   4219     18   2666      6   1385      0      0      0   0.00   0.00      0   0.00    2.5  0.008    0.0  0.000      0      0      0      0      0
08/18/1990   4445      0    972   3473     12   4783     17   2555      5   1368      0      0      0   0.00   0.00      0   0.00    2.6  0.007    0.0  0.000      0      0      0      0      0
08/19/1990   4189      0    729   3460     15   5347     16   2453      4   1340      0      0      0   0.00   0.00      0   0.00    2.8  0.007    0.0  0.000      0      0      0      0      0
08/20/1990   3933      0    486   3447     18   5879     15   2391      4   1325      0      0      0   0.00   0.00      0   0.00    2.9  0.007    0.0  0.000      0      0      0      0      0
08/21/1990   3677      0    243   3434     21   6396     13   2310      5   1350      0      0      0   0.00   0.00      0   0.00    3.1  0.006    0.0  0.000      0      0      0      0      0
08/22/1990   3967      0    546   3421     23   6339     12   2255      6   1397      0      0      0   0.00   0.00      0   0.00    3.2  0.006    0.0  0.000      0      0      0      0      0
08/23/1990   4256      0   1091   3165     25   6247     12   2257      6   1432      0      0      0   0.00   0.00      0   0.00    3.4  0.006    0.0  0.000      0      0      0      0      0
08/24/1990   4544      0   1635   2909     27   6165     12   2256      5   1397      0      0      0   0.00   0.00      0   0.00    3.5  0.006    0.0  0.000      0      0      0      0      0
08/25/1990   4580      3   1922   2655     26   6348     12   2267      3   1293      0      0      0   0.00   0.00      0   0.00    3.6  0.005    0.0  0.000      0      0      0      0      0
08/26/1990   4656      4   2222   2430     27   6484     12   2321      1   1177      0      0      0   0.00   0.00      0   0.00    3.7  0.005    0.0  0.000      0      0      0      0      0
08/27/1990   4719      5   2527   2187     28   6613     11   2313      0   1126      0      0      0   0.00   0.00      0   0.00    3.8  0.005    0.0  0.000      0      0      0      0      0
08/28/1990   5041      6   3091   1944     28   6504     10   2235      0   1115      0      0      0   0.00   0.00      0   0.00    3.8  0.005    0.0  0.000      0      0      0      0      0
08/29/1990   5363      7   3655   1701     28   6401      9   2148      0   1093      0      0      0   0.00   0.00      0   0.00    3.9  0.005    0.0  0.000      0      0      0      0      0
08/30/1990   5685      8   4219   1458     29   6318      7   2042      0   1029      0      0      0   0.00   0.00      0   0.00    3.9  0.005    0.0  0.000      0      0      0      0      0
08/31/1990   6007      9   4783   1215     30   6244      5   1918      0    942      0      0      0   0.00   0.00      0   0.00    4.0  0.005    0.0  0.000      0      0      0      0      0
09/01/1990   6331     12   5347    972     29   6106      3   1844      0    845      0      0      0   0.00   0.00      0   0.00    4.0  0.005    0.0  0.000      0      0      0      0      0
09/02/1990   6866     15   5879    972     28   5951      1   1778      0    753      0      0      0   0.00   0.00      0   0.00    3.9  0.005    0.0  0.000      0      0      0      0      0
09/03/1990   7143     18   6396    729     26   5808      0   1683      0    690      0      0      0   0.00   0.00      0   0.00    3.9  0.005    0.0  0.000      0      0      0      0      0
09/04/1990   7392     21   6885    486     23   5694      0   1563      0    609      0      0      0   0.00   0.00      0   0.00    3.9  0.005    0.0  0.000      0      0      0      0      0
09/05/1990   7604     23   7338    243     21   5607      0   1416      0    518      0      0      0   0.00   0.00      0   0.00    3.9  0.005    0.0  0.000      0      0      0      0      0
09/06/1990   7825     25   7800      0     19   5497      0   1280      0    372      0      0      0   0.00   0.00      0   0.00    3.8  0.005    0.0  0.000      0      0      0      0      0
09/07/1990   8297     27   8270      0     17   5338      0   1143      0    198      0      0      0   0.00   0.00      0   0.00    3.8  0.005    0.0  0.000      0      0      0      0      0
09/08/1990   8735     29   8706      0     15   5181      0    992      0     70      0      0      0   0.00   0.00      0   0.00    3.7  0.005    0.0  0.000      0      0      0      0      0
09/09/1990   9171     31   9140      0     13   5002      0    807      0      0      0      0      0   0.00   0.00      0   0.00    3.6  0.005    0.0  0.000      0      0      0      0      0
09/10/1990   9628     33   9595      0     11   4766      0    588      0      0      0      0      0   0.00   0.00      0   0.00    3.6  0.005    0.0  0.000      0      0      0      0      0
09/11/1990  10090     34  10056      0     10   4521      0    372      0      0      0      0      0   0.00   0.00      0   0.00    3.5  0.005    0.0  0.000      0      0      0      0      0
09/12/1990  10572     35   9991    546      9   4214      0    198      0      0      0      0      0   0.00   0.00      0   0.00    3.5  0.005    0.0  0.000      0      0      0      0      0
09/13/1990  11064     37   9936   1091      7   3852      0     70      0    141      0      0      0   0.00   0.00      0   0.00    3.4  0.005    0.0  0.000      0      0      0      0      0
09/14/1990  11492     39   9818   1635      5   3496      0      0      0    362      0      0      0   0.00   0.00      0   0.00    3.4  0.005    0.0  0.000      0      0      0      0      0
09/15/1990  11868     38   9908   1922      3   3119      0      0      0    650      0      0      0   0.00   0.00      0   0.00    3.5  0.005    0.0  0.000      0      0      0      0      0
09/16/1990  12243     39   9982   2222      1   2745      0    141      0    828      0      0      0   0.00   0.00      0   0.00    3.5  0.005    0.0  0.000      0      0      0      0      0
09/17/1990  12618     39  10052   2527      0   2370      0    362      0    963      0      0      0   0.00   0.00      0   0.00    3.5  0.005    0.0  0.000      0      0      0      0      0
09/18/1990  12983     38   9854   3091      0   2004      0    650      0   1050      0      0      0   0.00   0.00      0   0.00    3.6  0.005    0.0  0.000      0      0      0      0      0
09/19/1990  13334     37   9642   3655      0   1652      0    969      1   1144      0      0      0   0.00   0.00      0   0.00    3.7  0.004    0.0  0.000      0      0      0      0      0
09/20/1990  13644     36   9389   4219      0   1341      0   1325      3   1265      0      0      0   0.00   0.00      0   0.00    3.8  0.004    0.0  0.000      0      0      0      0      0
09/21/1990  13922     35   9104   4783      0   1203      0   1559      6   1405      0      0      0   0.00   0.00      0   0.00    4.0  0.004    0.0  0.000      0      0      0      0      0
09/22/1990  14174     32   8795   5347      0   1169      1   1751      9   1506      0      0      0   0.00   0.00      0   0.00    4.2  0.004    0.0  0.000      0      0      0      0      0
09/23/1990  14390     29   8482   5879      0   1238      3   1940     11   1539      0      0      0   0.00   0.00      0   0.00    4.4  0.004    0.0  0.000      0      0      0      0      0
09/24/1990  14603     26   8181   6396      0   1341      6   2136     13   1585      0      0      0   0.00   0.00      0   0.00    4.6  0.004    0.0  0.000      0      0      0      0      0
09/25/1990  14774     23   7866   6885      0   1523     10   2294     14   1648      0      0      0   0.00   0.00      0   0.00    4.9  0.003    0.0  0.000      0      0      0      0      0
09/26/1990  14354     21   7541   6792      0   1770     14   2429     15   1732      0      0      0   0.00   0.00      0   0.00    5.1  0.003    0.0  0.000      0      0      0      0      0
09/27/1990  13877     19   7149   6709      0   2113     19   2577     15   1763      0      0      0   0.00   0.00      0   0.00    5.4  0.003    0.0  0.000      0      0      0      0      0
09/28/1990  13331     17   6679   6635      0   2590     24   2677     15   1789      0      0      0   0.00   0.00      0   0.00    5.6  0.003    0.0  0.000      0      0      0      0      0
09/29/1990  13042     15   6243   6784      1   3105     28   2756     16   1823      0      0      0   0.00   0.00      0   0.00    5.9  0.003    0.0  0.000      0      0      0      0      0
09/30/1990  12740     13   5809   6918      3   3619     31   2834     17   1882      0      0      0   0.00   0.00      0   0.00    6.1  0.003    0.0  0.000      0      0      0      0      0
10/01/1990  12433     11   5354   7068      6   4129     33   2927     18   1942      0      0      0   0.00   0.00      0   0.00    6.4  0.003    0.0  0.000      0      0      0      0      0
10/02/1990  11868     10   4893   6965     10   4690     35   2994     18   1938      0      0      0   0.00   0.00      0   0.00    6.7  0.002    0.0  0.000      0      0      0      0      0
10/03/1990  11303      9   4412   6882     14   5267     37   3068     18   1912      0      0      0   0.00   0.00      0   0.00    6.9  0.002    0.0  0.000      0      0      0      0      0
10/04/1990  10878      7   4063   6808     19   5720     38   3137     18   1923      0      0      0   0.00   0.00      0   0.00    7.2  0.002    0.0  0.000      0      0      0      0      0
10/05/1990  10533      5   3858   6670     24   6091     39   3169     18   1916      0      0      0   0.00   0.00      0   0.00    7.5  0.002    0.0  0.000      0      0      0      0      0
10/06/1990  10255      3   3769   6483     29   6406     40   3191     17   1850      0      0      0   0.00   0.00      0   0.00    7.7  0.002    0.0  0.000      0      0      0      0      0
10/07/1990  10040      1   3714   6325     34   6715     41   3237     16   1686      0      0      0   0.00   0.00      0   0.00    8.0  0.002    0.0  0.000      0      0      0      0      0
10/08/1990   9878      0   3695   6183     39   7010     42   3203     15   1584      0      0      0   0.00   0.00      0   0.00    8.2  0.002    0.0  0.000      0      0      0      0      0
10/09/1990   9764      0   3704   6060     45   7298     41   3099     15   1569      0      0      0   0.00   0.00      0   0.00    8.5  0.002    0.0  0.000      0      0      0      0      0
10/10/1990   9724      0   3765   5959     51   7509     40   2985     15   1585      0      0      0   0.00   0.00      0   0.00    8.7  0.002    0.0  0.000      0      0      0      0      0
10/11/1990   9739      0   3931   5808     57   7657     39   2875     15   1594      0      0      0   0.00   0.00      0   0.00    9.0  0.002    0.0  0.000      0      0      0      0      0
10/12/1990   9784      0   4167   5617     63   7816     38   2745     15   1575      0      0      0   0.00   0.00      0   0.00    9.2  0.002    0.0  0.000      0      0      0      0      0
10/13/1990   9863      1   4426   5436     68   7919     37   2654     14   1560      0      0      0   0.00   0.00      0   0.00    9.4  0.002    0.0  0.000      0      0      0      0      0
10/14/1990   9941      3   4717   5221     72   7968     36   2619     13   1546      0      0      0   0.00   0.00      0   0.00    9.6  0.002    0.0  0.000      0      0      0      0      0
10/15/1990  10050      6   5062   4982     75   7917     35   2634     12   1529      0      0      0   0.00   0.00      0   0.00    9.8  0.002    0.0  0.000      0      0      0      0      0
10/16/1990  10170     10   5465   4695     76   7855     34   2630     11   1505      0      0      0   0.00   0.00      0   0.00   10.0  0.002    0.0  0.000      0      0      0      0      0
10/17/1990  10287     14   5931   4342     77   7805     33   2596     10   1467      0      0      0   0.00   0.00      0   0.00   10.2  0.002    0.0  0.000      0      0      0      0      0
10/18/1990  10394     19   6453   3922     77   7739     32   2578      9   1423      0      0      0   0.00   0.00      0   0.00   10.3  0.002    0.0  0.000      0      0      0      0      0
10/19/1990  10576     24   7056   3496     77   7660     30   2541      8   1328      0      0      0   0.00   0.00      0   0.00   10.4  0.002    0.0  0.000      0      0      0      0      0
10/20/1990  10832     29   7684   3119     77   7557     28   2488      6   1197      0      0      0   0.00   0.00      0   0.00   10.5  0.002    0.0  0.000      0      0      0      0      0
10/21/1990  11114     34   8335   2745     77   7417     26   2441      4   1086      0      0      0   0.00   0.00      0   0.00   10.6  0.002    0.0  0.000      0      0      0      0      0
10/22/1990  11407     39   8998   2370     77   7264     23   2323      2   1027      0      0      0   0.00   0.00      0   0.00   10.6  0.002    0.0  0.000      0      0      0      0      0
10/23/1990  11671     45   9622   2004     75   7148     20   2156      1    999      0      0      0   0.00   0.00      0   0.00   10.6  0.002    0.0  0.000      0      0      0      0      0
10/24/1990  11950     51  10247   1652     73   7010     17   2022      0    946      0      0      0   0.00   0.00      0   0.00   10.6  0.002    0.0  0.000      0      0      0      0      0
10/25/1990  12319     57  10780   1482     71   6808     13   1883      0    883      0      0      0   0.00   0.00      0   0.00   10.6  0.002    0.0  0.000      0      0      0      0      0
10/26/1990  12663     63  11176   1424     68   6655     10   1732      0    802      0      0      0   0.00   0.00      0   0.00   10.6  0.002    0.0  0.000      0      0      0      0      0
10/27/1990  12973     69  11447   1457     65   6488      7   1640      0    738      0      0      0   0.00   0.00      0   0.00   10.6  0.002    0.0  0.000      0      0      0      0      0
10/28/1990  13270     75  11638   1557     62   6319      4   1569      0    699      0      0      0   0.00   0.00      0   0.00   10.6  0.002    0.0  0.000      0      0      0      0      0
10/29/1990  13575     81  11797   1697     58   6157      2   1448      0    704      0      0      0   0.00   0.00      0   0.00   10.6  0.002    0.0  0.000      0      0      0      0      0
10/30/1990  13950     86  11966   1898     54   5946      1   1351      0    700      0      0      0   0.00   0.00      0   0.00   10.6  0.002    0.0  0.000      0      0      0      0      0
10/31/1990  14353     91  12079   2183     50   5733      0   1269      0    707      0      0      0   0.00   0.00      0   0.00   10.6  0.002    0.0  0.000      0      0      0      0      0
11/01/1990  14804     96  12126   2582     45   5509      0   1206      0    681      0      0      0   0.00   0.00      0   0.00   10.7  0.002    0.0  0.000      0      0      0      0      0
11/02/1990  15325    101  12136   3088     40   5254      0   1168      0    665      0      0      0   0.00   0.00      0   0.00   10.7  0.002    0.0  0.000      0      0      0      0      0
11/03/1990  15830    105  12133   3592     35   4975      0   1174      0    679      0      0      0   0.00   0.00      0   0.00   10.8  0.002    0.0  0.000      0      0      0      0      0
11/04/1990  16332    108  12133   4091     30   4701      0   1149      1    769      0      0      0   0.00   0.00      0   0.00   10.9  0.002    0.0  0.000      0      0      0      0      0
11/05/1990  16830    110  12080   4640     25   4424      0   1134      2    885      0      0      0   0.00   0.00      0   0.00   11.0  0.001    0.0  0.000      0      0      0      0      0
11/06/1990  17304    110  11990   5204     21   4174      0   1149      3    929      0      0      0   0.00   0.00      0   0.00   11.2  0.001    0.0  0.000      0      0      0      0      0
11/07/1990  17762    110  11868   5784     17   3934      1   1218      4    934      0      0      0   0.00   0.00      0   0.00   11.3  0.001    0.0  0.000      0      0      0      0      0
11/08/1990  18077    109  11740   6228     13   3708      2   1312      6    967      0      0      0   0.00   0.00      0   0.00   11.5  0.001    0.0  0.000      0      0      0      0      0
11/09/1990  18240    107  11529   6604     10   3527      3   1397      8   1068      0      0      0   0.00   0.00      0   0.00   11.8  0.001    0.0  0.000      0      0      0      0      0
11/10/1990  18286    105  11242   6939      7   3402      5   1487     10   1178      0      0      0   0.00   0.00      0   0.00   12.0  0.001    0.0  0.000      0      0      0      0      0
11/11/1990  18314    103  10944   7267      4   3301      8   1600     11   1255      0      0      0   0.00   0.00      0   0.00   12.2  0.001    0.0  0.000      0      0      0      0      0
11/12/1990  18285    100  10614   7571      2   3269     11   1696     13   1330      0      0      0   0.00   0.00      0   0.00   12.5  0.001    0.0  0.000      0      0      0      0      0
11/13/1990  18216     95  10303   7818      1   3288     15   1780     14   1411      0      0      0   0.00   0.00      0   0.00   12.8  0.001    0.0  0.000      0      0      0      0      0
11/14/1990  18097     90   9978   8029      1   3284     18   1926     15   1405      0      0      0   0.00   0.00      0   0.00   13.1  0.001    0.0  0.000      0      0      0      0      0
11/15/1990  17884     84   9574   8226      2   3320     22   2092     15   1352      0      0      0   0.00   0.00      0   0.00   13.4  0.001    0.0  0.000      0      0      0      0      0
11/16/1990  17595     78   9189   8328      3   3453     26   2224     15   1321      0      0      0   0.00   0.00      0   0.00   13.7  0.001    0.0  0.000      0      0      0      0      0
11/17/1990  17311     72   8866   8373      5   3614     29   2263     15   1376      0      0      0   0.00   0.00      0   0.00   14.0  0.001    0.0  0.000      0      0      0      0      0
11/18/1990  17026     66   8587   8373      8   3799     31   2266     15   1416      0      0      0   0.00   0.00      0   0.00   14.3  0.001    0.0  0.000      0      0      0      0      0
11/19/1990  16696     60   8309   8327     11   4004     33   2290     15   1418      0      0      0   0.00   0.00      0   0.00   14.6  0.001    0.0  0.000      0      0      0      0      0
11/20/1990  16909     55   7997   8857     15   4244     34   2309     14   1271      0      0      0   0.00   0.00      0   0.00   15.0  0.001    0.0  0.000      0      0      0      0      0
11/21/1990  16566     50   7709   8807     19   4503     35   2271     12   1121      0      0      0   0.00   0.00      0   0.00   15.3  0.001    0.0  0.000      0      0      0      0      0
11/22/1990  15601     45   7396   8160     24   4728     35   2303     11    982      0      0      0   0.00   0.00      0   0.00   15.6  0.001    0.0  0.000      0      0      0      0      0
11/23/1990  15209     40   7087   8082     29   4931     34   2228     10    961      0      0      0   0.00   0.00      0   0.00   15.9  0.001    0.0  0.000      0      0      0      0      0
11/24/1990  14828     35   6828   7965     34   5145     32   2071     10    980      0      0      0   0.00   0.00      0   0.00   16.2  0.001    0.0  0.000      0      0      0      0      0
11/25/1990  15110     30   6619   8461     39   5335     31   1909     10   1015      0      0      0   0.00   0.00      0   0.00   16.2  0.001    0.0  0.000      0      0      0      0      0
11/26/1990  15422     25   6443   8954     44   5462     29   1773      9    943      0      0      0   0.00   0.00      0   0.00   16.1  0.001    0.0  0.000      0      0      0      0      0
11/27/1990  15699     21   6252   9426     49   5634     27   1633      8    844      0      0      0   0.00   0.00      0   0.00   16.1  0.001    0.0  0.000      0      0      0      0      0
11/28/1990  15987     18   6086   9883     53   5672     26   1653      7    755      0      0      0   0.00   0.00      0   0.00   16.5  0.001    0.0  0.000      0      0      0      0      0
11/29/1990  15055     15   5987   9053     57   5616     23   1595      9    832      0      0      0   0.00   0.00      0   0.00   16.9  0.001    0.0  0.000      0      0      0      0      0
11/30/1990  14828     13   5992   8823     60   5548     21   1495     11    930      0      0      0   0.00   0.00      0   0.00   17.2  0.001    0.0  0.000      0      0      0      0      0
12/01/1990  15228     12   6067   9149     61   5455     21   1447     11    923      0      0      0   0.00   0.00      0   0.00   17.6  0.001    0.0  0.000      0      0      0      0      0
12/02/1990  15655     12   6156   9487     62   5341     21   1447      9    826      0      0      0   0.00   0.00      0   0.00   17.5  0.001    0.0  0.000      0      0      0      0      0
12/03/1990  15507     13   6295   9199     62   5233     22   1410      8    765      0      0      0   0.00   0.00      0   0.00   17.9  0.001    0.0  0.000      0      0      0      0      0
12/04/1990  15337     16   6479   8842     61   4987     22   1427      8    786      0      0      0   0.00   0.00      0   0.00   18.3  0.001    0.0  0.000      0      0      0      0      0
12/05/1990  15761     19   6615   9127     61   4780     20   1429      8    787      0      0      0   0.00   0.00      0   0.00   18.2  0.001    0.0  0.000      0      0      0      0      0
12/06/1990  15573     24   6764   8785     58   4636     21   1420      8    803      0      0      0   0.00   0.00      0   0.00   18.6  0.001    0.0  0.000      0      0      0      0      0
12/07/1990  14999     29   6998   7972     55   4498     22   1381      8    814      0      0      0   0.00   0.00      0   0.00   18.9  0.001    0.0  0.000      0      0      0      0      0
12/08/1990  14984     34   7253   7697     53   4334     21   1286      9    868      0      0      0   0.00   0.00      0   0.00   19.2  0.001    0.0  0.000      0      0      0      0      0
12/09/1990  14907     39   7481   7387     52   4143     20   1300      9    880      0      0      0   0.00   0.00      0   0.00   19.5  0.001    0.0  0.000      0      0      0      0      0
12/10/1990  14857     44   7712   7101     51   3906     19   1369     10    957      0      0      0   0.00   0.00      0   0.00   19.7  0.001    0.0  0.000      0      0      0      0      0
12/11/1990  14686     49   7824   6813     49   3828     19   1389     10   1040      0      0      0   0.00   0.00      0   0.00   20.0  0.001    0.0  0.000      0      0      0      0      0
12/12/1990  14985     54   7895   7036     46   3808     20   1394     10   1076      0      0      0   0.00   0.00      0   0.00   19.9  0.001    0.0  0.000      0      0      0      0      0
12/13/1990  15304     59   8013   7232     44   3711     21   1539      8    992      0      0      0   0.00   0.00      0   0.00   20.2  0.001    0.0  0.000      0      0      0      0      0
12/14/1990  15616     63   8120   7433     43   3670     21   1626      5    758      0      0      0   0.00   0.00      0   0.00   20.2  0.001    0.0  0.000      0      0      0      0      0
12/15/1990  15932     66   8196   7670     42   3642     22   1656      3    601      0      0      0   0.00   0.00      0   0.00   20.1  0.001    0.0  0.000      0      0      0      0      0
12/16/1990  16285     70   8259   7956     41   3564     21   1663      2    466      0      0      0   0.00   0.00      0   0.00   20.0  0.001    0.0  0.000      0      0      0      0      0
12/17/1990  16523     73   8178   8272     41   3607     18   1504      3    516      0      0      0   0.00   0.00      0   0.00   20.0  0.001    0.0  0.000      0      0      0      0      0
12/18/1990  16739     76   8111   8552     41   3755     16   1300      4    554      0      0      0   0.00   0.00      0   0.00   19.9  0.001    0.0  0.000      0      0      0      0      0
12/19/1990  17001     79   8080   8842     40   3849     14   1089      4    583      0      0      0   0.00   0.00      0   0.00   19.9  0.001    0.0  0.000      0      0      0      0      0
12/20/1990  17314     80   8043   9191     42   3851     11    944      3    461      0      0      0   0.00   0.00      0   0.00   19.8  0.001    0.0  0.000      0      0      0      0      0
12/21/1990  17626     81   7973   9572     43   3817     10    862      1    250      0      0      0   0.00   0.00      0   0.00   19.8  0.001    0.0  0.000      0      0      0      0      0
12/22/1990  17878     82   7825   9971     43   3684      8    914      0     63      0      0      0   0.00   0.00      0   0.00   19.7  0.001    0.0  0.000      0      0      0      0      0
12/23/1990  18093     83   7614  10396     41   3626      6    804      0      0      0      0      0   0.00   0.00      0   0.00   19.6  0.001    0.0  0.000      0      0      0      0      0
12/24/1990  18343     84   7408  10851     37   3518      6    646      0      0      0      0      0   0.00   0.00      0   0.00   19.6  0.001    0.0  0.000      0      0      0      0      0
12/25/1990  18613     83   7200  11330     35   3414      5    461      0     39      0      0      0   0.00   0.00      0   0.00   19.5  0.001    0.0  0.000      0      0      0      0      0
12/26/1990  18825     81   6996  11748     34   3393      4    250      0    134      0      0      0   0.00   0.00      0   0.00   19.5  0.001    0.0  0.000      0      0      0      0      0
12/27/1990  19087     79   6859  12149     32   3298      3     63      1    267      0      0      0   0.00   0.00      0   0.00   19.4  0.001    0.0  0.000      0      0      0      0      0
12/28/1990  19367     77   6693  12597     31   3061      1     39      2    384      0      0      0   0.00   0.00      0   0.00   19.4  0.001    0.0  0.000      0      0      0      0      0
12/29/1990  19631     74   6488  13069     30   2775      0    134      2    357      0      0      0   0.00   0.00      0   0.00   19.4  0.001    0.0  0.000      0      0      0      0      0
12/30/1990  19904     72   6323  13509     27   2481      1    267      2    341      0      0      0   0.00   0.00      0   0.00   19.3  0.001    0.0  0.000      0      0      0      0      0
12/31/1990  20260     70   6232  13958     24   2104      2    423      2    307      0      0      0   0.00   0.00      0   0.00   19.3  0.001    0.0  0.000      0      0      0      0      0
