Varroa Population Simulation - Nov 24,2015  04:10:36 PM
VarroaPop Version 3.2.5.8  June, 2015

                                        Capped  Capped                                                                      Prop           Conc          Conc                                     
            Colony  Adult  Adult         Drone   Wkr    Drone  Wkr    Drone  Wkr  Free   DBrood WBrood DMite  WMite  Mites  Mites  Colony Pollen Colony Nectar   Dead   Dead   Dead   Dead   Dead
     Date   Size   Drones   Wkr   Forgrs Brood  Brood   Larv   Larv    Eggs  Eggs Mites  Mites  Mites  /Cell  /Cell  Dying  Dying  Pollen  Pest  Nectar  Pest    DLarv  WLarv  DAdlt  WAdlt  Forgrs
Initial     10000      0   7770   2230      0      0      0      0      0      0      0      0      0   0.00   0.00      0   0.00    0.0  0.000    0.0  0.000      0      0      0      0      0
05/01/1990   9630      0   7400   2230      0      0      0      0      0    393      0      0      0   0.00   0.00      0   0.00    0.1  0.000    0.0  0.000      0      0      0      0      0
05/02/1990   9260      0   7030   2230      0      0      0      0      0    816      0      0      0   0.00   0.00      0   0.00    0.1  0.000    0.0  0.000      0      0      0      0      0
05/03/1990   8890      0   6660   2230      0      0      0      0      0   1276      0      0      0   0.00   0.00      0   0.00    0.2  0.000    0.0  0.000      0      0      0      0      0
05/04/1990   8520      0   6290   2230      0      0      0    393      0   1362      0      0      0   0.00   0.00      0   0.00    0.2  0.000    0.0  0.000      0      0      0      0      0
05/05/1990   8150      0   5920   2230      0      0      0    816      0   1428      0      0      0   0.00   0.00      0   0.00    0.3  0.000    0.0  0.000      0      0      0      0      0
05/06/1990   7770      0   5550   2220      0      0      0   1276      0   1447      0      0      0   0.00   0.00      0   0.00    0.3  0.000    0.0  0.000      0      0      0      0      0
05/07/1990   7400      0   5180   2220      0      0      0   1755      0   1411      0      0      0   0.00   0.00      0   0.00    0.4  0.000    0.0  0.000      0      0      0      0      0
05/08/1990   7030      0   4810   2220      0      0      0   2244      0   1358      0      0      0   0.00   0.00      0   0.00    0.5  0.000    0.0  0.000      0      0      0      0      0
05/09/1990   6660      0   4440   2220      0    393      0   2330      0   1282      0      0      0   0.00   0.00      0   0.00    0.5  0.000    0.0  0.000      0      0      0      0      0
05/10/1990   6290      0   4070   2220      0    816      0   2350      0   1186      0      0      0   0.00   0.00      0   0.00    0.6  0.000    0.0  0.000      0      0      0      0      0
05/11/1990   5920      0   3700   2220      0   1276      0   2326      0   1133      0      0      0   0.00   0.00      0   0.00    0.6  0.000    0.0  0.000      0      0      0      0      0
05/12/1990   5550      0   3330   2220      0   1755      0   2250      0   1126      0      0      0   0.00   0.00      0   0.00    0.7  0.000    0.0  0.000      0      0      0      0      0
05/13/1990   5180      0   2960   2220      0   2244      0   2108      0   1182      0      0      0   0.00   0.00      0   0.00    0.8  0.000    0.0  0.000      0      0      0      0      0
05/14/1990   4810      0   2590   2220      0   2723      0   2012      0   1201      0      0      0   0.00   0.00      0   0.00    0.9  0.000    0.0  0.000      0      0      0      0      0
05/15/1990   4440      0   2220   2220      0   3166      0   1965      0   1190      0      0      0   0.00   0.00      0   0.00    0.9  0.000    0.0  0.000      0      0      0      0      0
05/16/1990   4070      0   1850   2220      0   3602      0   1932      0   1219      0      0      0   0.00   0.00      0   0.00    1.0  0.000    0.0  0.000      0      0      0      0      0
05/17/1990   3700      0   1480   2220      0   4005      0   1931      0   1220      0      0      0   0.00   0.00      0   0.00    1.1  0.000    0.0  0.000      0      0      0      0      0
05/18/1990   3330      0   1110   2220      0   4352      0   1969      0   1197      0      0      0   0.00   0.00      0   0.00    1.2  0.000    0.0  0.000      0      0      0      0      0
05/19/1990   2960      0    740   2220      0   4735      0   2018      0   1116      0      0      0   0.00   0.00      0   0.00    1.3  0.000    0.0  0.000      0      0      0      0      0
05/20/1990   2590      0    370   2220      0   5131      0   2025      0   1111      0      0      0   0.00   0.00      0   0.00    1.4  0.000    0.0  0.000      0      0      0      0      0
05/21/1990   2220      0      0   2220      0   5534      0   1984      0   1166      0      0      0   0.00   0.00      0   0.00    1.5  0.000    0.0  0.000      0      0      0      0      0
05/22/1990   2243      0    393   1850      0   5543      0   1933      0   1240      0      0      0   0.00   0.00      0   0.00    1.6  0.000    0.0  0.000      0      0      0      0      0
05/23/1990   2666      0    816   1850      0   5505      0   1946      0   1158      0      0      0   0.00   0.00      0   0.00    1.6  0.000    0.0  0.000      0      0      0      0      0
05/24/1990   2756      0   1276   1480      0   5477      0   1931      0   1054      0      0      0   0.00   0.00      0   0.00    1.6  0.000    0.0  0.000      0      0      0      0      0
05/25/1990   2865      0   1755   1110      0   5401      0   1953      0    935      0      0      0   0.00   0.00      0   0.00    1.7  0.000    0.0  0.000      0      0      0      0      0
05/26/1990   2984      0   2244    740      0   5274      0   1907      0    875      0      0      0   0.00   0.00      0   0.00    1.7  0.000    0.0  0.000      0      0      0      0      0
05/27/1990   3463      0   2723    740      0   5146      0   1869      0    729      0      0      0   0.00   0.00      0   0.00    1.7  0.000    0.0  0.000      0      0      0      0      0
05/28/1990   3906      0   3166    740      0   5101      0   1777      0    587      0      0      0   0.00   0.00      0   0.00    1.7  0.000    0.0  0.000      0      0      0      0      0
05/29/1990   3972      0   3602    370      0   5082      0   1616      0    508      0      0      0   0.00   0.00      0   0.00    1.7  0.000    0.0  0.000      0      0      0      0      0
05/30/1990   4005      0   4005      0      0   5104      0   1358      0    443      0      0      0   0.00   0.00      0   0.00    1.6  0.000    0.0  0.000      0      0      0      0      0
05/31/1990   4352      0   4352      0      0   5073      0   1206      0    279      0      0      0   0.00   0.00      0   0.00    1.6  0.000    0.0  0.000      0      0      0      0      0
06/01/1990   4735      0   4735      0      0   5003      0   1070      0    102      0      0      0   0.00   0.00      0   0.00    1.6  0.000    0.0  0.000      0      0      0      0      0
06/02/1990   5131      0   5131      0      0   4913      0    866      0      0      0      0      0   0.00   0.00      0   0.00    1.5  0.000    0.0  0.000      0      0      0      0      0
06/03/1990   5534      0   5534      0      0   4766      0    610      0      0      0      0      0   0.00   0.00      0   0.00    1.5  0.000    0.0  0.000      0      0      0      0      0
06/04/1990   5936      0   5936      0      0   4531      0    443      0      0      0      0      0   0.00   0.00      0   0.00    1.5  0.000    0.0  0.000      0      0      0      0      0
06/05/1990   6321      0   6321      0      0   4310      0    279      0      0      0      0      0   0.00   0.00      0   0.00    1.4  0.000    0.0  0.000      0      0      0      0      0
06/06/1990   6753      0   6753      0      0   4055      0    102      0      0      0      0      0   0.00   0.00      0   0.00    1.4  0.000    0.0  0.000      0      0      0      0      0
06/07/1990   7156      0   7156      0      0   3754      0      0      0      0      0      0      0   0.00   0.00      0   0.00    1.3  0.000    0.0  0.000      0      0      0      0      0
06/08/1990   7518      0   7518      0      0   3392      0      0      0      0      0      0      0   0.00   0.00      0   0.00    1.3  0.000    0.0  0.000      0      0      0      0      0
06/09/1990   7869      0   7869      0      0   3041      0      0      0      0      0      0      0   0.00   0.00      0   0.00    1.2  0.000    0.0  0.000      0      0      0      0      0
06/10/1990   8267      0   8267      0      0   2643      0      0      0      0      0      0      0   0.00   0.00      0   0.00    1.2  0.000    0.0  0.000      0      0      0      0      0
06/11/1990   8684      0   8684      0      0   2226      0      0      0      0      0      0      0   0.00   0.00      0   0.00    1.1  0.000    0.0  0.000      0      0      0      0      0
06/12/1990   9109      0   8716    393      0   1801      0      0      0      0      0      0      0   0.00   0.00      0   0.00    1.1  0.000    0.0  0.000      0      0      0      0      0
06/13/1990   9425      0   8609    816      0   1485      0      0      0    115      0      0      0   0.00   0.00      0   0.00    1.1  0.000    0.0  0.000      0      0      0      0      0
06/14/1990   9738      0   8462   1276      0   1172      0      0      0    315      0      0      0   0.00   0.00      0   0.00    1.1  0.000    0.0  0.000      0      0      0      0      0
06/15/1990  10044      0   8289   1755      0    866      0      0      0    601      0      0      0   0.00   0.00      0   0.00    1.1  0.000    0.0  0.000      0      0      0      0      0
06/16/1990  10300      0   8056   2244      0    610      0    115      0    865      0      0      0   0.00   0.00      0   0.00    1.1  0.000    0.0  0.000      0      0      0      0      0
06/17/1990  10467      0   7744   2723      0    443      0    315      0   1127      0      0      0   0.00   0.00      0   0.00    1.2  0.000    0.0  0.000      0      0      0      0      0
06/18/1990  10238      0   7465   2773      0    279      0    601      1   1334      0      0      0   0.00   0.00      0   0.00    1.3  0.000    0.0  0.000      0      0      0      0      0
06/19/1990   9992      0   7206   2786      0    102      0    980      2   1490      0      0      0   0.00   0.00      0   0.00    1.3  0.000    0.0  0.000      0      0      0      0      0
06/20/1990   9634      0   6905   2729      0      0      0   1442      3   1608      0      0      0   0.00   0.00      0   0.00    1.4  0.000    0.0  0.000      0      0      0      0      0
06/21/1990   9155      0   6558   2597      0    115      1   1820      3   1689      0      0      0   0.00   0.00      0   0.00    1.5  0.000    0.0  0.000      0      0      0      0      0
06/22/1990   8666      0   6175   2491      0    315      2   2155      3   1675      0      0      0   0.00   0.00      0   0.00    1.6  0.000    0.0  0.000      0      0      0      0      0
06/23/1990   8187      0   5779   2408      0    601      3   2449      2   1603      0      0      0   0.00   0.00      0   0.00    1.6  0.000    0.0  0.000      0      0      0      0      0
06/24/1990   7744      0   5376   2368      0    980      4   2644      1   1536      0      0      0   0.00   0.00      0   0.00    1.7  0.000    0.0  0.000      0      0      0      0      0
06/25/1990   7308      0   4974   2334      0   1442      5   2703      0   1517      0      0      0   0.00   0.00      0   0.00    1.7  0.000    0.0  0.000      0      0      0      0      0
06/26/1990   6905      0   4589   2316      0   1935      5   2718      0   1512      0      0      0   0.00   0.00      0   0.00    1.8  0.000    0.0  0.000      0      0      0      0      0
06/27/1990   6558      0   4157   2401      0   2470      5   2690      0   1497      0      0      0   0.00   0.00      0   0.00    1.9  0.000    0.0  0.000      0      0      0      0      0
06/28/1990   6175      0   3754   2421      1   3050      4   2612      0   1489      0      0      0   0.00   0.00      0   0.00    2.0  0.000    0.0  0.000      0      0      0      0      0
06/29/1990   5779      0   3392   2387      2   3624      3   2541      0   1508      0      0      0   0.00   0.00      0   0.00    2.0  0.000    0.0  0.000      0      0      0      0      0
06/30/1990   5376      0   3041   2335      3   4145      2   2512      0   1537      0      0      0   0.00   0.00      0   0.00    2.1  0.000    0.0  0.000      0      0      0      0      0
07/01/1990   4974      0   2643   2331      4   4653      1   2498      0   1556      0      0      0   0.00   0.00      0   0.00    2.2  0.000    0.0  0.000      0      0      0      0      0
07/02/1990   4589      0   2226   2363      5   5160      0   2513      0   1527      0      0      0   0.00   0.00      0   0.00    2.3  0.000    0.0  0.000      0      0      0      0      0
07/03/1990   4157      0   1801   2356      5   5662      0   2532      0   1499      0      0      0   0.00   0.00      0   0.00    2.4  0.000    0.0  0.000      0      0      0      0      0
07/04/1990   3869      0   1600   2269      5   6050      0   2542      0   1460      0      0      0   0.00   0.00      0   0.00    2.5  0.000    0.0  0.000      0      0      0      0      0
07/05/1990   3707      0   1487   2220      5   6342      0   2543      0   1437      0      0      0   0.00   0.00      0   0.00    2.6  0.000    0.0  0.000      0      0      0      0      0
07/06/1990   3642      0   1467   2175      5   6550      0   2542      0   1408      0      0      0   0.00   0.00      0   0.00    2.6  0.000    0.0  0.000      0      0      0      0      0
07/07/1990   3623      0   1590   2033      5   6693      0   2494      0   1408      0      0      0   0.00   0.00      0   0.00    2.7  0.000    0.0  0.000      0      0      0      0      0
07/08/1990   3668      0   1885   1783      5   6752      0   2443      0   1398      0      0      0   0.00   0.00      0   0.00    2.8  0.000    0.0  0.000      0      0      0      0      0
07/09/1990   3736      0   2214   1522      5   6772      0   2394      0   1364      0      0      0   0.00   0.00      0   0.00    2.8  0.000    0.0  0.000      0      0      0      0      0
07/10/1990   3955      0   2572   1383      5   6730      0   2375      0   1292      0      0      0   0.00   0.00      0   0.00    2.9  0.000    0.0  0.000      0      0      0      0      0
07/11/1990   4222      0   3050   1172      5   6643      0   2342      0   1215      0      0      0   0.00   0.00      0   0.00    2.9  0.000    0.0  0.000      0      0      0      0      0
07/12/1990   4491      1   3624    866      4   6543      0   2298      0   1127      0      0      0   0.00   0.00      0   0.00    2.9  0.000    0.0  0.000      0      0      0      0      0
07/13/1990   4757      2   4145    610      3   6492      0   2230      0   1000      0      0      0   0.00   0.00      0   0.00    2.9  0.000    0.0  0.000      0      0      0      0      0
07/14/1990   5099      3   4653    443      2   6448      0   2149      0    826      0      0      0   0.00   0.00      0   0.00    2.9  0.000    0.0  0.000      0      0      0      0      0
07/15/1990   5443      4   5160    279      1   6415      0   2017      0    645      0      0      0   0.00   0.00      0   0.00    2.9  0.000    0.0  0.000      0      0      0      0      0
07/16/1990   5769      5   5662    102      0   6373      0   1832      0    475      0      0      0   0.00   0.00      0   0.00    2.9  0.000    0.0  0.000      0      0      0      0      0
07/17/1990   6170      5   6165      0      0   6300      0   1611      0    306      0      0      0   0.00   0.00      0   0.00    2.9  0.000    0.0  0.000      0      0      0      0      0
07/18/1990   6662      5   6657      0      0   6210      0   1370      0    145      0      0      0   0.00   0.00      0   0.00    2.8  0.000    0.0  0.000      0      0      0      0      0
07/19/1990   7156      5   7151      0      0   6099      0   1092      0     40      0      0      0   0.00   0.00      0   0.00    2.8  0.000    0.0  0.000      0      0      0      0      0
07/20/1990   7678      5   7673      0      0   5919      0    790      0      0      0      0      0   0.00   0.00      0   0.00    2.7  0.000    0.0  0.000      0      0      0      0      0
07/21/1990   8199      5   8194      0      0   5673      0    515      0      0      0      0      0   0.00   0.00      0   0.00    2.7  0.000    0.0  0.000      0      0      0      0      0
07/22/1990   8712      5   8707      0      0   5369      0    306      0      0      0      0      0   0.00   0.00      0   0.00    2.6  0.000    0.0  0.000      0      0      0      0      0
07/23/1990   9205      5   9200      0      0   5037      0    145      0      0      0      0      0   0.00   0.00      0   0.00    2.5  0.000    0.0  0.000      0      0      0      0      0
07/24/1990   9698      5   9693      0      0   4649      0     40      0      0      0      0      0   0.00   0.00      0   0.00    2.5  0.000    0.0  0.000      0      0      0      0      0
07/25/1990  10172      5  10052    115      0   4215      0      0      0      0      0      0      0   0.00   0.00      0   0.00    2.4  0.000    0.0  0.000      0      0      0      0      0
07/26/1990  10642      5  10322    315      0   3745      0      0      0     44      0      0      0   0.00   0.00      0   0.00    2.4  0.000    0.0  0.000      0      0      0      0      0
07/27/1990  11106      5  10500    601      0   3281      0      0      0    159      0      0      0   0.00   0.00      0   0.00    2.3  0.000    0.0  0.000      0      0      0      0      0
07/28/1990  11580      5  10595    980      0   2807      0      0      0    362      0      0      0   0.00   0.00      0   0.00    2.3  0.000    0.0  0.000      0      0      0      0      0
07/29/1990  12040      5  10593   1442      0   2347      0     44      0    612      0      0      0   0.00   0.00      0   0.00    2.3  0.000    0.0  0.000      0      0      0      0      0
07/30/1990  12470      5  10530   1935      0   1917      0    159      0    882      0      0      0   0.00   0.00      0   0.00    2.3  0.000    0.0  0.000      0      0      0      0      0
07/31/1990  12757      5  10397   2355      0   1515      0    362      0   1141      0      0      0   0.00   0.00      0   0.00    2.3  0.000    0.0  0.000      0      0      0      0      0
08/01/1990  12940      5  10200   2735      0   1132      0    656      0   1364      0      0      0   0.00   0.00      0   0.00    2.4  0.000    0.0  0.000      0      0      0      0      0
08/02/1990  12995      4   9968   3023      0    790      0   1041      1   1540      0      0      0   0.00   0.00      0   0.00    2.5  0.000    0.0  0.000      0      0      0      0      0
08/03/1990  12890      3   9722   3165      0    559      0   1459      3   1669      0      0      0   0.00   0.00      0   0.00    2.5  0.000    0.0  0.000      0      0      0      0      0
08/04/1990  12636      2   9423   3211      0    465      0   1861      5   1762      0      0      0   0.00   0.00      0   0.00    2.6  0.000    0.0  0.000      0      0      0      0      0
08/05/1990  12303      1   9077   3225      0    507      1   2219      6   1830      0      0      0   0.00   0.00      0   0.00    2.7  0.000    0.0  0.000      0      0      0      0      0
08/06/1990  11872      0   8680   3192      0    696      3   2516      6   1873      0      0      0   0.00   0.00      0   0.00    2.8  0.000    0.0  0.000      0      0      0      0      0
08/07/1990  11332      0   8217   3115      0   1041      5   2741      6   1893      0      0      0   0.00   0.00      0   0.00    2.9  0.000    0.0  0.000      0      0      0      0      0
08/08/1990  10758      0   7725   3033      0   1503      7   2908      6   1886      0      0      0   0.00   0.00      0   0.00    2.9  0.000    0.0  0.000      0      0      0      0      0
08/09/1990  10237      0   7231   3006      0   2020      9   3025      6   1865      0      0      0   0.00   0.00      0   0.00    3.0  0.000    0.0  0.000      0      0      0      0      0
08/10/1990   9729      0   6709   3020      0   2581     11   3094      6   1845      0      0      0   0.00   0.00      0   0.00    3.1  0.000    0.0  0.000      0      0      0      0      0
08/11/1990   9222      0   6188   3034      0   3172     13   3125      6   1835      0      0      0   0.00   0.00      0   0.00    3.2  0.000    0.0  0.000      0      0      0      0      0
08/12/1990   8720      0   5675   3045      1   3782     14   3128      6   1834      0      0      0   0.00   0.00      0   0.00    3.3  0.000    0.0  0.000      0      0      0      0      0
08/13/1990   8217      0   5182   3035      3   4411     14   3109      6   1822      0      0      0   0.00   0.00      0   0.00    3.4  0.000    0.0  0.000      0      0      0      0      0
08/14/1990   7725      0   4689   3036      5   5045     14   3087      6   1776      0      0      0   0.00   0.00      0   0.00    3.5  0.000    0.0  0.000      0      0      0      0      0
08/15/1990   7231      0   4215   3016      7   5675     14   3069      5   1691      0      0      0   0.00   0.00      0   0.00    3.6  0.000    0.0  0.000      0      0      0      0      0
08/16/1990   6753      0   3789   2964      9   6253     14   3045      4   1628      0      0      0   0.00   0.00      0   0.00    3.7  0.000    0.0  0.000      0      0      0      0      0
08/17/1990   6347      0   3440   2907     11   6751     14   2998      3   1602      0      0      0   0.00   0.00      0   0.00    3.8  0.000    0.0  0.000      0      0      0      0      0
08/18/1990   6037      0   3169   2868     13   7158     13   2915      3   1571      0      0      0   0.00   0.00      0   0.00    3.9  0.000    0.0  0.000      0      0      0      0      0
08/19/1990   5748      0   3003   2745     15   7476     12   2838      3   1527      0      0      0   0.00   0.00      0   0.00    4.0  0.001    0.0  0.000      0      0      0      0     89
08/20/1990   5673      0   2958   2715     17   7703     11   2766      3   1491      0      0      0   0.00   0.00      0   0.00    4.1  0.002    0.0  0.000      0      0      0      0      0
08/21/1990   5675      0   3018   2657     19   7839     10   2664      3   1504      0      0      0   0.00   0.00      0   0.00    4.2  0.002    0.0  0.000      0      0      0      0      0
08/22/1990   5732      0   3152   2580     21   7888      9   2589      3   1538      0      0      0   0.00   0.00      0   0.00    4.3  0.002    0.0  0.000      0      0      0      0      0
08/23/1990   5833      0   3371   2462     23   7854      8   2566      3   1561      0      0      0   0.00   0.00      0   0.00    4.3  0.002    0.0  0.000      0      0      0      0      0
08/24/1990   5964      0   3687   2277     25   7798      7   2540      2   1517      0      0      0   0.00   0.00      0   0.00    4.4  0.002    0.0  0.000      0      0      0      0      0
08/25/1990   6129      0   4088   2041     26   7728      7   2525      1   1402      0      0      0   0.00   0.00      0   0.00    4.5  0.002    0.0  0.000      0      0      0      0      0
08/26/1990   6329      1   4556   1772     26   7595      7   2556      0   1276      0      0      0   0.00   0.00      0   0.00    4.6  0.002    0.0  0.000      0      0      0      0      0
08/27/1990   6563      3   5085   1475     25   7452      6   2530      0   1199      0      0      0   0.00   0.00      0   0.00    4.6  0.002    0.0  0.000      0      0      0      0      0
08/28/1990   6812      5   5675   1132     24   7326      5   2436      0   1146      0      0      0   0.00   0.00      0   0.00    4.6  0.002    0.0  0.000      0      0      0      0      0
08/29/1990   7094      7   6297    790     23   7213      4   2328      0   1053      0      0      0   0.00   0.00      0   0.00    4.6  0.002    0.0  0.000      0      0      0      0      0
08/30/1990   7434      9   6910    515     22   7125      3   2191      0    892      0      0      0   0.00   0.00      0   0.00    4.6  0.002    0.0  0.000      0      0      0      0      0
08/31/1990   7837     11   7520    306     21   7042      2   2021      0    695      0      0      0   0.00   0.00      0   0.00    4.6  0.002    0.0  0.000      0      0      0      0      0
09/01/1990   8290     13   8132    145     20   6895      1   1864      0    494      0      0      0   0.00   0.00      0   0.00    4.5  0.002    0.0  0.000      0      0      0      0      0
09/02/1990   8904     15   8744    145     19   6693      0   1681      0    321      0      0      0   0.00   0.00      0   0.00    4.5  0.002    0.0  0.000      0      0      0      0      0
09/03/1990   9399     17   9342     40     17   6496      0   1440      0    214      0      0      0   0.00   0.00      0   0.00    4.4  0.002    0.0  0.000      0      0      0      0      0
09/04/1990   9927     19   9908      0     15   6318      0   1159      0    122      0      0      0   0.00   0.00      0   0.00    4.3  0.002    0.0  0.000      0      0      0      0      0
09/05/1990  10456     21  10435      0     13   6148      0    856      0     68      0      0      0   0.00   0.00      0   0.00    4.3  0.002    0.0  0.000      0      0      0      0      0
09/06/1990  10993     23  10926     44     11   5921      0    601      0     15      0      0      0   0.00   0.00      0   0.00    4.2  0.002    0.0  0.000      0      0      0      0      0
09/07/1990  11535     25  11351    159      9   5608      0    389      0     17      0      0      0   0.00   0.00      0   0.00    4.1  0.002    0.0  0.000      0      0      0      0      0
09/08/1990  12032     26  11644    362      8   5272      0    229      0     75      0      0      0   0.00   0.00      0   0.00    4.1  0.002    0.0  0.000      0      0      0      0      0
09/09/1990  12524     27  11841    656      7   4888      0    122      0    199      0      0      0   0.00   0.00      0   0.00    4.0  0.002    0.0  0.000      0      0      0      0      0
09/10/1990  13029     28  11960   1041      6   4438      0     85      0    393      0      0      0   0.00   0.00      0   0.00    4.0  0.002    0.0  0.000      0      0      0      0      0
09/11/1990  13539     29  12007   1503      5   3982      0     90      0    625      0      0      0   0.00   0.00      0   0.00    4.0  0.002    0.0  0.000      0      0      0      0      0
09/12/1990  14021     30  12015   1976      4   3472      0    199      0    871      0      0      0   0.00   0.00      0   0.00    4.0  0.002    0.0  0.000      0      0      0      0      0
09/13/1990  14434     31  11981   2422      3   2945      0    410      0   1099      0      0      0   0.00   0.00      0   0.00    4.0  0.002    0.0  0.000      0      0      0      0      0
09/14/1990  14697     32  11855   2810      2   2480      0    700      0   1268      0      0      0   0.00   0.00      0   0.00    4.0  0.002    0.0  0.000      0      0      0      0      0
09/15/1990  14814     33  11655   3126      1   2087      0   1053      1   1391      0      0      0   0.00   0.00      0   0.00    4.1  0.002    0.0  0.000      0      0      0      0      0
09/16/1990  14830     33  11427   3370      0   1744      0   1434      3   1474      0      0      0   0.00   0.00      0   0.00    4.2  0.002    0.0  0.000      0      0      0      0      0
09/17/1990  14754     31  11181   3542      0   1480      0   1769      5   1570      0      0      0   0.00   0.00      0   0.00    4.2  0.002    0.0  0.000      0      0      0      0      0
09/18/1990  14592     29  10908   3655      0   1334      1   2051      6   1637      0      0      0   0.00   0.00      0   0.00    4.3  0.002    0.0  0.000      0      0      0      0      0
09/19/1990  14337     27  10594   3716      0   1316      3   2283      7   1675      0      0      0   0.00   0.00      0   0.00    4.4  0.002    0.0  0.000      0      0      0      0      0
09/20/1990  13971     25  10208   3738      0   1459      5   2468      8   1718      0      0      0   0.00   0.00      0   0.00    4.5  0.002    0.0  0.000      0      0      0      0      0
09/21/1990  13519     23   9758   3738      0   1738      7   2589      9   1762      0      0      0   0.00   0.00      0   0.00    4.6  0.002    0.0  0.000      0      0      0      0      0
09/22/1990  12995     21   9253   3721      0   2090     10   2690      9   1769      0      0      0   0.00   0.00      0   0.00    4.7  0.002    0.0  0.000      0      0      0      0      0
09/23/1990  12413     19   8695   3699      0   2529     13   2795      8   1704      0      0      0   0.00   0.00      0   0.00    4.8  0.002    0.0  0.000      0      0      0      0      0
09/24/1990  11834     17   8150   3667      0   2998     16   2877      8   1661      0      0      0   0.00   0.00      0   0.00    4.9  0.002    0.0  0.000      0      0      0      0      0
09/25/1990  11225     15   7599   3611      1   3538     18   2889      8   1648      0      0      0   0.00   0.00      0   0.00    5.0  0.002    0.0  0.000      0      0      0      0      0
09/26/1990  10610     13   7072   3525      3   4098     18   2862      8   1664      0      0      0   0.00   0.00      0   0.00    5.1  0.002    0.0  0.000      0      0      0      0      0
09/27/1990   9998     11   6537   3450      5   4658     19   2863      7   1647      0      0      0   0.00   0.00      0   0.00    5.2  0.002    0.0  0.000      0      0      0      0      0
09/28/1990   9401      9   6014   3378      7   5239     20   2819      6   1642      0      0      0   0.00   0.00      0   0.00    5.3  0.002    0.0  0.000      0      0      0      0      0
09/29/1990   8846      8   5576   3262     10   5785     19   2764      6   1662      0      0      0   0.00   0.00      0   0.00    5.4  0.002    0.0  0.000      0      0      0      0      0
09/30/1990   8371      7   5209   3155     13   6228     18   2741      6   1691      0      0      0   0.00   0.00      0   0.00    5.5  0.002    0.0  0.000      0      0      0      0      0
10/01/1990   8015      6   4916   3093     16   6550     17   2757      6   1710      0      0      0   0.00   0.00      0   0.00    5.6  0.001    0.0  0.000      0      0      0      0      0
10/02/1990   7777      5   4697   3075     19   6821     16   2765      5   1667      0      0      0   0.00   0.00      0   0.00    5.7  0.001    0.0  0.000      0      0      0      0      0
10/03/1990   7611      4   4542   3065     21   7005     16   2784      4   1622      0      0      0   0.00   0.00      0   0.00    5.8  0.001    0.0  0.000      0      0      0      0      0
10/04/1990   7509      3   4454   3052     24   7115     15   2803      4   1625      0      0      0   0.00   0.00      0   0.00    5.9  0.001    0.0  0.000      0      0      0      0      0
10/05/1990   7471      2   4448   3021     27   7200     13   2785      4   1624      0      0      0   0.00   0.00      0   0.00    6.1  0.001    0.0  0.000      0      0      0      0      0
10/06/1990   7472      1   4531   2940     29   7256     12   2764      4   1572      0      0      0   0.00   0.00      0   0.00    6.2  0.001    0.0  0.000      0      0      0      0      0
10/07/1990   7489      0   4652   2837     31   7303     12   2766      3   1434      0      0      0   0.00   0.00      0   0.00    6.3  0.001    0.0  0.000      0      0      0      0      0
10/08/1990   7535      0   4819   2716     33   7321     11   2718      3   1342      0      0      0   0.00   0.00      0   0.00    6.3  0.001    0.0  0.000      0      0      0      0      0
10/09/1990   7571      1   5022   2548     34   7329     10   2626      3   1316      0      0      0   0.00   0.00      0   0.00    6.4  0.001    0.0  0.000      0      0      0      0      0
10/10/1990   7606      3   5274   2329     34   7295      9   2533      2   1308      0      0      0   0.00   0.00      0   0.00    6.5  0.001    0.0  0.000      0      0      0      0      0
10/11/1990   7741      5   5645   2091     34   7225      8   2438      1   1280      0      0      0   0.00   0.00      0   0.00    6.6  0.001    0.0  0.000      0      0      0      0      0
10/12/1990   7937      7   6089   1841     33   7192      8   2317      0   1215      0      0      0   0.00   0.00      0   0.00    6.6  0.001    0.0  0.000      0      0      0      0      0
10/13/1990   8106     10   6549   1547     31   7150      7   2217      0   1141      0      0      0   0.00   0.00      0   0.00    6.6  0.001    0.0  0.000      0      0      0      0      0
10/14/1990   8254     13   7028   1213     30   7093      5   2146      0   1055      0      0      0   0.00   0.00      0   0.00    6.7  0.001    0.0  0.000      0      0      0      0      0
10/15/1990   8461     16   7536    909     28   6965      4   2098      0    945      0      0      0   0.00   0.00      0   0.00    6.6  0.001    0.0  0.000      0      0      0      0      0
10/16/1990   8710     19   8075    616     26   6844      3   2016      0    813      0      0      0   0.00   0.00      0   0.00    6.6  0.001    0.0  0.000      0      0      0      0      0
10/17/1990   9034     21   8624    389     25   6745      2   1885      0    656      0      0      0   0.00   0.00      0   0.00    6.6  0.001    0.0  0.000      0      0      0      0      0
10/18/1990   9421     24   9168    229     23   6626      1   1735      0    494      0      0      0   0.00   0.00      0   0.00    6.5  0.001    0.0  0.000      0      0      0      0      0
10/19/1990   9866     27   9700    139     21   6482      0   1549      0    337      0      0      0   0.00   0.00      0   0.00    6.5  0.001    0.0  0.000      0      0      0      0      0
10/20/1990  10383     29  10211    143     19   6298      0   1326      0    211      0      0      0   0.00   0.00      0   0.00    6.4  0.001    0.0  0.000      0      0      0      0      0
10/21/1990  10905     31  10660    214     17   6076      0   1088      0    138      0      0      0   0.00   0.00      0   0.00    6.3  0.001    0.0  0.000      0      0      0      0      0
10/22/1990  11460     33  11017    410     15   5827      0    831      0    136      0      0      0   0.00   0.00      0   0.00    6.3  0.001    0.0  0.000      0      0      0      0      0
10/23/1990  11988     35  11253    700     13   5576      0    592      0    209      0      0      0   0.00   0.00      0   0.00    6.2  0.001    0.0  0.000      0      0      0      0      0
10/24/1990  12518     37  11411   1070     11   5267      0    413      0    347      0      0      0   0.00   0.00      0   0.00    6.2  0.001    0.0  0.000      0      0      0      0      0
10/25/1990  13074     39  11543   1492      9   4858      0    311      0    536      0      0      0   0.00   0.00      0   0.00    6.2  0.001    0.0  0.000      0      0      0      0      0
10/26/1990  13542     40  11609   1893      8   4446      0    307      0    715      0      0      0   0.00   0.00      0   0.00    6.2  0.001    0.0  0.000      0      0      0      0      0
10/27/1990  13895     41  11592   2262      7   4032      0    423      0    887      0      0      0   0.00   0.00      0   0.00    6.2  0.001    0.0  0.000      0      0      0      0      0
10/28/1990  14119     43  11503   2573      5   3635      0    636      0   1012      0      0      0   0.00   0.00      0   0.00    6.3  0.001    0.0  0.000      0      0      0      0      0
10/29/1990  14263     44  11381   2838      4   3242      0    884      0   1120      0      0      0   0.00   0.00      0   0.00    6.3  0.001    0.0  0.000      0      0      0      0      0
10/30/1990  14343     44  11271   3028      3   2852      0   1174      0   1156      0      0      0   0.00   0.00      0   0.00    6.4  0.001    0.0  0.000      0      0      0      0      0
10/31/1990  14328     43  11136   3149      2   2536      0   1439      1   1164      0      0      0   0.00   0.00      0   0.00    6.4  0.001    0.0  0.000      0      0      0      0      0
11/01/1990  14267     42  10943   3282      1   2309      0   1657      1   1087      0      0      0   0.00   0.00      0   0.00    6.5  0.001    0.0  0.000      0      0      0      0      0
11/02/1990  14153     41  10724   3388      0   2173      0   1794      1   1004      0      0      0   0.00   0.00      0   0.00    6.6  0.001    0.0  0.000      0      0      0      0      0
11/03/1990  13975     38  10508   3429      0   2110      1   1888      1    948      0      0      0   0.00   0.00      0   0.00    6.7  0.001    0.0  0.000      0      0      0      0      0
11/04/1990  13733     35  10294   3404      0   2141      1   1857      2    991      0      0      0   0.00   0.00      0   0.00    6.8  0.001    0.0  0.000      0      0      0      0      0
11/05/1990  13443     32  10008   3403      0   2240      1   1786      3   1061      0      0      0   0.00   0.00      0   0.00    6.8  0.001    0.0  0.000      0      0      0      0      0
11/06/1990  13098     29   9673   3396      0   2417      2   1716      3   1047      0      0      0   0.00   0.00      0   0.00    6.9  0.001    0.0  0.000      0      0      0      0      0
11/07/1990  12660     27   9286   3347      0   2641      3   1692      3    992      0      0      0   0.00   0.00      0   0.00    7.0  0.001    0.0  0.000      0      0      0      0      0
11/08/1990  12166     24   8855   3287      0   2910      4   1683      3    965      0      0      0   0.00   0.00      0   0.00    7.1  0.001    0.0  0.000      0      0      0      0      0
11/09/1990  11658     21   8368   3269      0   3167      5   1676      3   1014      0      0      0   0.00   0.00      0   0.00    7.2  0.001    0.0  0.000      0      0      0      0      0
11/10/1990  11159     19   7835   3305      1   3434      5   1680      3   1075      0      0      0   0.00   0.00      0   0.00    7.3  0.001    0.0  0.000      0      0      0      0      0
11/11/1990  10636     17   7302   3317      1   3720      6   1700      3   1114      0      0      0   0.00   0.00      0   0.00    7.4  0.001    0.0  0.000      0      0      0      0      0
11/12/1990  10140     15   6794   3331      1   4022      7   1699      3   1157      0      0      0   0.00   0.00      0   0.00    7.5  0.001    0.0  0.000      0      0      0      0      0
11/13/1990   9698     13   6377   3308      2   4286      7   1694      3   1208      0      0      0   0.00   0.00      0   0.00    7.6  0.001    0.0  0.000      0      0      0      0      0
11/14/1990   9330     11   6027   3292      3   4420      7   1767      3   1185      0      0      0   0.00   0.00      0   0.00    7.7  0.001    0.0  0.000      0      0      0      0      0
11/15/1990   9028      9   5705   3314      4   4478      7   1864      3   1124      0      0      0   0.00   0.00      0   0.00    7.8  0.001    0.0  0.000      0      0      0      0      0
11/16/1990   8746      8   5468   3270      5   4536      7   1937      3   1084      0      0      0   0.00   0.00      0   0.00    7.9  0.001    0.0  0.000      0      0      0      0      0
11/17/1990   8522      7   5342   3173      6   4547      7   1938      3   1117      0      0      0   0.00   0.00      0   0.00    8.0  0.001    0.0  0.000      0      0      0      0      0
11/18/1990   8326      5   5283   3038      7   4541      7   1913      3   1136      0      0      0   0.00   0.00      0   0.00    8.1  0.001    0.0  0.000      0      0      0      0      0
11/19/1990   8195      4   5246   2945      8   4530      7   1907      3   1119      0      0      0   0.00   0.00      0   0.00    8.2  0.001    0.0  0.000      0      0      0      0      0
11/20/1990   8574      3   5182   3389      9   4548      7   1898      2    985      0      0      0   0.00   0.00      0   0.00    8.3  0.001    0.0  0.000      0      0      0      0      0
11/21/1990   8428      2   5139   3287     10   4585      7   1841      1    870      0      0      0   0.00   0.00      0   0.00    8.4  0.001    0.0  0.000      0      0      0      0      0
11/22/1990   7657      1   5053   2603     11   4628      7   1841      0    768      0      0      0   0.00   0.00      0   0.00    8.5  0.001    0.0  0.000      0      0      0      0      0
11/23/1990   7483      0   4971   2512     12   4668      6   1759      0    739      0      0      0   0.00   0.00      0   0.00    8.6  0.001    0.0  0.000      0      0      0      0      0
11/24/1990   7377      1   4946   2430     12   4721      5   1627      0    724      0      0      0   0.00   0.00      0   0.00    8.6  0.001    0.0  0.000      0      0      0      0      0
11/25/1990   7733      1   4989   2743     13   4754      4   1492      0    718      0      0      0   0.00   0.00      0   0.00    8.6  0.001    0.0  0.000      0      0      0      0      0
11/26/1990   8100      1   5087   3012     14   4743      3   1362      0    668      0      0      0   0.00   0.00      0   0.00    8.6  0.001    0.0  0.000      0      0      0      0      0
11/27/1990   8407      2   5180   3225     14   4793      2   1232      0    608      0      0      0   0.00   0.00      0   0.00    8.5  0.001    0.0  0.000      0      0      0      0      0
11/28/1990   8709      3   5325   3381     14   4747      1   1225      0    563      0      0      0   0.00   0.00      0   0.00    8.7  0.001    0.0  0.000      0      0      0      0      0
11/29/1990   8185      4   5558   2623     14   4648      0   1160      0    632      0      0      0   0.00   0.00      0   0.00    8.7  0.001    0.0  0.000      0      0      0      0      0
11/30/1990   8124      5   5857   2262     13   4547      0   1072      0    686      0      0      0   0.00   0.00      0   0.00    8.8  0.001    0.0  0.000      0      0      0      0      0
12/01/1990   8487      6   6189   2292     12   4411      0   1049      0    649      0      0      0   0.00   0.00      0   0.00    8.9  0.001    0.0  0.000      0      0      0      0      0
12/02/1990   8867      7   6534   2326     11   4258      0   1068      0    545      0      0      0   0.00   0.00      0   0.00    8.8  0.001    0.0  0.000      0      0      0      0      0
12/03/1990   8872      8   6878   1986     10   4108      0   1040      0    487      0      0      0   0.00   0.00      0   0.00    8.9  0.001    0.0  0.000      0      0      0      0      0
12/04/1990   8912      9   7188   1715      9   3871      0   1030      0    484      0      0      0   0.00   0.00      0   0.00    8.9  0.001    0.0  0.000      0      0      0      0      0
12/05/1990   9269     10   7372   1887      8   3681      0   1005      0    461      0      0      0   0.00   0.00      0   0.00    8.8  0.001    0.0  0.000      0      0      0      0      0
12/06/1990   8455     11   7466    978      7   3547      0    964      0    452      0      0      0   0.00   0.00      0   0.00    8.8  0.001    0.0  0.000      0      0      0      0      0
12/07/1990   8570     12   7557   1001      6   3419      0    882      0    394      0      0      0   0.00   0.00      0   0.00    8.8  0.001    0.0  0.000      0      0      0      0      0
12/08/1990   8866     13   7602   1251      5   3250      0    780      0    382      0      0      0   0.00   0.00      0   0.00    8.8  0.001    0.0  0.000      0      0      0      0      0
12/09/1990   9193     14   7590   1589      4   3060      0    767      0    359      0      0      0   0.00   0.00      0   0.00    8.9  0.001    0.0  0.000      0      0      0      0      0
12/10/1990   9318     15   7556   1747      3   2845      0    731      0    457      0      0      0   0.00   0.00      0   0.00    8.9  0.001    0.0  0.000      0      0      0      0      0
12/11/1990   9470     16   7431   2023      2   2752      0    675      0    565      0      0      0   0.00   0.00      0   0.00    8.9  0.001    0.0  0.000      0      0      0      0      0
12/12/1990   9712     17   7296   2399      1   2674      0    642      0    648      0      0      0   0.00   0.00      0   0.00    8.9  0.001    0.0  0.000      0      0      0      0      0
12/13/1990   9967     18   7237   2712      0   2538      0    727      0    650      0      0      0   0.00   0.00      0   0.00    8.9  0.001    0.0  0.000      0      0      0      0      0
12/14/1990  10193     18   7166   3009      0   2465      0    788      0    533      0      0      0   0.00   0.00      0   0.00    8.9  0.001    0.0  0.000      0      0      0      0      0
12/15/1990  10418     17   7072   3329      0   2344      0    896      0    453      0      0      0   0.00   0.00      0   0.00    8.8  0.001    0.0  0.000      0      0      0      0      0
12/16/1990  10665     17   6964   3684      0   2202      0    995      0    375      0      0      0   0.00   0.00      0   0.00    8.8  0.001    0.0  0.000      0      0      0      0      0
12/17/1990  10840     17   6773   4050      0   2156      0    962      0    431      0      0      0   0.00   0.00      0   0.00    8.7  0.001    0.0  0.000      0      0      0      0      0
12/18/1990  11004     16   6633   4355      0   2193      0    892      0    481      0      0      0   0.00   0.00      0   0.00    8.7  0.001    0.0  0.000      0      0      0      0      0
12/19/1990  11205     15   6535   4655      0   2204      0    805      0    518      0      0      0   0.00   0.00      0   0.00    8.7  0.001    0.0  0.000      0      0      0      0      0
12/20/1990  11447     14   6440   4993      0   2172      0    745      0    418      0      0      0   0.00   0.00      0   0.00    8.6  0.001    0.0  0.000      0      0      0      0      0
12/21/1990  11664     13   6305   5346      0   2157      0    723      0    229      0      0      0   0.00   0.00      0   0.00    8.6  0.001    0.0  0.000      0      0      0      0      0
12/22/1990  11827     12   6109   5706      0   2088      0    790      0     59      0      0      0   0.00   0.00      0   0.00    8.5  0.001    0.0  0.000      0      0      0      0      0
12/23/1990  11965     11   5871   6083      0   2080      0    710      0      0      0      0      0   0.00   0.00      0   0.00    8.5  0.001    0.0  0.000      0      0      0      0      0
12/24/1990  12123     10   5635   6478      0   2045      0    577      0      0      0      0      0   0.00   0.00      0   0.00    8.4  0.001    0.0  0.000      0      0      0      0      0
12/25/1990  12282      9   5385   6888      0   2035      0    418      0     39      0      0      0   0.00   0.00      0   0.00    8.4  0.001    0.0  0.000      0      0      0      0      0
12/26/1990  12396      8   5147   7241      0   2100      0    229      0    134      0      0      0   0.00   0.00      0   0.00    8.4  0.001    0.0  0.000      0      0      0      0      0
12/27/1990  12545      7   4963   7575      0   2111      0     59      0    270      0      0      0   0.00   0.00      0   0.00    8.3  0.001    0.0  0.000      0      0      0      0      0
12/28/1990  12646      6   4695   7945      0   2059      0     39      1    389      0      0      0   0.00   0.00      0   0.00    8.3  0.001    0.0  0.000      0      0      0      0      0
12/29/1990  12747      5   4412   8330      0   1947      0    134      1    363      0      0      0   0.00   0.00      0   0.00    8.3  0.001    0.0  0.000      0      0      0      0      0
12/30/1990  12872      4   4186   8682      0   1811      0    270      1    348      0      0      0   0.00   0.00      0   0.00    8.2  0.001    0.0  0.000      0      0      0      0      0
12/31/1990  13070      3   4033   9034      0   1602      1    428      0    318      0      0      0   0.00   0.00      0   0.00    8.2  0.001    0.0  0.000      0      0      0      0      0
