Varroa Population Simulation - Nov 24,2015  04:09:40 PM
VarroaPop Version 3.2.5.8  June, 2015

                                        Capped  Capped                                                                      Prop           Conc          Conc                                     
            Colony  Adult  Adult         Drone   Wkr    Drone  Wkr    Drone  Wkr  Free   DBrood WBrood DMite  WMite  Mites  Mites  Colony Pollen Colony Nectar   Dead   Dead   Dead   Dead   Dead
     Date   Size   Drones   Wkr   Forgrs Brood  Brood   Larv   Larv    Eggs  Eggs Mites  Mites  Mites  /Cell  /Cell  Dying  Dying  Pollen  Pest  Nectar  Pest    DLarv  WLarv  DAdlt  WAdlt  Forgrs
Initial     10000      0   6762   3238      0      0      0      0      0      0      0      0      0   0.00   0.00      0   0.00    0.0  0.000    0.0  0.000      0      0      0      0      0
05/01/1990   9678      0   6440   3238      0      0      0      0      1    483      0      0      0   0.00   0.00      0   0.00    0.1  0.000    0.0  0.000      0      0      0      0      0
05/02/1990   9356      0   6118   3238      0      0      0      0      3   1003      0      0      0   0.00   0.00      0   0.00    0.2  0.000    0.0  0.000      0      0      0      0      0
05/03/1990   9034      0   5796   3238      0      0      0      0      5   1569      0      0      0   0.00   0.00      0   0.00    0.3  0.000    0.0  0.000      0      0      0      0      0
05/04/1990   8712      0   5474   3238      0      0      1    483      6   1675      0      0      0   0.00   0.00      0   0.00    0.4  0.000    0.0  0.000      0      0      0      0      0
05/05/1990   8390      0   5152   3238      0      0      3   1003      6   1755      0      0      0   0.00   0.00      0   0.00    0.5  0.000    0.0  0.000      0      0      0      0      0
05/06/1990   8068      0   4830   3238      0      0      5   1569      6   1778      0      0      0   0.00   0.00      0   0.00    0.6  0.000    0.0  0.000      0      0      0      0      0
05/07/1990   7746      0   4508   3238      0      0      7   2158      6   1735      0      0      0   0.00   0.00      0   0.00    0.7  0.000    0.0  0.000      0      0      0      0      0
05/08/1990   7424      0   4186   3238      0      0      9   2758      6   1673      0      0      0   0.00   0.00      0   0.00    0.9  0.000    0.0  0.000      0      0      0      0      0
05/09/1990   7102      0   3864   3238      0    483     11   2864      6   1581      0      0      0   0.00   0.00      0   0.00    1.0  0.000    0.0  0.000      0      0      0      0      0
05/10/1990   6762      0   3542   3220      0   1003     13   2890      5   1463      0      0      0   0.00   0.00      0   0.00    1.1  0.000    0.0  0.000      0      0      0      0      0
05/11/1990   6440      0   3220   3220      1   1569     14   2862      4   1395      0      0      0   0.00   0.00      0   0.00    1.2  0.000    0.0  0.000      0      0      0      0      0
05/12/1990   6118      0   2898   3220      3   2158     14   2770      3   1385      0      0      0   0.00   0.00      0   0.00    1.3  0.000    0.0  0.000      0      0      0      0      0
05/13/1990   5796      0   2576   3220      5   2758     13   2598      4   1452      0      0      0   0.00   0.00      0   0.00    1.4  0.000    0.0  0.000      0      0      0      0      0
05/14/1990   5474      0   2254   3220      7   3347     12   2479      4   1476      0      0      0   0.00   0.00      0   0.00    1.6  0.000    0.0  0.000      0      0      0      0      0
05/15/1990   5152      0   1932   3220      9   3893     11   2420      4   1464      0      0      0   0.00   0.00      0   0.00    1.7  0.000    0.0  0.000      0      0      0      0      0
05/16/1990   4830      0   1610   3220     11   4431     11   2377      4   1500      0      0      0   0.00   0.00      0   0.00    1.8  0.000    0.0  0.000      0      0      0      0      0
05/17/1990   4508      0   1288   3220     13   4928     10   2374      5   1502      0      0      0   0.00   0.00      0   0.00    2.0  0.000    0.0  0.000      0      0      0      0      0
05/18/1990   4186      0    966   3220     15   5356      9   2421      5   1471      0      0      0   0.00   0.00      0   0.00    2.1  0.000    0.0  0.000      0      0      0      0      0
05/19/1990   3864      0    644   3220     17   5826      9   2482      4   1370      0      0      0   0.00   0.00      0   0.00    2.2  0.000    0.0  0.000      0      0      0      0      0
05/20/1990   3542      0    322   3220     18   6313     10   2491      3   1364      0      0      0   0.00   0.00      0   0.00    2.4  0.000    0.0  0.000      0      0      0      0      0
05/21/1990   3220      0      0   3220     19   6808     10   2440      4   1432      0      0      0   0.00   0.00      0   0.00    2.5  0.000    0.0  0.000      0      0      0      0      0
05/22/1990   3381      0    483   2898     20   6819     10   2376      5   1524      0      0      0   0.00   0.00      0   0.00    2.6  0.000    0.0  0.000      0      0      0      0      0
05/23/1990   3901      0   1003   2898     22   6774      9   2391      5   1443      0      0      0   0.00   0.00      0   0.00    2.6  0.000    0.0  0.000      0      0      0      0      0
05/24/1990   4145      0   1569   2576     23   6739     10   2372      4   1336      0      0      0   0.00   0.00      0   0.00    2.7  0.000    0.0  0.000      0      0      0      0      0
05/25/1990   4413      1   2158   2254     23   6646     11   2398      2   1243      0      0      0   0.00   0.00      0   0.00    2.8  0.000    0.0  0.000      0      0      0      0      0
05/26/1990   4693      3   2758   1932     23   6490     10   2363      1   1239      0      0      0   0.00   0.00      0   0.00    2.9  0.000    0.0  0.000      0      0      0      0      0
05/27/1990   5284      5   3347   1932     23   6331      9   2338      0   1158      0      0      0   0.00   0.00      0   0.00    2.9  0.000    0.0  0.000      0      0      0      0      0
05/28/1990   5832      7   3893   1932     22   6275      8   2277      0   1049      0      0      0   0.00   0.00      0   0.00    2.9  0.000    0.0  0.000      0      0      0      0      0
05/29/1990   6050      9   4431   1610     21   6249      7   2170      0    988      0      0      0   0.00   0.00      0   0.00    2.9  0.000    0.0  0.000      0      0      0      0      0
05/30/1990   6227     11   4928   1288     20   6274      6   1972      0    977      0      0      0   0.00   0.00      0   0.00    2.9  0.000    0.0  0.000      0      0      0      0      0
05/31/1990   6335     13   5356    966     20   6255      4   1883      0    914      0      0      0   0.00   0.00      0   0.00    2.9  0.000    0.0  0.000      0      0      0      0      0
06/01/1990   6485     15   5826    644     20   6190      2   1822      0    786      0      0      0   0.00   0.00      0   0.00    2.9  0.000    0.0  0.000      0      0      0      0      0
06/02/1990   6652     17   6313    322     19   6132      1   1706      0    655      0      0      0   0.00   0.00      0   0.00    2.9  0.000    0.0  0.000      0      0      0      0      0
06/03/1990   6826     18   6808      0     19   6042      0   1558      0    504      0      0      0   0.00   0.00      0   0.00    2.9  0.000    0.0  0.000      0      0      0      0      0
06/04/1990   7321     19   7302      0     18   5872      0   1450      0    288      0      0      0   0.00   0.00      0   0.00    2.8  0.000    0.0  0.000      0      0      0      0      0
06/05/1990   7797     20   7777      0     17   5717      0   1312      0    106      0      0      0   0.00   0.00      0   0.00    2.8  0.000    0.0  0.000      0      0      0      0      0
06/06/1990   8330     22   8308      0     15   5530      0   1074      0      0      0      0      0   0.00   0.00      0   0.00    2.7  0.000    0.0  0.000      0      0      0      0      0
06/07/1990   8827     23   8804      0     14   5347      0    761      0      0      0      0      0   0.00   0.00      0   0.00    2.7  0.000    0.0  0.000      0      0      0      0      0
06/08/1990   9272     24   9248      0     13   5160      0    504      0      0      0      0      0   0.00   0.00      0   0.00    2.6  0.000    0.0  0.000      0      0      0      0      0
06/09/1990   9704     26   9678      0     11   4946      0    288      0      0      0      0      0   0.00   0.00      0   0.00    2.5  0.000    0.0  0.000      0      0      0      0      0
06/10/1990  10196     28  10168      0      9   4638      0    106      0      0      0      0      0   0.00   0.00      0   0.00    2.5  0.000    0.0  0.000      0      0      0      0      0
06/11/1990  10709     29  10680      0      8   4232      0      0      0      0      0      0      0   0.00   0.00      0   0.00    2.4  0.000    0.0  0.000      0      0      0      0      0
06/12/1990  11232     30  10719    483      7   3710      0      0      0      0      0      0      0   0.00   0.00      0   0.00    2.3  0.000    0.0  0.000      0      0      0      0      0
06/13/1990  11642     31  10608   1003      6   3301      0      0      0    137      0      0      0   0.00   0.00      0   0.00    2.3  0.000    0.0  0.000      0      0      0      0      0
06/14/1990  12049     33  10447   1569      4   2896      0      0      0    370      0      0      0   0.00   0.00      0   0.00    2.3  0.000    0.0  0.000      0      0      0      0      0
06/15/1990  12479     34  10287   2158      2   2467      0      0      0    698      0      0      0   0.00   0.00      0   0.00    2.3  0.000    0.0  0.000      0      0      0      0      0
06/16/1990  12883     33  10092   2758      1   2062      0    137      0    990      0      0      0   0.00   0.00      0   0.00    2.4  0.000    0.0  0.000      0      0      0      0      0
06/17/1990  13206     32   9827   3347      0   1738      0    370      1   1277      0      0      0   0.00   0.00      0   0.00    2.5  0.000    0.0  0.000      0      0      0      0      0
06/18/1990  13524     30   9601   3893      0   1418      0    698      3   1498      0      0      0   0.00   0.00      0   0.00    2.6  0.000    0.0  0.000      0      0      0      0      0
06/19/1990  13866     28   9407   4431      0   1074      0   1127      6   1708      0      0      0   0.00   0.00      0   0.00    2.7  0.000    0.0  0.000      0      0      0      0      0
06/20/1990  14177     26   9223   4928      0    761      1   1647     10   1922      0      0      0   0.00   0.00      0   0.00    2.9  0.000    0.0  0.000      0      0      0      0      0
06/21/1990  14432     24   9052   5356      0    641      3   2059     13   2146      0      0      0   0.00   0.00      0   0.00    3.1  0.000    0.0  0.000      0      0      0      0      0
06/22/1990  14163     22   8798   5343      0    658      6   2465     16   2255      0      0      0   0.00   0.00      0   0.00    3.2  0.000    0.0  0.000      0      0      0      0      0
06/23/1990  13823     20   8493   5310      0    804     11   2871     17   2266      0      0      0   0.00   0.00      0   0.00    3.4  0.000    0.0  0.000      0      0      0      0      0
06/24/1990  13362     19   8104   5239      0   1127     16   3215     18   2250      0      0      0   0.00   0.00      0   0.00    3.6  0.000    0.0  0.000      0      0      0      0      0
06/25/1990  12772     18   7610   5144      0   1647     22   3443     17   2254      0      0      0   0.00   0.00      0   0.00    3.8  0.000    0.0  0.000      0      0      0      0      0
06/26/1990  12171     17   7135   5019      0   2196     28   3639     16   2262      0      0      0   0.00   0.00      0   0.00    3.9  0.000    0.0  0.000      0      0      0      0      0
06/27/1990  11580     15   6604   4961      1   2835     33   3757     15   2236      0      0      0   0.00   0.00      0   0.00    4.1  0.000    0.0  0.000      0      0      0      0      0
06/28/1990  11033     14   6108   4911      3   3569     36   3775     15   2200      0      0      0   0.00   0.00      0   0.00    4.3  0.000    0.0  0.000      0      0      0      0      0
06/29/1990  10494     13   5664   4817      6   4342     38   3755     15   2197      0      0      0   0.00   0.00      0   0.00    4.4  0.000    0.0  0.000      0      0      0      0      0
06/30/1990   9995     11   5234   4750     11   5090     38   3738     15   2214      0      0      0   0.00   0.00      0   0.00    4.6  0.000    0.0  0.000      0      0      0      0      0
07/01/1990   9565      9   4744   4812     16   5835     38   3709     15   2239      0      0      0   0.00   0.00      0   0.00    4.8  0.000    0.0  0.000      0      0      0      0      0
07/02/1990   9094      8   4232   4854     22   6592     37   3702     15   2205      0      0      0   0.00   0.00      0   0.00    5.0  0.000    0.0  0.000      0      0      0      0      0
07/03/1990   8606      7   3710   4889     28   7344     36   3698     15   2170      0      0      0   0.00   0.00      0   0.00    5.2  0.000    0.0  0.000      0      0      0      0      0
07/04/1990   8247      6   3438   4803     34   7960     35   3686     15   2120      0      0      0   0.00   0.00      0   0.00    5.3  0.000    0.0  0.000      0      0      0      0      0
07/05/1990   7984      4   3266   4714     39   8458     35   3671     15   2098      0      0      0   0.00   0.00      0   0.00    5.5  0.000    0.0  0.000      0      0      0      0      0
07/06/1990   7835      2   3165   4668     44   8846     35   3668     15   2075      0      0      0   0.00   0.00      0   0.00    5.7  0.000    0.0  0.000      0      0      0      0      0
07/07/1990   7732      1   3189   4542     49   9167     35   3609     15   2092      0      0      0   0.00   0.00      0   0.00    5.9  0.000    0.0  0.000      0      0      0      0      0
07/08/1990   7755      0   3385   4370     54   9395     35   3555     15   2103      0      0      0   0.00   0.00      0   0.00    6.1  0.000    0.0  0.000      0      0      0      0      0
07/09/1990   7860      0   3614   4246     59   9587     35   3504     15   2114      0      0      0   0.00   0.00      0   0.00    6.2  0.000    0.0  0.000      0      0      0      0      0
07/10/1990   8069      0   3909   4160     64   9664     35   3496     15   2122      0      0      0   0.00   0.00      0   0.00    6.4  0.000    0.0  0.000      0      0      0      0      0
07/11/1990   8314      1   4330   3983     68   9643     35   3488     15   2136      0      0      0   0.00   0.00      0   0.00    6.5  0.000    0.0  0.000      0      0      0      0      0
07/12/1990   8577      3   4846   3728     71   9561     35   3498     14   2140      0      0      0   0.00   0.00      0   0.00    6.7  0.000    0.0  0.000      0      0      0      0      0
07/13/1990   8806      6   5378   3422     73   9507     35   3520     13   2106      0      0      0   0.00   0.00      0   0.00    6.8  0.000    0.0  0.000      0      0      0      0      0
07/14/1990   9147     11   5941   3195     73   9452     35   3549     11   2040      0      0      0   0.00   0.00      0   0.00    6.9  0.000    0.0  0.000      0      0      0      0      0
07/15/1990   9504     16   6592   2896     73   9403     34   3546      9   1966      0      0      0   0.00   0.00      0   0.00    7.0  0.000    0.0  0.000      0      0      0      0      0
07/16/1990   9833     22   7344   2467     72   9356     33   3523      6   1867      0      0      0   0.00   0.00      0   0.00    7.1  0.000    0.0  0.000      0      0      0      0      0
07/17/1990  10187     28   8097   2062     71   9304     31   3475      3   1743      0      0      0   0.00   0.00      0   0.00    7.1  0.000    0.0  0.000      0      0      0      0      0
07/18/1990  10600     34   8828   1738     70   9289     28   3390      1   1598      0      0      0   0.00   0.00      0   0.00    7.1  0.000    0.0  0.000      0      0      0      0      0
07/19/1990  11001     39   9544   1418     70   9292     24   3254      0   1457      0      0      0   0.00   0.00      0   0.00    7.1  0.000    0.0  0.000      0      0      0      0      0
07/20/1990  11412     44  10294   1074     70   9247     19   3078      0   1318      0      0      0   0.00   0.00      0   0.00    7.1  0.000    0.0  0.000      0      0      0      0      0
07/21/1990  11852     49  11042    761     70   9181     14   2882      0   1154      0      0      0   0.00   0.00      0   0.00    7.1  0.000    0.0  0.000      0      0      0      0      0
07/22/1990  12341     54  11783    504     69   9093     10   2671      0    961      0      0      0   0.00   0.00      0   0.00    7.0  0.000    0.0  0.000      0      0      0      0      0
07/23/1990  12846     59  12499    288     68   9008      6   2430      0    743      0      0      0   0.00   0.00      0   0.00    7.0  0.000    0.0  0.000      0      0      0      0      0
07/24/1990  13382     64  13212    106     66   8878      3   2169      0    522      0      0      0   0.00   0.00      0   0.00    6.9  0.000    0.0  0.000      0      0      0      0      0
07/25/1990  13972     69  13766    137     63   8716      1   1889      0    312      0      0      0   0.00   0.00      0   0.00    6.8  0.000    0.0  0.000      0      0      0      0      0
07/26/1990  14671     74  14227    370     59   8508      0   1575      0    191      0      0      0   0.00   0.00      0   0.00    6.7  0.000    0.0  0.000      0      0      0      0      0
07/27/1990  15366     79  14589    698     54   8260      0   1234      0    223      0      0      0   0.00   0.00      0   0.00    6.6  0.000    0.0  0.000      0      0      0      0      0
07/28/1990  16079     84  14868   1127     49   7942      0    883      0    412      0      0      0   0.00   0.00      0   0.00    6.6  0.000    0.0  0.000      0      0      0      0      0
07/29/1990  16789     89  15053   1647     44   7559      0    612      0    687      0      0      0   0.00   0.00      0   0.00    6.5  0.000    0.0  0.000      0      0      0      0      0
07/30/1990  17495     94  15205   2196     39   7107      0    496      0    974      0      0      0   0.00   0.00      0   0.00    6.5  0.000    0.0  0.000      0      0      0      0      0
07/31/1990  18216     99  15282   2835     34   6563      0    552      0   1244      0      0      0   0.00   0.00      0   0.00    6.6  0.000    0.0  0.000      0      0      0      0      0
08/01/1990  18939    103  15267   3569     29   5945      0    777      1   1491      0      0      0   0.00   0.00      0   0.00    6.6  0.000    0.0  0.000      0      0      0      0      0
08/02/1990  19647    106  15199   4342     24   5279      0   1158      4   1717      0      0      0   0.00   0.00      0   0.00    6.7  0.000    0.0  0.000      0      0      0      0      0
08/03/1990  20331    108  15133   5090     19   4648      0   1605      9   1929      0      0      0   0.00   0.00      0   0.00    6.8  0.000    0.0  0.000      0      0      0      0      0
08/04/1990  20847    108  15041   5698     14   4128      1   2045     13   2126      0      0      0   0.00   0.00      0   0.00    7.0  0.000    0.0  0.000      0      0      0      0      0
08/05/1990  21244    107  14915   6222     10   3725      4   2463     17   2309      0      0      0   0.00   0.00      0   0.00    7.2  0.000    0.0  0.000      0      0      0      0      0
08/06/1990  21497    105  14746   6646      6   3468      9   2847     20   2464      0      0      0   0.00   0.00      0   0.00    7.4  0.000    0.0  0.000      0      0      0      0      0
08/07/1990  21594    102  14522   6970      3   3359     14   3197     24   2583      0      0      0   0.00   0.00      0   0.00    7.6  0.000    0.0  0.000      0      0      0      0      0
08/08/1990  21556     98  14277   7181      1   3371     21   3528     27   2660      0      0      0   0.00   0.00      0   0.00    7.8  0.000    0.0  0.000      0      0      0      0      0
08/09/1990  21445     94  14003   7348      0   3502     29   3820     29   2713      0      0      0   0.00   0.00      0   0.00    8.0  0.000    0.0  0.000      0      0      0      0      0
08/10/1990  21191     89  13643   7459      0   3758     38   4063     30   2751      0      0      0   0.00   0.00      0   0.00    8.3  0.000    0.0  0.000      0      0      0      0      0
08/11/1990  20774     84  13217   7473      1   4146     47   4259     30   2778      0      0      0   0.00   0.00      0   0.00    8.5  0.000    0.0  0.000      0      0      0      0      0
08/12/1990  20245     79  12725   7441      4   4667     54   4407     30   2792      0      0      0   0.00   0.00      0   0.00    8.8  0.000    0.0  0.000      0      0      0      0      0
08/13/1990  19664     74  12181   7409      9   5324     59   4505     30   2772      0      0      0   0.00   0.00      0   0.00    9.0  0.000    0.0  0.000      0      0      0      0      0
08/14/1990  19015     69  11569   7377     14   6088     64   4573     29   2697      0      0      0   0.00   0.00      0   0.00    9.3  0.000    0.0  0.000      0      0      0      0      0
08/15/1990  18292     64  10917   7311     21   6938     67   4616     27   2562      0      0      0   0.00   0.00      0   0.00    9.5  0.000    0.0  0.000      0      0      0      0      0
08/16/1990  17586     59  10274   7253     29   7793     69   4617     26   2464      0      0      0   0.00   0.00      0   0.00    9.7  0.000    0.0  0.000      0      0      0      0      0
08/17/1990  16961     54   9717   7190     38   8578     69   4557     26   2427      0      0      0   0.00   0.00      0   0.00   10.0  0.000    0.0  0.000      0      0      0      0      0
08/18/1990  16453     49   9237   7167     48   9277     67   4427     26   2390      0      0      0   0.00   0.00      0   0.00   10.2  0.000    0.0  0.000      0      0      0      0      0
08/19/1990  12487     40   8744   3703     58   9884     66   4299     25   2338      0      0      0   0.00   0.00      0   0.00   10.5  0.017    0.0  0.000      0      4      3     99   3448
08/20/1990  12325     38   8550   3737     68  10392     65   4192     19   2107      0      0      0   0.00   0.00      0   0.00   10.6  0.023    0.0  0.000      0      0      0      1    208
08/21/1990  12301     36   8434   3831     78  10801     63   4045     14   1948      0      0      0   0.00   0.00      0   0.00   10.7  0.028    0.0  0.000      0      0      0      1    148
08/22/1990  12399     34   8394   3971     88  11086     61   3944      9   1827      0      0      0   0.00   0.00      0   0.00   10.8  0.031    0.0  0.000      0      0      0      0    102
08/23/1990  12604     32   8427   4145     98  11237     54   3737     10   1898      0      0      0   0.00   0.00      0   0.00   11.0  0.034    0.0  0.000      0      0      0      0     68
08/24/1990  12896     30   8524   4342    107  11336     48   3529     11   1908      0      0      0   0.00   0.00      0   0.00   11.1  0.037    0.0  0.000      0      0      0      0     45
08/25/1990  13263     28   8681   4554    114  11387     43   3344     12   1849      0      0      0   0.00   0.00      0   0.00   11.2  0.038    0.0  0.000      0      0      1      0     30
08/26/1990  13702     28   8897   4777    120  11318     38   3245     12   1803      0      0      0   0.00   0.00      0   0.00   11.4  0.040    0.0  0.000      0      0      1      0     19
08/27/1990  14199     31   9149   5019    124  11210     33   3099     13   1855      0      0      0   0.00   0.00      0   0.00   11.6  0.039    0.0  0.000      0      0      0      0      0
08/28/1990  14720     34   9425   5261    127  10911     29   3086     14   1981      0      0      0   0.00   0.00      0   0.00   11.8  0.038    0.0  0.000      0      0      0      0      0
08/29/1990  15267     39   9718   5510    128  10606     25   3100     15   2108      0      0      0   0.00   0.00      0   0.00   11.9  0.038    0.0  0.000      0      0      0      0      0
08/30/1990  15786     45  10023   5718    123  10324     27   3127     16   2171      0      0      0   0.00   0.00      0   0.00   12.1  0.037    0.0  0.000      0      0      0      0      0
08/31/1990  16255     52  10762   5441    117  10058     29   3169     17   2199      0      0      0   0.00   0.00      0   0.00   12.3  0.037    0.0  0.000      0      0      0      0      0
09/01/1990  16685     60  11507   5118    110   9736     31   3300     18   2197      0      0      0   0.00   0.00      0   0.00   12.5  0.036    0.0  0.000      0      0      0      0      0
09/02/1990  17621     68  12247   5306    104   9385     33   3449     17   2196      0      0      0   0.00   0.00      0   0.00   12.4  0.036    0.0  0.000      0      0      0      0      0
09/03/1990  17991     76  12966   4949     98   9093     35   3565     16   2194      0      0      0   0.00   0.00      0   0.00   12.5  0.036    0.0  0.000      0      0      0      0      0
09/04/1990  18289     84  13636   4569     92   8898     37   3642     15   2156      0      0      0   0.00   0.00      0   0.00   12.7  0.036    0.0  0.000      0      0      0      0      0
09/05/1990  18511     92  14245   4174     86   8804     38   3664     15   2121      0      0      0   0.00   0.00      0   0.00   12.7  0.035    0.0  0.000      0      0      0      0      0
09/06/1990  18734    100  14866   3768     81   8737     38   3651     14   2057      0      0      0   0.00   0.00      0   0.00   12.8  0.035    0.0  0.000      0      0      0      0      0
09/07/1990  18949    107  15507   3335     77   8642     38   3627     12   1983      0      0      0   0.00   0.00      0   0.00   12.9  0.035    0.0  0.000      0      0      0      0      0
09/08/1990  19102    113  16087   2902     74   8613     38   3586      9   1876      0      0      0   0.00   0.00      0   0.00   12.9  0.035    0.0  0.000      0      0      0      0      0
09/09/1990  19255    122  16519   2614     71   8596     36   3511      6   1760      0      0      0   0.00   0.00      0   0.00   12.9  0.035    0.0  0.000      0      0      0      0      0
09/10/1990  19241    131  16690   2420     68   8731     33   3414      4   1670      0      0      0   0.00   0.00      0   0.00   12.9  0.035    0.0  0.000      0      0      0      0      0
09/11/1990  19662    139  16794   2729     66   8859     29   3268      2   1587      0      0      0   0.00   0.00      0   0.00   12.9  0.035    0.0  0.000      0      0      0      0      0
09/12/1990  19930    147  16857   2926     63   8925     25   3115      2   1567      0      0      0   0.00   0.00      0   0.00   12.9  0.035    0.0  0.000      0      0      0      0      0
09/13/1990  20406    150  16872   3384     65   8954     21   2963      2   1578      0      0      0   0.00   0.00      0   0.00   12.9  0.035    0.0  0.000      0      0      0      0      0
09/14/1990  20832    153  16773   3906     67   9008     16   2798      4   1627      0      0      0   0.00   0.00      0   0.00   13.0  0.035    0.0  0.000      0      0      0      0      0
09/15/1990  21224    156  16580   4488     69   9059     12   2699      6   1684      0      0      0   0.00   0.00      0   0.00   13.1  0.034    0.0  0.000      0      0      0      0      0
09/16/1990  21653    158  16366   5129     69   9027      9   2665      9   1761      0      0      0   0.00   0.00      0   0.00   13.2  0.034    0.0  0.000      0      0      0      0      0
09/17/1990  22135    157  16164   5814     68   8913      8   2665     12   1892      0      0      0   0.00   0.00      0   0.00   13.3  0.034    0.0  0.000      0      0      0      0      0
09/18/1990  22657    156  15978   6523     66   8748      9   2713     15   2012      0      0      0   0.00   0.00      0   0.00   13.5  0.033    0.0  0.000      0      0      0      0      0
09/19/1990  23071    153  15814   7104     63   8506     12   2839     18   2117      0      0      0   0.00   0.00      0   0.00   13.7  0.033    0.0  0.000      0      0      0      0      0
09/20/1990  23375    150  15622   7603     59   8309     16   2990     21   2240      0      0      0   0.00   0.00      0   0.00   13.9  0.032    0.0  0.000      0      0      0      0      0
09/21/1990  23605    146  15426   8033     54   8127     22   3147     24   2365      0      0      0   0.00   0.00      0   0.00   14.2  0.032    0.0  0.000      0      0      0      0      0
09/22/1990  23767    141  15233   8393     50   7936     28   3329     26   2433      0      0      0   0.00   0.00      0   0.00   14.5  0.031    0.0  0.000      0      0      0      0      0
09/23/1990  23842    137  15030   8675     45   7797     35   3546     27   2395      0      0      0   0.00   0.00      0   0.00   14.8  0.030    0.0  0.000      0      0      0      0      0
09/24/1990  23857    133  14852   8872     41   7694     42   3751     28   2382      0      0      0   0.00   0.00      0   0.00   15.1  0.030    0.0  0.000      0      0      0      0      0
09/25/1990  23785    129  14696   8960     38   7672     48   3870     29   2401      0      0      0   0.00   0.00      0   0.00   15.4  0.029    0.0  0.000      0      0      0      0      0
09/26/1990  23641    124  14589   8928     37   7688     53   3929     30   2455      0      0      0   0.00   0.00      0   0.00   15.7  0.029    0.0  0.000      0      0      0      0      0
09/27/1990  23436    119  14445   8872     37   7754     58   4016     30   2457      0      0      0   0.00   0.00      0   0.00   16.0  0.028    0.0  0.000      0      0      0      0      0
09/28/1990  23171    115  14252   8804     38   7929     62   4031     30   2476      0      0      0   0.00   0.00      0   0.00   16.3  0.028    0.0  0.000      0      0      0      0      0
09/29/1990  22845    112  14075   8658     40   8177     65   4019     31   2529      0      0      0   0.00   0.00      0   0.00   16.5  0.027    0.0  0.000      0      0      0      0      0
09/30/1990  22471    107  13867   8497     44   8427     67   4040     32   2600      0      0      0   0.00   0.00      0   0.00   16.8  0.027    0.0  0.000      0      0      0      0      0
10/01/1990  22076    101  13815   8160     50   8654     68   4112     33   2654      0      0      0   0.00   0.00      0   0.00   17.1  0.026    0.0  0.000      0      0      0      0      0
10/02/1990  21637     95  13714   7828     57   8972     70   4166     32   2602      0      0      0   0.00   0.00      0   0.00   17.4  0.026    0.0  0.000      0      0      0      0      0
10/03/1990  21231     88  13607   7536     65   9261     72   4239     30   2524      0      0      0   0.00   0.00      0   0.00   17.6  0.026    0.0  0.000      0      0      0      0      0
10/04/1990  20871     86  13495   7290     74   9531     73   4311     29   2500      0      0      0   0.00   0.00      0   0.00   17.8  0.025    0.0  0.000      0      0      0      0      0
10/05/1990  20559     83  13433   7043     84   9802     73   4311     27   2467      0      0      0   0.00   0.00      0   0.00   18.1  0.025    0.0  0.000      0      0      0      0      0
10/06/1990  20346     81  13442   6823     93  10053     72   4287     25   2362      0      0      0   0.00   0.00      0   0.00   18.3  0.025    0.0  0.000      0      0      0      0      0
10/07/1990  20160     78  13453   6629    102  10299     72   4282     21   2141      0      0      0   0.00   0.00      0   0.00   18.5  0.024    0.0  0.000      0      0      0      0      0
10/08/1990  20017     76  13470   6471    110  10510     70   4178     19   2005      0      0      0   0.00   0.00      0   0.00   18.7  0.024    0.0  0.000      0      0      0      0      0
10/09/1990  19962     75  13473   6414    118  10695     66   3995     18   1983      0      0      0   0.00   0.00      0   0.00   18.8  0.024    0.0  0.000      0      0      0      0      0
10/10/1990  19936     75  13462   6399    125  10784     61   3821     18   2004      0      0      0   0.00   0.00      0   0.00   19.0  0.024    0.0  0.000      0      0      0      0      0
10/11/1990  20149     75  13539   6535    131  10794     56   3659     18   2021      0      0      0   0.00   0.00      0   0.00   19.2  0.023    0.0  0.000      0      0      0      0      0
10/12/1990  20380     76  13639   6665    135  10830     52   3478     18   2019      0      0      0   0.00   0.00      0   0.00   19.4  0.023    0.0  0.000      0      0      0      0      0
10/13/1990  20545     78  13698   6769    137  10818     49   3358     18   2032      0      0      0   0.00   0.00      0   0.00   19.7  0.023    0.0  0.000      0      0      0      0      0
10/14/1990  20651     80  13738   6833    139  10761     45   3318     19   2057      0      0      0   0.00   0.00      0   0.00   19.9  0.023    0.0  0.000      0      0      0      0      0
10/15/1990  20861     83  13827   6951    138  10589     43   3356     20   2078      0      0      0   0.00   0.00      0   0.00   20.1  0.022    0.0  0.000      0      0      0      0      0
10/16/1990  21105     86  13943   7076    136  10422     42   3385     21   2095      0      0      0   0.00   0.00      0   0.00   20.3  0.022    0.0  0.000      0      0      0      0      0
10/17/1990  21313     90  14072   7151    133  10289     43   3392     21   2101      0      0      0   0.00   0.00      0   0.00   20.5  0.022    0.0  0.000      0      0      0      0      0
10/18/1990  21475     95  14227   7153    129  10136     44   3430     21   2112      0      0      0   0.00   0.00      0   0.00   20.8  0.022    0.0  0.000      0      0      0      0      0
10/19/1990  21614    100  14436   7078    125   9967     45   3459     20   2051      0      0      0   0.00   0.00      0   0.00   21.0  0.021    0.0  0.000      0      0      0      0      0
10/20/1990  21749    105  14725   6919    121   9779     46   3474     18   1935      0      0      0   0.00   0.00      0   0.00   21.2  0.021    0.0  0.000      0      0      0      0      0
10/21/1990  21920    111  15067   6742    117   9568     47   3510     17   1853      0      0      0   0.00   0.00      0   0.00   21.4  0.021    0.0  0.000      0      0      0      0      0
10/22/1990  22087    118  15420   6549    113   9370     47   3453     17   1850      0      0      0   0.00   0.00      0   0.00   21.6  0.021    0.0  0.000      0      0      0      0      0
10/23/1990  22176    127  15740   6309    108   9255     46   3331     18   1907      0      0      0   0.00   0.00      0   0.00   21.8  0.021    0.0  0.000      0      0      0      0      0
10/24/1990  22274    137  16024   6113    104   9139     45   3268     18   1936      0      0      0   0.00   0.00      0   0.00   21.9  0.020    0.0  0.000      0      0      0      0      0
10/25/1990  22422    147  16342   5933    100   8971     44   3202     18   1967      0      0      0   0.00   0.00      0   0.00   22.1  0.020    0.0  0.000      0      0      0      0      0
10/26/1990  22517    157  16580   5780     97   8900     43   3126     17   1933      0      0      0   0.00   0.00      0   0.00   22.2  0.020    0.0  0.000      0      0      0      0      0
10/27/1990  22543    165  16702   5676     95   8828     42   3153     16   1894      0      0      0   0.00   0.00      0   0.00   22.4  0.020    0.0  0.000      0      0      0      0      0
10/28/1990  22533    174  16722   5637     92   8765     41   3234     15   1827      0      0      0   0.00   0.00      0   0.00   22.5  0.020    0.0  0.000      0      0      0      0      0
10/29/1990  22562    180  16693   5689     90   8748     40   3206     15   1806      0      0      0   0.00   0.00      0   0.00   22.7  0.020    0.0  0.000      0      0      0      0      0
10/30/1990  22669    184  16673   5812     88   8695     40   3197     15   1725      0      0      0   0.00   0.00      0   0.00   22.8  0.020    0.0  0.000      0      0      0      0      0
10/31/1990  22789    186  16609   5994     88   8668     39   3154     15   1652      0      0      0   0.00   0.00      0   0.00   23.0  0.020    0.0  0.000      0      0      0      0      0
11/01/1990  22910    187  16474   6249     88   8663     38   3076     14   1501      0      0      0   0.00   0.00      0   0.00   23.1  0.019    0.0  0.000      0      0      0      0      0
11/02/1990  23085    187  16327   6571     88   8643     37   2955     13   1368      0      0      0   0.00   0.00      0   0.00   23.3  0.019    0.0  0.000      0      0      0      0      0
11/03/1990  23227    186  16208   6833     88   8569     36   2873     12   1289      0      0      0   0.00   0.00      0   0.00   23.5  0.019    0.0  0.000      0      0      0      0      0
11/04/1990  23362    184  16136   7042     88   8500     34   2683     13   1354      0      0      0   0.00   0.00      0   0.00   23.7  0.019    0.0  0.000      0      0      0      0      0
11/05/1990  23509    181  16023   7305     87   8392     33   2496     14   1465      0      0      0   0.00   0.00      0   0.00   23.9  0.019    0.0  0.000      0      0      0      0      0
11/06/1990  23612    178  15902   7532     86   8280     32   2356     15   1464      0      0      0   0.00   0.00      0   0.00   24.1  0.019    0.0  0.000      0      0      0      0      0
11/07/1990  23679    176  15782   7721     84   8124     32   2312     15   1407      0      0      0   0.00   0.00      0   0.00   24.4  0.018    0.0  0.000      0      0      0      0      0
11/08/1990  23709    173  15678   7858     82   7932     32   2309     15   1394      0      0      0   0.00   0.00      0   0.00   24.6  0.018    0.0  0.000      0      0      0      0      0
11/09/1990  23634    170  15477   7987     80   7730     32   2319     15   1488      0      0      0   0.00   0.00      0   0.00   24.9  0.018    0.0  0.000      0      0      0      0      0
11/10/1990  23482    167  15188   8127     78   7557     32   2351     16   1600      0      0      0   0.00   0.00      0   0.00   25.1  0.018    0.0  0.000      0      0      0      0      0
11/11/1990  23310    164  14931   8215     75   7368     33   2414     17   1672      0      0      0   0.00   0.00      0   0.00   25.4  0.018    0.0  0.000      0      0      0      0      0
11/12/1990  23108    160  14673   8275     73   7234     34   2453     19   1744      0      0      0   0.00   0.00      0   0.00   25.7  0.017    0.0  0.000      0      0      0      0      0
11/13/1990  22943    154  14493   8296     72   7115     36   2486     20   1823      0      0      0   0.00   0.00      0   0.00   25.9  0.017    0.0  0.000      0      0      0      0      0
11/14/1990  22836    149  14343   8344     71   6896     37   2622     20   1792      0      0      0   0.00   0.00      0   0.00   26.2  0.017    0.0  0.000      0      0      0      0      0
11/15/1990  22677    144  14140   8393     70   6674     39   2790     18   1705      0      0      0   0.00   0.00      0   0.00   26.5  0.017    0.0  0.000      0      0      0      0      0
11/16/1990  22461    140  13959   8362     69   6576     41   2915     17   1649      0      0      0   0.00   0.00      0   0.00   26.8  0.017    0.0  0.000      0      0      0      0      0
11/17/1990  22263    137  13875   8251     68   6490     42   2926     18   1704      0      0      0   0.00   0.00      0   0.00   27.1  0.017    0.0  0.000      0      0      0      0      0
11/18/1990  22036    133  13826   8077     67   6447     42   2895     19   1741      0      0      0   0.00   0.00      0   0.00   27.3  0.016    0.0  0.000      0      0      0      0      0
11/19/1990  21781    130  13760   7891     67   6442     43   2892     19   1731      0      0      0   0.00   0.00      0   0.00   27.6  0.016    0.0  0.000      0      0      0      0      0
11/20/1990  22312    128  13617   8567     68   6509     44   2886     16   1541      0      0      0   0.00   0.00      0   0.00   27.9  0.016    0.0  0.000      0      0      0      0      0
11/21/1990  21964    127  13474   8363     69   6618     44   2813     14   1355      0      0      0   0.00   0.00      0   0.00   28.2  0.016    0.0  0.000      0      0      0      0      0
11/22/1990  20626    126  13240   7260     71   6733     43   2831     12   1185      0      0      0   0.00   0.00      0   0.00   28.4  0.016    0.0  0.000      0      0      0      0      0
11/23/1990  20215    125  12966   7124     73   6846     40   2722     12   1150      0      0      0   0.00   0.00      0   0.00   28.6  0.016    0.0  0.000      0      0      0      0      0
11/24/1990  19846    124  12731   6991     74   6978     38   2519     12   1158      0      0      0   0.00   0.00      0   0.00   28.8  0.016    0.0  0.000      0      0      0      0      0
11/25/1990  20333    122  12537   7674     75   7083     37   2312     12   1185      0      0      0   0.00   0.00      0   0.00   28.8  0.016    0.0  0.000      0      0      0      0      0
11/26/1990  20841    120  12353   8368     77   7122     35   2131     11   1102      0      0      0   0.00   0.00      0   0.00   28.7  0.016    0.0  0.000      0      0      0      0      0
11/27/1990  21272    118  12100   9054     80   7245     32   1946     10    993      0      0      0   0.00   0.00      0   0.00   28.6  0.016    0.0  0.000      0      0      0      0      0
11/28/1990  21701    116  11843   9742     81   7217     30   1956     10    902      0      0      0   0.00   0.00      0   0.00   28.9  0.015    0.0  0.000      0      0      0      0      0
11/29/1990  20569    114  11635   8820     82   7083     27   1878     12   1006      0      0      0   0.00   0.00      0   0.00   29.3  0.015    0.0  0.000      0      0      0      0      0
11/30/1990  20399    112  11537   8750     81   6942     26   1754     14   1129      0      0      0   0.00   0.00      0   0.00   29.6  0.015    0.0  0.000      0      0      0      0      0
12/01/1990  20940    110  11508   9322     80   6767     26   1708     14   1124      0      0      0   0.00   0.00      0   0.00   29.9  0.015    0.0  0.000      0      0      0      0      0
12/02/1990  21507    108  11454   9945     79   6569     27   1726     12   1009      0      0      0   0.00   0.00      0   0.00   29.8  0.015    0.0  0.000      0      0      0      0      0
12/03/1990  21474    107  11431   9936     78   6383     28   1698     11    944      0      0      0   0.00   0.00      0   0.00   30.2  0.015    0.0  0.000      0      0      0      0      0
12/04/1990  21461    108  11424   9929     76   6046     28   1730     12    980      0      0      0   0.00   0.00      0   0.00   30.6  0.015    0.0  0.000      0      0      0      0      0
12/05/1990  21999    108  11310  10581     74   5770     27   1742     12    991      0      0      0   0.00   0.00      0   0.00   30.5  0.015    0.0  0.000      0      0      0      0      0
12/06/1990  21841    109  11169  10563     70   5580     28   1740     13   1024      0      0      0   0.00   0.00      0   0.00   30.9  0.014    0.0  0.000      0      0      0      0      0
12/07/1990  21103    110  11140   9853     66   5403     30   1704     13   1055      0      0      0   0.00   0.00      0   0.00   31.3  0.014    0.0  0.000      0      0      0      0      0
12/08/1990  21027    110  11120   9797     64   5195     29   1604     15   1138      0      0      0   0.00   0.00      0   0.00   31.6  0.014    0.0  0.000      0      0      0      0      0
12/09/1990  18829    109  11083   7637     64   4963     29   1640     15   1170      0      0      0   0.00   0.00      0   0.00   31.9  0.014    0.0  0.000      0      0      0      0      0
12/10/1990  18699    110  11065   7524     63   4681     29   1750     15   1243      0      0      0   0.00   0.00      0   0.00   32.2  0.014    0.0  0.000      0      0      0      0      0
12/11/1990  18401    112  10936   7353     60   4598     30   1798     15   1326      0      0      0   0.00   0.00      0   0.00   32.4  0.014    0.0  0.000      0      0      0      0      0
12/12/1990  18766    113  10786   7867     57   4588     32   1830     14   1347      0      0      0   0.00   0.00      0   0.00   32.3  0.014    0.0  0.000      0      0      0      0      0
12/13/1990  19154    114  10749   8291     55   4487     33   2002     13   1253      0      0      0   0.00   0.00      0   0.00   32.6  0.014    0.0  0.000      0      0      0      0      0
12/14/1990  19522    113  10718   8691     56   4472     33   2100      9    966      0      0      0   0.00   0.00      0   0.00   32.6  0.014    0.0  0.000      0      0      0      0      0
12/15/1990  19892    112  10655   9125     55   4485     34   2122      7    775      0      0      0   0.00   0.00      0   0.00   32.5  0.014    0.0  0.000      0      0      0      0      0
12/16/1990  20305    112  10580   9613     56   4440     33   2117      5    609      0      0      0   0.00   0.00      0   0.00   32.4  0.014    0.0  0.000      0      0      0      0      0
12/17/1990  20590    112  10355  10123     57   4540     29   1896      6    677      0      0      0   0.00   0.00      0   0.00   32.3  0.014    0.0  0.000      0      0      0      0      0
12/18/1990  20851    112  10184  10555     58   4735     26   1654      7    730      0      0      0   0.00   0.00      0   0.00   32.3  0.014    0.0  0.000      0      0      0      0      0
12/19/1990  21171    111  10075  10985     59   4864     23   1400      8    769      0      0      0   0.00   0.00      0   0.00   32.2  0.014    0.0  0.000      0      0      0      0      0
12/20/1990  21557    109   9967  11481     61   4881     20   1226      6    610      0      0      0   0.00   0.00      0   0.00   32.1  0.014    0.0  0.000      0      0      0      0      0
12/21/1990  21938    107   9825  12006     63   4859     18   1131      3    331      0      0      0   0.00   0.00      0   0.00   32.0  0.014    0.0  0.000      0      0      0      0      0
12/22/1990  22252    106   9599  12547     63   4706     17   1203      0     84      0      0      0   0.00   0.00      0   0.00   32.0  0.014    0.0  0.000      0      0      0      0      0
12/23/1990  22524    106   9304  13114     62   4647     13   1061      0      0      0      0      0   0.00   0.00      0   0.00   31.9  0.014    0.0  0.000      0      0      0      0      0
12/24/1990  22841    106   9025  13710     58   4524     12    853      0      0      0      0      0   0.00   0.00      0   0.00   31.8  0.014    0.0  0.000      0      0      0      0      0
12/25/1990  23189    104   8756  14329     56   4403     10    610      0     51      0      0      0   0.00   0.00      0   0.00   31.8  0.014    0.0  0.000      0      0      0      0      0
12/26/1990  23467    101   8503  14863     55   4386      8    331      1    176      0      0      0   0.00   0.00      0   0.00   31.7  0.014    0.0  0.000      0      0      0      0      0
12/27/1990  23813     98   8344  15371     53   4269      6     84      3    352      0      0      0   0.00   0.00      0   0.00   31.7  0.014    0.0  0.000      0      0      0      0      0
12/28/1990  24191     96   8162  15933     51   3958      3     51      6    506      0      0      0   0.00   0.00      0   0.00   31.6  0.014    0.0  0.000      0      0      0      0      0
12/29/1990  24551     93   7937  16521     51   3579      1    176      5    471      0      0      0   0.00   0.00      0   0.00   31.6  0.014    0.0  0.000      0      0      0      0      0
12/30/1990  24931     93   7773  17065     46   3183      3    352      5    448      0      0      0   0.00   0.00      0   0.00   31.5  0.014    0.0  0.000      0      0      0      0      0
12/31/1990  25382     92   7674  17616     41   2715      6    557      4    404      0      0      0   0.00   0.00      0   0.00   31.5  0.014    0.0  0.000      0      0      0      0      0
