Varroa Population Simulation - Nov 24,2015  04:11:45 PM
VarroaPop Version 3.2.5.8  June, 2015

                                        Capped  Capped                                                                      Prop           Conc          Conc                                     
            Colony  Adult  Adult         Drone   Wkr    Drone  Wkr    Drone  Wkr  Free   DBrood WBrood DMite  WMite  Mites  Mites  Colony Pollen Colony Nectar   Dead   Dead   Dead   Dead   Dead
     Date   Size   Drones   Wkr   Forgrs Brood  Brood   Larv   Larv    Eggs  Eggs Mites  Mites  Mites  /Cell  /Cell  Dying  Dying  Pollen  Pest  Nectar  Pest    DLarv  WLarv  DAdlt  WAdlt  Forgrs
Initial     10000      0   5817   4183      0      0      0      0      0      0      0      0      0   0.00   0.00      0   0.00    0.0  0.000    0.0  0.000      0      0      0      0      0
05/01/1990   9723      0   5540   4183      0      0      0      0      4    659      0      0      0   0.00   0.00      0   0.00    0.2  0.000    0.0  0.000      0      0      0      0      0
05/02/1990   9446      0   5263   4183      0      0      0      0      9   1368      0      0      0   0.00   0.00      0   0.00    0.3  0.000    0.0  0.000      0      0      0      0      0
05/03/1990   9169      0   4986   4183      0      0      0      0     14   2140      0      0      0   0.00   0.00      0   0.00    0.5  0.000    0.0  0.000      0      0      0      0      0
05/04/1990   8892      0   4709   4183      0      0      4    659     15   2285      0      0      0   0.00   0.00      0   0.00    0.6  0.000    0.0  0.000      0      0      0      0      0
05/05/1990   8615      0   4432   4183      0      0      9   1368     15   2396      0      0      0   0.00   0.00      0   0.00    0.8  0.000    0.0  0.000      0      0      0      0      0
05/06/1990   8338      0   4155   4183      0      0     14   2140     15   2428      0      0      0   0.00   0.00      0   0.00    0.9  0.000    0.0  0.000      0      0      0      0      0
05/07/1990   8061      0   3878   4183      0      0     19   2944     15   2370      0      0      0   0.00   0.00      0   0.00    1.1  0.000    0.0  0.000      0      0      0      0      0
05/08/1990   7784      0   3601   4183      0      0     24   3764     15   2284      0      0      0   0.00   0.00      0   0.00    1.2  0.000    0.0  0.000      0      0      0      0      0
05/09/1990   7507      0   3324   4183      0    659     29   3909     14   2159      0      0      0   0.00   0.00      0   0.00    1.4  0.000    0.0  0.000      0      0      0      0      0
05/10/1990   7230      0   3047   4183      0   1368     34   3946     12   1997      0      0      0   0.00   0.00      0   0.00    1.6  0.000    0.0  0.000      0      0      0      0      0
05/11/1990   6953      0   2770   4183      4   2140     35   3908     11   1907      0      0      0   0.00   0.00      0   0.00    1.7  0.000    0.0  0.000      0      0      0      0      0
05/12/1990   6676      0   2493   4183      9   2944     34   3783     11   1896      0      0      0   0.00   0.00      0   0.00    1.9  0.000    0.0  0.000      0      0      0      0      0
05/13/1990   6399      0   2216   4183     14   3764     32   3547     12   1991      0      0      0   0.00   0.00      0   0.00    2.0  0.000    0.0  0.000      0      0      0      0      0
05/14/1990   6122      0   1939   4183     19   4568     31   3387     12   2023      0      0      0   0.00   0.00      0   0.00    2.2  0.000    0.0  0.000      0      0      0      0      0
05/15/1990   5817      0   1662   4155     24   5314     30   3309     12   2004      0      0      0   0.00   0.00      0   0.00    2.4  0.000    0.0  0.000      0      0      0      0      0
05/16/1990   5540      0   1385   4155     29   6048     29   3254     13   2050      0      0      0   0.00   0.00      0   0.00    2.6  0.000    0.0  0.000      0      0      0      0      0
05/17/1990   5263      0   1108   4155     34   6727     28   3251     13   2051      0      0      0   0.00   0.00      0   0.00    2.7  0.000    0.0  0.000      0      0      0      0      0
05/18/1990   4986      0    831   4155     39   7311     27   3316     13   2007      0      0      0   0.00   0.00      0   0.00    2.9  0.000    0.0  0.000      0      0      0      0      0
05/19/1990   4709      0    554   4155     43   7955     28   3397     11   1870      0      0      0   0.00   0.00      0   0.00    3.1  0.000    0.0  0.000      0      0      0      0      0
05/20/1990   4432      0    277   4155     46   8623     29   3406     11   1861      0      0      0   0.00   0.00      0   0.00    3.3  0.000    0.0  0.000      0      0      0      0      0
05/21/1990   4155      0      0   4155     50   9302     29   3332     11   1955      0      0      0   0.00   0.00      0   0.00    3.5  0.000    0.0  0.000      0      0      0      0      0
05/22/1990   4537      0    659   3878     54   9319     28   3244     13   2080      0      0      0   0.00   0.00      0   0.00    3.6  0.000    0.0  0.000      0      0      0      0      0
05/23/1990   5246      0   1368   3878     58   9259     28   3263     12   1983      0      0      0   0.00   0.00      0   0.00    3.6  0.000    0.0  0.000      0      0      0      0      0
05/24/1990   5741      0   2140   3601     62   9212     28   3237     11   1850      0      0      0   0.00   0.00      0   0.00    3.8  0.000    0.0  0.000      0      0      0      0      0
05/25/1990   6272      4   2944   3324     62   9085     29   3273      9   1751      0      0      0   0.00   0.00      0   0.00    3.9  0.000    0.0  0.000      0      0      0      0      0
05/26/1990   6820      9   3764   3047     62   8870     27   3239      8   1782      0      0      0   0.00   0.00      0   0.00    4.0  0.000    0.0  0.000      0      0      0      0      0
05/27/1990   7629     14   4568   3047     61   8654     26   3217      6   1720      0      0      0   0.00   0.00      0   0.00    4.0  0.000    0.0  0.000      0      0      0      0      0
05/28/1990   8380     19   5314   3047     60   8576     25   3163      4   1604      0      0      0   0.00   0.00      0   0.00    4.0  0.000    0.0  0.000      0      0      0      0      0
05/29/1990   8842     24   6048   2770     58   8541     24   3066      3   1537      0      0      0   0.00   0.00      0   0.00    4.0  0.000    0.0  0.000      0      0      0      0      0
05/30/1990   9249     29   6727   2493     57   8575     21   2857      3   1551      0      0      0   0.00   0.00      0   0.00    4.1  0.000    0.0  0.000      0      0      0      0      0
05/31/1990   9561     34   7311   2216     56   8562     18   2784      2   1519      0      0      0   0.00   0.00      0   0.00    4.2  0.000    0.0  0.000      0      0      0      0      0
06/01/1990   9933     39   7955   1939     56   8484     14   2753      1   1431      0      0      0   0.00   0.00      0   0.00    4.2  0.000    0.0  0.000      0      0      0      0      0
06/02/1990  10328     43   8623   1662     55   8430     12   2657      0   1388      0      0      0   0.00   0.00      0   0.00    4.2  0.000    0.0  0.000      0      0      0      0      0
06/03/1990  10733     46   9302   1385     55   8353      9   2521      0   1370      0      0      0   0.00   0.00      0   0.00    4.2  0.000    0.0  0.000      0      0      0      0      0
06/04/1990  11136     50   9978   1108     54   8181      6   2464      0   1325      0      0      0   0.00   0.00      0   0.00    4.2  0.000    0.0  0.000      0      0      0      0      0
06/05/1990  11512     54  10627    831     52   8030      4   2441      0   1195      0      0      0   0.00   0.00      0   0.00    4.2  0.000    0.0  0.000      0      0      0      0      0
06/06/1990  11964     58  11352    554     49   7840      3   2354      0   1031      0      0      0   0.00   0.00      0   0.00    4.1  0.000    0.0  0.000      0      0      0      0      0
06/07/1990  12368     62  12029    277     46   7681      2   2238      0    833      0      0      0   0.00   0.00      0   0.00    4.1  0.000    0.0  0.000      0      0      0      0      0
06/08/1990  12700     66  12634      0     43   7542      1   2117      0    610      0      0      0   0.00   0.00      0   0.00    4.0  0.000    0.0  0.000      0      0      0      0      0
06/09/1990  13293     71  13222      0     39   7401      0   1954      0    326      0      0      0   0.00   0.00      0   0.00    3.9  0.000    0.0  0.000      0      0      0      0      0
06/10/1990  13965     75  13890      0     35   7208      0   1683      0    122      0      0      0   0.00   0.00      0   0.00    3.8  0.000    0.0  0.000      0      0      0      0      0
06/11/1990  14668     79  14589      0     31   6957      0   1357      0      0      0      0      0   0.00   0.00      0   0.00    3.7  0.000    0.0  0.000      0      0      0      0      0
06/12/1990  15384     82  14643    659     28   6646      0    955      0      0      0      0      0   0.00   0.00      0   0.00    3.6  0.000    0.0  0.000      0      0      0      0      0
06/13/1990  15959     86  14505   1368     24   6420      0    610      0    211      0      0      0   0.00   0.00      0   0.00    3.6  0.000    0.0  0.000      0      0      0      0      0
06/14/1990  16529     90  14299   2140     20   6138      0    326      0    558      0      0      0   0.00   0.00      0   0.00    3.6  0.000    0.0  0.000      0      0      0      0      0
06/15/1990  17144     91  14109   2944     15   5728      0    122      0   1034      0      0      0   0.00   0.00      0   0.00    3.6  0.000    0.0  0.000      0      0      0      0      0
06/16/1990  17744     89  13891   3764     12   5248      0    211      2   1435      0      0      0   0.00   0.00      0   0.00    3.7  0.000    0.0  0.000      0      0      0      0      0
06/17/1990  18246     87  13591   4568      9   4744      0    558      6   1821      0      0      0   0.00   0.00      0   0.00    3.8  0.000    0.0  0.000      0      0      0      0      0
06/18/1990  18742     85  13343   5314      6   4246      0   1034     11   2113      0      0      0   0.00   0.00      0   0.00    4.0  0.000    0.0  0.000      0      0      0      0      0
06/19/1990  19274     82  13144   6048      4   3711      2   1646     16   2387      0      0      0   0.00   0.00      0   0.00    4.1  0.000    0.0  0.000      0      0      0      0      0
06/20/1990  19788     78  12983   6727      3   3193      6   2379     22   2667      0      0      0   0.00   0.00      0   0.00    4.4  0.000    0.0  0.000      0      0      0      0      0
06/21/1990  20250     74  12865   7311      2   2938     11   2936     28   2961      0      0      0   0.00   0.00      0   0.00    4.6  0.000    0.0  0.000      0      0      0      0      0
06/22/1990  20693     70  12668   7955      1   2838     18   3475     32   3100      0      0      0   0.00   0.00      0   0.00    4.9  0.000    0.0  0.000      0      0      0      0      0
06/23/1990  21165     67  12475   8623      0   2839     28   4012     34   3144      0      0      0   0.00   0.00      0   0.00    5.2  0.000    0.0  0.000      0      0      0      0      0
06/24/1990  21610     64  12244   9302      0   3003     39   4462     36   3194      0      0      0   0.00   0.00      0   0.00    5.5  0.000    0.0  0.000      0      0      0      0      0
06/25/1990  22008     60  11970   9978      0   3334     50   4754     40   3312      0      0      0   0.00   0.00      0   0.00    5.9  0.000    0.0  0.000      0      0      0      0      0
06/26/1990  22349     56  11666  10627      2   3757     60   5043     44   3441      0      0      0   0.00   0.00      0   0.00    6.2  0.000    0.0  0.000      0      0      0      0      0
06/27/1990  21970     52  11225  10693      6   4359     69   5269     48   3521      0      0      0   0.00   0.00      0   0.00    6.6  0.000    0.0  0.000      0      0      0      0      0
06/28/1990  21461     48  10752  10661     11   5168     79   5399     50   3554      0      0      0   0.00   0.00      0   0.00    7.0  0.000    0.0  0.000      0      0      0      0      0
06/29/1990  20807     44  10269  10494     18   6108     88   5523     51   3604      0      0      0   0.00   0.00      0   0.00    7.4  0.000    0.0  0.000      0      0      0      0      0
06/30/1990  19998     39   9681  10278     28   7133     95   5690     51   3648      0      0      0   0.00   0.00      0   0.00    7.8  0.000    0.0  0.000      0      0      0      0      0
07/01/1990  19174     35   9013  10126     39   8190    101   5809     51   3696      0      0      0   0.00   0.00      0   0.00    8.2  0.000    0.0  0.000      0      0      0      0      0
07/02/1990  18366     31   8314  10021     50   9302    107   5933     50   3629      0      0      0   0.00   0.00      0   0.00    8.6  0.000    0.0  0.000      0      0      0      0      0
07/03/1990  17617     28   7601   9988     62  10445    112   6026     49   3548      0      0      0   0.00   0.00      0   0.00    9.0  0.000    0.0  0.000      0      0      0      0      0
07/04/1990  17090     24   7241   9825     75  11420    116   6064     47   3436      0      0      0   0.00   0.00      0   0.00    9.4  0.000    0.0  0.000      0      0      0      0      0
07/05/1990  16754     20   7022   9712     90  12265    117   6041     46   3388      0      0      0   0.00   0.00      0   0.00    9.7  0.000    0.0  0.000      0      0      0      0      0
07/06/1990  16641     15   6884   9742    106  12965    117   6020     45   3351      0      0      0   0.00   0.00      0   0.00   10.1  0.000    0.0  0.000      0      0      0      0      0
07/07/1990  16606     12   6894   9700    123  13589    115   5896     45   3394      0      0      0   0.00   0.00      0   0.00   10.5  0.000    0.0  0.000      0      0      0      0      0
07/08/1990  16668      9   7123   9536    140  14092    113   5781     46   3436      0      0      0   0.00   0.00      0   0.00   10.9  0.000    0.0  0.000      0      0      0      0      0
07/09/1990  16754      6   7393   9355    157  14548    111   5675     46   3489      0      0      0   0.00   0.00      0   0.00   11.2  0.000    0.0  0.000      0      0      0      0      0
07/10/1990  16964      6   7744   9214    172  14831    109   5661     47   3538      0      0      0   0.00   0.00      0   0.00   11.6  0.000    0.0  0.000      0      0      0      0      0
07/11/1990  17331      9   8239   9083    185  14973    108   5669     47   3588      0      0      0   0.00   0.00      0   0.00   11.9  0.000    0.0  0.000      0      0      0      0      0
07/12/1990  17672     13   8835   8824    196  15023    107   5728     48   3625      0      0      0   0.00   0.00      0   0.00   12.3  0.000    0.0  0.000      0      0      0      0      0
07/13/1990  18026     19   9413   8594    205  15119    107   5811     47   3616      0      0      0   0.00   0.00      0   0.00   12.6  0.000    0.0  0.000      0      0      0      0      0
07/14/1990  18487     28   9995   8464    210  15180    108   5906     46   3586      0      0      0   0.00   0.00      0   0.00   12.9  0.000    0.0  0.000      0      0      0      0      0
07/15/1990  19022     39  10659   8324    214  15223    109   5959     44   3555      0      0      0   0.00   0.00      0   0.00   13.2  0.000    0.0  0.000      0      0      0      0      0
07/16/1990  19508     50  11400   8058    218  15243    109   5991     42   3497      0      0      0   0.00   0.00      0   0.00   13.5  0.000    0.0  0.000      0      0      0      0      0
07/17/1990  20007     62  12241   7704    221  15228    109   6003     40   3427      0      0      0   0.00   0.00      0   0.00   13.8  0.000    0.0  0.000      0      0      0      0      0
07/18/1990  20499     75  13149   7275    224  15240    107   5976     38   3366      0      0      0   0.00   0.00      0   0.00   14.1  0.000    0.0  0.000      0      0      0      0      0
07/19/1990  21119     90  14121   6908    224  15277    105   5900     37   3330      0      0      0   0.00   0.00      0   0.00   14.3  0.000    0.0  0.000      0      0      0      0      0
07/20/1990  21805    106  15235   6464    224  15249    102   5805     35   3301      0      0      0   0.00   0.00      0   0.00   14.5  0.000    0.0  0.000      0      0      0      0      0
07/21/1990  22444    123  16471   5850    223  15208     98   5726     34   3239      0      0      0   0.00   0.00      0   0.00   14.6  0.000    0.0  0.000      0      0      0      0      0
07/22/1990  23083    140  17695   5248    222  15167     94   5644     31   3145      0      0      0   0.00   0.00      0   0.00   14.7  0.000    0.0  0.000      0      0      0      0      0
07/23/1990  23765    157  18864   4744    220  15175     90   5551     27   2984      0      0      0   0.00   0.00      0   0.00   14.8  0.000    0.0  0.000      0      0      0      0      0
07/24/1990  24439    174  20019   4246    218  15157     86   5468     22   2766      0      0      0   0.00   0.00      0   0.00   14.9  0.000    0.0  0.000      0      0      0      0      0
07/25/1990  25033    191  20920   3922    215  15158     81   5362     18   2539      0      0      0   0.00   0.00      0   0.00   14.9  0.000    0.0  0.000      0      0      0      0      0
07/26/1990  25652    207  21694   3751    212  15153     75   5169     16   2386      0      0      0   0.00   0.00      0   0.00   14.9  0.000    0.0  0.000      0      0      0      0      0
07/27/1990  26320    223  22336   3761    209  15136     68   4904     14   2337      0      0      0   0.00   0.00      0   0.00   14.9  0.000    0.0  0.000      0      0      0      0      0
07/28/1990  27043    238  22879   3926    206  15065     61   4600     14   2359      0      0      0   0.00   0.00      0   0.00   15.0  0.000    0.0  0.000      0      0      0      0      0
07/29/1990  27746    253  23309   4184    203  14956     54   4316     14   2410      0      0      0   0.00   0.00      0   0.00   15.0  0.000    0.0  0.000      0      0      0      0      0
07/30/1990  28484    268  23712   4504    199  14792     47   4096     15   2470      0      0      0   0.00   0.00      0   0.00   15.0  0.000    0.0  0.000      0      0      0      0      0
07/31/1990  29299    281  24030   4988    195  14511     41   3975     16   2540      0      0      0   0.00   0.00      0   0.00   15.1  0.000    0.0  0.000      0      0      0      0      0
08/01/1990  30179    293  24230   5656    188  14134     37   3960     18   2631      0      0      0   0.00   0.00      0   0.00   15.2  0.000    0.0  0.000      0      0      0      0      0
08/02/1990  31113    303  24376   6434    180  13706     35   4027     21   2747      0      0      0   0.00   0.00      0   0.00   15.3  0.000    0.0  0.000      0      0      0      0      0
08/03/1990  32113    312  24546   7255    170  13281     35   4129     25   2892      0      0      0   0.00   0.00      0   0.00   15.5  0.000    0.0  0.000      0      0      0      0      0
08/04/1990  33180    318  24672   8190    159  12885     37   4254     29   3056      0      0      0   0.00   0.00      0   0.00   15.6  0.000    0.0  0.000      0      0      0      0      0
08/05/1990  34362    323  24737   9302    148  12510     40   4415     35   3249      0      0      0   0.00   0.00      0   0.00   15.9  0.000    0.0  0.000      0      0      0      0      0
08/06/1990  35503    327  24731  10445    137  12194     46   4611     41   3451      0      0      0   0.00   0.00      0   0.00   16.2  0.000    0.0  0.000      0      0      0      0      0
08/07/1990  36619    330  24658  11631    127  11928     52   4840     47   3649      0      0      0   0.00   0.00      0   0.00   16.6  0.000    0.0  0.000      0      0      0      0      0
08/08/1990  37736    331  24582  12823    118  11684     61   5124     52   3817      0      0      0   0.00   0.00      0   0.00   17.0  0.000    0.0  0.000      0      0      0      0      0
08/09/1990  38624    329  24507  13788    110  11495     72   5431     58   3967      0      0      0   0.00   0.00      0   0.00   17.4  0.000    0.0  0.000      0      0      0      0      0
08/10/1990  39358    326  24355  14677    103  11374     83   5742     63   4097      0      0      0   0.00   0.00      0   0.00   17.9  0.000    0.0  0.000      0      0      0      0      0
08/11/1990  39931    321  24173  15437     98  11337     95   6049     68   4206      0      0      0   0.00   0.00      0   0.00   18.4  0.000    0.0  0.000      0      0      0      0      0
08/12/1990  40321    316  23956  16049     94  11406    109   6342     71   4292      0      0      0   0.00   0.00      0   0.00   19.0  0.000    0.0  0.000      0      0      0      0      0
08/13/1990  40505    310  23710  16485     93  11639    121   6590     74   4325      0      0      0   0.00   0.00      0   0.00   19.6  0.000    0.0  0.000      0      0      0      0      0
08/14/1990  40567    304  23391  16872     93  12022    134   6804     74   4266      0      0      0   0.00   0.00      0   0.00   20.2  0.000    0.0  0.000      0      0      0      0      0
08/15/1990  40453    296  23059  17098     98  12516    145   6985     71   4098      0      0      0   0.00   0.00      0   0.00   20.8  0.000    0.0  0.000      0      0      0      0      0
08/16/1990  40201    287  22708  17206    107  13070    154   7098     69   3980      0      0      0   0.00   0.00      0   0.00   21.4  0.000    0.0  0.000      0      0      0      0      0
08/17/1990  39916    277  22377  17262    118  13652    161   7103     69   3952      0      0      0   0.00   0.00      0   0.00   22.0  0.000    0.0  0.000      0      0      0      0      0
08/18/1990  39683    267  22024  17392    132  14254    164   6986     69   3916      0      0      0   0.00   0.00      0   0.00   22.6  0.000    0.0  0.000      0      0      0      0      0
08/19/1990   2778      0   2778      0    149  14866     69   3980     68   3847      0      0      0   0.00   0.00      0   0.00   23.2  0.505    0.0  0.000     96   2892    240  18890  17489
08/20/1990   3177      1   3176      0    145  14019     70   4238     44   2501      0      0      0   0.00   0.00      0   0.00   23.2  0.505    0.0  0.000     23   1088      3    339    110
08/21/1990   3640      3   3637      0    140  13147     72   4653     22   1250      0      0      0   0.00   0.00      0   0.00   23.2  0.505    0.0  0.000     20    836      3    301    110
08/22/1990   4172      5   4167      0    135  12521     75   4975      0      0      0      0      0   0.00   0.00      0   0.00   23.2  0.505    0.0  0.000     19    642      3    272    110
08/23/1990   4782      7   4775      0    130  12009     58   4086      0      0      0      0      0   0.00   0.00      0   0.00   23.1  0.505    0.0  0.000     17    438      3    245    110
08/24/1990   5471     10   5461      0    125  11669     45   3155      0      0      0      0      0   0.00   0.00      0   0.00   23.1  0.505    0.0  0.000     12    254      3    221    110
08/25/1990   6239     14   6225      0    120  11501     34   2093      0      0      0      0      0   0.00   0.00      0   0.00   23.1  0.505    0.0  0.000      9    154      3    202    110
08/26/1990   7093     19   7074      0    116  11342     30   1096      0      0      0      0      0   0.00   0.00      0   0.00   23.0  0.505    0.0  0.000      0      0      3    197    110
08/27/1990   8322     29   8183    110    113  11219     23      0      0      0      0      0      0   0.00   0.00      0   0.00   23.0  0.505    0.0  0.000      0      0      0      0      0
08/28/1990   9607     40   9347    220    112   9945     13      0      0     49      0      0      0   0.00   0.00      0   0.00   22.9  0.505    0.0  0.000      0      0      0      0      0
08/29/1990  10945     54  10561    330    111   8621      0      0      0    145      0      0      0   0.00   0.00      0   0.00   22.9  0.505    0.0  0.000      0      0      0      0      0
08/30/1990  12330     70  11820    440     95   7252      0      0      0    278      0      0      0   0.00   0.00      0   0.00   22.8  0.505    0.0  0.000      0      0      0      0      0
08/31/1990  13751     87  13061    603     78   5848      0     49      0    398      0      0      0   0.00   0.00      0   0.00   22.8  0.505    0.0  0.000      0      0      0      0      0
09/01/1990  15203    106  14331    766     59   4415      0    145      0    528      0      0      0   0.00   0.00      0   0.00   22.8  0.505    0.0  0.000      0      0      0      0      0
09/02/1990  15225    128  14168    929     37   4415      0    278      0    670      0      0      0   0.00   0.00      0   0.00   22.7  0.505    0.0  0.000      0      0      0      0      0
09/03/1990  15225    128  14005   1092     37   4415      0    447      0    815      0      0      0   0.00   0.00      0   0.00   22.6  0.505    0.0  0.000      0      0      0      0      0
09/04/1990  15511    128  14128   1255     37   4129      0    673      0    940      0      0      0   0.00   0.00      0   0.00   22.6  0.505    0.0  0.000      0      0      0      0      0
09/05/1990  15962    128  14416   1418     37   3727      0    899      0   1060      0      0      0   0.00   0.00      0   0.00   22.6  0.505    0.0  0.000      0      0      0      0      0
09/06/1990  16639    128  14930   1581     37   3146      0   1117      0   1177      0      0      0   0.00   0.00      0   0.00   22.5  0.505    0.0  0.000      0      0      0      0      0
09/07/1990  17548    129  15697   1722     36   2371      0   1335      0   1285      0      0      0   0.00   0.00      0   0.00   22.5  0.505    0.0  0.000      0      0      0      0      0
09/08/1990  18547    131  16553   1863     34   1543      0   1561      0   1369      0      0      0   0.00   0.00      0   0.00   22.5  0.505    0.0  0.000      0      0      0      0      0
09/09/1990  19647    135  17504   2008     30    673      0   1766      0   1448      0      0      0   0.00   0.00      0   0.00   22.4  0.505    0.0  0.000      0      0      0      0      0
09/10/1990  19653    141  16996   2516     23    948      0   1950      0   1544      0      0      0   0.00   0.00      0   0.00   22.4  0.505    0.0  0.000      0      0      0      0      0
09/11/1990  19661    149  16425   3087     13   1262      0   2115      1   1678      0      0      0   0.00   0.00      0   0.00   22.4  0.504    0.0  0.000      0      0      0      0      0
09/12/1990  19562    160  15785   3617      0   1613      0   2274      3   1848      0      0      0   0.00   0.00      0   0.00   22.5  0.503    0.0  0.000      0      0      0      0      0
09/13/1990  19450    158  15067   4225      0   2008      0   2434      7   2028      0      0      0   0.00   0.00      0   0.00   22.6  0.502    0.0  0.000      0      0      0      0      0
09/14/1990  19337    155  14271   4911      0   2439      1   2616     11   2151      0      0      0   0.00   0.00      0   0.00   22.7  0.499    0.0  0.000      0      0      0      0      0
09/15/1990  19223    151  13397   5675      0   2898      3   2837     14   2255      0      0      0   0.00   0.00      0   0.00   22.8  0.496    0.0  0.000      0      0      0      0      0
09/16/1990  19055    146  12438   6471      0   3377      7   3093     17   2356      0      0      0   0.00   0.00      0   0.00   23.0  0.492    0.0  0.000      0      0      0      0      0
09/17/1990  18719    136  11219   7364      0   3887     12   3319     21   2524      0      0      0   0.00   0.00      0   0.00   23.3  0.486    0.0  0.000      0      0      0      0      0
09/18/1990  18594    125   9994   8475      0   4393     17   3548     26   2676      0      0      0   0.00   0.00      0   0.00   23.6  0.480    0.0  0.000      0      0      0      0      0
09/19/1990  18513    111   8766   9636      0   4910     24   3771     30   2816      0      0      0   0.00   0.00      0   0.00   23.9  0.473    0.0  0.000      0      0      0      0      0
09/20/1990  18467     95   7530  10842      0   5457     33   3995     35   2998      0      0      0   0.00   0.00      0   0.00   24.4  0.464    0.0  0.000      0      0      0      0      0
09/21/1990  18456     78   6295  12083      1   6023     42   4196     41   3204      0      0      0   0.00   0.00      0   0.00   24.9  0.455    0.0  0.000      0      0      0      0      0
09/22/1990  18522     59   5088  13375      3   6533     51   4436     47   3344      0      0      0   0.00   0.00      0   0.00   25.4  0.445    0.0  0.000      0      0      0      0      0
09/23/1990  18634     37   5363  13234      7   7042     61   4738     50   3346      0      0      0   0.00   0.00      0   0.00   26.0  0.436    0.0  0.000      0      0      0      0      0
09/24/1990  18803     37   5677  13089     12   7564     72   5044     52   3348      0      0      0   0.00   0.00      0   0.00   26.5  0.427    0.0  0.000      0      0      0      0      0
09/25/1990  18646     37   5742  12867     17   8117     84   5256     52   3363      0      0      0   0.00   0.00      0   0.00   27.0  0.419    0.0  0.000      0      0      0      0      0
09/26/1990  18470     37   5686  12747     24   8658     94   5408     52   3396      0      0      0   0.00   0.00      0   0.00   27.6  0.411    0.0  0.000      0      0      0      0      0
09/27/1990  18261     37   5440  12784     33   9203    103   5576     51   3372      0      0      0   0.00   0.00      0   0.00   28.1  0.403    0.0  0.000      0      0      0      0      0
09/28/1990  18001     36   4991  12974     43   9830    110   5621     51   3388      0      0      0   0.00   0.00      0   0.00   28.7  0.395    0.0  0.000      0      0      0      0      0
09/29/1990  17682     34   4473  13175     54  10493    116   5600     53   3474      0      0      0   0.00   0.00      0   0.00   29.2  0.387    0.0  0.000      0      0      0      0      0
09/30/1990  17314     30   3887  13397     68  11099    119   5604     55   3600      0      0      0   0.00   0.00      0   0.00   29.8  0.380    0.0  0.000      0      0      0      0      0
10/01/1990  16903     23   4442  12438     84  11632    120   5663     58   3716      0      0      0   0.00   0.00      0   0.00   30.3  0.373    0.0  0.000      0      0      0      0      0
10/02/1990  16287     13   5055  11219    101  12163    122   5726     56   3659      0      0      0   0.00   0.00      0   0.00   30.8  0.367    0.0  0.000      0      0      0      0      0
10/03/1990  15680      0   5735   9945    118  12614    124   5841     53   3531      0      0      0   0.00   0.00      0   0.00   31.2  0.363    0.0  0.000      0      0      0      0      0
10/04/1990  15091      0   6470   8621    136  13000    126   5983     49   3426      0      0      0   0.00   0.00      0   0.00   31.6  0.359    0.0  0.000      0      0      0      0      0
10/05/1990  14459      1   7206   7252    152  13384    126   6013     44   3286      0      0      0   0.00   0.00      0   0.00   31.8  0.356    0.0  0.000      0      0      0      0      0
10/06/1990  13841      3   7990   5848    167  13747    125   5984     37   3029      0      0      0   0.00   0.00      0   0.00   32.0  0.353    0.0  0.000      0      0      0      0      0
10/07/1990  13248      7   8826   4415    180  14118    124   5935     27   2597      0      0      0   0.00   0.00      0   0.00   32.2  0.352    0.0  0.000      0      0      0      0      0
10/08/1990  14157     12   9730   4415    192  14460    119   5699     19   2238      0      0      0   0.00   0.00      0   0.00   32.3  0.350    0.0  0.000      0      0      0      0      0
10/09/1990  15098     17  10617   4464    206  14787    109   5297     15   2070      0      0      0   0.00   0.00      0   0.00   32.4  0.349    0.0  0.000      0      0      0      0      0
10/10/1990  15795     24  11497   4274    218  14961     96   4873     14   2024      0      0      0   0.00   0.00      0   0.00   32.5  0.348    0.0  0.000      0      0      0      0      0
10/11/1990  16439     33  12450   3956    229  14993     80   4406     14   2042      0      0      0   0.00   0.00      0   0.00   32.6  0.347    0.0  0.000      0      0      0      0      0
10/12/1990  16914     43  13423   3448    236  15009     68   3941     13   2002      0      0      0   0.00   0.00      0   0.00   32.7  0.346    0.0  0.000      0      0      0      0      0
10/13/1990  17133     54  14313   2766    241  14903     57   3611     11   1923      0      0      0   0.00   0.00      0   0.00   32.7  0.346    0.0  0.000      0      0      0      0      0
10/14/1990  17238     68  15126   2044    243  14676     45   3419      8   1797      0      0      0   0.00   0.00      0   0.00   32.7  0.346    0.0  0.000      0      0      0      0      0
10/15/1990  17302     84  15956   1262    239  14258     37   3346      4   1607      0      0      0   0.00   0.00      0   0.00   32.7  0.346    0.0  0.000      0      0      0      0      0
10/16/1990  18450    101  16736   1613    231  13778     31   3296      1   1338      0      0      0   0.00   0.00      0   0.00   32.6  0.346    0.0  0.000      0      0      0      0      0
10/17/1990  19588    118  17462   2008    220  13350     26   3146      0   1185      0      0      0   0.00   0.00      0   0.00   32.6  0.346    0.0  0.000      0      0      0      0      0
10/18/1990  20726    136  18151   2439    206  12910     22   2929      0   1178      0      0      0   0.00   0.00      0   0.00   32.6  0.346    0.0  0.000      0      0      0      0      0
10/19/1990  21890    153  18839   2898    194  12432     17   2592      0   1299      0      0      0   0.00   0.00      0   0.00   32.6  0.346    0.0  0.000      0      0      0      0      0
10/20/1990  23114    170  19567   3377    182  11878     12   2329      1   1368      0      0      0   0.00   0.00      0   0.00   32.6  0.345    0.0  0.000      0      0      0      0      0
10/21/1990  24377    187  20303   3887    169  11233      8   2184      3   1459      0      0      0   0.00   0.00      0   0.00   32.7  0.345    0.0  0.000      0      0      0      0      0
10/22/1990  25657    204  21011   4442    156  10513      4   2094      6   1598      0      0      0   0.00   0.00      0   0.00   32.7  0.344    0.0  0.000      0      0      0      0      0
10/23/1990  26826    223  21548   5055    140   9826      2   2090      9   1785      0      0      0   0.00   0.00      0   0.00   32.8  0.343    0.0  0.000      0      0      0      0      0
10/24/1990  27914    242  21986   5686    122   9040      3   2305     12   1960      0      0      0   0.00   0.00      0   0.00   32.9  0.342    0.0  0.000      0      0      0      0      0
10/25/1990  28996    262  22409   6325    102   8272      6   2507     15   2143      0      0      0   0.00   0.00      0   0.00   33.1  0.341    0.0  0.000      0      0      0      0      0
10/26/1990  29889    278  22683   6928     85   7718     10   2697     18   2245      0      0      0   0.00   0.00      0   0.00   33.2  0.339    0.0  0.000      0      0      0      0      0
10/27/1990  30595    292  22760   7543     69   7310     15   2966     21   2333      0      0      0   0.00   0.00      0   0.00   33.4  0.337    0.0  0.000      0      0      0      0      0
10/28/1990  31107    304  22650   8153     53   7043     21   3282     24   2366      0      0      0   0.00   0.00      0   0.00   33.6  0.335    0.0  0.000      0      0      0      0      0
10/29/1990  31490    311  22397   8782     41   6939     28   3483     27   2438      0      0      0   0.00   0.00      0   0.00   33.9  0.333    0.0  0.000      0      0      0      0      0
10/30/1990  31873    315  22154   9404     33   6838     35   3701     29   2408      0      0      0   0.00   0.00      0   0.00   34.1  0.330    0.0  0.000      0      0      0      0      0
10/31/1990  32201    314  21858  10029     29   6804     42   3863     30   2366      0      0      0   0.00   0.00      0   0.00   34.4  0.327    0.0  0.000      0      0      0      0      0
11/01/1990  32455    309  21441  10705     28   6857     49   3961     28   2187      0      0      0   0.00   0.00      0   0.00   34.8  0.324    0.0  0.000      0      0      0      0      0
11/02/1990  32658    304  20952  11402     27   6979     55   3966     26   2017      0      0      0   0.00   0.00      0   0.00   35.1  0.321    0.0  0.000      0      0      0      0      0
11/03/1990  32781    298  20437  12046     27   7126     60   3984     25   1914      0      0      0   0.00   0.00      0   0.00   35.5  0.317    0.0  0.000      0      0      0      0      0
11/04/1990  32823    288  19892  12643     29   7393     62   3815     28   2019      0      0      0   0.00   0.00      0   0.00   35.9  0.314    0.0  0.000      0      0      0      0      0
11/05/1990  32753    276  19211  13266     32   7738     63   3617     31   2191      0      0      0   0.00   0.00      0   0.00   36.4  0.310    0.0  0.000      0      0      0      0      0
11/06/1990  32506    262  18412  13832     37   8226     64   3460     32   2196      0      0      0   0.00   0.00      0   0.00   36.9  0.306    0.0  0.000      0      0      0      0      0
11/07/1990  32258    246  17681  14331     45   8616     66   3426     32   2116      0      0      0   0.00   0.00      0   0.00   37.4  0.302    0.0  0.000      0      0      0      0      0
11/08/1990  32008    228  17017  14763     55   8926     67   3442     33   2100      0      0      0   0.00   0.00      0   0.00   37.9  0.297    0.0  0.000      0      0      0      0      0
11/09/1990  31702    211  16323  15168     65   9114     67   3469     36   2245      0      0      0   0.00   0.00      0   0.00   38.5  0.293    0.0  0.000      0      0      0      0      0
11/10/1990  31402    194  15575  15633     75   9265     68   3525     39   2418      0      0      0   0.00   0.00      0   0.00   39.1  0.288    0.0  0.000      0      0      0      0      0
11/11/1990  31143    177  14876  16090     83   9381     72   3628     42   2534      0      0      0   0.00   0.00      0   0.00   39.7  0.284    0.0  0.000      0      0      0      0      0
11/12/1990  30878    160  14205  16513     91   9535     77   3695     45   2654      0      0      0   0.00   0.00      0   0.00   40.3  0.279    0.0  0.000      0      0      0      0      0
11/13/1990  30599    142  13701  16756     99   9671     82   3752     48   2788      0      0      0   0.00   0.00      0   0.00   41.0  0.275    0.0  0.000      0      0      0      0      0
11/14/1990  30366    125  13305  16936    108   9617     86   3966     48   2752      0      0      0   0.00   0.00      0   0.00   41.7  0.271    0.0  0.000      0      0      0      0      0
11/15/1990  30147    108  12922  17117    116   9508     91   4233     46   2627      0      0      0   0.00   0.00      0   0.00   42.3  0.266    0.0  0.000      0      0      0      0      0
11/16/1990  29796     95  12660  17041    122   9526     98   4440     45   2546      0      0      0   0.00   0.00      0   0.00   43.0  0.262    0.0  0.000      0      0      0      0      0
11/17/1990  29453     84  12609  16760    128   9529    102   4473     47   2634      0      0      0   0.00   0.00      0   0.00   43.7  0.258    0.0  0.000      0      0      0      0      0
11/18/1990  29135     74  12691  16370    134   9560    104   4442     48   2692      0      0      0   0.00   0.00      0   0.00   44.3  0.254    0.0  0.000      0      0      0      0      0
11/19/1990  28862     69  12860  15933    140   9622    107   4452     47   2679      0      0      0   0.00   0.00      0   0.00   45.0  0.251    0.0  0.000      0      0      0      0      0
11/20/1990  29626     68  12947  16611    146   9775    110   4453     41   2386      0      0      0   0.00   0.00      0   0.00   45.6  0.247    0.0  0.000      0      0      0      0      0
11/21/1990  29252     71  13033  16148    152   9982    110   4346     36   2088      0      0      0   0.00   0.00      0   0.00   46.3  0.244    0.0  0.000      0      0      0      0      0
11/22/1990  27663     77  13005  14581    158  10187    109   4379     31   1813      0      0      0   0.00   0.00      0   0.00   46.8  0.241    0.0  0.000      0      0      0      0      0
11/23/1990  27158     82  12962  14114    165  10385    103   4212     29   1761      0      0      0   0.00   0.00      0   0.00   47.4  0.238    0.0  0.000      0      0      0      0      0
11/24/1990  26679     87  13024  13568    170  10614     98   3888     28   1787      0      0      0   0.00   0.00      0   0.00   47.9  0.235    0.0  0.000      0      0      0      0      0
11/25/1990  27414     91  13227  14096    176  10802     94   3558     28   1837      0      0      0   0.00   0.00      0   0.00   47.8  0.235    0.0  0.000      0      0      0      0      0
11/26/1990  28184     95  13546  14543    184  10886     87   3281     25   1695      0      0      0   0.00   0.00      0   0.00   47.7  0.235    0.0  0.000      0      0      0      0      0
11/27/1990  28842    101  13882  14859    192  11097     79   2996     22   1503      0      0      0   0.00   0.00      0   0.00   47.6  0.235    0.0  0.000      0      0      0      0      0
11/28/1990  29502    111  14158  15233    196  11072     74   3009     19   1327      0      0      0   0.00   0.00      0   0.00   48.2  0.232    0.0  0.000      0      0      0      0      0
11/29/1990  27847    122  14468  13257    200  10874     65   2888     22   1443      0      0      0   0.00   0.00      0   0.00   48.7  0.230    0.0  0.000      0      0      0      0      0
11/30/1990  27409    132  14828  12449    201  10665     60   2686     24   1595      0      0      0   0.00   0.00      0   0.00   49.2  0.228    0.0  0.000      0      0      0      0      0
12/01/1990  28243    143  15208  12892    200  10415     57   2575     23   1566      0      0      0   0.00   0.00      0   0.00   49.6  0.226    0.0  0.000      0      0      0      0      0
12/02/1990  29121    155  15543  13423    198  10127     56   2544     19   1388      0      0      0   0.00   0.00      0   0.00   49.5  0.226    0.0  0.000      0      0      0      0      0
12/03/1990  28921    168  15884  12869    194   9848     55   2444     17   1278      0      0      0   0.00   0.00      0   0.00   50.0  0.224    0.0  0.000      0      0      0      0      0
12/04/1990  28793    181  16211  12401    189   9322     52   2446     18   1310      0      0      0   0.00   0.00      0   0.00   50.4  0.222    0.0  0.000      0      0      0      0      0
12/05/1990  29636    194  16335  13107    184   8878     47   2429     18   1311      0      0      0   0.00   0.00      0   0.00   50.3  0.222    0.0  0.000      0      0      0      0      0
12/06/1990  29304    207  16368  12729    174   8548     47   2395     19   1340      0      0      0   0.00   0.00      0   0.00   50.8  0.220    0.0  0.000      0      0      0      0      0
12/07/1990  28363    220  16512  11631    163   8219     48   2313     19   1366      0      0      0   0.00   0.00      0   0.00   51.2  0.218    0.0  0.000      0      0      0      0      0
12/08/1990  28585    230  16636  11719    155   7839     46   2145     20   1467      0      0      0   0.00   0.00      0   0.00   51.6  0.216    0.0  0.000      0      0      0      0      0
12/09/1990  28812    238  16694  11880    150   7422     44   2169     20   1502      0      0      0   0.00   0.00      0   0.00   52.0  0.214    0.0  0.000      0      0      0      0      0
12/10/1990  29010    247  16753  12010    142   6928     43   2291     23   1660      0      0      0   0.00   0.00      0   0.00   52.5  0.213    0.0  0.000      0      0      0      0      0
12/11/1990  28983    256  16614  12113    131   6731     43   2334     27   1836      0      0      0   0.00   0.00      0   0.00   52.9  0.211    0.0  0.000      0      0      0      0      0
12/12/1990  29540    262  16416  12862    121   6644     45   2361     29   1934      0      0      0   0.00   0.00      0   0.00   52.8  0.211    0.0  0.000      0      0      0      0      0
12/13/1990  30132    267  16379  13486    112   6426     49   2640     27   1809      0      0      0   0.00   0.00      0   0.00   53.3  0.209    0.0  0.000      0      0      0      0      0
12/14/1990  30705    268  16358  14079    108   6310     52   2830     20   1397      0      0      0   0.00   0.00      0   0.00   53.2  0.209    0.0  0.000      0      0      0      0      0
12/15/1990  31282    268  16289  14725    103   6223     56   2929     16   1114      0      0      0   0.00   0.00      0   0.00   53.1  0.209    0.0  0.000      0      0      0      0      0
12/16/1990  31920    270  16197  15453    100   6056     57   2982     13    870      0      0      0   0.00   0.00      0   0.00   53.0  0.209    0.0  0.000      0      0      0      0      0
12/17/1990  32350    271  15862  16217     98   6117     53   2725     15    964      0      0      0   0.00   0.00      0   0.00   52.8  0.209    0.0  0.000      0      0      0      0      0
12/18/1990  32733    271  15596  16866     95   6380     52   2383     16   1037      0      0      0   0.00   0.00      0   0.00   52.7  0.209    0.0  0.000      0      0      0      0      0
12/19/1990  33191    270  15408  17513     92   6565     50   2016     16   1090      0      0      0   0.00   0.00      0   0.00   52.6  0.209    0.0  0.000      0      0      0      0      0
12/20/1990  33729    265  15205  18259     96   6608     45   1755     12    864      0      0      0   0.00   0.00      0   0.00   52.5  0.209    0.0  0.000      0      0      0      0      0
12/21/1990  34259    261  14946  19052    100   6594     41   1611      6    468      0      0      0   0.00   0.00      0   0.00   52.4  0.209    0.0  0.000      0      0      0      0      0
12/22/1990  34683    257  14556  19870    102   6396     37   1709      1    119      0      0      0   0.00   0.00      0   0.00   52.3  0.209    0.0  0.000      0      0      0      0      0
12/23/1990  35044    254  14059  20731    101   6334     30   1505      0      0      0      0      0   0.00   0.00      0   0.00   52.2  0.209    0.0  0.000      0      0      0      0      0
12/24/1990  35461    249  13570  21642     96   6186     27   1209      0      0      0      0      0   0.00   0.00      0   0.00   52.1  0.209    0.0  0.000      0      0      0      0      0
12/25/1990  35911    241  13078  22592     95   6050     22    864      0     73      0      0      0   0.00   0.00      0   0.00   52.0  0.209    0.0  0.000      0      0      0      0      0
12/26/1990  36264    231  12618  23415     95   6060     17    468      3    247      0      0      0   0.00   0.00      0   0.00   51.9  0.209    0.0  0.000      0      0      0      0      0
12/27/1990  36703    221  12283  24199     94   5936     12    119      8    491      0      0      0   0.00   0.00      0   0.00   51.8  0.209    0.0  0.000      0      0      0      0      0
12/28/1990  37176    211  11898  25067     93   5548      6     73     13    703      0      0      0   0.00   0.00      0   0.00   51.7  0.209    0.0  0.000      0      0      0      0      0
12/29/1990  37628    201  11451  25976     93   5061      4    247     12    653      0      0      0   0.00   0.00      0   0.00   51.7  0.209    0.0  0.000      0      0      0      0      0
12/30/1990  38104    194  11093  26817     87   4553      8    491     11    622      0      0      0   0.00   0.00      0   0.00   51.6  0.209    0.0  0.000      0      0      0      0      0
12/31/1990  38734    185  10879  27670     80   3888     13    776     10    560      0      0      0   0.00   0.00      0   0.00   51.5  0.209    0.0  0.000      0      0      0      0      0
