Varroa Population Simulation - Nov 24,2015  04:10:17 PM
VarroaPop Version 3.2.5.8  June, 2015

                                        Capped  Capped                                                                      Prop           Conc          Conc                                     
            Colony  Adult  Adult         Drone   Wkr    Drone  Wkr    Drone  Wkr  Free   DBrood WBrood DMite  WMite  Mites  Mites  Colony Pollen Colony Nectar   Dead   Dead   Dead   Dead   Dead
     Date   Size   Drones   Wkr   Forgrs Brood  Brood   Larv   Larv    Eggs  Eggs Mites  Mites  Mites  /Cell  /Cell  Dying  Dying  Pollen  Pest  Nectar  Pest    DLarv  WLarv  DAdlt  WAdlt  Forgrs
Initial     10000      0   8064   1936      0      0      0      0      0      0      0      0      0   0.00   0.00      0   0.00    0.0  0.000    0.0  0.000      0      0      0      0      0
05/01/1990   9616      0   7680   1936      0      0      0      0      0    362      0      0      0   0.00   0.00      0   0.00    0.0  0.000    0.0  0.000      0      0      0      0      0
05/02/1990   9232      0   7296   1936      0      0      0      0      0    752      0      0      0   0.00   0.00      0   0.00    0.1  0.000    0.0  0.000      0      0      0      0      0
05/03/1990   8848      0   6912   1936      0      0      0      0      0   1176      0      0      0   0.00   0.00      0   0.00    0.1  0.000    0.0  0.000      0      0      0      0      0
05/04/1990   8464      0   6528   1936      0      0      0    362      0   1255      0      0      0   0.00   0.00      0   0.00    0.2  0.000    0.0  0.000      0      0      0      0      0
05/05/1990   8064      0   6144   1920      0      0      0    752      0   1315      0      0      0   0.00   0.00      0   0.00    0.2  0.000    0.0  0.000      0      0      0      0      0
05/06/1990   7680      0   5760   1920      0      0      0   1176      0   1330      0      0      0   0.00   0.00      0   0.00    0.2  0.000    0.0  0.000      0      0      0      0      0
05/07/1990   7296      0   5376   1920      0      0      0   1617      0   1296      0      0      0   0.00   0.00      0   0.00    0.3  0.000    0.0  0.000      0      0      0      0      0
05/08/1990   6912      0   4992   1920      0      0      0   2067      0   1247      0      0      0   0.00   0.00      0   0.00    0.3  0.000    0.0  0.000      0      0      0      0      0
05/09/1990   6528      0   4608   1920      0    362      0   2144      0   1178      0      0      0   0.00   0.00      0   0.00    0.4  0.000    0.0  0.000      0      0      0      0      0
05/10/1990   6144      0   4224   1920      0    752      0   2161      0   1089      0      0      0   0.00   0.00      0   0.00    0.4  0.000    0.0  0.000      0      0      0      0      0
05/11/1990   5760      0   3840   1920      0   1176      0   2138      0   1039      0      0      0   0.00   0.00      0   0.00    0.5  0.000    0.0  0.000      0      0      0      0      0
05/12/1990   5376      0   3456   1920      0   1617      0   2067      0   1033      0      0      0   0.00   0.00      0   0.00    0.5  0.000    0.0  0.000      0      0      0      0      0
05/13/1990   4992      0   3072   1920      0   2067      0   1935      0   1085      0      0      0   0.00   0.00      0   0.00    0.6  0.000    0.0  0.000      0      0      0      0      0
05/14/1990   4608      0   2688   1920      0   2506      0   1847      0   1103      0      0      0   0.00   0.00      0   0.00    0.7  0.000    0.0  0.000      0      0      0      0      0
05/15/1990   4224      0   2304   1920      0   2913      0   1804      0   1093      0      0      0   0.00   0.00      0   0.00    0.7  0.000    0.0  0.000      0      0      0      0      0
05/16/1990   3840      0   1920   1920      0   3314      0   1773      0   1120      0      0      0   0.00   0.00      0   0.00    0.8  0.000    0.0  0.000      0      0      0      0      0
05/17/1990   3456      0   1536   1920      0   3684      0   1772      0   1121      0      0      0   0.00   0.00      0   0.00    0.9  0.000    0.0  0.000      0      0      0      0      0
05/18/1990   3072      0   1152   1920      0   4002      0   1808      0   1099      0      0      0   0.00   0.00      0   0.00    0.9  0.000    0.0  0.000      0      0      0      0      0
05/19/1990   2688      0    768   1920      0   4353      0   1854      0   1024      0      0      0   0.00   0.00      0   0.00    1.0  0.000    0.0  0.000      0      0      0      0      0
05/20/1990   2304      0    384   1920      0   4717      0   1860      0   1020      0      0      0   0.00   0.00      0   0.00    1.1  0.000    0.0  0.000      0      0      0      0      0
05/21/1990   1920      0      0   1920      0   5087      0   1822      0   1071      0      0      0   0.00   0.00      0   0.00    1.2  0.000    0.0  0.000      0      0      0      0      0
05/22/1990   1898      0    362   1536      0   5094      0   1775      0   1140      0      0      0   0.00   0.00      0   0.00    1.3  0.000    0.0  0.000      0      0      0      0      0
05/23/1990   2288      0    752   1536      0   5058      0   1787      0   1055      0      0      0   0.00   0.00      0   0.00    1.3  0.000    0.0  0.000      0      0      0      0      0
05/24/1990   2328      0   1176   1152      0   5031      0   1773      0    950      0      0      0   0.00   0.00      0   0.00    1.3  0.000    0.0  0.000      0      0      0      0      0
05/25/1990   2385      0   1617    768      0   4960      0   1794      0    817      0      0      0   0.00   0.00      0   0.00    1.3  0.000    0.0  0.000      0      0      0      0      0
05/26/1990   2451      0   2067    384      0   4842      0   1743      0    732      0      0      0   0.00   0.00      0   0.00    1.3  0.000    0.0  0.000      0      0      0      0      0
05/27/1990   2890      0   2506    384      0   4725      0   1699      0    551      0      0      0   0.00   0.00      0   0.00    1.3  0.000    0.0  0.000      0      0      0      0      0
05/28/1990   3297      0   2913    384      0   4684      0   1591      0    389      0      0      0   0.00   0.00      0   0.00    1.3  0.000    0.0  0.000      0      0      0      0      0
05/29/1990   3314      0   3314      0      0   4666      0   1404      0    296      0      0      0   0.00   0.00      0   0.00    1.3  0.000    0.0  0.000      0      0      0      0      0
05/30/1990   3684      0   3684      0      0   4687      0   1110      0    199      0      0      0   0.00   0.00      0   0.00    1.3  0.000    0.0  0.000      0      0      0      0      0
05/31/1990   4002      0   4002      0      0   4650      0    925      0    103      0      0      0   0.00   0.00      0   0.00    1.2  0.000    0.0  0.000      0      0      0      0      0
06/01/1990   4353      0   4353      0      0   4577      0    750      0      0      0      0      0   0.00   0.00      0   0.00    1.2  0.000    0.0  0.000      0      0      0      0      0
06/02/1990   4717      0   4717      0      0   4471      0    492      0      0      0      0      0   0.00   0.00      0   0.00    1.2  0.000    0.0  0.000      0      0      0      0      0
06/03/1990   5087      0   5087      0      0   4297      0    296      0      0      0      0      0   0.00   0.00      0   0.00    1.2  0.000    0.0  0.000      0      0      0      0      0
06/04/1990   5456      0   5456      0      0   4025      0    199      0      0      0      0      0   0.00   0.00      0   0.00    1.1  0.000    0.0  0.000      0      0      0      0      0
06/05/1990   5810      0   5810      0      0   3767      0    103      0      0      0      0      0   0.00   0.00      0   0.00    1.1  0.000    0.0  0.000      0      0      0      0      0
06/06/1990   6207      0   6207      0      0   3473      0      0      0      0      0      0      0   0.00   0.00      0   0.00    1.0  0.000    0.0  0.000      0      0      0      0      0
06/07/1990   6577      0   6577      0      0   3103      0      0      0      0      0      0      0   0.00   0.00      0   0.00    1.0  0.000    0.0  0.000      0      0      0      0      0
06/08/1990   6909      0   6909      0      0   2771      0      0      0      0      0      0      0   0.00   0.00      0   0.00    1.0  0.000    0.0  0.000      0      0      0      0      0
06/09/1990   7231      0   7231      0      0   2449      0      0      0      0      0      0      0   0.00   0.00      0   0.00    0.9  0.000    0.0  0.000      0      0      0      0      0
06/10/1990   7597      0   7597      0      0   2083      0      0      0      0      0      0      0   0.00   0.00      0   0.00    0.8  0.000    0.0  0.000      0      0      0      0      0
06/11/1990   7980      0   7980      0      0   1700      0      0      0      0      0      0      0   0.00   0.00      0   0.00    0.8  0.000    0.0  0.000      0      0      0      0      0
06/12/1990   8371      0   8009    362      0   1309      0      0      0      0      0      0      0   0.00   0.00      0   0.00    0.8  0.000    0.0  0.000      0      0      0      0      0
06/13/1990   8652      0   7900    752      0   1028      0      0      0    107      0      0      0   0.00   0.00      0   0.00    0.7  0.000    0.0  0.000      0      0      0      0      0
06/14/1990   8930      0   7754   1176      0    750      0      0      0    295      0      0      0   0.00   0.00      0   0.00    0.7  0.000    0.0  0.000      0      0      0      0      0
06/15/1990   9188      0   7571   1617      0    492      0      0      0    565      0      0      0   0.00   0.00      0   0.00    0.8  0.000    0.0  0.000      0      0      0      0      0
06/16/1990   9384      0   7317   2067      0    296      0    107      0    817      0      0      0   0.00   0.00      0   0.00    0.8  0.000    0.0  0.000      0      0      0      0      0
06/17/1990   9119      0   6975   2144      0    199      0    295      0   1070      0      0      0   0.00   0.00      0   0.00    0.9  0.000    0.0  0.000      0      0      0      0      0
06/18/1990   8825      0   6664   2161      0    103      0    565      0   1230      0      0      0   0.00   0.00      0   0.00    0.9  0.000    0.0  0.000      0      0      0      0      0
06/19/1990   8504      0   6366   2138      0      0      0    924      0   1335      0      0      0   0.00   0.00      0   0.00    1.0  0.000    0.0  0.000      0      0      0      0      0
06/20/1990   8063      0   5996   2067      0      0      0   1365      0   1392      0      0      0   0.00   0.00      0   0.00    1.0  0.000    0.0  0.000      0      0      0      0      0
06/21/1990   7613      0   5678   1935      0    107      0   1688      0   1452      0      0      0   0.00   0.00      0   0.00    1.0  0.000    0.0  0.000      0      0      0      0      0
06/22/1990   7174      0   5327   1847      0    295      0   1964      0   1427      0      0      0   0.00   0.00      0   0.00    1.1  0.000    0.0  0.000      0      0      0      0      0
06/23/1990   6767      0   4963   1804      0    565      0   2192      0   1354      0      0      0   0.00   0.00      0   0.00    1.1  0.000    0.0  0.000      0      0      0      0      0
06/24/1990   6366      0   4593   1773      0    924      0   2323      0   1291      0      0      0   0.00   0.00      0   0.00    1.2  0.000    0.0  0.000      0      0      0      0      0
06/25/1990   5996      0   4224   1772      0   1365      0   2321      0   1274      0      0      0   0.00   0.00      0   0.00    1.2  0.000    0.0  0.000      0      0      0      0      0
06/26/1990   5678      0   3870   1808      0   1795      0   2316      0   1275      0      0      0   0.00   0.00      0   0.00    1.3  0.000    0.0  0.000      0      0      0      0      0
06/27/1990   5327      0   3473   1854      0   2259      0   2279      0   1272      0      0      0   0.00   0.00      0   0.00    1.3  0.000    0.0  0.000      0      0      0      0      0
06/28/1990   4963      0   3103   1860      0   2757      0   2203      0   1274      0      0      0   0.00   0.00      0   0.00    1.4  0.000    0.0  0.000      0      0      0      0      0
06/29/1990   4593      0   2771   1822      0   3247      0   2139      0   1295      0      0      0   0.00   0.00      0   0.00    1.4  0.000    0.0  0.000      0      0      0      0      0
06/30/1990   4224      0   2449   1775      0   3686      0   2124      0   1315      0      0      0   0.00   0.00      0   0.00    1.5  0.000    0.0  0.000      0      0      0      0      0
07/01/1990   3870      0   2083   1787      0   4111      0   2123      0   1327      0      0      0   0.00   0.00      0   0.00    1.6  0.000    0.0  0.000      0      0      0      0      0
07/02/1990   3473      0   1700   1773      0   4538      0   2143      0   1300      0      0      0   0.00   0.00      0   0.00    1.6  0.000    0.0  0.000      0      0      0      0      0
07/03/1990   3103      0   1309   1794      0   4960      0   2165      0   1270      0      0      0   0.00   0.00      0   0.00    1.7  0.000    0.0  0.000      0      0      0      0      0
07/04/1990   2878      0   1135   1743      0   5279      0   2175      0   1236      0      0      0   0.00   0.00      0   0.00    1.8  0.000    0.0  0.000      0      0      0      0      0
07/05/1990   2744      0   1045   1699      0   5515      0   2171      0   1217      0      0      0   0.00   0.00      0   0.00    1.8  0.000    0.0  0.000      0      0      0      0      0
07/06/1990   2648      0   1057   1591      0   5669      0   2161      0   1199      0      0      0   0.00   0.00      0   0.00    1.9  0.000    0.0  0.000      0      0      0      0      0
07/07/1990   2624      0   1220   1404      0   5757      0   2116      0   1188      0      0      0   0.00   0.00      0   0.00    1.9  0.000    0.0  0.000      0      0      0      0      0
07/08/1990   2674      0   1564   1110      0   5760      0   2073      0   1150      0      0      0   0.00   0.00      0   0.00    2.0  0.000    0.0  0.000      0      0      0      0      0
07/09/1990   2823      0   1898    925      0   5766      0   2033      0   1067      0      0      0   0.00   0.00      0   0.00    2.0  0.000    0.0  0.000      0      0      0      0      0
07/10/1990   3009      0   2259    750      0   5722      0   2004      0    960      0      0      0   0.00   0.00      0   0.00    2.0  0.000    0.0  0.000      0      0      0      0      0
07/11/1990   3249      0   2757    492      0   5638      0   1953      0    843      0      0      0   0.00   0.00      0   0.00    2.0  0.000    0.0  0.000      0      0      0      0      0
07/12/1990   3543      0   3247    296      0   5550      0   1864      0    706      0      0      0   0.00   0.00      0   0.00    2.0  0.000    0.0  0.000      0      0      0      0      0
07/13/1990   3885      0   3686    199      0   5512      0   1747      0    535      0      0      0   0.00   0.00      0   0.00    2.0  0.000    0.0  0.000      0      0      0      0      0
07/14/1990   4214      0   4111    103      0   5483      0   1597      0    368      0      0      0   0.00   0.00      0   0.00    2.0  0.000    0.0  0.000      0      0      0      0      0
07/15/1990   4538      0   4538      0      0   5447      0   1382      0    235      0      0      0   0.00   0.00      0   0.00    2.0  0.000    0.0  0.000      0      0      0      0      0
07/16/1990   4960      0   4960      0      0   5388      0   1132      0    122      0      0      0   0.00   0.00      0   0.00    2.0  0.000    0.0  0.000      0      0      0      0      0
07/17/1990   5386      0   5386      0      0   5275      0    898      0     43      0      0      0   0.00   0.00      0   0.00    1.9  0.000    0.0  0.000      0      0      0      0      0
07/18/1990   5810      0   5810      0      0   5135      0    657      0      0      0      0      0   0.00   0.00      0   0.00    1.9  0.000    0.0  0.000      0      0      0      0      0
07/19/1990   6234      0   6234      0      0   4957      0    411      0      0      0      0      0   0.00   0.00      0   0.00    1.8  0.000    0.0  0.000      0      0      0      0      0
07/20/1990   6681      0   6681      0      0   4686      0    235      0      0      0      0      0   0.00   0.00      0   0.00    1.8  0.000    0.0  0.000      0      0      0      0      0
07/21/1990   7125      0   7125      0      0   4355      0    122      0      0      0      0      0   0.00   0.00      0   0.00    1.8  0.000    0.0  0.000      0      0      0      0      0
07/22/1990   7561      0   7561      0      0   3998      0     43      0      0      0      0      0   0.00   0.00      0   0.00    1.7  0.000    0.0  0.000      0      0      0      0      0
07/23/1990   7981      0   7981      0      0   3621      0      0      0      0      0      0      0   0.00   0.00      0   0.00    1.7  0.000    0.0  0.000      0      0      0      0      0
07/24/1990   8395      0   8395      0      0   3207      0      0      0      0      0      0      0   0.00   0.00      0   0.00    1.6  0.000    0.0  0.000      0      0      0      0      0
07/25/1990   8797      0   8690    107      0   2805      0      0      0      0      0      0      0   0.00   0.00      0   0.00    1.5  0.000    0.0  0.000      0      0      0      0      0
07/26/1990   9198      0   8903    295      0   2404      0      0      0     40      0      0      0   0.00   0.00      0   0.00    1.5  0.000    0.0  0.000      0      0      0      0      0
07/27/1990   9594      0   9029    565      0   2008      0      0      0    148      0      0      0   0.00   0.00      0   0.00    1.5  0.000    0.0  0.000      0      0      0      0      0
07/28/1990   9985      0   9061    924      0   1617      0      0      0    340      0      0      0   0.00   0.00      0   0.00    1.4  0.000    0.0  0.000      0      0      0      0      0
07/29/1990  10348      0   8983   1365      0   1254      0     40      0    583      0      0      0   0.00   0.00      0   0.00    1.4  0.000    0.0  0.000      0      0      0      0      0
07/30/1990  10554      0   8866   1688      0    941      0    148      0    847      0      0      0   0.00   0.00      0   0.00    1.5  0.000    0.0  0.000      0      0      0      0      0
07/31/1990  10650      0   8686   1964      0    657      0    340      0   1080      0      0      0   0.00   0.00      0   0.00    1.5  0.000    0.0  0.000      0      0      0      0      0
08/01/1990  10626      0   8434   2192      0    411      0    623      0   1262      0      0      0   0.00   0.00      0   0.00    1.5  0.000    0.0  0.000      0      0      0      0      0
08/02/1990  10443      0   8120   2323      0    235      0    995      0   1385      0      0      0   0.00   0.00      0   0.00    1.6  0.000    0.0  0.000      0      0      0      0      0
08/03/1990  10115      0   7794   2321      0    162      0   1380      0   1471      0      0      0   0.00   0.00      0   0.00    1.6  0.000    0.0  0.000      0      0      0      0      0
08/04/1990   9764      0   7448   2316      0    191      0   1737      0   1521      0      0      0   0.00   0.00      0   0.00    1.7  0.000    0.0  0.000      0      0      0      0      0
08/05/1990   9343      0   7064   2279      0    340      0   2040      0   1552      0      0      0   0.00   0.00      0   0.00    1.7  0.000    0.0  0.000      0      0      0      0      0
08/06/1990   8845      0   6642   2203      0    623      0   2268      0   1564      0      0      0   0.00   0.00      0   0.00    1.8  0.000    0.0  0.000      0      0      0      0      0
08/07/1990   8355      0   6216   2139      0    995      0   2411      0   1562      0      0      0   0.00   0.00      0   0.00    1.8  0.000    0.0  0.000      0      0      0      0      0
08/08/1990   7916      0   5792   2124      0   1420      0   2512      0   1540      0      0      0   0.00   0.00      0   0.00    1.9  0.000    0.0  0.000      0      0      0      0      0
08/09/1990   7491      0   5368   2123      0   1885      0   2570      0   1519      0      0      0   0.00   0.00      0   0.00    1.9  0.000    0.0  0.000      0      0      0      0      0
08/10/1990   7064      0   4921   2143      0   2380      0   2588      0   1508      0      0      0   0.00   0.00      0   0.00    2.0  0.000    0.0  0.000      0      0      0      0      0
08/11/1990   6642      0   4477   2165      0   2891      0   2581      0   1508      0      0      0   0.00   0.00      0   0.00    2.0  0.000    0.0  0.000      0      0      0      0      0
08/12/1990   6216      0   4041   2175      0   3406      0   2568      0   1513      0      0      0   0.00   0.00      0   0.00    2.1  0.000    0.0  0.000      0      0      0      0      0
08/13/1990   5792      0   3621   2171      0   3932      0   2544      0   1506      0      0      0   0.00   0.00      0   0.00    2.2  0.000    0.0  0.000      0      0      0      0      0
08/14/1990   5368      0   3207   2161      0   4455      0   2525      0   1471      0      0      0   0.00   0.00      0   0.00    2.2  0.000    0.0  0.000      0      0      0      0      0
08/15/1990   4921      0   2805   2116      0   4968      0   2519      0   1399      0      0      0   0.00   0.00      0   0.00    2.3  0.000    0.0  0.000      0      0      0      0      0
08/16/1990   4517      0   2444   2073      0   5432      0   2510      0   1343      0      0      0   0.00   0.00      0   0.00    2.4  0.000    0.0  0.000      0      0      0      0      0
08/17/1990   4189      0   2156   2033      0   5826      0   2477      0   1316      0      0      0   0.00   0.00      0   0.00    2.5  0.000    0.0  0.000      0      0      0      0      0
08/18/1990   3961      0   1957   2004      0   6136      0   2410      0   1286      0      0      0   0.00   0.00      0   0.00    2.5  0.000    0.0  0.000      0      0      0      0      0
08/19/1990   3816      0   1866   1950      0   6357      0   2345      0   1248      0      0      0   0.00   0.00      0   0.00    2.6  0.000    0.0  0.000      0      0      0      1      2
08/20/1990   3791      0   2125   1666      0   6492      0   2280      0   1220      0      0      0   0.00   0.00      0   0.00    2.7  0.000    0.0  0.000      0      0      0      0      0
08/21/1990   3819      0   2437   1382      0   6562      0   2190      0   1196      0      0      0   0.00   0.00      0   0.00    2.7  0.000    0.0  0.000      0      0      0      0      0
08/22/1990   3887      0   2789   1098      0   6566      0   2122      0   1147      0      0      0   0.00   0.00      0   0.00    2.7  0.000    0.0  0.000      0      0      0      0      0
08/23/1990   3985      0   3171    814      0   6506      0   2101      0   1040      0      0      0   0.00   0.00      0   0.00    2.8  0.000    0.0  0.000      0      0      0      0      0
08/24/1990   4134      0   3569    565      0   6434      0   2043      0    882      0      0      0   0.00   0.00      0   0.00    2.8  0.000    0.0  0.000      0      0      0      0      0
08/25/1990   4536      0   3971    565      0   6361      0   1953      0    684      0      0      0   0.00   0.00      0   0.00    2.8  0.000    0.0  0.000      0      0      0      0      0
08/26/1990   4949      0   4384    565      0   6240      0   1855      0    538      0      0      0   0.00   0.00      0   0.00    2.8  0.000    0.0  0.000      0      0      0      0      0
08/27/1990   5359      0   4794    565      0   6118      0   1677      0    485      0      0      0   0.00   0.00      0   0.00    2.8  0.000    0.0  0.000      0      0      0      0      0
08/28/1990   5759      0   5194    565      0   6019      0   1417      0    507      0      0      0   0.00   0.00      0   0.00    2.8  0.000    0.0  0.000      0      0      0      0      0
08/29/1990   6150      0   5585    565      0   5896      0   1197      0    528      0      0      0   0.00   0.00      0   0.00    2.7  0.000    0.0  0.000      0      0      0      0      0
08/30/1990   6539      0   5974    565      0   5746      0   1015      0    533      0      0      0   0.00   0.00      0   0.00    2.7  0.000    0.0  0.000      0      0      0      0      0
08/31/1990   6928      0   6476    452      0   5551      0    884      0    530      0      0      0   0.00   0.00      0   0.00    2.7  0.000    0.0  0.000      0      0      0      0      0
09/01/1990   7319      0   6980    339      0   5270      0    843      0    497      0      0      0   0.00   0.00      0   0.00    2.7  0.000    0.0  0.000      0      0      0      0      0
09/02/1990   7826      0   7487    339      0   4917      0    864      0    439      0      0      0   0.00   0.00      0   0.00    2.6  0.000    0.0  0.000      0      0      0      0      0
09/03/1990   8208      0   7982    226      0   4583      0    876      0    382      0      0      0   0.00   0.00      0   0.00    2.6  0.000    0.0  0.000      0      0      0      0      0
09/04/1990   8564      0   8451    113      0   4284      0    855      0    313      0      0      0   0.00   0.00      0   0.00    2.5  0.000    0.0  0.000      0      0      0      0      0
09/05/1990   8886      0   8886      0      0   4025      0    796      0    239      0      0      0   0.00   0.00      0   0.00    2.5  0.000    0.0  0.000      0      0      0      0      0
09/06/1990   9325      0   9285     40      0   3768      0    730      0    123      0      0      0   0.00   0.00      0   0.00    2.4  0.000    0.0  0.000      0      0      0      0      0
09/07/1990   9767      0   9619    148      0   3501      0    635      0     58      0      0      0   0.00   0.00      0   0.00    2.4  0.000    0.0  0.000      0      0      0      0      0
09/08/1990  10172      0   9832    340      0   3269      0    505      0     69      0      0      0   0.00   0.00      0   0.00    2.3  0.000    0.0  0.000      0      0      0      0      0
09/09/1990  10573      0   9950    623      0   3017      0    356      0    187      0      0      0   0.00   0.00      0   0.00    2.3  0.000    0.0  0.000      0      0      0      0      0
09/10/1990  10987      0   9992    995      0   2720      0    254      0    375      0      0      0   0.00   0.00      0   0.00    2.2  0.000    0.0  0.000      0      0      0      0      0
09/11/1990  11328      0   9948   1380      0   2455      0    192      0    602      0      0      0   0.00   0.00      0   0.00    2.2  0.000    0.0  0.000      0      0      0      0      0
09/12/1990  11572      0   9835   1737      0   2183      0    230      0    834      0      0      0   0.00   0.00      0   0.00    2.3  0.000    0.0  0.000      0      0      0      0      0
09/13/1990  11687      0   9647   2040      0   1919      0    390      0   1036      0      0      0   0.00   0.00      0   0.00    2.3  0.000    0.0  0.000      0      0      0      0      0
09/14/1990  11627      0   9359   2268      0   1696      0    671      0   1170      0      0      0   0.00   0.00      0   0.00    2.3  0.000    0.0  0.000      0      0      0      0      0
09/15/1990  11409      0   8998   2411      0   1557      0   1006      0   1257      0      0      0   0.00   0.00      0   0.00    2.4  0.000    0.0  0.000      0      0      0      0      0
09/16/1990  11145      0   8633   2512      0   1450      0   1357      0   1305      0      0      0   0.00   0.00      0   0.00    2.4  0.000    0.0  0.000      0      0      0      0      0
09/17/1990  10850      0   8280   2570      0   1398      0   1654      0   1364      0      0      0   0.00   0.00      0   0.00    2.5  0.000    0.0  0.000      0      0      0      0      0
09/18/1990  10531      0   7943   2588      0   1425      0   1888      0   1398      0      0      0   0.00   0.00      0   0.00    2.5  0.000    0.0  0.000      0      0      0      0      0
09/19/1990  10202      0   7621   2581      0   1524      0   2060      0   1412      0      0      0   0.00   0.00      0   0.00    2.6  0.000    0.0  0.000      0      0      0      0      0
09/20/1990   9862      0   7294   2568      0   1699      0   2184      0   1431      0      0      0   0.00   0.00      0   0.00    2.7  0.000    0.0  0.000      0      0      0      0      0
09/21/1990   9509      0   6965   2544      0   1931      0   2250      0   1455      0      0      0   0.00   0.00      0   0.00    2.7  0.000    0.0  0.000      0      0      0      0      0
09/22/1990   9135      0   6610   2525      0   2197      0   2302      0   1452      0      0      0   0.00   0.00      0   0.00    2.8  0.000    0.0  0.000      0      0      0      0      0
09/23/1990   8739      0   6220   2519      0   2517      0   2358      0   1393      0      0      0   0.00   0.00      0   0.00    2.8  0.000    0.0  0.000      0      0      0      0      0
09/24/1990   8351      0   5841   2510      0   2854      0   2400      0   1356      0      0      0   0.00   0.00      0   0.00    2.9  0.000    0.0  0.000      0      0      0      0      0
09/25/1990   7929      0   5452   2477      0   3248      0   2390      0   1345      0      0      0   0.00   0.00      0   0.00    3.0  0.000    0.0  0.000      0      0      0      0      0
09/26/1990   7470      0   5060   2410      0   3676      0   2353      0   1359      0      0      0   0.00   0.00      0   0.00    3.0  0.000    0.0  0.000      0      0      0      0      0
09/27/1990   6966      0   4621   2345      0   4143      0   2344      0   1343      0      0      0   0.00   0.00      0   0.00    3.1  0.000    0.0  0.000      0      0      0      0      0
09/28/1990   6474      0   4194   2280      0   4621      0   2304      0   1335      0      0      0   0.00   0.00      0   0.00    3.2  0.000    0.0  0.000      0      0      0      0      0
09/29/1990   6033      0   3843   2190      0   5062      0   2257      0   1346      0      0      0   0.00   0.00      0   0.00    3.3  0.000    0.0  0.000      0      0      0      0      0
09/30/1990   5682      0   3560   2122      0   5408      0   2235      0   1364      0      0      0   0.00   0.00      0   0.00    3.3  0.000    0.0  0.000      0      0      0      0      0
10/01/1990   5450      0   3349   2101      0   5639      0   2246      0   1374      0      0      0   0.00   0.00      0   0.00    3.4  0.000    0.0  0.000      0      0      0      0      0
10/02/1990   5292      0   3249   2043      0   5816      0   2247      0   1339      0      0      0   0.00   0.00      0   0.00    3.5  0.000    0.0  0.000      0      0      0      0      0
10/03/1990   5200      0   3247   1953      0   5919      0   2254      0   1298      0      0      0   0.00   0.00      0   0.00    3.5  0.000    0.0  0.000      0      0      0      0      0
10/04/1990   5200      0   3345   1855      0   5962      0   2261      0   1285      0      0      0   0.00   0.00      0   0.00    3.6  0.000    0.0  0.000      0      0      0      0      0
10/05/1990   5214      0   3537   1677      0   5989      0   2243      0   1255      0      0      0   0.00   0.00      0   0.00    3.6  0.000    0.0  0.000      0      0      0      0      0
10/06/1990   5237      0   3820   1417      0   5997      0   2217      0   1174      0      0      0   0.00   0.00      0   0.00    3.7  0.000    0.0  0.000      0      0      0      0      0
10/07/1990   5309      0   4112   1197      0   6003      0   2200      0   1011      0      0      0   0.00   0.00      0   0.00    3.7  0.000    0.0  0.000      0      0      0      0      0
10/08/1990   5431      0   4416   1015      0   5989      0   2134      0    871      0      0      0   0.00   0.00      0   0.00    3.7  0.000    0.0  0.000      0      0      0      0      0
10/09/1990   5595      0   4711    884      0   5973      0   2017      0    774      0      0      0   0.00   0.00      0   0.00    3.7  0.000    0.0  0.000      0      0      0      0      0
10/10/1990   5839      0   4996    843      0   5930      0   1872      0    707      0      0      0   0.00   0.00      0   0.00    3.7  0.000    0.0  0.000      0      0      0      0      0
10/11/1990   6178      0   5314    864      0   5856      0   1707      0    659      0      0      0   0.00   0.00      0   0.00    3.7  0.000    0.0  0.000      0      0      0      0      0
10/12/1990   6512      0   5636    876      0   5803      0   1506      0    630      0      0      0   0.00   0.00      0   0.00    3.8  0.000    0.0  0.000      0      0      0      0      0
10/13/1990   6806      0   5951    855      0   5733      0   1324      0    630      0      0      0   0.00   0.00      0   0.00    3.8  0.000    0.0  0.000      0      0      0      0      0
10/14/1990   7064      0   6268    796      0   5637      0   1192      0    634      0      0      0   0.00   0.00      0   0.00    3.8  0.000    0.0  0.000      0      0      0      0      0
10/15/1990   7340      0   6610    730      0   5458      0   1125      0    624      0      0      0   0.00   0.00      0   0.00    3.7  0.000    0.0  0.000      0      0      0      0      0
10/16/1990   7618      0   6983    635      0   5259      0   1083      0    598      0      0      0   0.00   0.00      0   0.00    3.7  0.000    0.0  0.000      0      0      0      0      0
10/17/1990   7893      0   7388    505      0   5052      0   1052      0    553      0      0      0   0.00   0.00      0   0.00    3.7  0.000    0.0  0.000      0      0      0      0      0
10/18/1990   8186      0   7830    356      0   4822      0   1042      0    492      0      0      0   0.00   0.00      0   0.00    3.7  0.000    0.0  0.000      0      0      0      0      0
10/19/1990   8514      0   8260    254      0   4583      0   1022      0    398      0      0      0   0.00   0.00      0   0.00    3.6  0.000    0.0  0.000      0      0      0      0      0
10/20/1990   8857      0   8665    192      0   4336      0    975      0    296      0      0      0   0.00   0.00      0   0.00    3.6  0.000    0.0  0.000      0      0      0      0      0
10/21/1990   9237      0   9007    230      0   4088      0    904      0    209      0      0      0   0.00   0.00      0   0.00    3.5  0.000    0.0  0.000      0      0      0      0      0
10/22/1990   9649      0   9259    390      0   3843      0    786      0    181      0      0      0   0.00   0.00      0   0.00    3.5  0.000    0.0  0.000      0      0      0      0      0
10/23/1990  10073      0   9402    671      0   3621      0    647      0    223      0      0      0   0.00   0.00      0   0.00    3.4  0.000    0.0  0.000      0      0      0      0      0
10/24/1990  10477      0   9471   1006      0   3388      0    515      0    341      0      0      0   0.00   0.00      0   0.00    3.4  0.000    0.0  0.000      0      0      0      0      0
10/25/1990  10865      0   9508   1357      0   3111      0    414      0    515      0      0      0   0.00   0.00      0   0.00    3.4  0.000    0.0  0.000      0      0      0      0      0
10/26/1990  11141      0   9487   1654      0   2858      0    378      0    681      0      0      0   0.00   0.00      0   0.00    3.4  0.000    0.0  0.000      0      0      0      0      0
10/27/1990  11276      0   9388   1888      0   2612      0    458      0    830      0      0      0   0.00   0.00      0   0.00    3.4  0.000    0.0  0.000      0      0      0      0      0
10/28/1990  11274      0   9214   2060      0   2396      0    633      0    928      0      0      0   0.00   0.00      0   0.00    3.5  0.000    0.0  0.000      0      0      0      0      0
10/29/1990  11178      0   8994   2184      0   2196      0    850      0   1006      0      0      0   0.00   0.00      0   0.00    3.5  0.000    0.0  0.000      0      0      0      0      0
10/30/1990  11014      0   8764   2250      0   2019      0   1107      0   1019      0      0      0   0.00   0.00      0   0.00    3.5  0.000    0.0  0.000      0      0      0      0      0
10/31/1990  10811      0   8509   2302      0   1912      0   1338      0   1008      0      0      0   0.00   0.00      0   0.00    3.6  0.000    0.0  0.000      0      0      0      0      0
11/01/1990  10575      0   8222   2353      0   1878      0   1515      0    927      0      0      0   0.00   0.00      0   0.00    3.6  0.000    0.0  0.000      0      0      0      0      0
11/02/1990  10330      0   7939   2391      0   1904      0   1611      0    846      0      0      0   0.00   0.00      0   0.00    3.7  0.000    0.0  0.000      0      0      0      0      0
11/03/1990  10065      0   7687   2378      0   1963      0   1665      0    792      0      0      0   0.00   0.00      0   0.00    3.7  0.000    0.0  0.000      0      0      0      0      0
11/04/1990   9802      0   7463   2339      0   2074      0   1612      0    822      0      0      0   0.00   0.00      0   0.00    3.8  0.000    0.0  0.000      0      0      0      0      0
11/05/1990   9536      0   7207   2329      0   2208      0   1529      0    873      0      0      0   0.00   0.00      0   0.00    3.8  0.000    0.0  0.000      0      0      0      0      0
11/06/1990   9229      0   6940   2289      0   2371      0   1451      0    857      0      0      0   0.00   0.00      0   0.00    3.9  0.000    0.0  0.000      0      0      0      0      0
11/07/1990   8899      0   6657   2242      0   2540      0   1415      0    807      0      0      0   0.00   0.00      0   0.00    3.9  0.000    0.0  0.000      0      0      0      0      0
11/08/1990   8576      0   6356   2220      0   2724      0   1394      0    781      0      0      0   0.00   0.00      0   0.00    4.0  0.000    0.0  0.000      0      0      0      0      0
11/09/1990   8234      0   6003   2231      0   2900      0   1381      0    817      0      0      0   0.00   0.00      0   0.00    4.1  0.000    0.0  0.000      0      0      0      0      0
11/10/1990   7839      0   5607   2232      0   3090      0   1376      0    868      0      0      0   0.00   0.00      0   0.00    4.1  0.000    0.0  0.000      0      0      0      0      0
11/11/1990   7440      0   5201   2239      0   3307      0   1383      0    901      0      0      0   0.00   0.00      0   0.00    4.2  0.000    0.0  0.000      0      0      0      0      0
11/12/1990   7056      0   4810   2246      0   3541      0   1376      0    936      0      0      0   0.00   0.00      0   0.00    4.2  0.000    0.0  0.000      0      0      0      0      0
11/13/1990   6719      0   4491   2228      0   3740      0   1371      0    975      0      0      0   0.00   0.00      0   0.00    4.3  0.000    0.0  0.000      0      0      0      0      0
11/14/1990   6446      0   4244   2202      0   3823      0   1427      0    955      0      0      0   0.00   0.00      0   0.00    4.4  0.000    0.0  0.000      0      0      0      0      0
11/15/1990   6225      0   4040   2185      0   3833      0   1505      0    904      0      0      0   0.00   0.00      0   0.00    4.4  0.000    0.0  0.000      0      0      0      0      0
11/16/1990   6036      0   3917   2119      0   3840      0   1565      0    867      0      0      0   0.00   0.00      0   0.00    4.5  0.000    0.0  0.000      0      0      0      0      0
11/17/1990   5902      0   3900   2002      0   3810      0   1565      0    887      0      0      0   0.00   0.00      0   0.00    4.6  0.000    0.0  0.000      0      0      0      0      0
11/18/1990   5814      0   3957   1857      0   3773      0   1541      0    891      0      0      0   0.00   0.00      0   0.00    4.6  0.000    0.0  0.000      0      0      0      0      0
11/19/1990   5744      0   4052   1692      0   3735      0   1531      0    863      0      0      0   0.00   0.00      0   0.00    4.7  0.000    0.0  0.000      0      0      0      0      0
11/20/1990   6073      0   4145   1928      0   3727      0   1516      0    741      0      0      0   0.00   0.00      0   0.00    4.7  0.000    0.0  0.000      0      0      0      0      0
11/21/1990   5957      0   4258   1699      0   3740      0   1457      0    642      0      0      0   0.00   0.00      0   0.00    4.8  0.000    0.0  0.000      0      0      0      0      0
11/22/1990   5499      0   4320   1179      0   3763      0   1439      0    547      0      0      0   0.00   0.00      0   0.00    4.8  0.000    0.0  0.000      0      0      0      0      0
11/23/1990   5473      0   4361   1112      0   3785      0   1353      0    499      0      0      0   0.00   0.00      0   0.00    4.8  0.000    0.0  0.000      0      0      0      0      0
11/24/1990   5490      0   4420   1070      0   3815      0   1232      0    456      0      0      0   0.00   0.00      0   0.00    4.9  0.000    0.0  0.000      0      0      0      0      0
11/25/1990   5783      0   4508   1275      0   3828      0   1099      0    427      0      0      0   0.00   0.00      0   0.00    4.8  0.000    0.0  0.000      0      0      0      0      0
11/26/1990   6082      0   4610   1472      0   3803      0    961      0    399      0      0      0   0.00   0.00      0   0.00    4.8  0.000    0.0  0.000      0      0      0      0      0
11/27/1990   6332      0   4679   1653      0   3821      0    825      0    374      0      0      0   0.00   0.00      0   0.00    4.8  0.000    0.0  0.000      0      0      0      0      0
11/28/1990   6575      0   4762   1813      0   3762      0    785      0    366      0      0      0   0.00   0.00      0   0.00    4.8  0.000    0.0  0.000      0      0      0      0      0
11/29/1990   6410      0   4899   1511      0   3664      0    718      0    429      0      0      0   0.00   0.00      0   0.00    4.9  0.000    0.0  0.000      0      0      0      0      0
11/30/1990   6498      0   5098   1400      0   3551      0    652      0    478      0      0      0   0.00   0.00      0   0.00    4.9  0.000    0.0  0.000      0      0      0      0      0
12/01/1990   6792      0   5334   1458      0   3393      0    652      0    464      0      0      0   0.00   0.00      0   0.00    4.9  0.000    0.0  0.000      0      0      0      0      0
12/02/1990   7098      0   5591   1507      0   3219      0    691      0    399      0      0      0   0.00   0.00      0   0.00    4.9  0.000    0.0  0.000      0      0      0      0      0
12/03/1990   7217      0   5853   1364      0   3042      0    703      0    366      0      0      0   0.00   0.00      0   0.00    4.9  0.000    0.0  0.000      0      0      0      0      0
12/04/1990   6750      0   6086    664      0   2817      0    717      0    371      0      0      0   0.00   0.00      0   0.00    4.9  0.000    0.0  0.000      0      0      0      0      0
12/05/1990   7036      0   6205    831      0   2638      0    716      0    323      0      0      0   0.00   0.00      0   0.00    4.8  0.000    0.0  0.000      0      0      0      0      0
12/06/1990   7148      0   6242    906      0   2504      0    703      0    285      0      0      0   0.00   0.00      0   0.00    4.8  0.000    0.0  0.000      0      0      0      0      0
12/07/1990   7172      0   6272    900      0   2379      0    659      0    258      0      0      0   0.00   0.00      0   0.00    4.8  0.000    0.0  0.000      0      0      0      0      0
12/08/1990   7420      0   6262   1158      0   2229      0    561      0    298      0      0      0   0.00   0.00      0   0.00    4.8  0.000    0.0  0.000      0      0      0      0      0
12/09/1990   7463      0   6205   1258      0   2077      0    524      0    337      0      0      0   0.00   0.00      0   0.00    4.9  0.000    0.0  0.000      0      0      0      0      0
12/10/1990   7630      0   6129   1501      0   1915      0    518      0    410      0      0      0   0.00   0.00      0   0.00    4.9  0.000    0.0  0.000      0      0      0      0      0
12/11/1990   7580      0   5984   1596      0   1854      0    493      0    506      0      0      0   0.00   0.00      0   0.00    4.9  0.000    0.0  0.000      0      0      0      0      0
12/12/1990   7755      0   5839   1916      0   1806      0    490      0    566      0      0      0   0.00   0.00      0   0.00    4.9  0.000    0.0  0.000      0      0      0      0      0
12/13/1990   7928      0   5749   2179      0   1691      0    605      0    573      0      0      0   0.00   0.00      0   0.00    4.9  0.000    0.0  0.000      0      0      0      0      0
12/14/1990   8064      0   5637   2427      0   1640      0    714      0    464      0      0      0   0.00   0.00      0   0.00    4.9  0.000    0.0  0.000      0      0      0      0      0
12/15/1990   8196      0   5503   2693      0   1608      0    798      0    399      0      0      0   0.00   0.00      0   0.00    4.9  0.000    0.0  0.000      0      0      0      0      0
12/16/1990   8340      0   5354   2986      0   1562      0    880      0    332      0      0      0   0.00   0.00      0   0.00    4.8  0.000    0.0  0.000      0      0      0      0      0
12/17/1990   8447      0   5163   3284      0   1578      0    841      0    386      0      0      0   0.00   0.00      0   0.00    4.8  0.000    0.0  0.000      0      0      0      0      0
12/18/1990   8553      0   5020   3533      0   1644      0    787      0    432      0      0      0   0.00   0.00      0   0.00    4.7  0.000    0.0  0.000      0      0      0      0      0
12/19/1990   8688      0   4913   3775      0   1702      0    706      0    467      0      0      0   0.00   0.00      0   0.00    4.7  0.000    0.0  0.000      0      0      0      0      0
12/20/1990   8858      0   4811   4047      0   1715      0    661      0    376      0      0      0   0.00   0.00      0   0.00    4.7  0.000    0.0  0.000      0      0      0      0      0
12/21/1990   9013      0   4681   4332      0   1739      0    646      0    206      0      0      0   0.00   0.00      0   0.00    4.6  0.000    0.0  0.000      0      0      0      0      0
12/22/1990   9133      0   4509   4624      0   1702      0    709      0     53      0      0      0   0.00   0.00      0   0.00    4.6  0.000    0.0  0.000      0      0      0      0      0
12/23/1990   9237      0   4309   4928      0   1715      0    638      0      0      0      0      0   0.00   0.00      0   0.00    4.6  0.000    0.0  0.000      0      0      0      0      0
12/24/1990   9358      0   4111   5247      0   1705      0    520      0      0      0      0      0   0.00   0.00      0   0.00    4.5  0.000    0.0  0.000      0      0      0      0      0
12/25/1990   9483      0   3905   5578      0   1717      0    376      0     35      0      0      0   0.00   0.00      0   0.00    4.5  0.000    0.0  0.000      0      0      0      0      0
12/26/1990   9539      0   3677   5862      0   1824      0    206      0    122      0      0      0   0.00   0.00      0   0.00    4.5  0.000    0.0  0.000      0      0      0      0      0
12/27/1990   9621      0   3492   6129      0   1887      0     53      0    246      0      0      0   0.00   0.00      0   0.00    4.5  0.000    0.0  0.000      0      0      0      0      0
12/28/1990   9718      0   3296   6422      0   1835      0     35      0    357      0      0      0   0.00   0.00      0   0.00    4.4  0.000    0.0  0.000      0      0      0      0      0
12/29/1990   9813      0   3088   6725      0   1732      0    122      0    334      0      0      0   0.00   0.00      0   0.00    4.4  0.000    0.0  0.000      0      0      0      0      0
12/30/1990   9934      0   2938   6996      0   1603      0    246      0    321      0      0      0   0.00   0.00      0   0.00    4.4  0.000    0.0  0.000      0      0      0      0      0
12/31/1990  10104      0   2843   7261      0   1425      0    392      0    292      0      0      0   0.00   0.00      0   0.00    4.4  0.000    0.0  0.000      0      0      0      0      0
