Varroa Population Simulation - Nov 23,2015  02:37:45 PM
VarroaPop Version 3.2.5.8  June, 2015

                                        Capped  Capped                                                                      Prop           Conc          Conc                                     
            Colony  Adult  Adult         Drone   Wkr    Drone  Wkr    Drone  Wkr  Free   DBrood WBrood DMite  WMite  Mites  Mites  Colony Pollen Colony Nectar   Dead   Dead   Dead   Dead   Dead
     Date   Size   Drones   Wkr   Forgrs Brood  Brood   Larv   Larv    Eggs  Eggs Mites  Mites  Mites  /Cell  /Cell  Dying  Dying  Pollen  Pest  Nectar  Pest    DLarv  WLarv  DAdlt  WAdlt  Forgrs
Initial     10000      0   6363   3637      0      0      0      0      0      0      0      0      0   0.00   0.00      0   0.00    0.0  0.000    0.0  0.000      0      0      0      0      0
08/01/1990   9697      0   6060   3637      0      0      0      0      4    780      0      0      0   0.00   0.00      0   0.00    0.1  0.000    0.0  0.000      0      0      0      0      0
08/02/1990   9394      0   5757   3637      0      0      0      0      8   1559      0      0      0   0.00   0.00      0   0.00    0.2  0.000    0.0  0.000      0      0      0      0      0
08/03/1990   9091      0   5454   3637      0      0      0      0     12   2336      0      0      0   0.00   0.00      0   0.00    0.4  0.000    0.0  0.000      0      0      0      0      0
08/04/1990   8788      0   5151   3637      0      0      4    780     12   2338      0      0      0   0.00   0.00      0   0.00    0.5  0.000    0.0  0.000      0      0      0      0      0
08/05/1990   8485      0   4848   3637      0      0      8   1559     12   2360      0      0      0   0.00   0.00      0   0.00    0.6  0.000    0.0  0.000      0      0      0      0      0
08/06/1990   8182      0   4545   3637      0      0     12   2336     12   2388      0      0      0   0.00   0.00      0   0.00    0.8  0.000    0.0  0.000      0      0      0      0      0
08/07/1990   7879      0   4242   3637      0      0     16   3118     12   2411      0      0      0   0.00   0.00      0   0.00    0.9  0.000    0.0  0.000      0      0      0      0      0
08/08/1990   7576      0   3939   3637      0      0     20   3919     12   2415      0      0      0   0.00   0.00      0   0.00    1.0  0.000    0.0  0.000      0      0      0      0      0
08/09/1990   7273      0   3636   3637      0    780     24   3944     12   2415      0      0      0   0.00   0.00      0   0.00    1.1  0.000    0.0  0.000      0      0      0      0      0
08/10/1990   6970      0   3333   3637      0   1559     28   3970     12   2415      0      0      0   0.00   0.00      0   0.00    1.3  0.000    0.0  0.000      0      0      0      0      0
08/11/1990     11      0     11      0      4   2336     12   2819     12   2415      0      0      0   0.00   0.00      0   0.00    1.4  0.805    0.0  0.000     14   1179      0   3017   3634
08/12/1990     10      0     10      0      4   2495     16   3465      8   1610      0      0      0   0.00   0.00      0   0.00    1.4  0.805    0.0  0.000      0      0      0      0      1
08/13/1990      9      0      9      0      4   2740     20   4025      4    805      0      0      0   0.00   0.00      0   0.00    1.4  0.805    0.0  0.000      0      0      0      0      1
08/14/1990      8      0      8      0      4   3545     24   4025      0      0      0      0      0   0.00   0.00      0   0.00    1.4  0.805    0.0  0.000      0      0      0      0      1
08/15/1990      7      0      7      0      4   4350     24   3220      0      0      0      0      0   0.00   0.00      0   0.00    1.4  0.805    0.0  0.000      0      0      0      0      1
08/16/1990      6      0      6      0      8   5155     20   2415      0      0      0      0      0   0.00   0.00      0   0.00    1.4  0.805    0.0  0.000      0      0      0      0      1
08/17/1990      5      0      5      0     12   5960     16   1610      0      0      0      0      0   0.00   0.00      0   0.00    1.4  0.805    0.0  0.000      0      0      0      0      1
08/18/1990      4      0      4      0     16   6765     12    805      0      0      0      0      0   0.00   0.00      0   0.00    1.4  0.805    0.0  0.000      0      0      0      0      1
08/19/1990      4      0      3      1     20   7570      8      0      0      0      0      0      0   0.00   0.00      0   0.00    1.4  0.805    0.0  0.000      0      0      0      0      0
08/20/1990      4      0      2      2     24   7570      4      0      0      0      0      0      0   0.00   0.00      0   0.00    1.4  0.805    0.0  0.000      0      0      0      0      0
08/21/1990      4      0      1      3     28   7570      0      0      0      0      0      0      0   0.00   0.00      0   0.00    1.4  0.805    0.0  0.000      0      0      0      0      0
08/22/1990    782      0    778      4     28   6790      0      0      0      0      0      0      0   0.00   0.00      0   0.00    1.4  0.805    0.0  0.000      0      0      0      2      0
08/23/1990   1559      0   1555      4     28   6011      0      0      0      1      0      0      0   0.00   0.00      0   0.00    1.4  0.805    0.0  0.000      0      0      0      2      0
08/24/1990   2334      0   2330      4     28   5234      0      0      0      2      0      0      0   0.00   0.00      0   0.00    1.4  0.805    0.0  0.000      0      0      0      2      0
08/25/1990   2496      4   2488      4     24   5075      0      0      0      2      0      0      0   0.00   0.00      0   0.00    1.4  0.805    0.0  0.000      0      0      0      1      0
08/26/1990   2740      4   2732      4     24   4830      0      1      0      2      0      0      0   0.00   0.00      0   0.00    1.3  0.805    0.0  0.000      0      0      0      1      0
08/27/1990   3542      4   3534      4     24   4025      0      2      0      2      0      0      0   0.00   0.00      0   0.00    1.3  0.804    0.0  0.000      0      0      0      3      0
08/28/1990   4344      4   4336      4     24   3220      0      2      0      3      0      0      0   0.00   0.00      0   0.00    1.3  0.804    0.0  0.000      0      0      0      3      0
08/29/1990   5146      4   5138      4     24   2415      0      3      0      3      0      0      0   0.00   0.00      0   0.00    1.3  0.804    0.0  0.000      0      0      0      3      0
08/30/1990   5952      8   5940      4     20   1610      0      4      0      3      0      0      0   0.00   0.00      0   0.00    1.2  0.803    0.0  0.000      0      0      0      3      0
08/31/1990   6757     12   6742      3     16    806      0      4      0      3      0      0      0   0.00   0.00      0   0.00    1.2  0.803    0.0  0.000      0      0      0      3      0
09/01/1990   7562     16   7544      2     12      2      0      4      0      2      0      0      0   0.00   0.00      0   0.00    1.2  0.802    0.0  0.000      0      0      0      3      0
09/02/1990   7566     20   7544      2      8      2      0      5      0      1      0      0      0   0.00   0.00      0   0.00    1.1  0.801    0.0  0.000      0      0      0      0      0
09/03/1990   7569     24   7544      1      4      3      0      5      0      0      0      0      0   0.00   0.00      0   0.00    1.1  0.799    0.0  0.000      0      0      0      0      0
09/04/1990   7572     28   7544      0      0      4      0      4      0      0      0      0      0   0.00   0.00      0   0.00    1.0  0.797    0.0  0.000      0      0      0      0      0
09/05/1990   7572     28   7544      0      0      5      0      3      0      0      0      0      0   0.00   0.00      0   0.00    1.0  0.795    0.0  0.000      0      0      0      0      0
09/06/1990   7572     28   7544      0      0      6      0      2      0      0      0      0      0   0.00   0.00      0   0.00    0.9  0.793    0.0  0.000      0      0      0      0      0
09/07/1990   7572     28   7544      0      0      7      0      1      0      0      0      0      0   0.00   0.00      0   0.00    0.9  0.790    0.0  0.000      0      0      0      0      0
09/08/1990   7572     28   7544      0      0      8      0      0      0      0      0      0      0   0.00   0.00      0   0.00    0.8  0.786    0.0  0.000      0      0      0      0      0
09/09/1990   7572     28   7544      0      0      8      0      0      0      0      0      0      0   0.00   0.00      0   0.00    0.8  0.781    0.0  0.000      0      0      0      0      0
09/10/1990   7572     28   7544      0      0      8      0      0      0      0      0      0      0   0.00   0.00      0   0.00    0.7  0.774    0.0  0.000      0      0      0      0      0
09/11/1990   7572     28   7544      0      0      8      0      0      0      0      0      0      0   0.00   0.00      0   0.00    0.6  0.767    0.0  0.000      0      0      0      0      0
09/12/1990   7572     28   6766    778      0      8      0      0      0      0      0      0      0   0.00   0.00      0   0.00    0.6  0.766    0.0  0.000      0      0      0      0      0
09/13/1990   7573     28   5990   1555      0      7      0      0      0    278      0      0      0   0.00   0.00      0   0.00    0.6  0.738    0.0  0.000      0      0      0      0      0
09/14/1990   7574     28   5216   2330      0      6      0      0      0    699      0      0      0   0.00   0.00      0   0.00    0.7  0.675    0.0  0.000      0      0      0      0      0
09/15/1990   7570     24   5058   2488      0      6      0      0      0   1234      0      0      0   0.00   0.00      0   0.00    0.8  0.615    0.0  0.000      0      0      0      0      0
09/16/1990   7571     24   4815   2732      0      5      0    278      1   1511      0      0      0   0.00   0.00      0   0.00    0.8  0.552    0.0  0.000      0      0      0      0      0
09/17/1990   7572     24   4014   3534      0      4      0    699      2   1688      0      0      0   0.00   0.00      0   0.00    1.0  0.479    0.0  0.000      0      0      0      0      0
09/18/1990   7573     24   3213   4336      0      3      0   1234      5   1826      0      0      0   0.00   0.00      0   0.00    1.2  0.407    0.0  0.000      0      0      0      0      0
09/19/1990   7574     24   2412   5138      0      2      1   1789      9   2004      0      0      0   0.00   0.00      0   0.00    1.4  0.342    0.0  0.000      0      0      0      0      0
09/20/1990   7571     20   1611   5940      0      1      2   2387     14   2246      0      0      0   0.00   0.00      0   0.00    1.6  0.288    0.0  0.000      0      0      0      0      0
09/21/1990   7568     16    810   6742      0    278      5   2782     19   2475      0      0      0   0.00   0.00      0   0.00    1.9  0.243    0.0  0.000      0      0      0      0      0
09/22/1990   7564     12      8   7544      0    699     10   3094     23   2638      0      0      0   0.00   0.00      0   0.00    2.3  0.207    0.0  0.000      0      0      0      0      0
09/23/1990   7560      8      8   7544      0   1234     16   3399     27   2681      0      0      0   0.00   0.00      0   0.00    2.6  0.180    0.0  0.000      0      0      0      0      0
09/24/1990   6778      4      8   6766      0   1789     24   3746     30   2712      0      0      0   0.00   0.00      0   0.00    2.9  0.162    0.0  0.000      0      0      0      0      0
09/25/1990   5997      0      8   5989      0   2387     33   4044     30   2700      0      0      0   0.00   0.00      0   0.00    3.2  0.148    0.0  0.000      0      0      0      0      0
09/26/1990   5222      0      8   5214      1   3060     42   4254     27   2655      0      0      0   0.00   0.00      0   0.00    3.4  0.138    0.0  0.000      0      0      0      0      0
09/27/1990   5064      0      8   5056      2   3793     52   4454     22   2512      0      0      0   0.00   0.00      0   0.00    3.6  0.130    0.0  0.000      0      0      0      0      0
09/28/1990   4820      0      8   4812      5   4633     58   4498     19   2425      0      0      0   0.00   0.00      0   0.00    3.8  0.122    0.0  0.000      0      0      0      0      0
09/29/1990   4018      0      8   4010     10   5535     60   4434     17   2403      0      0      0   0.00   0.00      0   0.00    4.0  0.117    0.0  0.000      0      0      0      0      0
09/30/1990   3216      0      8   3208     16   6431     60   4328     16   2381      0      0      0   0.00   0.00      0   0.00    4.1  0.113    0.0  0.000      0      0      0      0      0
10/01/1990   2414      0      8   2406     24   7314     58   4242     13   2275      0      0      0   0.00   0.00      0   0.00    4.2  0.110    0.0  0.000      0      0      0      0      0
10/02/1990   1612      0      8   1604     33   8247     54   4125      8   2012      0      0      0   0.00   0.00      0   0.00    4.3  0.109    0.0  0.000      0      0      0      0      0
10/03/1990    810      0      8    802     43   9131     49   4009      3   1244      0      0      0   0.00   0.00      0   0.00    4.3  0.108    0.0  0.000      0      0      0      0      0
10/04/1990    286      0    285      1     54   9691     41   3862      0    553      0      0      0   0.00   0.00      0   0.00    4.3  0.108    0.0  0.000      0      0      0      0      0
10/05/1990    707      0    705      2     63  10060     32   3625      0      0      0      0      0   0.00   0.00      0   0.00    4.3  0.108    0.0  0.000      0      0      0      0      0
10/06/1990   1242      0   1240      2     70  10322     25   2828      0      0      0      0      0   0.00   0.00      0   0.00    4.3  0.108    0.0  0.000      0      0      0      0      0
10/07/1990   1797      0   1794      3     76  10583     19   2012      0      0      0      0      0   0.00   0.00      0   0.00    4.3  0.108    0.0  0.000      0      0      0      0      0
10/08/1990   2395      0   2391      4     82  10753     13   1244      0      0      0      0      0   0.00   0.00      0   0.00    4.3  0.108    0.0  0.000      0      0      0      0      0
10/09/1990   3068      0   3063      5     87  10771      8    553      0      0      0      0      0   0.00   0.00      0   0.00    4.3  0.108    0.0  0.000      0      0      0      0      0
10/10/1990   3802      1   3795      6     91  10591      3      0      0      1      0      0      0   0.00   0.00      0   0.00    4.3  0.108    0.0  0.000      0      0      0      0      0
10/11/1990   4643      2   4634      7     93   9751      0      0      0      2      0      0      0   0.00   0.00      0   0.00    4.2  0.108    0.0  0.000      0      0      0      0      0
10/12/1990   5548      5   5535      8     90   8849      0      0      0      4      0      0      0   0.00   0.00      0   0.00    4.2  0.108    0.0  0.000      0      0      0      0      0
10/13/1990   6449     10   6431      8     85   7953      0      1      0      5      0      0      0   0.00   0.00      0   0.00    4.2  0.108    0.0  0.000      0      0      0      0      0
10/14/1990   7338     16   7314      8     79   7070      0      2      0      6      0      0      0   0.00   0.00      0   0.00    4.1  0.108    0.0  0.000      0      0      0      0      0
10/15/1990   8279     24   8247      8     71   6137      0      4      0      6      0      0      0   0.00   0.00      0   0.00    4.1  0.108    0.0  0.000      0      0      0      0      0
10/16/1990   9171     33   9131      7     62   5253      0      6      0      6      0      0      0   0.00   0.00      0   0.00    4.0  0.108    0.0  0.000      0      0      0      0      0
10/17/1990  10018     43   9969      6     52   4415      0      8      0      6      0      0      0   0.00   0.00      0   0.00    4.0  0.108    0.0  0.000      0      0      0      0      0
10/18/1990  10819     54  10759      6     41   3626      0      9      0      5      0      0      0   0.00   0.00      0   0.00    3.9  0.108    0.0  0.000      0      0      0      0      0
10/19/1990  11624     63  11556      5     32   2830      0     10      0      4      0      0      0   0.00   0.00      0   0.00    3.9  0.108    0.0  0.000      0      0      0      0      0
10/20/1990  12446     70  12372      4     25   2016      0     10      0      3      0      0      0   0.00   0.00      0   0.00    3.8  0.108    0.0  0.000      0      0      0      0      0
10/21/1990  13219     76  13140      3     19   1250      0      9      0      2      0      0      0   0.00   0.00      0   0.00    3.7  0.108    0.0  0.000      0      0      0      0      0
10/22/1990  13915     82  13831      2     13    561      0      8      0      1      0      0      0   0.00   0.00      0   0.00    3.6  0.108    0.0  0.000      0      0      0      0      0
10/23/1990  14472     87  14384      1      8     10      0      7      0      0      0      0      0   0.00   0.00      0   0.00    3.5  0.107    0.0  0.000      0      0      0      0      0
10/24/1990  14476     92  14384      0      3     12      0      5      0      0      0      0      0   0.00   0.00      0   0.00    3.4  0.107    0.0  0.000      0      0      0      0      0
10/25/1990  14479     95  14106    278      0     14      0      3      0      0      0      0      0   0.00   0.00      0   0.00    3.3  0.107    0.0  0.000      0      0      0      0      0
10/26/1990  14479     95  13685    699      0     15      0      2      0     93      0      0      0   0.00   0.00      0   0.00    3.3  0.107    0.0  0.000      0      0      0      0      0
10/27/1990  14479     95  13150   1234      0     16      0      1      0    304      0      0      0   0.00   0.00      0   0.00    3.2  0.107    0.0  0.000      0      0      0      0      0
10/28/1990  14479     95  12595   1789      0     17      0      0      0    613      0      0      0   0.00   0.00      0   0.00    3.2  0.107    0.0  0.000      0      0      0      0      0
10/29/1990  14479     95  11997   2387      0     17      0     93      0    908      0      0      0   0.00   0.00      0   0.00    3.2  0.107    0.0  0.000      0      0      0      0      0
10/30/1990  14479     95  11324   3060      0     17      0    304      0   1123      0      0      0   0.00   0.00      0   0.00    3.3  0.105    0.0  0.000      0      0      0      0      0
10/31/1990  14479     94  10592   3793      0     16      0    613      1   1282      0      0      0   0.00   0.00      0   0.00    3.4  0.102    0.0  0.000      0      0      0      0      0
11/01/1990  14471     93   9753   4625      0     15      0   1001      3   1320      0      0      0   0.00   0.00      0   0.00    3.5  0.098    0.0  0.000      0      0      0      0      0
11/02/1990  14461     90   8853   5518      0     13      0   1427      6   1329      0      0      0   0.00   0.00      0   0.00    3.7  0.094    0.0  0.000      0      0      0      0      0
11/03/1990  14448     85   7959   6404      0    104      1   1802      9   1362      0      0      0   0.00   0.00      0   0.00    3.9  0.088    0.0  0.000      0      0      0      0      0
11/04/1990  14433     79   7078   7276      0    313      3   2017     12   1526      0      0      0   0.00   0.00      0   0.00    4.2  0.083    0.0  0.000      0      0      0      0      0
11/05/1990  14415     71   6147   8197      0    620      6   2143     15   1733      0      0      0   0.00   0.00      0   0.00    4.5  0.077    0.0  0.000      0      0      0      0      0
11/06/1990  14123     62   5265   8796      0   1006     10   2256     17   1798      0      0      0   0.00   0.00      0   0.00    4.8  0.071    0.0  0.000      0      0      0      0      0
11/07/1990  13688     52   4429   9207      0   1430     15   2420     18   1780      0      0      0   0.00   0.00      0   0.00    5.2  0.066    0.0  0.000      0      0      0      0      0
11/08/1990  13138     41   3640   9457      0   1897     21   2594     20   1800      0      0      0   0.00   0.00      0   0.00    5.6  0.061    0.0  0.000      0      0      0      0      0
11/09/1990  12571     32   2844   9695      0   2322     27   2734     23   1936      0      0      0   0.00   0.00      0   0.00    6.0  0.057    0.0  0.000      0      0      0      0      0
11/10/1990  11964     25   2029   9910      1   2756     32   2871     26   2090      0      0      0   0.00   0.00      0   0.00    6.4  0.053    0.0  0.000      0      0      0      0      0
11/11/1990  11283     19   1261  10003      3   3257     38   3032     28   2189      0      0      0   0.00   0.00      0   0.00    6.9  0.050    0.0  0.000      0      0      0      0      0
11/12/1990  10543     13    570   9960      6   3847     44   3144     30   2287      0      0      0   0.00   0.00      0   0.00    7.3  0.047    0.0  0.000      0      0      0      0      0
11/13/1990   9698      8     17   9673     10   4489     49   3228     32   2388      0      0      0   0.00   0.00      0   0.00    7.8  0.044    0.0  0.000      0      0      0      0      0
11/14/1990   8792      3     17   8772     15   5055     54   3423     31   2335      0      0      0   0.00   0.00      0   0.00    8.2  0.042    0.0  0.000      0      0      0      0      0
11/15/1990   7895      0     17   7878     21   5627     59   3651     28   2184      0      0      0   0.00   0.00      0   0.00    8.5  0.040    0.0  0.000      0      0      0      0      0
11/16/1990   7108      0    110   6998     27   6196     64   3816     24   2042      0      0      0   0.00   0.00      0   0.00    8.8  0.039    0.0  0.000      0      0      0      0      0
11/17/1990   6390      0    321   6069     33   6687     67   3822     22   2019      0      0      0   0.00   0.00      0   0.00    9.1  0.038    0.0  0.000      0      0      0      0      0
11/18/1990   5820      0    630   5190     41   7104     67   3745     19   1971      0      0      0   0.00   0.00      0   0.00    9.3  0.037    0.0  0.000      0      0      0      0      0
11/19/1990   5376      0   1018   4358     50   7477     65   3669     17   1859      0      0      0   0.00   0.00      0   0.00    9.5  0.036    0.0  0.000      0      0      0      0      0
11/20/1990   5796      0   1444   4352     59   7851     63   3554     12   1564      0      0      0   0.00   0.00      0   0.00    9.7  0.035    0.0  0.000      0      0      0      0      0
11/21/1990   5482      0   1911   3571     69   8210     58   3328      9   1303      0      0      0   0.00   0.00      0   0.00    9.8  0.035    0.0  0.000      0      0      0      0      0
11/22/1990   4315      0   2336   1979     80   8492     52   3193      5   1061      0      0      0   0.00   0.00      0   0.00    9.9  0.035    0.0  0.000      0      0      0      0      0
11/23/1990   3991      0   2769   1222     91   8706     43   2934      3    912      0      0      0   0.00   0.00      0   0.00    9.9  0.035    0.0  0.000      0      0      0      0      0
11/24/1990   3811      1   3268    542     99   8890     36   2589      1    752      0      0      0   0.00   0.00      0   0.00    9.9  0.035    0.0  0.000      0      0      0      0      0
11/25/1990   4401      3   3856    542    105   8985     29   2235      0    529      0      0      0   0.00   0.00      0   0.00    9.9  0.035    0.0  0.000      0      0      0      0      0
11/26/1990   5044      6   4496    542    109   8944     22   1875      0    361      0      0      0   0.00   0.00      0   0.00    9.9  0.035    0.0  0.000      0      0      0      0      0
11/27/1990   5612     10   5060    542    112   8951     15   1482      0    246      0      0      0   0.00   0.00      0   0.00    9.9  0.035    0.0  0.000      0      0      0      0      0
11/28/1990   6187     15   5630    542    112   8769     10   1200      0    215      0      0      0   0.00   0.00      0   0.00    9.9  0.035    0.0  0.000      0      0      0      0      0
11/29/1990   6315     21   6291      3    111   8447      5    933      0    232      0      0      0   0.00   0.00      0   0.00    9.8  0.035    0.0  0.000      0      0      0      0      0
11/30/1990   7020     27   6992      1    107   8076      3    667      0    167      0      0      0   0.00   0.00      0   0.00    9.8  0.035    0.0  0.000      0      0      0      0      0
12/01/1990   7751     33   7717      1    103   7591      1    503      0     90      0      0      0   0.00   0.00      0   0.00    9.7  0.035    0.0  0.000      0      0      0      0      0
12/02/1990   8520     41   8478      1     96   7010      0    413      0      0      0      0      0   0.00   0.00      0   0.00    9.7  0.035    0.0  0.000      0      0      0      0      0
12/03/1990   9328     50   9278      0     87   6318      0    305      0      0      0      0      0   0.00   0.00      0   0.00    9.6  0.035    0.0  0.000      0      0      0      0      0
12/04/1990  10164     59  10105      0     78   5564      0    232      0      0      0      0      0   0.00   0.00      0   0.00    9.6  0.035    0.0  0.000      0      0      0      0      0
12/05/1990  10882     69  10813      0     68   4921      0    167      0      0      0      0      0   0.00   0.00      0   0.00    9.5  0.035    0.0  0.000      0      0      0      0      0
12/06/1990  11542     80  11462      0     57   4349      0     90      0      0      0      0      0   0.00   0.00      0   0.00    9.4  0.035    0.0  0.000      0      0      0      0      0
12/07/1990  12237     91  12054     92     46   3754      0      0      0      0      0      0      0   0.00   0.00      0   0.00    9.3  0.035    0.0  0.000      0      0      0      0      0
12/08/1990  12929    100  12528    301     37   3069      0      0      0     17      0      0      0   0.00   0.00      0   0.00    9.3  0.035    0.0  0.000      0      0      0      0      0
12/09/1990  13535    108  12820    607     29   2468      0      0      0     70      0      0      0   0.00   0.00      0   0.00    9.2  0.035    0.0  0.000      0      0      0      0      0
12/10/1990  14111    115  13005    991     22   1895      0      0      0    197      0      0      0   0.00   0.00      0   0.00    9.2  0.035    0.0  0.000      0      0      0      0      0
12/11/1990  14503    122  12969   1412     15   1505      0     17      0    363      0      0      0   0.00   0.00      0   0.00    9.2  0.035    0.0  0.000      0      0      0      0      0
12/12/1990  14843    127  12841   1875     10   1165      0     70      0    524      0      0      0   0.00   0.00      0   0.00    9.1  0.034    0.0  0.000      0      0      0      0      0
12/13/1990  15174    132  12746   2296      5    834      0    197      0    621      0      0      0   0.00   0.00      0   0.00    9.1  0.034    0.0  0.000      0      0      0      0      0
12/14/1990  15412    134  12552   2726      3    593      0    380      0    553      0      0      0   0.00   0.00      0   0.00    9.0  0.034    0.0  0.000      0      0      0      0      0
12/15/1990  15587    135  12231   3221      1    413      0    594      0    501      0      0      0   0.00   0.00      0   0.00    8.9  0.034    0.0  0.000      0      0      0      0      0
12/16/1990  15688    134  11749   3805      0    322      0    801      0    437      0      0      0   0.00   0.00      0   0.00    8.8  0.034    0.0  0.000      0      0      0      0      0
12/17/1990  15751    131  11180   4440      0    302      0    863      0    521      0      0      0   0.00   0.00      0   0.00    8.7  0.034    0.0  0.000      0      0      0      0      0
12/18/1990  15805    127  10679   4999      0    364      0    898      1    601      0      0      0   0.00   0.00      0   0.00    8.7  0.034    0.0  0.000      0      0      0      0      0
12/19/1990  15870    122  10184   5564      0    470      0    875      2    664      0      0      0   0.00   0.00      0   0.00    8.6  0.034    0.0  0.000      0      0      0      0      0
12/20/1990  15946    116   9612   6218      0    594      0    860      2    544      0      0      0   0.00   0.00      0   0.00    8.5  0.034    0.0  0.000      0      0      0      0      0
12/21/1990  15932    110   8910   6912      0    818      1    878      1    302      0      0      0   0.00   0.00      0   0.00    8.4  0.034    0.0  0.000      0      0      0      0      0
12/22/1990  15917    104   8184   7629      0    933      2    986      0     79      0      0      0   0.00   0.00      0   0.00    8.4  0.034    0.0  0.000      0      0      0      0      0
12/23/1990  15900     96   7423   8381      0   1095      2    903      0      0      0      0      0   0.00   0.00      0   0.00    8.3  0.034    0.0  0.000      0      0      0      0      0
12/24/1990  15881     87   6623   9171      0   1255      2    743      0      0      0      0      0   0.00   0.00      0   0.00    8.3  0.034    0.0  0.000      0      0      0      0      0
12/25/1990  15862     78   5796   9988      0   1454      2    544      0     56      0      0      0   0.00   0.00      0   0.00    8.2  0.034    0.0  0.000      0      0      0      0      0
12/26/1990  15841     68   5088  10685      0   1696      2    302      1    192      0      0      0   0.00   0.00      0   0.00    8.2  0.034    0.0  0.000      0      0      0      0      0
12/27/1990  15819     57   4439  11323      0   1919      2     79      3    385      0      0      0   0.00   0.00      0   0.00    8.1  0.034    0.0  0.000      0      0      0      0      0
12/28/1990  15796     46   3754  11996      1   1998      1     56      6    556      0      0      0   0.00   0.00      0   0.00    8.1  0.034    0.0  0.000      0      0      0      0      0
12/29/1990  15792     37   3086  12669      2   1981      1    192      5    520      0      0      0   0.00   0.00      0   0.00    8.1  0.034    0.0  0.000      0      0      0      0      0
12/30/1990  15825     29   2538  13258      2   1928      3    385      5    500      0      0      0   0.00   0.00      0   0.00    8.1  0.034    0.0  0.000      0      0      0      0      0
12/31/1990  15932     22   2092  13818      2   1801      6    612      4    456      0      0      0   0.00   0.00      0   0.00    8.1  0.034    0.0  0.000      0      0      0      0      0
