Varroa Population Simulation - Nov 23,2015  02:34:31 PM
VarroaPop Version 3.2.5.8  June, 2015

                                        Capped  Capped                                                                      Prop           Conc          Conc                                     
            Colony  Adult  Adult         Drone   Wkr    Drone  Wkr    Drone  Wkr  Free   DBrood WBrood DMite  WMite  Mites  Mites  Colony Pollen Colony Nectar   Dead   Dead   Dead   Dead   Dead
     Date   Size   Drones   Wkr   Forgrs Brood  Brood   Larv   Larv    Eggs  Eggs Mites  Mites  Mites  /Cell  /Cell  Dying  Dying  Pollen  Pest  Nectar  Pest    DLarv  WLarv  DAdlt  WAdlt  Forgrs
Initial     10000      0   7497   2503      0      0      0      0      0      0      0      0      0   0.00   0.00      0   0.00    0.0  0.000    0.0  0.000      0      0      0      0      0
08/01/1990   9643      0   7140   2503      0      0      0      0      0    319      0      0      0   0.00   0.00      0   0.00    0.1  0.000    0.0  0.000      0      0      0      0      0
08/02/1990   9286      0   6783   2503      0      0      0      0      0    637      0      0      0   0.00   0.00      0   0.00    0.1  0.000    0.0  0.000      0      0      0      0      0
08/03/1990   8929      0   6426   2503      0      0      0      0      0    955      0      0      0   0.00   0.00      0   0.00    0.2  0.000    0.0  0.000      0      0      0      0      0
08/04/1990   8572      0   6069   2503      0      0      0    319      0    956      0      0      0   0.00   0.00      0   0.00    0.3  0.000    0.0  0.000      0      0      0      0      0
08/05/1990   8215      0   5712   2503      0      0      0    637      0    966      0      0      0   0.00   0.00      0   0.00    0.3  0.000    0.0  0.000      0      0      0      0      0
08/06/1990   7858      0   5355   2503      0      0      0    955      0    977      0      0      0   0.00   0.00      0   0.00    0.4  0.000    0.0  0.000      0      0      0      0      0
08/07/1990   7497      0   4998   2499      0      0      0   1275      0    986      0      0      0   0.00   0.00      0   0.00    0.5  0.000    0.0  0.000      0      0      0      0      0
08/08/1990   7140      0   4641   2499      0      0      0   1603      0    987      0      0      0   0.00   0.00      0   0.00    0.6  0.000    0.0  0.000      0      0      0      0      0
08/09/1990   6783      0   4284   2499      0    319      0   1613      0    987      0      0      0   0.00   0.00      0   0.00    0.6  0.000    0.0  0.000      0      0      0      0      0
08/10/1990   6426      0   3927   2499      0    637      0   1624      0    987      0      0      0   0.00   0.00      0   0.00    0.7  0.000    0.0  0.000      0      0      0      0      0
08/11/1990   6069      0   3570   2499      0    955      0   1635      0    987      0      0      0   0.00   0.00      0   0.00    0.8  0.002    0.0  0.000      0      0      0      0      0
08/12/1990   5712      0   3213   2499      0   1275      0   1644      0    987      0      0      0   0.00   0.00      0   0.00    0.9  0.003    0.0  0.000      0      0      0      0      0
08/13/1990   5355      0   2856   2499      0   1603      0   1645      0    979      0      0      0   0.00   0.00      0   0.00    1.0  0.004    0.0  0.000      0      0      0      0      0
08/14/1990   4998      0   2499   2499      0   1932      0   1645      0    954      0      0      0   0.00   0.00      0   0.00    1.1  0.003    0.0  0.000      0      0      0      0      0
08/15/1990   4641      0   2142   2499      0   2261      0   1645      0    908      0      0      0   0.00   0.00      0   0.00    1.2  0.003    0.0  0.000      0      0      0      0      0
08/16/1990   4284      0   1785   2499      0   2590      0   1637      0    876      0      0      0   0.00   0.00      0   0.00    1.3  0.003    0.0  0.000      0      0      0      0      0
08/17/1990   3927      0   1428   2499      0   2919      0   1612      0    866      0      0      0   0.00   0.00      0   0.00    1.4  0.003    0.0  0.000      0      0      0      0      0
08/18/1990   3570      0   1071   2499      0   3248      0   1566      0    856      0      0      0   0.00   0.00      0   0.00    1.5  0.003    0.0  0.000      0      0      0      0      0
08/19/1990   3213      0    714   2499      0   3577      0   1526      0    839      0      0      0   0.00   0.00      0   0.00    1.6  0.003    0.0  0.000      0      0      0      0      0
08/20/1990   2856      0    357   2499      0   3906      0   1491      0    832      0      0      0   0.00   0.00      0   0.00    1.7  0.002    0.0  0.000      0      0      0      0      0
08/21/1990   2499      0      0   2499      0   4227      0   1443      0    850      0      0      0   0.00   0.00      0   0.00    1.8  0.002    0.0  0.000      0      0      0      0      0
08/22/1990   2461      0    319   2142      0   4212      0   1411      0    882      0      0      0   0.00   0.00      0   0.00    1.9  0.002    0.0  0.000      0      0      0      0      0
08/23/1990   2422      0    637   1785      0   4177      0   1415      0    879      0      0      0   0.00   0.00      0   0.00    2.0  0.002    0.0  0.000      0      0      0      0      0
08/24/1990   2383      0    955   1428      0   4148      0   1417      0    819      0      0      0   0.00   0.00      0   0.00    2.0  0.002    0.0  0.000      0      0      0      0      0
08/25/1990   2346      0   1275   1071      0   4122      0   1427      0    699      0      0      0   0.00   0.00      0   0.00    2.1  0.002    0.0  0.000      0      0      0      0      0
08/26/1990   2317      0   1603    714      0   4067      0   1438      0    573      0      0      0   0.00   0.00      0   0.00    2.1  0.002    0.0  0.000      0      0      0      0      0
08/27/1990   2289      0   1932    357      0   4010      0   1397      0    465      0      0      0   0.00   0.00      0   0.00    2.1  0.002    0.0  0.000      0      0      0      0      0
08/28/1990   2261      0   2261      0      0   3968      0   1294      0    353      0      0      0   0.00   0.00      0   0.00    2.1  0.002    0.0  0.000      0      0      0      0      0
08/29/1990   2590      0   2590      0      0   3930      0   1161      0    195      0      0      0   0.00   0.00      0   0.00    2.1  0.002    0.0  0.000      0      0      0      0      0
08/30/1990   2919      0   2919      0      0   3905      0    980      0     72      0      0      0   0.00   0.00      0   0.00    2.0  0.002    0.0  0.000      0      0      0      0      0
08/31/1990   3248      0   3248      0      0   3860      0    768      0      0      0      0      0   0.00   0.00      0   0.00    2.0  0.002    0.0  0.000      0      0      0      0      0
09/01/1990   3577      0   3577      0      0   3762      0    537      0      0      0      0      0   0.00   0.00      0   0.00    2.0  0.002    0.0  0.000      0      0      0      0      0
09/02/1990   3906      0   3906      0      0   3617      0    353      0      0      0      0      0   0.00   0.00      0   0.00    2.0  0.002    0.0  0.000      0      0      0      0      0
09/03/1990   4227      0   4227      0      0   3454      0    195      0      0      0      0      0   0.00   0.00      0   0.00    2.0  0.002    0.0  0.000      0      0      0      0      0
09/04/1990   4531      0   4531      0      0   3273      0     72      0      0      0      0      0   0.00   0.00      0   0.00    1.9  0.002    0.0  0.000      0      0      0      0      0
09/05/1990   4814      0   4814      0      0   3062      0      0      0      0      0      0      0   0.00   0.00      0   0.00    1.9  0.002    0.0  0.000      0      0      0      0      0
09/06/1990   5103      0   5103      0      0   2773      0      0      0      0      0      0      0   0.00   0.00      0   0.00    1.9  0.002    0.0  0.000      0      0      0      0      0
09/07/1990   5397      0   5397      0      0   2479      0      0      0      0      0      0      0   0.00   0.00      0   0.00    1.8  0.002    0.0  0.000      0      0      0      0      0
09/08/1990   5670      0   5670      0      0   2206      0      0      0      0      0      0      0   0.00   0.00      0   0.00    1.8  0.002    0.0  0.000      0      0      0      0      0
09/09/1990   5942      0   5942      0      0   1934      0      0      0      0      0      0      0   0.00   0.00      0   0.00    1.7  0.002    0.0  0.000      0      0      0      0      0
09/10/1990   6229      0   6229      0      0   1647      0      0      0      0      0      0      0   0.00   0.00      0   0.00    1.7  0.002    0.0  0.000      0      0      0      0      0
09/11/1990   6520      0   6520      0      0   1356      0      0      0      0      0      0      0   0.00   0.00      0   0.00    1.7  0.002    0.0  0.000      0      0      0      0      0
09/12/1990   6824      0   6505    319      0   1052      0      0      0      0      0      0      0   0.00   0.00      0   0.00    1.6  0.002    0.0  0.000      0      0      0      0      0
09/13/1990   7108      0   6471    637      0    768      0      0      0     67      0      0      0   0.00   0.00      0   0.00    1.6  0.002    0.0  0.000      0      0      0      0      0
09/14/1990   7339      0   6384    955      0    537      0      0      0    177      0      0      0   0.00   0.00      0   0.00    1.6  0.002    0.0  0.000      0      0      0      0      0
09/15/1990   7523      0   6248   1275      0    353      0      0      0    326      0      0      0   0.00   0.00      0   0.00    1.6  0.002    0.0  0.000      0      0      0      0      0
09/16/1990   7681      0   6078   1603      0    195      0     67      0    442      0      0      0   0.00   0.00      0   0.00    1.7  0.002    0.0  0.000      0      0      0      0      0
09/17/1990   7804      0   5872   1932      0     72      0    177      0    550      0      0      0   0.00   0.00      0   0.00    1.7  0.002    0.0  0.000      0      0      0      0      0
09/18/1990   7876      0   5615   2261      0      0      0    326      0    642      0      0      0   0.00   0.00      0   0.00    1.8  0.002    0.0  0.000      0      0      0      0      0
09/19/1990   7557      0   5286   2271      0      0      0    509      0    720      0      0      0   0.00   0.00      0   0.00    1.8  0.002    0.0  0.000      0      0      0      0      0
09/20/1990   7239      0   4957   2282      0      0      0    727      0    779      0      0      0   0.00   0.00      0   0.00    1.9  0.002    0.0  0.000      0      0      0      0      0
09/21/1990   6921      0   4628   2293      0     67      0    901      0    818      0      0      0   0.00   0.00      0   0.00    2.0  0.002    0.0  0.000      0      0      0      0      0
09/22/1990   6601      0   4299   2302      0    177      0   1052      0    821      0      0      0   0.00   0.00      0   0.00    2.0  0.002    0.0  0.000      0      0      0      0      0
09/23/1990   6273      0   3970   2303      0    326      0   1180      0    793      0      0      0   0.00   0.00      0   0.00    2.1  0.001    0.0  0.000      0      0      0      0      0
09/24/1990   5944      0   3649   2295      0    509      0   1277      0    776      0      0      0   0.00   0.00      0   0.00    2.2  0.001    0.0  0.000      0      0      0      0      0
09/25/1990   5615      0   3345   2270      0    727      0   1323      0    772      0      0      0   0.00   0.00      0   0.00    2.3  0.001    0.0  0.000      0      0      0      0      0
09/26/1990   5286      0   3062   2224      0    968      0   1331      0    781      0      0      0   0.00   0.00      0   0.00    2.3  0.001    0.0  0.000      0      0      0      0      0
09/27/1990   4957      0   2773   2184      0   1229      0   1333      0    774      0      0      0   0.00   0.00      0   0.00    2.4  0.001    0.0  0.000      0      0      0      0      0
09/28/1990   4628      0   2479   2149      0   1506      0   1316      0    773      0      0      0   0.00   0.00      0   0.00    2.5  0.001    0.0  0.000      0      0      0      0      0
09/29/1990   4299      0   2206   2093      0   1786      0   1294      0    783      0      0      0   0.00   0.00      0   0.00    2.6  0.001    0.0  0.000      0      0      0      0      0
09/30/1990   3970      0   1934   2036      0   2050      0   1286      0    799      0      0      0   0.00   0.00      0   0.00    2.6  0.001    0.0  0.000      0      0      0      0      0
10/01/1990   3649      0   1647   2002      0   2299      0   1296      0    809      0      0      0   0.00   0.00      0   0.00    2.7  0.001    0.0  0.000      0      0      0      0      0
10/02/1990   3345      0   1356   1989      0   2562      0   1301      0    790      0      0      0   0.00   0.00      0   0.00    2.8  0.001    0.0  0.000      0      0      0      0      0
10/03/1990   3062      0   1052   2010      0   2822      0   1313      0    768      0      0      0   0.00   0.00      0   0.00    2.9  0.001    0.0  0.000      0      0      0      0      0
10/04/1990   2840      0    835   2005      0   3013      0   1324      0    771      0      0      0   0.00   0.00      0   0.00    3.0  0.001    0.0  0.000      0      0      0      0      0
10/05/1990   2656      0    714   1942      0   3159      0   1317      0    772      0      0      0   0.00   0.00      0   0.00    3.0  0.001    0.0  0.000      0      0      0      0      0
10/06/1990   2532      0    679   1853      0   3269      0   1308      0    747      0      0      0   0.00   0.00      0   0.00    3.1  0.001    0.0  0.000      0      0      0      0      0
10/07/1990   2443      0    704   1739      0   3354      0   1312      0    676      0      0      0   0.00   0.00      0   0.00    3.2  0.001    0.0  0.000      0      0      0      0      0
10/08/1990   2374      0    799   1575      0   3408      0   1290      0    624      0      0      0   0.00   0.00      0   0.00    3.3  0.001    0.0  0.000      0      0      0      0      0
10/09/1990   2324      0    968   1356      0   3436      0   1246      0    597      0      0      0   0.00   0.00      0   0.00    3.3  0.001    0.0  0.000      0      0      0      0      0
10/10/1990   2281      0   1229   1052      0   3424      0   1198      0    571      0      0      0   0.00   0.00      0   0.00    3.4  0.001    0.0  0.000      0      0      0      0      0
10/11/1990   2274      0   1506    768      0   3397      0   1146      0    520      0      0      0   0.00   0.00      0   0.00    3.4  0.001    0.0  0.000      0      0      0      0      0
10/12/1990   2323      0   1786    537      0   3389      0   1072      0    440      0      0      0   0.00   0.00      0   0.00    3.4  0.001    0.0  0.000      0      0      0      0      0
10/13/1990   2403      0   2050    353      0   3375      0    997      0    352      0      0      0   0.00   0.00      0   0.00    3.4  0.001    0.0  0.000      0      0      0      0      0
10/14/1990   2494      0   2299    195      0   3351      0    919      0    267      0      0      0   0.00   0.00      0   0.00    3.4  0.001    0.0  0.000      0      0      0      0      0
10/15/1990   2634      0   2562     72      0   3289      0    836      0    186      0      0      0   0.00   0.00      0   0.00    3.4  0.001    0.0  0.000      0      0      0      0      0
10/16/1990   2822      0   2822      0      0   3227      0    725      0    112      0      0      0   0.00   0.00      0   0.00    3.4  0.001    0.0  0.000      0      0      0      0      0
10/17/1990   3080      0   3080      0      0   3167      0    589      0     50      0      0      0   0.00   0.00      0   0.00    3.3  0.001    0.0  0.000      0      0      0      0      0
10/18/1990   3336      0   3336      0      0   3086      0    451      0     13      0      0      0   0.00   0.00      0   0.00    3.3  0.001    0.0  0.000      0      0      0      0      0
10/19/1990   3595      0   3595      0      0   2974      0    317      0      0      0      0      0   0.00   0.00      0   0.00    3.3  0.001    0.0  0.000      0      0      0      0      0
10/20/1990   3863      0   3863      0      0   2824      0    199      0      0      0      0      0   0.00   0.00      0   0.00    3.3  0.001    0.0  0.000      0      0      0      0      0
10/21/1990   4135      0   4135      0      0   2639      0    112      0      0      0      0      0   0.00   0.00      0   0.00    3.3  0.001    0.0  0.000      0      0      0      0      0
10/22/1990   4404      0   4404      0      0   2432      0     50      0      0      0      0      0   0.00   0.00      0   0.00    3.2  0.001    0.0  0.000      0      0      0      0      0
10/23/1990   4653      0   4653      0      0   2220      0     13      0      0      0      0      0   0.00   0.00      0   0.00    3.2  0.001    0.0  0.000      0      0      0      0      0
10/24/1990   4903      0   4903      0      0   1983      0      0      0      0      0      0      0   0.00   0.00      0   0.00    3.2  0.001    0.0  0.000      0      0      0      0      0
10/25/1990   5175      0   5108     67      0   1711      0      0      0      0      0      0      0   0.00   0.00      0   0.00    3.1  0.001    0.0  0.000      0      0      0      0      0
10/26/1990   5425      0   5248    177      0   1461      0      0      0     11      0      0      0   0.00   0.00      0   0.00    3.1  0.001    0.0  0.000      0      0      0      0      0
10/27/1990   5650      0   5324    326      0   1236      0      0      0     43      0      0      0   0.00   0.00      0   0.00    3.1  0.001    0.0  0.000      0      0      0      0      0
10/28/1990   5851      0   5342    509      0   1035      0      0      0     97      0      0      0   0.00   0.00      0   0.00    3.1  0.001    0.0  0.000      0      0      0      0      0
10/29/1990   6049      0   5322    727      0    837      0     11      0    164      0      0      0   0.00   0.00      0   0.00    3.1  0.001    0.0  0.000      0      0      0      0      0
10/30/1990   6247      0   5279    968      0    639      0     43      0    228      0      0      0   0.00   0.00      0   0.00    3.1  0.001    0.0  0.000      0      0      0      0      0
10/31/1990   6422      0   5193   1229      0    464      0     97      0    287      0      0      0   0.00   0.00      0   0.00    3.1  0.001    0.0  0.000      0      0      0      0      0
11/01/1990   6495      0   5063   1432      0    317      0    175      0    318      0      0      0   0.00   0.00      0   0.00    3.1  0.001    0.0  0.000      0      0      0      0      0
11/02/1990   6497      0   4901   1596      0    199      0    271      0    335      0      0      0   0.00   0.00      0   0.00    3.2  0.001    0.0  0.000      0      0      0      0      0
11/03/1990   6430      0   4724   1706      0    123      0    373      0    351      0      0      0   0.00   0.00      0   0.00    3.2  0.001    0.0  0.000      0      0      0      0      0
11/04/1990   6305      0   4537   1768      0     93      0    450      0    390      0      0      0   0.00   0.00      0   0.00    3.2  0.001    0.0  0.000      0      0      0      0      0
11/05/1990   6121      0   4311   1810      0    110      0    509      0    433      0      0      0   0.00   0.00      0   0.00    3.3  0.001    0.0  0.000      0      0      0      0      0
11/06/1990   5891      0   4064   1827      0    175      0    560      0    437      0      0      0   0.00   0.00      0   0.00    3.3  0.001    0.0  0.000      0      0      0      0      0
11/07/1990   5629      0   3806   1823      0    271      0    612      0    421      0      0      0   0.00   0.00      0   0.00    3.4  0.001    0.0  0.000      0      0      0      0      0
11/08/1990   5352      0   3550   1802      0    384      0    655      0    415      0      0      0   0.00   0.00      0   0.00    3.5  0.001    0.0  0.000      0      0      0      0      0
11/09/1990   5072      0   3291   1781      0    493      0    679      0    438      0      0      0   0.00   0.00      0   0.00    3.5  0.001    0.0  0.000      0      0      0      0      0
11/10/1990   4808      0   3023   1785      0    606      0    698      0    464      0      0      0   0.00   0.00      0   0.00    3.6  0.001    0.0  0.000      0      0      0      0      0
11/11/1990   4559      0   2751   1808      0    735      0    719      0    479      0      0      0   0.00   0.00      0   0.00    3.6  0.001    0.0  0.000      0      0      0      0      0
11/12/1990   4296      0   2482   1814      0    883      0    727      0    498      0      0      0   0.00   0.00      0   0.00    3.7  0.001    0.0  0.000      0      0      0      0      0
11/13/1990   4036      0   2233   1803      0   1039      0    729      0    521      0      0      0   0.00   0.00      0   0.00    3.8  0.001    0.0  0.000      0      0      0      0      0
11/14/1990   3778      0   1983   1795      0   1172      0    761      0    512      0      0      0   0.00   0.00      0   0.00    3.8  0.001    0.0  0.000      0      0      0      0      0
11/15/1990   3522      0   1711   1811      0   1304      0    804      0    485      0      0      0   0.00   0.00      0   0.00    3.9  0.001    0.0  0.000      0      0      0      0      0
11/16/1990   3274      0   1472   1802      0   1443      0    835      0    468      0      0      0   0.00   0.00      0   0.00    4.0  0.001    0.0  0.000      0      0      0      0      0
11/17/1990   3038      0   1279   1759      0   1567      0    835      0    483      0      0      0   0.00   0.00      0   0.00    4.0  0.001    0.0  0.000      0      0      0      0      0
11/18/1990   2820      0   1132   1688      0   1671      0    825      0    493      0      0      0   0.00   0.00      0   0.00    4.1  0.001    0.0  0.000      0      0      0      0      0
11/19/1990   2629      0   1012   1617      0   1758      0    824      0    486      0      0      0   0.00   0.00      0   0.00    4.2  0.001    0.0  0.000      0      0      0      0      0
11/20/1990   2718      0    910   1808      0   1837      0    820      0    427      0      0      0   0.00   0.00      0   0.00    4.2  0.001    0.0  0.000      0      0      0      0      0
11/21/1990   2583      0    848   1735      0   1905      0    797      0    374      0      0      0   0.00   0.00      0   0.00    4.3  0.001    0.0  0.000      0      0      0      0      0
11/22/1990   2178      0    810   1368      0   1952      0    798      0    327      0      0      0   0.00   0.00      0   0.00    4.4  0.001    0.0  0.000      0      0      0      0      0
11/23/1990   2041      0    805   1236      0   1987      0    762      0    310      0      0      0   0.00   0.00      0   0.00    4.4  0.001    0.0  0.000      0      0      0      0      0
11/24/1990   1945      0    847   1098      0   2022      0    703      0    295      0      0      0   0.00   0.00      0   0.00    4.5  0.001    0.0  0.000      0      0      0      0      0
11/25/1990   2086      0    933   1153      0   2045      0    642      0    278      0      0      0   0.00   0.00      0   0.00    4.4  0.001    0.0  0.000      0      0      0      0      0
11/26/1990   2235      0   1052   1183      0   2047      0    579      0    247      0      0      0   0.00   0.00      0   0.00    4.4  0.001    0.0  0.000      0      0      0      0      0
11/27/1990   2361      0   1172   1189      0   2071      0    512      0    215      0      0      0   0.00   0.00      0   0.00    4.4  0.001    0.0  0.000      0      0      0      0      0
11/28/1990   2486      0   1304   1182      0   2051      0    493      0    191      0      0      0   0.00   0.00      0   0.00    4.5  0.001    0.0  0.000      0      0      0      0      0
11/29/1990   2253      0   1454    799      0   2006      0    452      0    208      0      0      0   0.00   0.00      0   0.00    4.5  0.001    0.0  0.000      0      0      0      0      0
11/30/1990   2216      0   1610    606      0   1960      0    400      0    212      0      0      0   0.00   0.00      0   0.00    4.5  0.001    0.0  0.000      0      0      0      0      0
12/01/1990   2370      0   1768    602      0   1897      0    374      0    184      0      0      0   0.00   0.00      0   0.00    4.5  0.001    0.0  0.000      0      0      0      0      0
12/02/1990   2531      0   1933    598      0   1822      0    365      0    138      0      0      0   0.00   0.00      0   0.00    4.5  0.001    0.0  0.000      0      0      0      0      0
12/03/1990   2539      0   2108    431      0   1740      0    334      0    115      0      0      0   0.00   0.00      0   0.00    4.5  0.001    0.0  0.000      0      0      0      0      0
12/04/1990   2583      0   2289    294      0   1623      0    311      0    108      0      0      0   0.00   0.00      0   0.00    4.5  0.001    0.0  0.000      0      0      0      0      0
12/05/1990   2737      0   2445    292      0   1525      0    288      0     92      0      0      0   0.00   0.00      0   0.00    4.5  0.001    0.0  0.000      0      0      0      0      0
12/06/1990   2779      0   2593    186      0   1446      0    258      0     75      0      0      0   0.00   0.00      0   0.00    4.5  0.001    0.0  0.000      0      0      0      0      0
12/07/1990   2756      0   2746     10      0   1363      0    211      0     58      0      0      0   0.00   0.00      0   0.00    4.5  0.001    0.0  0.000      0      0      0      0      0
12/08/1990   2925      0   2885     40      0   1254      0    168      0     39      0      0      0   0.00   0.00      0   0.00    4.5  0.001    0.0  0.000      0      0      0      0      0
12/09/1990   3080      0   2989     91      0   1137      0    149      0     20      0      0      0   0.00   0.00      0   0.00    4.5  0.001    0.0  0.000      0      0      0      0      0
12/10/1990   3233      0   3068    165      0   1015      0    131      0     14      0      0      0   0.00   0.00      0   0.00    4.4  0.001    0.0  0.000      0      0      0      0      0
12/11/1990   3340      0   3084    256      0    942      0     92      0     34      0      0      0   0.00   0.00      0   0.00    4.4  0.001    0.0  0.000      0      0      0      0      0
12/12/1990   3440      0   3076    364      0    871      0     61      0     58      0      0      0   0.00   0.00      0   0.00    4.4  0.001    0.0  0.000      0      0      0      0      0
12/13/1990   3545      0   3077    468      0    780      0     53      0     79      0      0      0   0.00   0.00      0   0.00    4.4  0.001    0.0  0.000      0      0      0      0      0
12/14/1990   3635      0   3059    576      0    707      0     51      0     77      0      0      0   0.00   0.00      0   0.00    4.4  0.001    0.0  0.000      0      0      0      0      0
12/15/1990   3720      0   3020    700      0    634      0     61      0     78      0      0      0   0.00   0.00      0   0.00    4.4  0.001    0.0  0.000      0      0      0      0      0
12/16/1990   3808      0   2965    843      0    541      0     93      0     74      0      0      0   0.00   0.00      0   0.00    4.4  0.001    0.0  0.000      0      0      0      0      0
12/17/1990   3867      0   2873    994      0    480      0    108      0     95      0      0      0   0.00   0.00      0   0.00    4.3  0.001    0.0  0.000      0      0      0      0      0
12/18/1990   3921      0   2798   1123      0    433      0    125      0    116      0      0      0   0.00   0.00      0   0.00    4.3  0.001    0.0  0.000      0      0      0      0      0
12/19/1990   3986      0   2735   1251      0    384      0    133      0    134      0      0      0   0.00   0.00      0   0.00    4.3  0.001    0.0  0.000      0      0      0      0      0
12/20/1990   4063      0   2666   1397      0    330      0    145      0    112      0      0      0   0.00   0.00      0   0.00    4.3  0.001    0.0  0.000      0      0      0      0      0
12/21/1990   4121      0   2572   1549      0    300      0    162      0     63      0      0      0   0.00   0.00      0   0.00    4.3  0.001    0.0  0.000      0      0      0      0      0
12/22/1990   4158      0   2455   1703      0    277      0    190      0     17      0      0      0   0.00   0.00      0   0.00    4.2  0.001    0.0  0.000      0      0      0      0      0
12/23/1990   4188      0   2325   1863      0    270      0    179      0      0      0      0      0   0.00   0.00      0   0.00    4.2  0.001    0.0  0.000      0      0      0      0      0
12/24/1990   4222      0   2189   2033      0    259      0    151      0      0      0      0      0   0.00   0.00      0   0.00    4.2  0.001    0.0  0.000      0      0      0      0      0
12/25/1990   4251      0   2042   2209      0    264      0    112      0     12      0      0      0   0.00   0.00      0   0.00    4.2  0.001    0.0  0.000      0      0      0      0      0
12/26/1990   4265      0   1905   2360      0    294      0     63      0     45      0      0      0   0.00   0.00      0   0.00    4.2  0.001    0.0  0.000      0      0      0      0      0
12/27/1990   4282      0   1779   2503      0    318      0     17      0     93      0      0      0   0.00   0.00      0   0.00    4.2  0.001    0.0  0.000      0      0      0      0      0
12/28/1990   4294      0   1632   2662      0    318      0     12      0    138      0      0      0   0.00   0.00      0   0.00    4.2  0.001    0.0  0.000      0      0      0      0      0
12/29/1990   4289      0   1461   2828      0    318      0     45      0    130      0      0      0   0.00   0.00      0   0.00    4.1  0.001    0.0  0.000      0      0      0      0      0
12/30/1990   4287      0   1306   2981      0    315      0     93      0    127      0      0      0   0.00   0.00      0   0.00    4.1  0.001    0.0  0.000      0      0      0      0      0
12/31/1990   4293      0   1160   3133      0    304      0    150      0    117      0      0      0   0.00   0.00      0   0.00    4.1  0.001    0.0  0.000      0      0      0      0      0
