Varroa Population Simulation - Nov 23,2015  02:35:05 PM
VarroaPop Version 3.2.5.8  June, 2015

                                        Capped  Capped                                                                      Prop           Conc          Conc                                     
            Colony  Adult  Adult         Drone   Wkr    Drone  Wkr    Drone  Wkr  Free   DBrood WBrood DMite  WMite  Mites  Mites  Colony Pollen Colony Nectar   Dead   Dead   Dead   Dead   Dead
     Date   Size   Drones   Wkr   Forgrs Brood  Brood   Larv   Larv    Eggs  Eggs Mites  Mites  Mites  /Cell  /Cell  Dying  Dying  Pollen  Pest  Nectar  Pest    DLarv  WLarv  DAdlt  WAdlt  Forgrs
Initial     10000      0   5817   4183      0      0      0      0      0      0      0      0      0   0.00   0.00      0   0.00    0.0  0.000    0.0  0.000      0      0      0      0      0
08/01/1990   9723      0   5540   4183      0      0      0      0      5    835      0      0      0   0.00   0.00      0   0.00    0.2  0.000    0.0  0.000      0      0      0      0      0
08/02/1990   9446      0   5263   4183      0      0      0      0     10   1669      0      0      0   0.00   0.00      0   0.00    0.3  0.000    0.0  0.000      0      0      0      0      0
08/03/1990   9169      0   4986   4183      0      0      0      0     15   2502      0      0      0   0.00   0.00      0   0.00    0.5  0.000    0.0  0.000      0      0      0      0      0
08/04/1990   8892      0   4709   4183      0      0      5    835     15   2505      0      0      0   0.00   0.00      0   0.00    0.6  0.000    0.0  0.000      0      0      0      0      0
08/05/1990   8615      0   4432   4183      0      0     10   1669     15   2529      0      0      0   0.00   0.00      0   0.00    0.8  0.000    0.0  0.000      0      0      0      0      0
08/06/1990   8338      0   4155   4183      0      0     15   2502     15   2558      0      0      0   0.00   0.00      0   0.00    0.9  0.000    0.0  0.000      0      0      0      0      0
08/07/1990   8061      0   3878   4183      0      0     20   3340     15   2582      0      0      0   0.00   0.00      0   0.00    1.1  0.000    0.0  0.000      0      0      0      0      0
08/08/1990   7784      0   3601   4183      0      0     25   4198     15   2586      0      0      0   0.00   0.00      0   0.00    1.2  0.000    0.0  0.000      0      0      0      0      0
08/09/1990   7507      0   3324   4183      0    835     30   4225     15   2586      0      0      0   0.00   0.00      0   0.00    1.4  0.000    0.0  0.000      0      0      0      0      0
08/10/1990   7230      0   3047   4183      0   1669     35   4253     15   2586      0      0      0   0.00   0.00      0   0.00    1.6  0.000    0.0  0.000      0      0      0      0      0
08/11/1990    143      0    143      0      5   2502     15   3041     15   2587      0      0      0   0.00   0.00      0   0.00    1.7  1.165    0.0  0.000     18   1241      0   2620   4165
08/12/1990    130      0    130      0      5   2636     19   3759     10   1725      0      0      0   0.00   0.00      0   0.00    1.7  1.165    0.0  0.000      1     10      0      0     13
08/13/1990    117      0    117      0      5   2957     23   4300      5    863      0      0      0   0.00   0.00      0   0.00    1.7  1.165    0.0  0.000      1      0      0      0     13
08/14/1990    105      0    104      1      5   3809     27   4311      0      0      0      0      0   0.00   0.00      0   0.00    1.7  1.165    0.0  0.000      1      0      0      0     12
08/15/1990     93      0     91      2      5   4671     27   3449      0      0      0      0      0   0.00   0.00      0   0.00    1.7  1.165    0.0  0.000      0      0      0      0     12
08/16/1990     81      0     78      3      9   5533     23   2587      0      0      0      0      0   0.00   0.00      0   0.00    1.7  1.165    0.0  0.000      0      0      0      0     12
08/17/1990     70      0     65      5     13   6395     19   1725      0      0      0      0      0   0.00   0.00      0   0.00    1.7  1.165    0.0  0.000      0      0      0      0     11
08/18/1990     59      0     52      7     17   7257     15    863      0      0      0      0      0   0.00   0.00      0   0.00    1.7  1.165    0.0  0.000      0      0      0      0     11
08/19/1990     59      0     39     20     22   8120     10      0      0      0      0      0      0   0.00   0.00      0   0.00    1.7  1.165    0.0  0.000      0      0      0      0      0
08/20/1990     59      0     26     33     27   8120      5      0      0      8      0      0      0   0.00   0.00      0   0.00    1.7  1.164    0.0  0.000      0      0      0      0      0
08/21/1990     59      0     13     46     32   8120      0      0      0     22      0      0      0   0.00   0.00      0   0.00    1.7  1.162    0.0  0.000      0      0      0      0      0
08/22/1990    894      0    835     59     32   7285      0      0      0     43      0      0      0   0.00   0.00      0   0.00    1.7  1.162    0.0  0.000      0      0      0      0      0
08/23/1990   1728      0   1669     59     32   6451      0      8      0     63      0      0      0   0.00   0.00      0   0.00    1.7  1.162    0.0  0.000      0      0      0      0      0
08/24/1990   2561      0   2502     59     32   5618      0     22      0     74      0      0      0   0.00   0.00      0   0.00    1.7  1.162    0.0  0.000      0      0      0      0      0
08/25/1990   2700      5   2636     59     27   5484      0     43      0     76      0      0      0   0.00   0.00      0   0.00    1.7  1.162    0.0  0.000      0      0      0      0      0
08/26/1990   3021      5   2957     59     27   5163      0     71      0     72      0      0      0   0.00   0.00      0   0.00    1.6  1.162    0.0  0.000      0      0      0      0      0
08/27/1990   3873      5   3809     59     27   4311      0     96      0     72      0      0      0   0.00   0.00      0   0.00    1.6  1.162    0.0  0.000      0      0      0      0      0
08/28/1990   4735      5   4671     59     27   3457      0    111      0     75      0      0      0   0.00   0.00      0   0.00    1.6  1.162    0.0  0.000      0      0      0      0      0
08/29/1990   5596      5   5533     58     27   2609      0    121      0     79      0      0      0   0.00   0.00      0   0.00    1.6  1.162    0.0  0.000      0      0      0      0      0
08/30/1990   6461      9   6395     57     23   1768      0    125      0     80      0      0      0   0.00   0.00      0   0.00    1.6  1.161    0.0  0.000      0      0      0      0      0
08/31/1990   7326     13   7257     56     19    934      0    123      0     79      0      0      0   0.00   0.00      0   0.00    1.5  1.161    0.0  0.000      0      0      0      0      0
09/01/1990   8191     17   8120     54     15     96      0    126      0     76      0      0      0   0.00   0.00      0   0.00    1.5  1.160    0.0  0.000      0      0      0      0      0
09/02/1990   8196     22   8120     54     10    119      0    129      0     74      0      0      0   0.00   0.00      0   0.00    1.4  1.159    0.0  0.000      0      0      0      0      0
09/03/1990   8199     27   8120     52      5    143      0    130      0     73      0      0      0   0.00   0.00      0   0.00    1.4  1.157    0.0  0.000      0      0      0      0      0
09/04/1990   8191     32   8120     39      0    168      0    130      0     71      0      0      0   0.00   0.00      0   0.00    1.3  1.156    0.0  0.000      0      0      0      0      0
09/05/1990   8178     32   8120     26      0    194      0    128      0     64      0      0      0   0.00   0.00      0   0.00    1.3  1.154    0.0  0.000      0      0      0      0      0
09/06/1990   8165     32   8120     13      0    222      0    124      0     51      0      0      0   0.00   0.00      0   0.00    1.2  1.151    0.0  0.000      0      0      0      0      0
09/07/1990   8152     32   8120      0      0    248      0    121      0     33      0      0      0   0.00   0.00      0   0.00    1.2  1.148    0.0  0.000      0      0      0      0      0
09/08/1990   8152     32   8120      0      0    273      0    113      0     16      0      0      0   0.00   0.00      0   0.00    1.1  1.145    0.0  0.000      0      0      0      0      0
09/09/1990   8152     32   8120      0      0    298      0     99      0      5      0      0      0   0.00   0.00      0   0.00    1.0  1.140    0.0  0.000      0      0      0      0      0
09/10/1990   8160     32   8128      0      0    314      0     80      0      0      0      0      0   0.00   0.00      0   0.00    1.0  1.134    0.0  0.000      0      0      0      0      0
09/11/1990   8174     32   8142      0      0    324      0     56      0      0      0      0      0   0.00   0.00      0   0.00    0.9  1.128    0.0  0.000      0      0      0      0      0
09/12/1990   8195     32   7328    835      0    326      0     33      0      0      0      0      0   0.00   0.00      0   0.00    0.9  1.128    0.0  0.000      0      0      0      0      0
09/13/1990   8223     32   6522   1669      0    315      0     16      0    294      0      0      0   0.00   0.00      0   0.00    0.9  1.098    0.0  0.000      0      0      0      0      0
09/14/1990   8248     32   5714   2502      0    301      0      5      0    735      0      0      0   0.00   0.00      0   0.00    1.0  1.027    0.0  0.000      0      0      0      0      0
09/15/1990   8266     27   5603   2636      0    283      0      0      1   1292      0      0      0   0.00   0.00      0   0.00    1.0  0.956    0.0  0.000      0      0      0      0      0
09/16/1990   8290     27   5306   2957      0    259      0    294      2   1571      0      0      0   0.00   0.00      0   0.00    1.1  0.878    0.0  0.000      0      0      0      0      0
09/17/1990   8315     27   4479   3809      0    234      0    735      4   1753      0      0      0   0.00   0.00      0   0.00    1.3  0.782    0.0  0.000      0      0      0      0      0
09/18/1990   8341     27   3643   4671      0    208      1   1292      7   1894      0      0      0   0.00   0.00      0   0.00    1.5  0.682    0.0  0.000      0      0      0      0      0
09/19/1990   8369     27   2809   5533      0    180      2   1865     11   2080      0      0      0   0.00   0.00      0   0.00    1.7  0.589    0.0  0.000      0      0      0      0      0
09/20/1990   8391     23   1973   6395      0    154      4   2488     16   2326      0      0      0   0.00   0.00      0   0.00    2.0  0.506    0.0  0.000      0      0      0      0      0
09/21/1990   8412     19   1136   7257      0    423      8   2892     21   2560      0      0      0   0.00   0.00      0   0.00    2.3  0.435    0.0  0.000      0      0      0      0      0
09/22/1990   8433     15    298   8120      0    839     13   3210     26   2724      0      0      0   0.00   0.00      0   0.00    2.7  0.376    0.0  0.000      0      0      0      0      0
09/23/1990   8452     10    322   8120      0   1372     20   3522     30   2764      0      0      0   0.00   0.00      0   0.00    3.0  0.331    0.0  0.000      0      0      0      0      0
09/24/1990   8471      5    346   8120      0   1921     29   3881     32   2793      0      0      0   0.00   0.00      0   0.00    3.4  0.296    0.0  0.000      0      0      0      0      0
09/25/1990   8489      0    369   8120      1   2521     38   4181     33   2823      0      0      0   0.00   0.00      0   0.00    3.7  0.267    0.0  0.000      0      0      0      0      0
09/26/1990   8506      0    386   8120      2   3202     48   4392     33   2865      0      0      0   0.00   0.00      0   0.00    4.1  0.244    0.0  0.000      0      0      0      0      0
09/27/1990   7682      0    397   7285      4   3950     57   4594     33   2857      0      0      0   0.00   0.00      0   0.00    4.4  0.226    0.0  0.000      0      0      0      0      0
09/28/1990   6853      0    402   6451      8   4814     64   4678     32   2838      0      0      0   0.00   0.00      0   0.00    4.7  0.213    0.0  0.000      0      0      0      0      0
09/29/1990   6020      0    402   5618     13   5746     70   4697     30   2816      0      0      0   0.00   0.00      0   0.00    4.9  0.202    0.0  0.000      0      0      0      0      0
09/30/1990   5886      0    402   5484     20   6669     74   4727     27   2761      0      0      0   0.00   0.00      0   0.00    5.2  0.193    0.0  0.000      0      0      0      0      0
10/01/1990   5565      0    394   5171     29   7578     75   4752     24   2724      0      0      0   0.00   0.00      0   0.00    5.4  0.185    0.0  0.000      0      0      0      0      0
10/02/1990   4713      0    380   4333     39   8539     74   4720     21   2611      0      0      0   0.00   0.00      0   0.00    5.6  0.179    0.0  0.000      0      0      0      0      0
10/03/1990   3851      0    359   3492     50   9492     71   4665     18   2471      0      0      0   0.00   0.00      0   0.00    5.7  0.174    0.0  0.000      0      0      0      0      0
10/04/1990   3283      0    625   2658     61  10149     67   4611     15   2311      0      0      0   0.00   0.00      0   0.00    5.8  0.171    0.0  0.000      0      0      0      0      0
10/05/1990   2862      0   1041   1821     72  10661     62   4474     10   2083      0      0      0   0.00   0.00      0   0.00    5.9  0.169    0.0  0.000      0      0      0      0      0
10/06/1990   2557      0   1575    982     83  11038     56   4298      5   1755      0      0      0   0.00   0.00      0   0.00    5.9  0.168    0.0  0.000      0      0      0      0      0
10/07/1990   2267      0   2124    143     94  11394     49   4106      1   1279      0      0      0   0.00   0.00      0   0.00    5.9  0.168    0.0  0.000      0      0      0      0      0
10/08/1990   2890      0   2722    168    104  11669     40   3796      0    742      0      0      0   0.00   0.00      0   0.00    5.9  0.168    0.0  0.000      0      0      0      0      0
10/09/1990   3589      1   3394    194    112  11868     31   3329      0    376      0      0      0   0.00   0.00      0   0.00    5.9  0.168    0.0  0.000      0      0      0      0      0
10/10/1990   4349      2   4125    222    119  11925     23   2774      0    186      0      0      0   0.00   0.00      0   0.00    5.9  0.168    0.0  0.000      0      0      0      0      0
10/11/1990   5220      4   4968    248    124  11814     16   2067      0    216      0      0      0   0.00   0.00      0   0.00    5.9  0.168    0.0  0.000      0      0      0      0      0
10/12/1990   6156      8   5875    273    126  11619     10   1394      0    242      0      0      0   0.00   0.00      0   0.00    5.9  0.168    0.0  0.000      0      0      0      0      0
10/13/1990   7084     13   6773    298    126  11284      5    877      0    269      0      0      0   0.00   0.00      0   0.00    5.8  0.168    0.0  0.000      0      0      0      0      0
10/14/1990   8000     20   7658    322    123  10805      1    528      0    295      0      0      0   0.00   0.00      0   0.00    5.8  0.168    0.0  0.000      0      0      0      0      0
10/15/1990   8970     29   8595    346    115  10105      0    357      0    321      0      0      0   0.00   0.00      0   0.00    5.8  0.168    0.0  0.000      0      0      0      0      0
10/16/1990   9925     39   9525    361    105   9203      0    404      0    344      0      0      0   0.00   0.00      0   0.00    5.7  0.168    0.0  0.000      0      0      0      0      0
10/17/1990  10873     50  10459    364     94   8316      0    447      0    362      0      0      0   0.00   0.00      0   0.00    5.7  0.168    0.0  0.000      0      0      0      0      0
10/18/1990  11816     61  11401    354     83   7434      0    492      0    375      0      0      0   0.00   0.00      0   0.00    5.6  0.168    0.0  0.000      0      0      0      0      0
10/19/1990  12733     72  12330    331     72   6581      0    532      0    366      0      0      0   0.00   0.00      0   0.00    5.6  0.168    0.0  0.000      0      0      0      0      0
10/20/1990  13648     83  13259    306     61   5742      0    567      0    338      0      0      0   0.00   0.00      0   0.00    5.5  0.168    0.0  0.000      0      0      0      0      0
10/21/1990  14534     94  14157    283     50   4942      0    598      0    309      0      0      0   0.00   0.00      0   0.00    5.4  0.168    0.0  0.000      0      0      0      0      0
10/22/1990  15417    104  15054    259     40   4152      0    603      0    291      0      0      0   0.00   0.00      0   0.00    5.3  0.168    0.0  0.000      0      0      0      0      0
10/23/1990  16217    113  15870    234     31   3452      0    584      0    283      0      0      0   0.00   0.00      0   0.00    5.3  0.168    0.0  0.000      0      0      0      0      0
10/24/1990  16957    121  16628    208     23   2815      0    563      0    268      0      0      0   0.00   0.00      0   0.00    5.2  0.167    0.0  0.000      0      0      0      0      0
10/25/1990  17673    128  17071    474     16   2203      0    532      0    252      0      0      0   0.00   0.00      0   0.00    5.1  0.167    0.0  0.000      0      0      0      0      0
10/26/1990  18241    134  17218    889     10   1744      0    492      0    311      0      0      0   0.00   0.00      0   0.00    5.0  0.167    0.0  0.000      0      0      0      0      0
10/27/1990  18651    139  17091   1421      5   1426      0    465      0    480      0      0      0   0.00   0.00      0   0.00    4.9  0.167    0.0  0.000      0      0      0      0      0
10/28/1990  18891    143  16779   1969      1   1262      0    446      0    742      0      0      0   0.00   0.00      0   0.00    4.9  0.167    0.0  0.000      0      0      0      0      0
10/29/1990  18919    144  16207   2568      0   1311      0    494      0   1006      0      0      0   0.00   0.00      0   0.00    4.9  0.167    0.0  0.000      0      0      0      0      0
10/30/1990  18958    143  15573   3242      0   1341      0    654      0   1196      0      0      0   0.00   0.00      0   0.00    4.9  0.166    0.0  0.000      0      0      0      0      0
10/31/1990  19005    142  14885   3978      0   1359      0    905      1   1338      0      0      0   0.00   0.00      0   0.00    5.0  0.164    0.0  0.000      0      0      0      0      0
11/01/1990  19057    140  14097   4820      0   1363      0   1232      3   1362      0      0      0   0.00   0.00      0   0.00    5.1  0.160    0.0  0.000      0      0      0      0      0
11/02/1990  19123    136  13255   5732      0   1351      0   1598      6   1362      0      0      0   0.00   0.00      0   0.00    5.3  0.155    0.0  0.000      0      0      0      0      0
11/03/1990  19203    131  12430   6642      0   1401      1   1932      9   1390      0      0      0   0.00   0.00      0   0.00    5.5  0.150    0.0  0.000      0      0      0      0      0
11/04/1990  19292    124  11628   7540      0   1548      3   2114     12   1554      0      0      0   0.00   0.00      0   0.00    5.7  0.143    0.0  0.000      0      0      0      0      0
11/05/1990  19387    115  10783   8489      0   1772      6   2218     16   1761      0      0      0   0.00   0.00      0   0.00    6.0  0.136    0.0  0.000      0      0      0      0      0
11/06/1990  19485    105   9951   9429      0   2063     10   2316     18   1824      0      0      0   0.00   0.00      0   0.00    6.4  0.129    0.0  0.000      0      0      0      0      0
11/07/1990  19585     94   9125  10366      0   2382     15   2472     20   1812      0      0      0   0.00   0.00      0   0.00    6.8  0.121    0.0  0.000      0      0      0      0      0
11/08/1990  19688     83   8301  11304      0   2735     22   2641     22   1853      0      0      0   0.00   0.00      0   0.00    7.2  0.114    0.0  0.000      0      0      0      0      0
11/09/1990  19488     72   7479  11937      0   3059     28   2778     27   2030      0      0      0   0.00   0.00      0   0.00    7.7  0.107    0.0  0.000      0      0      0      0      0
11/10/1990  19127     61   6647  12419      1   3406     34   2922     31   2225      0      0      0   0.00   0.00      0   0.00    8.2  0.100    0.0  0.000      0      0      0      0      0
11/11/1990  18654     50   5849  12755      3   3816     41   3104     34   2359      0      0      0   0.00   0.00      0   0.00    8.7  0.094    0.0  0.000      0      0      0      0      0
11/12/1990  18161     40   5046  13075      6   4322     49   3254     36   2482      0      0      0   0.00   0.00      0   0.00    9.3  0.088    0.0  0.000      0      0      0      0      0
11/13/1990  17615     31   4319  13265     10   4884     56   3386     39   2611      0      0      0   0.00   0.00      0   0.00    9.8  0.083    0.0  0.000      0      0      0      0      0
11/14/1990  16992     23   3646  13323     15   5372     63   3639     39   2578      0      0      0   0.00   0.00      0   0.00   10.4  0.079    0.0  0.000      0      0      0      0      0
11/15/1990  16303     16   2987  13300     22   5882     69   3924     37   2461      0      0      0   0.00   0.00      0   0.00   11.0  0.075    0.0  0.000      0      0      0      0      0
11/16/1990  15576     10   2547  13019     28   6426     77   4144     36   2381      0      0      0   0.00   0.00      0   0.00   11.6  0.071    0.0  0.000      0      0      0      0      0
11/17/1990  14893      5   2371  12517     35   6922     82   4187     37   2455      0      0      0   0.00   0.00      0   0.00   12.1  0.068    0.0  0.000      0      0      0      0      0
11/18/1990  14306      1   2450  11855     44   7365     84   4160     37   2496      0      0      0   0.00   0.00      0   0.00   12.6  0.065    0.0  0.000      0      0      0      0      0
11/19/1990  13808      0   2811  10997     55   7779     86   4166     35   2463      0      0      0   0.00   0.00      0   0.00   13.1  0.063    0.0  0.000      0      0      0      0      0
11/20/1990  14237      0   3191  11046     66   8208     88   4160     30   2168      0      0      0   0.00   0.00      0   0.00   13.6  0.060    0.0  0.000      0      0      0      0      0
11/21/1990  13759      0   3602  10157     78   8638     87   4045     25   1873      0      0      0   0.00   0.00      0   0.00   14.0  0.059    0.0  0.000      0      0      0      0      0
11/22/1990  12307      0   3957   8350     91   8995     85   4051     20   1596      0      0      0   0.00   0.00      0   0.00   14.3  0.057    0.0  0.000      0      0      0      0      0
11/23/1990  11798      0   4311   7487    105   9307     79   3867     17   1512      0      0      0   0.00   0.00      0   0.00   14.6  0.056    0.0  0.000      0      0      0      0      0
11/24/1990  11375      1   4723   6651    116   9629     73   3537     16   1486      0      0      0   0.00   0.00      0   0.00   14.9  0.055    0.0  0.000      0      0      0      0      0
11/25/1990  11962      3   5216   6743    125   9896     68   3192     15   1471      0      0      0   0.00   0.00      0   0.00   14.9  0.055    0.0  0.000      0      0      0      0      0
11/26/1990  12601      6   5751   6844    135  10042     60   2883     13   1326      0      0      0   0.00   0.00      0   0.00   14.8  0.055    0.0  0.000      0      0      0      0      0
11/27/1990  13163     10   6203   6950    144  10268     52   2560     11   1158      0      0      0   0.00   0.00      0   0.00   14.8  0.055    0.0  0.000      0      0      0      0      0
11/28/1990  13741     15   6666   7060    150  10252     46   2495      9   1017      0      0      0   0.00   0.00      0   0.00   15.1  0.054    0.0  0.000      0      0      0      0      0
11/29/1990  12635     22   7229   5384    154  10062     38   2336     10   1104      0      0      0   0.00   0.00      0   0.00   15.3  0.053    0.0  0.000      0      0      0      0      0
11/30/1990  12497     28   7867   4602    156   9834     33   2122     10   1191      0      0      0   0.00   0.00      0   0.00   15.4  0.053    0.0  0.000      0      0      0      0      0
12/01/1990  13272     35   8553   4684    155   9539     30   2000      8   1131      0      0      0   0.00   0.00      0   0.00   15.6  0.052    0.0  0.000      0      0      0      0      0
12/02/1990  14092     44   9279   4769    152   9189     28   1954      5    961      0      0      0   0.00   0.00      0   0.00   15.5  0.052    0.0  0.000      0      0      0      0      0
12/03/1990  14165     55  10058   4052    146   8823     26   1842      3    865      0      0      0   0.00   0.00      0   0.00   15.6  0.052    0.0  0.000      0      0      0      0      0
12/04/1990  14335     66  10881   3388    140   8254     22   1805      3    864      0      0      0   0.00   0.00      0   0.00   15.7  0.052    0.0  0.000      0      0      0      0      0
12/05/1990  15125     78  11589   3458    133   7769     18   1757      2    830      0      0      0   0.00   0.00      0   0.00   15.6  0.052    0.0  0.000      0      0      0      0      0
12/06/1990  15163     91  12267   2805    123   7379     16   1690      1    806      0      0      0   0.00   0.00      0   0.00   15.7  0.051    0.0  0.000      0      0      0      0      0
12/07/1990  15017    105  12951   1961    112   6977     14   1565      0    767      0      0      0   0.00   0.00      0   0.00   15.7  0.051    0.0  0.000      0      0      0      0      0
12/08/1990  15640    117  13564   1959    103   6505     11   1396      0    755      0      0      0   0.00   0.00      0   0.00   15.7  0.051    0.0  0.000      0      0      0      0      0
12/09/1990  16402    128  14021   2253     96   6014      7   1365      0    703      0      0      0   0.00   0.00      0   0.00   15.7  0.051    0.0  0.000      0      0      0      0      0
12/10/1990  17154    141  14408   2605     86   5475      4   1371      0    754      0      0      0   0.00   0.00      0   0.00   15.7  0.051    0.0  0.000      0      0      0      0      0
12/11/1990  17672    154  14536   2982     74   5202      3   1286      0    881      0      0      0   0.00   0.00      0   0.00   15.8  0.051    0.0  0.000      0      0      0      0      0
12/12/1990  18170    165  14556   3449     64   5005      2   1204      0    993      0      0      0   0.00   0.00      0   0.00   15.7  0.051    0.0  0.000      0      0      0      0      0
12/13/1990  18688    176  14642   3870     54   4709      1   1295      1    991      0      0      0   0.00   0.00      0   0.00   15.7  0.051    0.0  0.000      0      0      0      0      0
12/14/1990  19169    184  14686   4299     47   4496      0   1361      1    803      0      0      0   0.00   0.00      0   0.00   15.6  0.051    0.0  0.000      0      0      0      0      0
12/15/1990  19634    189  14652   4793     41   4286      0   1430      1    672      0      0      0   0.00   0.00      0   0.00   15.5  0.051    0.0  0.000      0      0      0      0      0
12/16/1990  20129    193  14559   5377     35   3993      1   1531      0    551      0      0      0   0.00   0.00      0   0.00   15.4  0.051    0.0  0.000      0      0      0      0      0
12/17/1990  20457    195  14251   6011     30   3873      1   1461      1    633      0      0      0   0.00   0.00      0   0.00   15.3  0.051    0.0  0.000      0      0      0      0      0
12/18/1990  20749    196  13986   6567     25   3882      1   1348      3    707      0      0      0   0.00   0.00      0   0.00   15.2  0.051    0.0  0.000      0      0      0      0      0
12/19/1990  21098    196  13764   7138     20   3857      1   1201      5    764      0      0      0   0.00   0.00      0   0.00   15.1  0.051    0.0  0.000      0      0      0      0      0
12/20/1990  21506    192  13502   7812     17   3762      2   1101      4    616      0      0      0   0.00   0.00      0   0.00   15.0  0.051    0.0  0.000      0      0      0      0      0
12/21/1990  21880    189  13147   8544     14   3682      4   1064      2    338      0      0      0   0.00   0.00      0   0.00   14.9  0.051    0.0  0.000      0      0      0      0      0
12/22/1990  22163    185  12670   9308     11   3529      6   1162      0     87      0      0      0   0.00   0.00      0   0.00   14.8  0.051    0.0  0.000      0      0      0      0      0
12/23/1990  22399    180  12104  10115      8   3473      5   1045      0      0      0      0      0   0.00   0.00      0   0.00   14.8  0.051    0.0  0.000      0      0      0      0      0
12/24/1990  22670    172  11530  10968      5   3368      5    851      0      0      0      0      0   0.00   0.00      0   0.00   14.7  0.051    0.0  0.000      0      0      0      0      0
12/25/1990  22945    162  10923  11860      4   3298      5    616      0     58      0      0      0   0.00   0.00      0   0.00   14.6  0.051    0.0  0.000      0      0      0      0      0
12/26/1990  23139    151  10356  12632      3   3350      5    338      1    202      0      0      0   0.00   0.00      0   0.00   14.5  0.051    0.0  0.000      0      0      0      0      0
12/27/1990  23381    139   9875  13367      3   3326      4     87      3    407      0      0      0   0.00   0.00      0   0.00   14.5  0.051    0.0  0.000      0      0      0      0      0
12/28/1990  23612    126   9309  14177      4   3147      2     58      6    591      0      0      0   0.00   0.00      0   0.00   14.4  0.051    0.0  0.000      0      0      0      0      0
12/29/1990  23791    114   8656  15021      6   2933      1    202      6    553      0      0      0   0.00   0.00      0   0.00   14.3  0.051    0.0  0.000      0      0      0      0      0
12/30/1990  23980    103   8082  15795      6   2710      3    407      6    532      0      0      0   0.00   0.00      0   0.00   14.3  0.051    0.0  0.000      0      0      0      0      0
12/31/1990  24260     90   7600  16570      6   2393      6    649      6    483      0      0      0   0.00   0.00      0   0.00   14.2  0.051    0.0  0.000      0      0      0      0      0
