Varroa Population Simulation - Nov 24,2015  04:11:13 PM
VarroaPop Version 3.2.5.8  June, 2015

                                        Capped  Capped                                                                      Prop           Conc          Conc                                     
            Colony  Adult  Adult         Drone   Wkr    Drone  Wkr    Drone  Wkr  Free   DBrood WBrood DMite  WMite  Mites  Mites  Colony Pollen Colony Nectar   Dead   Dead   Dead   Dead   Dead
     Date   Size   Drones   Wkr   Forgrs Brood  Brood   Larv   Larv    Eggs  Eggs Mites  Mites  Mites  /Cell  /Cell  Dying  Dying  Pollen  Pest  Nectar  Pest    DLarv  WLarv  DAdlt  WAdlt  Forgrs
Initial     10000      0   8400   1600      0      0      0      0      0      0      0      0      0   0.00   0.00      0   0.00    0.0  0.000    0.0  0.000      0      0      0      0      0
05/01/1990   9600      0   8000   1600      0      0      0      0      0    321      0      0      0   0.00   0.00      0   0.00    0.0  0.000    0.0  0.000      0      0      0      0      0
05/02/1990   9200      0   7600   1600      0      0      0      0      0    666      0      0      0   0.00   0.00      0   0.00    0.0  0.000    0.0  0.000      0      0      0      0      0
05/03/1990   8800      0   7200   1600      0      0      0      0      0   1042      0      0      0   0.00   0.00      0   0.00    0.1  0.000    0.0  0.000      0      0      0      0      0
05/04/1990   8400      0   6800   1600      0      0      0    321      0   1112      0      0      0   0.00   0.00      0   0.00    0.1  0.000    0.0  0.000      0      0      0      0      0
05/05/1990   8000      0   6400   1600      0      0      0    666      0   1166      0      0      0   0.00   0.00      0   0.00    0.1  0.000    0.0  0.000      0      0      0      0      0
05/06/1990   7600      0   6000   1600      0      0      0   1042      0   1181      0      0      0   0.00   0.00      0   0.00    0.1  0.000    0.0  0.000      0      0      0      0      0
05/07/1990   7200      0   5600   1600      0      0      0   1433      0   1152      0      0      0   0.00   0.00      0   0.00    0.2  0.000    0.0  0.000      0      0      0      0      0
05/08/1990   6800      0   5200   1600      0      0      0   1832      0   1110      0      0      0   0.00   0.00      0   0.00    0.2  0.000    0.0  0.000      0      0      0      0      0
05/09/1990   6400      0   4800   1600      0    321      0   1902      0   1049      0      0      0   0.00   0.00      0   0.00    0.2  0.000    0.0  0.000      0      0      0      0      0
05/10/1990   6000      0   4400   1600      0    666      0   1919      0    970      0      0      0   0.00   0.00      0   0.00    0.3  0.000    0.0  0.000      0      0      0      0      0
05/11/1990   5600      0   4000   1600      0   1042      0   1900      0    926      0      0      0   0.00   0.00      0   0.00    0.3  0.000    0.0  0.000      0      0      0      0      0
05/12/1990   5200      0   3600   1600      0   1433      0   1839      0    920      0      0      0   0.00   0.00      0   0.00    0.3  0.000    0.0  0.000      0      0      0      0      0
05/13/1990   4800      0   3200   1600      0   1832      0   1723      0    967      0      0      0   0.00   0.00      0   0.00    0.4  0.000    0.0  0.000      0      0      0      0      0
05/14/1990   4400      0   2800   1600      0   2223      0   1645      0    983      0      0      0   0.00   0.00      0   0.00    0.4  0.000    0.0  0.000      0      0      0      0      0
05/15/1990   4000      0   2400   1600      0   2585      0   1607      0    975      0      0      0   0.00   0.00      0   0.00    0.5  0.000    0.0  0.000      0      0      0      0      0
05/16/1990   3600      0   2000   1600      0   2942      0   1580      0    999      0      0      0   0.00   0.00      0   0.00    0.5  0.000    0.0  0.000      0      0      0      0      0
05/17/1990   3200      0   1600   1600      0   3272      0   1579      0   1000      0      0      0   0.00   0.00      0   0.00    0.6  0.000    0.0  0.000      0      0      0      0      0
05/18/1990   2800      0   1200   1600      0   3555      0   1612      0    979      0      0      0   0.00   0.00      0   0.00    0.7  0.000    0.0  0.000      0      0      0      0      0
05/19/1990   2400      0    800   1600      0   3868      0   1653      0    912      0      0      0   0.00   0.00      0   0.00    0.7  0.000    0.0  0.000      0      0      0      0      0
05/20/1990   2000      0    400   1600      0   4192      0   1659      0    908      0      0      0   0.00   0.00      0   0.00    0.8  0.000    0.0  0.000      0      0      0      0      0
05/21/1990   1600      0      0   1600      0   4522      0   1624      0    954      0      0      0   0.00   0.00      0   0.00    0.9  0.000    0.0  0.000      0      0      0      0      0
05/22/1990   1521      0    321   1200      0   4530      0   1582      0   1015      0      0      0   0.00   0.00      0   0.00    0.9  0.000    0.0  0.000      0      0      0      0      0
05/23/1990   1866      0    666   1200      0   4501      0   1592      0    927      0      0      0   0.00   0.00      0   0.00    0.9  0.000    0.0  0.000      0      0      0      0      0
05/24/1990   1842      0   1042    800      0   4479      0   1579      0    822      0      0      0   0.00   0.00      0   0.00    0.9  0.000    0.0  0.000      0      0      0      0      0
05/25/1990   1833      0   1433    400      0   4418      0   1597      0    672      0      0      0   0.00   0.00      0   0.00    1.0  0.000    0.0  0.000      0      0      0      0      0
05/26/1990   1832      0   1832      0      0   4314      0   1540      0    549      0      0      0   0.00   0.00      0   0.00    0.9  0.000    0.0  0.000      0      0      0      0      0
05/27/1990   2223      0   2223      0      0   4210      0   1489      0    313      0      0      0   0.00   0.00      0   0.00    0.9  0.000    0.0  0.000      0      0      0      0      0
05/28/1990   2585      0   2585      0      0   4174      0   1361      0    115      0      0      0   0.00   0.00      0   0.00    0.9  0.000    0.0  0.000      0      0      0      0      0
05/29/1990   2942      0   2942      0      0   4158      0   1135      0      0      0      0      0   0.00   0.00      0   0.00    0.9  0.000    0.0  0.000      0      0      0      0      0
05/30/1990   3272      0   3272      0      0   4176      0    787      0      0      0      0      0   0.00   0.00      0   0.00    0.9  0.000    0.0  0.000      0      0      0      0      0
05/31/1990   3555      0   3555      0      0   4131      0    549      0      0      0      0      0   0.00   0.00      0   0.00    0.9  0.000    0.0  0.000      0      0      0      0      0
06/01/1990   3868      0   3868      0      0   4054      0    313      0      0      0      0      0   0.00   0.00      0   0.00    0.8  0.000    0.0  0.000      0      0      0      0      0
06/02/1990   4192      0   4192      0      0   3928      0    115      0      0      0      0      0   0.00   0.00      0   0.00    0.8  0.000    0.0  0.000      0      0      0      0      0
06/03/1990   4522      0   4522      0      0   3713      0      0      0      0      0      0      0   0.00   0.00      0   0.00    0.8  0.000    0.0  0.000      0      0      0      0      0
06/04/1990   4851      0   4851      0      0   3384      0      0      0      0      0      0      0   0.00   0.00      0   0.00    0.8  0.000    0.0  0.000      0      0      0      0      0
06/05/1990   5167      0   5167      0      0   3068      0      0      0      0      0      0      0   0.00   0.00      0   0.00    0.7  0.000    0.0  0.000      0      0      0      0      0
06/06/1990   5521      0   5521      0      0   2714      0      0      0      0      0      0      0   0.00   0.00      0   0.00    0.7  0.000    0.0  0.000      0      0      0      0      0
06/07/1990   5851      0   5851      0      0   2384      0      0      0      0      0      0      0   0.00   0.00      0   0.00    0.7  0.000    0.0  0.000      0      0      0      0      0
06/08/1990   6146      0   6146      0      0   2089      0      0      0      0      0      0      0   0.00   0.00      0   0.00    0.6  0.000    0.0  0.000      0      0      0      0      0
06/09/1990   6433      0   6433      0      0   1802      0      0      0      0      0      0      0   0.00   0.00      0   0.00    0.6  0.000    0.0  0.000      0      0      0      0      0
06/10/1990   6759      0   6759      0      0   1476      0      0      0      0      0      0      0   0.00   0.00      0   0.00    0.5  0.000    0.0  0.000      0      0      0      0      0
06/11/1990   7100      0   7100      0      0   1135      0      0      0      0      0      0      0   0.00   0.00      0   0.00    0.5  0.000    0.0  0.000      0      0      0      0      0
06/12/1990   7448      0   7127    321      0    787      0      0      0      0      0      0      0   0.00   0.00      0   0.00    0.4  0.000    0.0  0.000      0      0      0      0      0
06/13/1990   7686      0   7020    666      0    549      0      0      0     96      0      0      0   0.00   0.00      0   0.00    0.4  0.000    0.0  0.000      0      0      0      0      0
06/14/1990   7922      0   6880   1042      0    313      0      0      0    267      0      0      0   0.00   0.00      0   0.00    0.4  0.000    0.0  0.000      0      0      0      0      0
06/15/1990   8120      0   6687   1433      0    115      0      0      0    515      0      0      0   0.00   0.00      0   0.00    0.4  0.000    0.0  0.000      0      0      0      0      0
06/16/1990   7914      0   6403   1511      0      0      0     96      0    751      0      0      0   0.00   0.00      0   0.00    0.5  0.000    0.0  0.000      0      0      0      0      0
06/17/1990   7569      0   6012   1557      0      0      0    267      0    942      0      0      0   0.00   0.00      0   0.00    0.5  0.000    0.0  0.000      0      0      0      0      0
06/18/1990   7193      0   5650   1543      0      0      0    515      0   1046      0      0      0   0.00   0.00      0   0.00    0.5  0.000    0.0  0.000      0      0      0      0      0
06/19/1990   6802      0   5293   1509      0      0      0    847      0   1091      0      0      0   0.00   0.00      0   0.00    0.6  0.000    0.0  0.000      0      0      0      0      0
06/20/1990   6403      0   4963   1440      0      0      0   1209      0   1131      0      0      0   0.00   0.00      0   0.00    0.6  0.000    0.0  0.000      0      0      0      0      0
06/21/1990   6012      0   4680   1332      0     96      0   1465      0   1169      0      0      0   0.00   0.00      0   0.00    0.6  0.000    0.0  0.000      0      0      0      0      0
06/22/1990   5650      0   4367   1283      0    267      0   1671      0   1137      0      0      0   0.00   0.00      0   0.00    0.6  0.000    0.0  0.000      0      0      0      0      0
06/23/1990   5293      0   4043   1250      0    515      0   1825      0   1070      0      0      0   0.00   0.00      0   0.00    0.6  0.000    0.0  0.000      0      0      0      0      0
06/24/1990   4963      0   3713   1250      0    847      0   1883      0   1016      0      0      0   0.00   0.00      0   0.00    0.7  0.000    0.0  0.000      0      0      0      0      0
06/25/1990   4680      0   3384   1296      0   1209      0   1866      0   1006      0      0      0   0.00   0.00      0   0.00    0.7  0.000    0.0  0.000      0      0      0      0      0
06/26/1990   4367      0   3068   1299      0   1561      0   1849      0   1018      0      0      0   0.00   0.00      0   0.00    0.7  0.000    0.0  0.000      0      0      0      0      0
06/27/1990   4043      0   2714   1329      0   1938      0   1808      0   1023      0      0      0   0.00   0.00      0   0.00    0.8  0.000    0.0  0.000      0      0      0      0      0
06/28/1990   3713      0   2384   1329      0   2340      0   1741      0   1029      0      0      0   0.00   0.00      0   0.00    0.8  0.000    0.0  0.000      0      0      0      0      0
06/29/1990   3384      0   2089   1295      0   2730      0   1698      0   1041      0      0      0   0.00   0.00      0   0.00    0.9  0.000    0.0  0.000      0      0      0      0      0
06/30/1990   3068      0   1802   1266      0   3075      0   1694      0   1056      0      0      0   0.00   0.00      0   0.00    0.9  0.000    0.0  0.000      0      0      0      0      0
07/01/1990   2714      0   1476   1238      0   3410      0   1700      0   1064      0      0      0   0.00   0.00      0   0.00    0.9  0.000    0.0  0.000      0      0      0      0      0
07/02/1990   2384      0   1135   1249      0   3746      0   1723      0   1035      0      0      0   0.00   0.00      0   0.00    1.0  0.000    0.0  0.000      0      0      0      0      0
07/03/1990   2089      0    787   1302      0   4081      0   1744      0   1008      0      0      0   0.00   0.00      0   0.00    1.0  0.000    0.0  0.000      0      0      0      0      0
07/04/1990   1898      0    645   1253      0   4332      0   1746      0    986      0      0      0   0.00   0.00      0   0.00    1.1  0.000    0.0  0.000      0      0      0      0      0
07/05/1990   1743      0    580   1163      0   4502      0   1735      0    979      0      0      0   0.00   0.00      0   0.00    1.1  0.000    0.0  0.000      0      0      0      0      0
07/06/1990   1650      0    630   1020      0   4595      0   1723      0    957      0      0      0   0.00   0.00      0   0.00    1.2  0.000    0.0  0.000      0      0      0      0      0
07/07/1990   1634      0    847    787      0   4622      0   1691      0    919      0      0      0   0.00   0.00      0   0.00    1.2  0.000    0.0  0.000      0      0      0      0      0
07/08/1990   1758      0   1209    549      0   4616      0   1658      0    836      0      0      0   0.00   0.00      0   0.00    1.2  0.000    0.0  0.000      0      0      0      0      0
07/09/1990   1874      0   1561    313      0   4613      0   1616      0    712      0      0      0   0.00   0.00      0   0.00    1.2  0.000    0.0  0.000      0      0      0      0      0
07/10/1990   2053      0   1938    115      0   4566      0   1575      0    541      0      0      0   0.00   0.00      0   0.00    1.2  0.000    0.0  0.000      0      0      0      0      0
07/11/1990   2340      0   2340      0      0   4493      0   1486      0    348      0      0      0   0.00   0.00      0   0.00    1.2  0.000    0.0  0.000      0      0      0      0      0
07/12/1990   2730      0   2730      0      0   4430      0   1342      0    165      0      0      0   0.00   0.00      0   0.00    1.2  0.000    0.0  0.000      0      0      0      0      0
07/13/1990   3075      0   3075      0      0   4408      0   1137      0     47      0      0      0   0.00   0.00      0   0.00    1.2  0.000    0.0  0.000      0      0      0      0      0
07/14/1990   3410      0   3410      0      0   4380      0    877      0      0      0      0      0   0.00   0.00      0   0.00    1.2  0.000    0.0  0.000      0      0      0      0      0
07/15/1990   3746      0   3746      0      0   4333      0    588      0      0      0      0      0   0.00   0.00      0   0.00    1.1  0.000    0.0  0.000      0      0      0      0      0
07/16/1990   4081      0   4081      0      0   4238      0    348      0      0      0      0      0   0.00   0.00      0   0.00    1.1  0.000    0.0  0.000      0      0      0      0      0
07/17/1990   4428      0   4428      0      0   4074      0    165      0      0      0      0      0   0.00   0.00      0   0.00    1.1  0.000    0.0  0.000      0      0      0      0      0
07/18/1990   4769      0   4769      0      0   3851      0     47      0      0      0      0      0   0.00   0.00      0   0.00    1.1  0.000    0.0  0.000      0      0      0      0      0
07/19/1990   5110      0   5110      0      0   3557      0      0      0      0      0      0      0   0.00   0.00      0   0.00    1.0  0.000    0.0  0.000      0      0      0      0      0
07/20/1990   5469      0   5469      0      0   3198      0      0      0      0      0      0      0   0.00   0.00      0   0.00    1.0  0.000    0.0  0.000      0      0      0      0      0
07/21/1990   5825      0   5825      0      0   2842      0      0      0      0      0      0      0   0.00   0.00      0   0.00    1.0  0.000    0.0  0.000      0      0      0      0      0
07/22/1990   6174      0   6174      0      0   2493      0      0      0      0      0      0      0   0.00   0.00      0   0.00    0.9  0.000    0.0  0.000      0      0      0      0      0
07/23/1990   6504      0   6504      0      0   2163      0      0      0      0      0      0      0   0.00   0.00      0   0.00    0.9  0.000    0.0  0.000      0      0      0      0      0
07/24/1990   6833      0   6833      0      0   1834      0      0      0      0      0      0      0   0.00   0.00      0   0.00    0.8  0.000    0.0  0.000      0      0      0      0      0
07/25/1990   7160      0   7064     96      0   1507      0      0      0      0      0      0      0   0.00   0.00      0   0.00    0.8  0.000    0.0  0.000      0      0      0      0      0
07/26/1990   7483      0   7216    267      0   1184      0      0      0     36      0      0      0   0.00   0.00      0   0.00    0.7  0.000    0.0  0.000      0      0      0      0      0
07/27/1990   7790      0   7275    515      0    877      0      0      0    136      0      0      0   0.00   0.00      0   0.00    0.7  0.000    0.0  0.000      0      0      0      0      0
07/28/1990   8079      0   7232    847      0    588      0      0      0    315      0      0      0   0.00   0.00      0   0.00    0.7  0.000    0.0  0.000      0      0      0      0      0
07/29/1990   8223      0   7110   1113      0    348      0     36      0    544      0      0      0   0.00   0.00      0   0.00    0.7  0.000    0.0  0.000      0      0      0      0      0
07/30/1990   8235      0   6941   1294      0    165      0    136      0    767      0      0      0   0.00   0.00      0   0.00    0.7  0.000    0.0  0.000      0      0      0      0      0
07/31/1990   8105      0   6682   1423      0     47      0    315      0    945      0      0      0   0.00   0.00      0   0.00    0.7  0.000    0.0  0.000      0      0      0      0      0
08/01/1990   7820      0   6327   1493      0      0      0    580      0   1059      0      0      0   0.00   0.00      0   0.00    0.8  0.000    0.0  0.000      0      0      0      0      0
08/02/1990   7458      0   5937   1521      0      0      0    903      0   1126      0      0      0   0.00   0.00      0   0.00    0.8  0.000    0.0  0.000      0      0      0      0      0
08/03/1990   7106      0   5592   1514      0     36      0   1224      0   1163      0      0      0   0.00   0.00      0   0.00    0.8  0.000    0.0  0.000      0      0      0      0      0
08/04/1990   6729      0   5257   1472      0    136      0   1503      0   1180      0      0      0   0.00   0.00      0   0.00    0.8  0.000    0.0  0.000      0      0      0      0      0
08/05/1990   6327      0   4921   1406      0    315      0   1714      0   1187      0      0      0   0.00   0.00      0   0.00    0.9  0.000    0.0  0.000      0      0      0      0      0
08/06/1990   5937      0   4586   1351      0    580      0   1843      0   1180      0      0      0   0.00   0.00      0   0.00    0.9  0.000    0.0  0.000      0      0      0      0      0
08/07/1990   5592      0   4239   1353      0    903      0   1916      0   1161      0      0      0   0.00   0.00      0   0.00    0.9  0.000    0.0  0.000      0      0      0      0      0
08/08/1990   5257      0   3898   1359      0   1260      0   1956      0   1142      0      0      0   0.00   0.00      0   0.00    0.9  0.000    0.0  0.000      0      0      0      0      0
08/09/1990   4921      0   3557   1364      0   1639      0   1964      0   1134      0      0      0   0.00   0.00      0   0.00    1.0  0.000    0.0  0.000      0      0      0      0      0
08/10/1990   4586      0   3198   1388      0   2029      0   1951      0   1136      0      0      0   0.00   0.00      0   0.00    1.0  0.000    0.0  0.000      0      0      0      0      0
08/11/1990   4239      0   2842   1397      0   2423      0   1935      0   1142      0      0      0   0.00   0.00      0   0.00    1.0  0.000    0.0  0.000      0      0      0      0      0
08/12/1990   3898      0   2493   1405      0   2819      0   1918      0   1148      0      0      0   0.00   0.00      0   0.00    1.1  0.000    0.0  0.000      0      0      0      0      0
08/13/1990   3557      0   2163   1394      0   3216      0   1900      0   1146      0      0      0   0.00   0.00      0   0.00    1.1  0.000    0.0  0.000      0      0      0      0      0
08/14/1990   3198      0   1834   1364      0   3603      0   1897      0   1117      0      0      0   0.00   0.00      0   0.00    1.2  0.000    0.0  0.000      0      0      0      0      0
08/15/1990   2842      0   1507   1335      0   3980      0   1905      0   1057      0      0      0   0.00   0.00      0   0.00    1.2  0.000    0.0  0.000      0      0      0      0      0
08/16/1990   2529      0   1220   1309      0   4322      0   1904      0   1007      0      0      0   0.00   0.00      0   0.00    1.3  0.000    0.0  0.000      0      0      0      0      0
08/17/1990   2299      0   1013   1286      0   4601      0   1880      0    980      0      0      0   0.00   0.00      0   0.00    1.3  0.000    0.0  0.000      0      0      0      0      0
08/18/1990   2149      0    903   1246      0   4801      0   1826      0    956      0      0      0   0.00   0.00      0   0.00    1.4  0.000    0.0  0.000      0      0      0      0      0
08/19/1990    348      0    314     34      0   4920      0   1379      0    923      0      0      0   0.00   0.00      0   0.00    1.4  0.269    0.0  0.000      0    390      0    612   1125
08/20/1990    609      0    584     25      0   4765      0   1472      0    595      0      0      0   0.00   0.00      0   0.00    1.4  0.269    0.0  0.000      0     67      0     46      7
08/21/1990    923      0    907     16      0   4612      0   1569      0    294      0      0      0   0.00   0.00      0   0.00    1.4  0.269    0.0  0.000      0      0      0     27      7
08/22/1990   1287      0   1279      8      0   4521      0   1575      0      5      0      0      0   0.00   0.00      0   0.00    1.4  0.269    0.0  0.000      0      0      0      0      6
08/23/1990   1664      0   1662      2      0   4456      0   1250      0      7      0      0      0   0.00   0.00      0   0.00    1.4  0.269    0.0  0.000      0      0      0      0      6
08/24/1990   2052      0   2049      3      0   4389      0    923      0      7      0      0      0   0.00   0.00      0   0.00    1.4  0.269    0.0  0.000      0      0      0      0      6
08/25/1990   2443      0   2438      5      0   4321      0    600      0      2      0      0      0   0.00   0.00      0   0.00    1.4  0.269    0.0  0.000      0      0      0      0      5
08/26/1990   2834      0   2828      6      0   4225      0    301      0      1      0      0      0   0.00   0.00      0   0.00    1.4  0.269    0.0  0.000      0      0      0      0      5
08/27/1990   3220      0   3208     12      0   4132      0      7      0      2      0      0      0   0.00   0.00      0   0.00    1.3  0.269    0.0  0.000      0      0      0      0      0
08/28/1990   3596      0   3578     18      0   3755      0      7      0      6      0      0      0   0.00   0.00      0   0.00    1.3  0.269    0.0  0.000      0      0      0      0      0
08/29/1990   3972      0   3949     23      0   3377      0      8      0     11      0      0      0   0.00   0.00      0   0.00    1.3  0.269    0.0  0.000      0      0      0      0      0
08/30/1990   4349      0   4321     28      0   3003      0      4      0     18      0      0      0   0.00   0.00      0   0.00    1.3  0.269    0.0  0.000      0      0      0      0      0
08/31/1990   4721      0   4698     23      0   2626      0      6      0     24      0      0      0   0.00   0.00      0   0.00    1.2  0.269    0.0  0.000      0      0      0      0      0
09/01/1990   5098      0   5080     18      0   2242      0     12      0     26      0      0      0   0.00   0.00      0   0.00    1.2  0.269    0.0  0.000      0      0      0      0      0
09/02/1990   5266      0   5246     20      0   2074      0     20      0     24      0      0      0   0.00   0.00      0   0.00    1.2  0.268    0.0  0.000      0      0      0      0      0
09/03/1990   5463      0   5448     15      0   1871      0     29      0     21      0      0      0   0.00   0.00      0   0.00    1.2  0.268    0.0  0.000      0      0      0      0      0
09/04/1990   5744      0   5734     10      0   1584      0     36      0     18      0      0      0   0.00   0.00      0   0.00    1.1  0.268    0.0  0.000      0      0      0      0      0
09/05/1990   6067      0   6057     10      0   1263      0     38      0     15      0      0      0   0.00   0.00      0   0.00    1.1  0.267    0.0  0.000      0      0      0      0      0
09/06/1990   6390      0   6382      8      0    942      0     39      0     11      0      0      0   0.00   0.00      0   0.00    1.0  0.267    0.0  0.000      0      0      0      0      0
09/07/1990   6716      0   6653     63      0    622      0     36      0      8      0      0      0   0.00   0.00      0   0.00    1.0  0.266    0.0  0.000      0      0      0      0      0
09/08/1990   7015      0   6897    118      0    331      0     29      0     28      0      0      0   0.00   0.00      0   0.00    0.9  0.266    0.0  0.000      0      0      0      0      0
09/09/1990   7307      0   7082    225      0     45      0     24      0     70      0      0      0   0.00   0.00      0   0.00    0.9  0.265    0.0  0.000      0      0      0      0      0
09/10/1990   7305      0   6805    500      0     51      0     20      0    153      0      0      0   0.00   0.00      0   0.00    0.9  0.265    0.0  0.000      0      0      0      0      0
09/11/1990   7248      0   6475    773      0     58      0     36      0    294      0      0      0   0.00   0.00      0   0.00    0.9  0.265    0.0  0.000      0      0      0      0      0
09/12/1990   7196      0   6101   1095      0     58      0     76      0    480      0      0      0   0.00   0.00      0   0.00    0.9  0.263    0.0  0.000      0      0      0      0      0
09/13/1990   7089      0   5713   1376      0     59      0    158      0    692      0      0      0   0.00   0.00      0   0.00    0.9  0.257    0.0  0.000      0      0      0      0      0
09/14/1990   6812      0   5319   1493      0     62      0    319      0    851      0      0      0   0.00   0.00      0   0.00    0.9  0.249    0.0  0.000      0      0      0      0      0
09/15/1990   6482      0   4923   1559      0     64      0    548      0    958      0      0      0   0.00   0.00      0   0.00    1.0  0.240    0.0  0.000      0      0      0      0      0
09/16/1990   6104      0   4527   1577      0     86      0    822      0   1009      0      0      0   0.00   0.00      0   0.00    1.0  0.231    0.0  0.000      0      0      0      0      0
09/17/1990   5715      0   4141   1574      0    130      0   1100      0   1043      0      0      0   0.00   0.00      0   0.00    1.0  0.222    0.0  0.000      0      0      0      0      0
09/18/1990   5325      0   3768   1557      0    211      0   1353      0   1056      0      0      0   0.00   0.00      0   0.00    1.1  0.214    0.0  0.000      0      0      0      0      0
09/19/1990   4935      0   3396   1539      0    369      0   1537      0   1052      0      0      0   0.00   0.00      0   0.00    1.1  0.206    0.0  0.000      0      0      0      0      0
09/20/1990   4546      0   3025   1521      0    592      0   1663      0   1056      0      0      0   0.00   0.00      0   0.00    1.2  0.199    0.0  0.000      0      0      0      0      0
09/21/1990   4169      0   2656   1513      0    879      0   1717      0   1066      0      0      0   0.00   0.00      0   0.00    1.2  0.191    0.0  0.000      0      0      0      0      0
09/22/1990   3800      0   2280   1520      0   1194      0   1738      0   1060      0      0      0   0.00   0.00      0   0.00    1.3  0.184    0.0  0.000      0      0      0      0      0
09/23/1990   3428      0   2118   1310      0   1526      0   1761      0   1018      0      0      0   0.00   0.00      0   0.00    1.3  0.178    0.0  0.000      0      0      0      0      0
09/24/1990   3056      0   1921   1135      0   1867      0   1774      0    962      0      0      0   0.00   0.00      0   0.00    1.3  0.173    0.0  0.000      0      0      0      0      0
09/25/1990   2682      0   1638   1044      0   2219      0   1755      0    898      0      0      0   0.00   0.00      0   0.00    1.4  0.169    0.0  0.000      0      0      0      0      0
09/26/1990   2301      0   1316    985      0   2567      0   1723      0    836      0      0      0   0.00   0.00      0   0.00    1.4  0.165    0.0  0.000      0      0      0      0      0
09/27/1990   2136      0    992   1144      0   2908      0   1684      0    779      0      0      0   0.00   0.00      0   0.00    1.4  0.160    0.0  0.000      0      0      0      0      0
09/28/1990   1934      0    666   1268      0   3267      0   1597      0    787      0      0      0   0.00   0.00      0   0.00    1.5  0.154    0.0  0.000      0      0      0      0      0
09/29/1990   1669      0    388   1281      0   3605      0   1493      0    847      0      0      0   0.00   0.00      0   0.00    1.5  0.149    0.0  0.000      0      0      0      0      0
09/30/1990   1389      0    139   1250      0   3898      0   1403      0    927      0      0      0   0.00   0.00      0   0.00    1.6  0.144    0.0  0.000      0      0      0      0      0
10/01/1990   1147      0    224    923      0   4132      0   1366      0    969      0      0      0   0.00   0.00      0   0.00    1.6  0.140    0.0  0.000      0      0      0      0      0
10/02/1990    983      0    388    595      0   4273      0   1378      0    896      0      0      0   0.00   0.00      0   0.00    1.7  0.138    0.0  0.000      0      0      0      0      0
10/03/1990    913      0    614    299      0   4316      0   1432      0    743      0      0      0   0.00   0.00      0   0.00    1.7  0.138    0.0  0.000      0      0      0      0      0
10/04/1990    916      0    909      7      0   4276      0   1499      0    525      0      0      0   0.00   0.00      0   0.00    1.7  0.138    0.0  0.000      0      0      0      0      0
10/05/1990   1239      0   1232      7      0   4201      0   1495      0    283      0      0      0   0.00   0.00      0   0.00    1.7  0.138    0.0  0.000      0      0      0      0      0
10/06/1990   1577      0   1570      7      0   4145      0   1388      0    109      0      0      0   0.00   0.00      0   0.00    1.6  0.138    0.0  0.000      0      0      0      0      0
10/07/1990   1920      0   1917      3      0   4114      0   1177      0      4      0      0      0   0.00   0.00      0   0.00    1.6  0.138    0.0  0.000      0      0      0      0      0
10/08/1990   2275      0   2273      2      0   4085      0    851      0      2      0      0      0   0.00   0.00      0   0.00    1.6  0.138    0.0  0.000      0      0      0      0      0
10/09/1990   2626      0   2620      6      0   4058      0    528      0      1      0      0      0   0.00   0.00      0   0.00    1.6  0.138    0.0  0.000      0      0      0      0      0
10/10/1990   2970      0   2958     12      0   3958      0    285      0      1      0      0      0   0.00   0.00      0   0.00    1.6  0.138    0.0  0.000      0      0      0      0      0
10/11/1990   3330      0   3311     19      0   3772      0    110      0      4      0      0      0   0.00   0.00      0   0.00    1.6  0.138    0.0  0.000      0      0      0      0      0
10/12/1990   3690      0   3662     28      0   3517      0      4      0      9      0      0      0   0.00   0.00      0   0.00    1.6  0.138    0.0  0.000      0      0      0      0      0
10/13/1990   4024      0   3992     32      0   3181      0      3      0     16      0      0      0   0.00   0.00      0   0.00    1.5  0.138    0.0  0.000      0      0      0      0      0
10/14/1990   4337      0   4305     32      0   2863      0      5      0     23      0      0      0   0.00   0.00      0   0.00    1.5  0.138    0.0  0.000      0      0      0      0      0
10/15/1990   4634      0   4603     31      0   2559      0      9      0     28      0      0      0   0.00   0.00      0   0.00    1.5  0.138    0.0  0.000      0      0      0      0      0
10/16/1990   4898      0   4872     26      0   2285      0     17      0     30      0      0      0   0.00   0.00      0   0.00    1.5  0.138    0.0  0.000      0      0      0      0      0
10/17/1990   5147      0   5126     21      0   2028      0     27      0     28      0      0      0   0.00   0.00      0   0.00    1.4  0.137    0.0  0.000      0      0      0      0      0
10/18/1990   5389      0   5371     18      0   1781      0     36      0     24      0      0      0   0.00   0.00      0   0.00    1.4  0.137    0.0  0.000      0      0      0      0      0
10/19/1990   5664      0   5651     13      0   1502      0     43      0     19      0      0      0   0.00   0.00      0   0.00    1.4  0.137    0.0  0.000      0      0      0      0      0
10/20/1990   5976      0   5945     31      0   1190      0     46      0     14      0      0      0   0.00   0.00      0   0.00    1.3  0.137    0.0  0.000      0      0      0      0      0
10/21/1990   6301      0   6228     73      0    870      0     44      0     17      0      0      0   0.00   0.00      0   0.00    1.3  0.137    0.0  0.000      0      0      0      0      0
10/22/1990   6622      0   6467    155      0    556      0     39      0     33      0      0      0   0.00   0.00      0   0.00    1.2  0.137    0.0  0.000      0      0      0      0      0
10/23/1990   6864      0   6547    317      0    322      0     32      0     75      0      0      0   0.00   0.00      0   0.00    1.2  0.137    0.0  0.000      0      0      0      0      0
10/24/1990   7016      0   6491    525      0    157      0     31      0    158      0      0      0   0.00   0.00      0   0.00    1.2  0.137    0.0  0.000      0      0      0      0      0
10/25/1990   7077      0   6300    777      0     59      0     44      0    281      0      0      0   0.00   0.00      0   0.00    1.2  0.137    0.0  0.000      0      0      0      0      0
10/26/1990   6994      0   5979   1015      0     63      0     83      0    417      0      0      0   0.00   0.00      0   0.00    1.2  0.136    0.0  0.000      0      0      0      0      0
10/27/1990   6831      0   5642   1189      0     67      0    170      0    555      0      0      0   0.00   0.00      0   0.00    1.2  0.135    0.0  0.000      0      0      0      0      0
10/28/1990   6601      0   5295   1306      0     69      0    311      0    659      0      0      0   0.00   0.00      0   0.00    1.2  0.132    0.0  0.000      0      0      0      0      0
10/29/1990   6304      0   4938   1366      0     78      0    483      0    738      0      0      0   0.00   0.00      0   0.00    1.2  0.130    0.0  0.000      0      0      0      0      0
10/30/1990   5981      0   4587   1394      0     99      0    692      0    756      0      0      0   0.00   0.00      0   0.00    1.3  0.127    0.0  0.000      0      0      0      0      0
10/31/1990   5644      0   4244   1400      0    143      0    895      0    748      0      0      0   0.00   0.00      0   0.00    1.3  0.124    0.0  0.000      0      0      0      0      0
11/01/1990   5295      0   3886   1409      0    232      0   1063      0    685      0      0      0   0.00   0.00      0   0.00    1.3  0.120    0.0  0.000      0      0      0      0      0
11/02/1990   4940      0   3530   1410      0    371      0   1167      0    620      0      0      0   0.00   0.00      0   0.00    1.4  0.117    0.0  0.000      0      0      0      0      0
11/03/1990   4595      0   3200   1395      0    544      0   1226      0    575      0      0      0   0.00   0.00      0   0.00    1.4  0.114    0.0  0.000      0      0      0      0      0
11/04/1990   4260      0   2891   1369      0    764      0   1193      0    592      0      0      0   0.00   0.00      0   0.00    1.4  0.111    0.0  0.000      0      0      0      0      0
11/05/1990   3909      0   2596   1313      0   1002      0   1128      0    626      0      0      0   0.00   0.00      0   0.00    1.5  0.109    0.0  0.000      0      0      0      0      0
11/06/1990   3558      0   2332   1226      0   1252      0   1063      0    608      0      0      0   0.00   0.00      0   0.00    1.5  0.106    0.0  0.000      0      0      0      0      0
11/07/1990   3228      0   2083   1145      0   1492      0   1029      0    560      0      0      0   0.00   0.00      0   0.00    1.5  0.104    0.0  0.000      0      0      0      0      0
11/08/1990   2915      0   1841   1074      0   1726      0   1006      0    524      0      0      0   0.00   0.00      0   0.00    1.6  0.102    0.0  0.000      0      0      0      0      0
11/09/1990   2615      0   1564   1051      0   1918      0    986      0    528      0      0      0   0.00   0.00      0   0.00    1.6  0.099    0.0  0.000      0      0      0      0      0
11/10/1990   2344      0   1250   1094      0   2098      0    969      0    544      0      0      0   0.00   0.00      0   0.00    1.7  0.097    0.0  0.000      0      0      0      0      0
11/11/1990   2096      0    931   1165      0   2284      0    955      0    558      0      0      0   0.00   0.00      0   0.00    1.7  0.094    0.0  0.000      0      0      0      0      0
11/12/1990   1869      0    628   1241      0   2477      0    922      0    591      0      0      0   0.00   0.00      0   0.00    1.8  0.092    0.0  0.000      0      0      0      0      0
11/13/1990   1632      0    429   1203      0   2649      0    887      0    641      0      0      0   0.00   0.00      0   0.00    1.8  0.089    0.0  0.000      0      0      0      0      0
11/14/1990   1407      0    346   1061      0   2734      0    905      0    642      0      0      0   0.00   0.00      0   0.00    1.8  0.087    0.0  0.000      0      0      0      0      0
11/15/1990   1223      0    384    839      0   2756      0    953      0    598      0      0      0   0.00   0.00      0   0.00    1.9  0.085    0.0  0.000      0      0      0      0      0
11/16/1990   1080      0    563    517      0   2756      0   1004      0    524      0      0      0   0.00   0.00      0   0.00    1.9  0.084    0.0  0.000      0      0      0      0      0
11/17/1990   1066      0    792    274      0   2707      0   1019      0    441      0      0      0   0.00   0.00      0   0.00    1.9  0.084    0.0  0.000      0      0      0      0      0
11/18/1990   1141      0   1039    102      0   2641      0   1007      0    332      0      0      0   0.00   0.00      0   0.00    1.9  0.084    0.0  0.000      0      0      0      0      0
11/19/1990   1299      0   1299      0      0   2576      0    970      0    198      0      0      0   0.00   0.00      0   0.00    1.9  0.084    0.0  0.000      0      0      0      0      0
11/20/1990   1547      0   1547      0      0   2542      0    869      0     85      0      0      0   0.00   0.00      0   0.00    1.9  0.084    0.0  0.000      0      0      0      0      0
11/21/1990   1787      0   1786      1      0   2534      0    698      0     24      0      0      0   0.00   0.00      0   0.00    1.9  0.084    0.0  0.000      0      0      0      0      0
11/22/1990   1982      0   1980      2      0   2533      0    526      0      0      0      0      0   0.00   0.00      0   0.00    1.9  0.084    0.0  0.000      0      0      0      0      0
11/23/1990   2163      0   2158      5      0   2520      0    356      0      0      0      0      0   0.00   0.00      0   0.00    1.9  0.084    0.0  0.000      0      0      0      0      0
11/24/1990   2355      0   2345     10      0   2483      0    198      0      0      0      0      0   0.00   0.00      0   0.00    1.8  0.084    0.0  0.000      0      0      0      0      0
11/25/1990   2567      0   2549     18      0   2382      0     85      0      1      0      0      0   0.00   0.00      0   0.00    1.8  0.084    0.0  0.000      0      0      0      0      0
11/26/1990   2782      0   2756     26      0   2226      0     24      0      2      0      0      0   0.00   0.00      0   0.00    1.8  0.084    0.0  0.000      0      0      0      0      0
11/27/1990   2957      0   2923     34      0   2073      0      0      0      4      0      0      0   0.00   0.00      0   0.00    1.8  0.084    0.0  0.000      0      0      0      0      0
11/28/1990   3122      0   3081     41      0   1907      0      1      0      7      0      0      0   0.00   0.00      0   0.00    1.8  0.084    0.0  0.000      0      0      0      0      0
11/29/1990   3300      0   3256     44      0   1726      0      2      0     12      0      0      0   0.00   0.00      0   0.00    1.8  0.084    0.0  0.000      0      0      0      0      0
11/30/1990   3477      0   3432     45      0   1545      0      4      0     16      0      0      0   0.00   0.00      0   0.00    1.7  0.084    0.0  0.000      0      0      0      0      0
12/01/1990   3655      0   3611     44      0   1363      0      8      0     17      0      0      0   0.00   0.00      0   0.00    1.7  0.084    0.0  0.000      0      0      0      0      0
12/02/1990   3846      0   3797     49      0   1168      0     14      0     16      0      0      0   0.00   0.00      0   0.00    1.7  0.084    0.0  0.000      0      0      0      0      0
12/03/1990   4027      0   3990     37      0    955      0     19      0     15      0      0      0   0.00   0.00      0   0.00    1.7  0.084    0.0  0.000      0      0      0      0      0
12/04/1990   4252      0   4177     75      0    724      0     23      0     15      0      0      0   0.00   0.00      0   0.00    1.6  0.084    0.0  0.000      0      0      0      0      0
12/05/1990   4445      0   4281    164      0    530      0     26      0     18      0      0      0   0.00   0.00      0   0.00    1.6  0.084    0.0  0.000      0      0      0      0      0
12/06/1990   4612      0   4307    305      0    364      0     27      0     35      0      0      0   0.00   0.00      0   0.00    1.6  0.084    0.0  0.000      0      0      0      0      0
12/07/1990   4759      0   4284    475      0    212      0     26      0     73      0      0      0   0.00   0.00      0   0.00    1.6  0.084    0.0  0.000      0      0      0      0      0
12/08/1990   4759      0   4167    592      0    105      0     28      0    127      0      0      0   0.00   0.00      0   0.00    1.6  0.084    0.0  0.000      0      0      0      0      0
12/09/1990   4774      0   3980    794      0     49      0     45      0    183      0      0      0   0.00   0.00      0   0.00    1.6  0.083    0.0  0.000      0      0      0      0      0
12/10/1990   4653      0   3744    909      0     30      0     83      0    268      0      0      0   0.00   0.00      0   0.00    1.6  0.083    0.0  0.000      0      0      0      0      0
12/11/1990   4472      0   3496    976      0     35      0    140      0    347      0      0      0   0.00   0.00      0   0.00    1.6  0.081    0.0  0.000      0      0      0      0      0
12/12/1990   4468      0   3256   1212      0     40      0    213      0    404      0      0      0   0.00   0.00      0   0.00    1.6  0.081    0.0  0.000      0      0      0      0      0
12/13/1990   4464      0   3059   1405      0     48      0    333      0    413      0      0      0   0.00   0.00      0   0.00    1.6  0.079    0.0  0.000      0      0      0      0      0
12/14/1990   4460      0   2876   1584      0     70      0    452      0    340      0      0      0   0.00   0.00      0   0.00    1.6  0.079    0.0  0.000      0      0      0      0      0
12/15/1990   4456      0   2681   1775      0    113      0    544      0    300      0      0      0   0.00   0.00      0   0.00    1.6  0.079    0.0  0.000      0      0      0      0      0
12/16/1990   4453      0   2468   1985      0    174      0    619      0    255      0      0      0   0.00   0.00      0   0.00    1.6  0.079    0.0  0.000      0      0      0      0      0
12/17/1990   4450      0   2252   2198      0    251      0    609      0    300      0      0      0   0.00   0.00      0   0.00    1.6  0.079    0.0  0.000      0      0      0      0      0
12/18/1990   4448      0   2077   2371      0    377      0    576      0    341      0      0      0   0.00   0.00      0   0.00    1.5  0.079    0.0  0.000      0      0      0      0      0
12/19/1990   4447      0   1915   2532      0    514      0    527      0    373      0      0      0   0.00   0.00      0   0.00    1.5  0.079    0.0  0.000      0      0      0      0      0
12/20/1990   4448      0   1740   2708      0    643      0    505      0    303      0      0      0   0.00   0.00      0   0.00    1.5  0.079    0.0  0.000      0      0      0      0      0
12/21/1990   4449      0   1565   2884      0    774      0    504      0    167      0      0      0   0.00   0.00      0   0.00    1.5  0.079    0.0  0.000      0      0      0      0      0
12/22/1990   4449      0   1388   3061      0    837      0    560      0     43      0      0      0   0.00   0.00      0   0.00    1.5  0.079    0.0  0.000      0      0      0      0      0
12/23/1990   4449      0   1198   3251      0    927      0    508      0      0      0      0      0   0.00   0.00      0   0.00    1.5  0.079    0.0  0.000      0      0      0      0      0
12/24/1990   4449      0    989   3460      0   1014      0    416      0      0      0      0      0   0.00   0.00      0   0.00    1.5  0.079    0.0  0.000      0      0      0      0      0
12/25/1990   4449      0    762   3687      0   1122      0    303      0     28      0      0      0   0.00   0.00      0   0.00    1.5  0.079    0.0  0.000      0      0      0      0      0
12/26/1990   4452      0    574   3878      0   1250      0    167      0    100      0      0      0   0.00   0.00      0   0.00    1.5  0.079    0.0  0.000      0      0      0      0      0
12/27/1990   4468      0    426   4042      0   1352      0     43      0    202      0      0      0   0.00   0.00      0   0.00    1.5  0.079    0.0  0.000      0      0      0      0      0
12/28/1990   4505      0    311   4194      0   1352      0     28      0    294      0      0      0   0.00   0.00      0   0.00    1.5  0.079    0.0  0.000      0      0      0      0      0
12/29/1990   4561      0    260   4301      0   1290      0    100      0    274      0      0      0   0.00   0.00      0   0.00    1.5  0.079    0.0  0.000      0      0      0      0      0
12/30/1990   4633      0    277   4356      0   1212      0    202      0    262      0      0      0   0.00   0.00      0   0.00    1.5  0.079    0.0  0.000      0      0      0      0      0
12/31/1990   4755      0    381   4374      0   1084      0    322      0    237      0      0      0   0.00   0.00      0   0.00    1.5  0.079    0.0  0.000      0      0      0      0      0
