Varroa Population Simulation - Nov 24,2015  04:11:56 PM
VarroaPop Version 3.2.5.8  June, 2015

                                        Capped  Capped                                                                      Prop           Conc          Conc                                     
            Colony  Adult  Adult         Drone   Wkr    Drone  Wkr    Drone  Wkr  Free   DBrood WBrood DMite  WMite  Mites  Mites  Colony Pollen Colony Nectar   Dead   Dead   Dead   Dead   Dead
     Date   Size   Drones   Wkr   Forgrs Brood  Brood   Larv   Larv    Eggs  Eggs Mites  Mites  Mites  /Cell  /Cell  Dying  Dying  Pollen  Pest  Nectar  Pest    DLarv  WLarv  DAdlt  WAdlt  Forgrs
Initial     10000      0   7224   2776      0      0      0      0      0      0      0      0      0   0.00   0.00      0   0.00    0.0  0.000    0.0  0.000      0      0      0      0      0
05/01/1990   9656      0   6880   2776      0      0      0      0      2    175      0      0      0   0.00   0.00      0   0.00    0.1  0.000    0.0  0.000      0      0      0      0      0
05/02/1990   9312      0   6536   2776      0      0      0      0      5    363      0      0      0   0.00   0.00      0   0.00    0.2  0.000    0.0  0.000      0      0      0      0      0
05/03/1990   8968      0   6192   2776      0      0      0      0      8    568      0      0      0   0.00   0.00      0   0.00    0.2  0.000    0.0  0.000      0      0      0      0      0
05/04/1990   8624      0   5848   2776      0      0      2    175      9    607      0      0      0   0.00   0.00      0   0.00    0.3  0.000    0.0  0.000      0      0      0      0      0
05/05/1990   8280      0   5504   2776      0      0      5    363     10    636      0      0      0   0.00   0.00      0   0.00    0.4  0.000    0.0  0.000      0      0      0      0      0
05/06/1990   7936      0   5160   2776      0      0      8    568     11    644      0      0      0   0.00   0.00      0   0.00    0.5  0.000    0.0  0.000      0      0      0      0      0
05/07/1990   7592      0   4816   2776      0      0     11    782     11    628      0      0      0   0.00   0.00      0   0.00    0.6  0.000    0.0  0.000      0      0      0      0      0
05/08/1990   7224      0   4472   2752      0      0     15    999     10    606      0      0      0   0.00   0.00      0   0.00    0.7  0.000    0.0  0.000      0      0      0      0      0
05/09/1990   6880      0   4128   2752      0    175     19   1037      9    572      0      0      0   0.00   0.00      0   0.00    0.8  0.000    0.0  0.000      0      0      0      0      0
05/10/1990   6536      0   3784   2752      0    363     22   1047      8    528      0      0      0   0.00   0.00      0   0.00    0.9  0.000    0.0  0.000      0      0      0      0      0
05/11/1990   6192      0   3440   2752      2    568     23   1037      8    503      0      0      0   0.00   0.00      0   0.00    0.9  0.000    0.0  0.000      0      0      0      0      0
05/12/1990   5848      0   3096   2752      5    782     23   1002      8    500      0      0      0   0.00   0.00      0   0.00    1.0  0.000    0.0  0.000      0      0      0      0      0
05/13/1990   5504      0   2752   2752      8    999     22    939      9    526      0      0      0   0.00   0.00      0   0.00    1.1  0.000    0.0  0.000      0      0      0      0      0
05/14/1990   5160      0   2408   2752     11   1212     22    896      9    535      0      0      0   0.00   0.00      0   0.00    1.3  0.000    0.0  0.000      0      0      0      0      0
05/15/1990   4816      0   2064   2752     15   1410     21    874      9    530      0      0      0   0.00   0.00      0   0.00    1.4  0.000    0.0  0.000      0      0      0      0      0
05/16/1990   4472      0   1720   2752     19   1605     20    859     10    542      0      0      0   0.00   0.00      0   0.00    1.5  0.000    0.0  0.000      0      0      0      0      0
05/17/1990   4128      0   1376   2752     22   1784     20    859     10    543      0      0      0   0.00   0.00      0   0.00    1.6  0.000    0.0  0.000      0      0      0      0      0
05/18/1990   3784      0   1032   2752     25   1938     20    876     10    532      0      0      0   0.00   0.00      0   0.00    1.7  0.000    0.0  0.000      0      0      0      0      0
05/19/1990   3440      0    688   2752     28   2108     21    898      9    496      0      0      0   0.00   0.00      0   0.00    1.8  0.000    0.0  0.000      0      0      0      0      0
05/20/1990   3096      0    344   2752     30   2284     22    902      9    493      0      0      0   0.00   0.00      0   0.00    1.9  0.000    0.0  0.000      0      0      0      0      0
05/21/1990   2752      0      0   2752     33   2464     22    882     10    518      0      0      0   0.00   0.00      0   0.00    2.1  0.000    0.0  0.000      0      0      0      0      0
05/22/1990   2583      0    175   2408     36   2468     22    859     11    551      0      0      0   0.00   0.00      0   0.00    2.2  0.000    0.0  0.000      0      0      0      0      0
05/23/1990   2771      0    363   2408     39   2451     22    865     10    520      0      0      0   0.00   0.00      0   0.00    2.2  0.000    0.0  0.000      0      0      0      0      0
05/24/1990   2632      0    568   2064     42   2438     23    858      8    479      0      0      0   0.00   0.00      0   0.00    2.3  0.000    0.0  0.000      0      0      0      0      0
05/25/1990   2504      2    782   1720     43   2404     24    867      6    438      0      0      0   0.00   0.00      0   0.00    2.3  0.000    0.0  0.000      0      0      0      0      0
05/26/1990   2380      5    999   1376     44   2347     22    853      6    428      0      0      0   0.00   0.00      0   0.00    2.4  0.000    0.0  0.000      0      0      0      0      0
05/27/1990   2596      8   1212   1376     44   2290     21    841      5    386      0      0      0   0.00   0.00      0   0.00    2.4  0.000    0.0  0.000      0      0      0      0      0
05/28/1990   2797     11   1410   1376     44   2269     20    812      4    340      0      0      0   0.00   0.00      0   0.00    2.4  0.000    0.0  0.000      0      0      0      0      0
05/29/1990   2652     15   1605   1032     43   2259     19    763      3    313      0      0      0   0.00   0.00      0   0.00    2.4  0.000    0.0  0.000      0      0      0      0      0
05/30/1990   2491     19   1784    688     42   2269     17    676      3    301      0      0      0   0.00   0.00      0   0.00    2.4  0.000    0.0  0.000      0      0      0      0      0
05/31/1990   2304     22   1938    344     43   2261     14    632      2    263      0      0      0   0.00   0.00      0   0.00    2.4  0.000    0.0  0.000      0      0      0      0      0
06/01/1990   2133     25   2108      0     44   2235     11    597      1    191      0      0      0   0.00   0.00      0   0.00    2.4  0.000    0.0  0.000      0      0      0      0      0
06/02/1990   2312     28   2284      0     43   2207     10    539      0    101      0      0      0   0.00   0.00      0   0.00    2.4  0.000    0.0  0.000      0      0      0      0      0
06/03/1990   2494     30   2464      0     43   2163      8    467      0     37      0      0      0   0.00   0.00      0   0.00    2.4  0.000    0.0  0.000      0      0      0      0      0
06/04/1990   2676     33   2643      0     42   2086      6    402      0      0      0      0      0   0.00   0.00      0   0.00    2.4  0.000    0.0  0.000      0      0      0      0      0
06/05/1990   2850     36   2814      0     41   2017      4    300      0      0      0      0      0   0.00   0.00      0   0.00    2.4  0.000    0.0  0.000      0      0      0      0      0
06/06/1990   3045     39   3006      0     39   1934      3    191      0      0      0      0      0   0.00   0.00      0   0.00    2.3  0.000    0.0  0.000      0      0      0      0      0
06/07/1990   3228     42   3186      0     37   1844      2    101      0      0      0      0      0   0.00   0.00      0   0.00    2.3  0.000    0.0  0.000      0      0      0      0      0
06/08/1990   3391     45   3346      0     35   1748      1     37      0      0      0      0      0   0.00   0.00      0   0.00    2.3  0.000    0.0  0.000      0      0      0      0      0
06/09/1990   3551     49   3502      0     32   1629      0      0      0      0      0      0      0   0.00   0.00      0   0.00    2.3  0.000    0.0  0.000      0      0      0      0      0
06/10/1990   3731     52   3679      0     29   1452      0      0      0      0      0      0      0   0.00   0.00      0   0.00    2.2  0.000    0.0  0.000      0      0      0      0      0
06/11/1990   3919     55   3864      0     26   1267      0      0      0      0      0      0      0   0.00   0.00      0   0.00    2.2  0.000    0.0  0.000      0      0      0      0      0
06/12/1990   4111     58   3878    175     23   1078      0      0      0      0      0      0      0   0.00   0.00      0   0.00    2.2  0.000    0.0  0.000      0      0      0      0      0
06/13/1990   4260     61   3836    363     20    932      0      0      0     22      0      0      0   0.00   0.00      0   0.00    2.2  0.000    0.0  0.000      0      0      0      0      0
06/14/1990   4408     65   3775    568     16    788      0      0      0     62      0      0      0   0.00   0.00      0   0.00    2.2  0.000    0.0  0.000      0      0      0      0      0
06/15/1990   4558     67   3709    782     12    640      0      0      0    124      0      0      0   0.00   0.00      0   0.00    2.2  0.000    0.0  0.000      0      0      0      0      0
06/16/1990   4693     66   3628    999     10    504      0     22      1    187      0      0      0   0.00   0.00      0   0.00    2.2  0.000    0.0  0.000      0      0      0      0      0
06/17/1990   4794     65   3517   1212      8    402      0     62      2    254      0      0      0   0.00   0.00      0   0.00    2.2  0.000    0.0  0.000      0      0      0      0      0
06/18/1990   4895     64   3421   1410      6    300      0    124      4    309      0      0      0   0.00   0.00      0   0.00    2.3  0.000    0.0  0.000      0      0      0      0      0
06/19/1990   5002     62   3335   1605      4    191      1    209      5    364      0      0      0   0.00   0.00      0   0.00    2.3  0.000    0.0  0.000      0      0      0      0      0
06/20/1990   4914     59   3246   1609      3    101      2    316      7    421      0      0      0   0.00   0.00      0   0.00    2.4  0.000    0.0  0.000      0      0      0      0      0
06/21/1990   4788     57   3156   1575      2     59      4    411      8    469      0      0      0   0.00   0.00      0   0.00    2.4  0.000    0.0  0.000      0      0      0      0      0
06/22/1990   4618     55   3023   1540      1     62      6    511      9    481      0      0      0   0.00   0.00      0   0.00    2.5  0.000    0.0  0.000      0      0      0      0      0
06/23/1990   4402     53   2847   1502      0    124      9    613      9    466      0      0      0   0.00   0.00      0   0.00    2.5  0.000    0.0  0.000      0      0      0      0      0
06/24/1990   4183     51   2667   1465      0    209     12    693      9    450      0      0      0   0.00   0.00      0   0.00    2.6  0.000    0.0  0.000      0      0      0      0      0
06/25/1990   3967     48   2488   1431      0    316     15    738      9    445      0      0      0   0.00   0.00      0   0.00    2.6  0.000    0.0  0.000      0      0      0      0      0
06/26/1990   3766     45   2317   1404      1    433     17    770      9    442      0      0      0   0.00   0.00      0   0.00    2.7  0.000    0.0  0.000      0      0      0      0      0
06/27/1990   3568     42   2125   1401      2    573     19    779      8    435      0      0      0   0.00   0.00      0   0.00    2.7  0.000    0.0  0.000      0      0      0      0      0
06/28/1990   3386     39   1945   1402      4    737     20    762      7    428      0      0      0   0.00   0.00      0   0.00    2.8  0.000    0.0  0.000      0      0      0      0      0
06/29/1990   3229     36   1785   1408      6    902     21    743      7    429      0      0      0   0.00   0.00      0   0.00    2.8  0.000    0.0  0.000      0      0      0      0      0
06/30/1990   3055     32   1629   1394      9   1054     20    733      8    434      0      0      0   0.00   0.00      0   0.00    2.9  0.000    0.0  0.000      0      0      0      0      0
07/01/1990   2876     29   1452   1395     12   1203     19    724      9    441      0      0      0   0.00   0.00      0   0.00    2.9  0.000    0.0  0.000      0      0      0      0      0
07/02/1990   2693     26   1267   1400     15   1352     19    722      9    435      0      0      0   0.00   0.00      0   0.00    3.0  0.000    0.0  0.000      0      0      0      0      0
07/03/1990   2511     23   1078   1410     18   1499     19    722      9    428      0      0      0   0.00   0.00      0   0.00    3.0  0.000    0.0  0.000      0      0      0      0      0
07/04/1990   2359     20    954   1385     21   1623     19    723      9    416      0      0      0   0.00   0.00      0   0.00    3.1  0.000    0.0  0.000      0      0      0      0      0
07/05/1990   2203     16    850   1337     24   1725     19    722      9    411      0      0      0   0.00   0.00      0   0.00    3.1  0.000    0.0  0.000      0      0      0      0      0
07/06/1990   2081     12    764   1305     27   1803     19    722      9    403      0      0      0   0.00   0.00      0   0.00    3.2  0.000    0.0  0.000      0      0      0      0      0
07/07/1990   2004     10    713   1281     29   1865     20    710      9    403      0      0      0   0.00   0.00      0   0.00    3.2  0.000    0.0  0.000      0      0      0      0      0
07/08/1990   1953      8    718   1227     31   1905     21    699      9    401      0      0      0   0.00   0.00      0   0.00    3.3  0.000    0.0  0.000      0      0      0      0      0
07/09/1990   1891      6    733   1152     34   1935     21    684      9    400      0      0      0   0.00   0.00      0   0.00    3.3  0.000    0.0  0.000      0      0      0      0      0
07/10/1990   1845      5    764   1076     36   1936     21    678      9    395      0      0      0   0.00   0.00      0   0.00    3.4  0.000    0.0  0.000      0      0      0      0      0
07/11/1990   1820      5    838    977     38   1912     21    672      8    388      0      0      0   0.00   0.00      0   0.00    3.4  0.000    0.0  0.000      0      0      0      0      0
07/12/1990   1840      6    939    895     39   1882     21    668      7    376      0      0      0   0.00   0.00      0   0.00    3.4  0.000    0.0  0.000      0      0      0      0      0
07/13/1990   1849      7   1054    788     40   1866     21    662      6    357      0      0      0   0.00   0.00      0   0.00    3.5  0.000    0.0  0.000      0      0      0      0      0
07/14/1990   1852      9   1203    640     40   1849     20    657      6    331      0      0      0   0.00   0.00      0   0.00    3.5  0.000    0.0  0.000      0      0      0      0      0
07/15/1990   1868     12   1352    504     40   1835     19    641      5    297      0      0      0   0.00   0.00      0   0.00    3.5  0.000    0.0  0.000      0      0      0      0      0
07/16/1990   1916     15   1499    402     40   1822     18    618      4    254      0      0      0   0.00   0.00      0   0.00    3.5  0.000    0.0  0.000      0      0      0      0      0
07/17/1990   1963     18   1645    300     40   1807     17    588      2    209      0      0      0   0.00   0.00      0   0.00    3.5  0.000    0.0  0.000      0      0      0      0      0
07/18/1990   1999     21   1787    191     40   1795     15    543      1    169      0      0      0   0.00   0.00      0   0.00    3.5  0.000    0.0  0.000      0      0      0      0      0
07/19/1990   2052     24   1927    101     40   1782     13    484      0    131      0      0      0   0.00   0.00      0   0.00    3.5  0.000    0.0  0.000      0      0      0      0      0
07/20/1990   2138     27   2074     37     40   1754     10    421      0     92      0      0      0   0.00   0.00      0   0.00    3.5  0.000    0.0  0.000      0      0      0      0      0
07/21/1990   2250     29   2221      0     40   1718      8    355      0     52      0      0      0   0.00   0.00      0   0.00    3.5  0.000    0.0  0.000      0      0      0      0      0
07/22/1990   2399     31   2368      0     40   1672      6    284      0     22      0      0      0   0.00   0.00      0   0.00    3.5  0.000    0.0  0.000      0      0      0      0      0
07/23/1990   2543     34   2509      0     39   1616      4    216      0      5      0      0      0   0.00   0.00      0   0.00    3.5  0.000    0.0  0.000      0      0      0      0      0
07/24/1990   2686     37   2649      0     38   1544      2    153      0      0      0      0      0   0.00   0.00      0   0.00    3.4  0.000    0.0  0.000      0      0      0      0      0
07/25/1990   2824     40   2762     22     36   1465      1     97      0      0      0      0      0   0.00   0.00      0   0.00    3.4  0.000    0.0  0.000      0      0      0      0      0
07/26/1990   2963     43   2858     62     34   1374      0     52      0      3      0      0      0   0.00   0.00      0   0.00    3.4  0.000    0.0  0.000      0      0      0      0      0
07/27/1990   3098     46   2928    124     31   1272      0     22      0     13      0      0      0   0.00   0.00      0   0.00    3.4  0.000    0.0  0.000      0      0      0      0      0
07/28/1990   3236     49   2978    209     28   1154      0      5      0     32      0      0      0   0.00   0.00      0   0.00    3.4  0.000    0.0  0.000      0      0      0      0      0
07/29/1990   3373     52   3005    316     25   1025      0      3      0     60      0      0      0   0.00   0.00      0   0.00    3.4  0.000    0.0  0.000      0      0      0      0      0
07/30/1990   3507     55   3019    433     22    894      0     13      0     96      0      0      0   0.00   0.00      0   0.00    3.4  0.000    0.0  0.000      0      0      0      0      0
07/31/1990   3639     57   3009    573     19    764      0     32      1    137      0      0      0   0.00   0.00      0   0.00    3.4  0.000    0.0  0.000      0      0      0      0      0
08/01/1990   3768     59   2972    737     16    637      0     63      2    182      0      0      0   0.00   0.00      0   0.00    3.4  0.000    0.0  0.000      0      0      0      0      0
08/02/1990   3866     60   2926    880     13    518      0    109      4    228      0      0      0   0.00   0.00      0   0.00    3.4  0.000    0.0  0.000      0      0      0      0      0
08/03/1990   3938     61   2885    992     10    410      1    166      5    273      0      0      0   0.00   0.00      0   0.00    3.4  0.000    0.0  0.000      0      0      0      0      0
08/04/1990   3976     60   2837   1079      8    319      2    232      6    313      0      0      0   0.00   0.00      0   0.00    3.5  0.000    0.0  0.000      0      0      0      0      0
08/05/1990   3975     59   2773   1143      6    253      4    305      7    346      0      0      0   0.00   0.00      0   0.00    3.5  0.000    0.0  0.000      0      0      0      0      0
08/06/1990   3935     58   2694   1183      4    216      6    379      8    372      0      0      0   0.00   0.00      0   0.00    3.5  0.000    0.0  0.000      0      0      0      0      0
08/07/1990   3873     57   2604   1212      2    206      8    449      9    391      0      0      0   0.00   0.00      0   0.00    3.6  0.000    0.0  0.000      0      0      0      0      0
08/08/1990   3776     55   2507   1214      1    221     11    514      9    403      0      0      0   0.00   0.00      0   0.00    3.6  0.000    0.0  0.000      0      0      0      0      0
08/09/1990   3640     53   2397   1190      0    267     14    569      9    409      0      0      0   0.00   0.00      0   0.00    3.6  0.000    0.0  0.000      0      0      0      0      0
08/10/1990   3489     50   2267   1172      1    342     16    612      9    410      0      0      0   0.00   0.00      0   0.00    3.7  0.000    0.0  0.000      0      0      0      0      0
08/11/1990   3340     48   2125   1167      2    442     18    644      9    407      0      0      0   0.00   0.00      0   0.00    3.7  0.000    0.0  0.000      0      0      0      0      0
08/12/1990   3189     46   1978   1165      4    558     19    665      9    403      0      0      0   0.00   0.00      0   0.00    3.7  0.000    0.0  0.000      0      0      0      0      0
08/13/1990   3037     43   1837   1157      6    683     20    676      9    397      0      0      0   0.00   0.00      0   0.00    3.8  0.000    0.0  0.000      0      0      0      0      0
08/14/1990   2887     40   1697   1150      8    814     21    679      9    385      0      0      0   0.00   0.00      0   0.00    3.8  0.000    0.0  0.000      0      0      0      0      0
08/15/1990   2738     37   1562   1139     11    949     21    677      9    365      0      0      0   0.00   0.00      0   0.00    3.9  0.000    0.0  0.000      0      0      0      0      0
08/16/1990   2596     34   1429   1133     14   1083     21    670      9    349      0      0      0   0.00   0.00      0   0.00    3.9  0.000    0.0  0.000      0      0      0      0      0
08/17/1990   2463     31   1307   1125     17   1210     21    655      9    343      0      0      0   0.00   0.00      0   0.00    3.9  0.000    0.0  0.000      0      0      0      0      0
08/18/1990   2332     28   1191   1113     20   1327     21    632      8    337      0      0      0   0.00   0.00      0   0.00    4.0  0.000    0.0  0.000      0      0      0      0      0
08/19/1990    532      0    532      0     23   1430     17    593      7    330      0      0      0   0.00   0.00      0   0.00    4.0  0.047    0.0  0.000      2     19     13    539   1094
08/20/1990    513      0    513      0     25   1502     17    591      4    214      0      0      0   0.00   0.00      0   0.00    4.0  0.047    0.0  0.000      1      0      0     20     45
08/21/1990    503      0    503      0     27   1568     17    572      2    107      0      0      0   0.00   0.00      0   0.00    4.0  0.047    0.0  0.000      0      0      0     25     45
08/22/1990    535      0    534      1     29   1614     17    557      0      0      0      0      0   0.00   0.00      0   0.00    4.0  0.047    0.0  0.000      0      0      0      0     44
08/23/1990    583      0    581      2     31   1635     15    444      0      0      0      0      0   0.00   0.00      0   0.00    4.0  0.047    0.0  0.000      0      0      0      0     44
08/24/1990    645      0    641      4     32   1644     13    330      0      0      0      0      0   0.00   0.00      0   0.00    4.0  0.047    0.0  0.000      0      0      1      0     43
08/25/1990    720      0    712      8     34   1644     10    214      0      0      0      0      0   0.00   0.00      0   0.00    4.0  0.047    0.0  0.000      0      0      1      0     41
08/26/1990    807      1    792     14     35   1626      7    107      0      0      0      0      0   0.00   0.00      0   0.00    4.0  0.047    0.0  0.000      0      0      1      0     39
08/27/1990    940      3    878     59     36   1602      4      0      0      1      0      0      0   0.00   0.00      0   0.00    4.0  0.047    0.0  0.000      0      0      0      0      0
08/28/1990   1077      5    968    104     36   1467      2      0      0      9      0      0      0   0.00   0.00      0   0.00    4.0  0.047    0.0  0.000      0      0      0      0      0
08/29/1990   1217      8   1060    149     35   1330      0      0      0     25      0      0      0   0.00   0.00      0   0.00    4.0  0.047    0.0  0.000      0      0      0      0      0
08/30/1990   1356     11   1152    193     32   1193      0      1      0     45      0      0      0   0.00   0.00      0   0.00    4.0  0.047    0.0  0.000      0      0      0      0      0
08/31/1990   1494     14   1287    193     29   1057      0      9      0     63      0      0      0   0.00   0.00      0   0.00    4.0  0.047    0.0  0.000      0      0      0      0      0
09/01/1990   1629     17   1420    192     26    923      0     25      0     74      0      0      0   0.00   0.00      0   0.00    4.0  0.047    0.0  0.000      0      0      0      0      0
09/02/1990   1750     20   1537    193     23    805      0     46      0     80      0      0      0   0.00   0.00      0   0.00    4.0  0.047    0.0  0.000      0      0      0      0      0
09/03/1990   1874     22   1662    190     21    679      0     72      0     81      0      0      0   0.00   0.00      0   0.00    4.0  0.047    0.0  0.000      0      0      0      0      0
09/04/1990   1992     24   1783    185     19    558      0     98      0     80      0      0      0   0.00   0.00      0   0.00    4.0  0.047    0.0  0.000      0      0      0      0      0
09/05/1990   2062     26   1895    141     17    453      0    117      0     79      0      0      0   0.00   0.00      0   0.00    4.0  0.047    0.0  0.000      0      0      0      0      0
09/06/1990   2133     28   2008     97     15    355      0    128      0     73      0      0      0   0.00   0.00      0   0.00    4.0  0.047    0.0  0.000      0      0      0      0      0
09/07/1990   2206     30   2117     59     13    260      0    133      0     61      0      0      0   0.00   0.00      0   0.00    4.0  0.047    0.0  0.000      0      0      0      0      0
09/08/1990   2271     33   2217     21     10    179      0    133      0     43      0      0      0   0.00   0.00      0   0.00    4.0  0.047    0.0  0.000      0      0      0      0      0
09/09/1990   2380     36   2308     36      7     99      0    127      0     24      0      0      0   0.00   0.00      0   0.00    3.9  0.047    0.0  0.000      0      0      0      0      0
09/10/1990   2381     39   2282     60      4    126      0    114      0     15      0      0      0   0.00   0.00      0   0.00    3.9  0.047    0.0  0.000      0      0      0      0      0
09/11/1990   2382     41   2247     94      2    153      0     95      0     16      0      0      0   0.00   0.00      0   0.00    3.9  0.047    0.0  0.000      0      0      0      0      0
09/12/1990   2383     43   2171    169      0    179      0     71      0     28      0      0      0   0.00   0.00      0   0.00    3.9  0.047    0.0  0.000      0      0      0      0      0
09/13/1990   2382     43   2079    260      0    205      0     50      0     47      0      0      0   0.00   0.00      0   0.00    3.9  0.047    0.0  0.000      0      0      0      0      0
09/14/1990   2381     43   1974    364      0    226      0     38      0     71      0      0      0   0.00   0.00      0   0.00    3.9  0.047    0.0  0.000      0      0      0      0      0
09/15/1990   2374     43   1858    473      0    240      0     38      0    102      0      0      0   0.00   0.00      0   0.00    3.9  0.047    0.0  0.000      0      0      0      0      0
09/16/1990   2366     42   1733    591      0    248      0     54      1    133      0      0      0   0.00   0.00      0   0.00    3.9  0.046    0.0  0.000      0      0      0      0      0
09/17/1990   2349     40   1603    706      0    249      0     85      2    168      0      0      0   0.00   0.00      0   0.00    3.9  0.046    0.0  0.000      0      0      0      0      0
09/18/1990   2329     38   1476    815      0    246      0    125      3    200      0      0      0   0.00   0.00      0   0.00    4.0  0.046    0.0  0.000      0      0      0      0      0
09/19/1990   2307     35   1355    917      0    239      1    171      4    229      0      0      0   0.00   0.00      0   0.00    4.0  0.046    0.0  0.000      0      0      0      0      0
09/20/1990   2249     32   1239    978      0    232      2    225      5    258      0      0      0   0.00   0.00      0   0.00    4.0  0.045    0.0  0.000      0      0      0      0      0
09/21/1990   2180     29   1129   1022      0    230      3    278      7    283      0      0      0   0.00   0.00      0   0.00    4.1  0.045    0.0  0.000      0      0      0      0      0
09/22/1990   2099     26   1022   1051      0    236      5    329      7    299      0      0      0   0.00   0.00      0   0.00    4.1  0.044    0.0  0.000      0      0      0      0      0
09/23/1990   2007     23    931   1053      0    254      7    381      7    298      0      0      0   0.00   0.00      0   0.00    4.2  0.044    0.0  0.000      0      0      0      0      0
09/24/1990   1907     21    832   1054      0    282     10    428      7    297      0      0      0   0.00   0.00      0   0.00    4.2  0.043    0.0  0.000      0      0      0      0      0
09/25/1990   1800     19    736   1045      0    324     12    460      8    297      0      0      0   0.00   0.00      0   0.00    4.2  0.043    0.0  0.000      0      0      0      0      0
09/26/1990   1689     17    649   1023      1    375     13    479      8    301      0      0      0   0.00   0.00      0   0.00    4.3  0.043    0.0  0.000      0      0      0      0      0
09/27/1990   1571     15    556   1000      2    438     15    496      7    298      0      0      0   0.00   0.00      0   0.00    4.3  0.042    0.0  0.000      0      0      0      0      0
09/28/1990   1446     13    454    979      3    521     17    499      7    296      0      0      0   0.00   0.00      0   0.00    4.4  0.042    0.0  0.000      0      0      0      0      0
09/29/1990   1315     10    355    950      5    615     17    497      8    298      0      0      0   0.00   0.00      0   0.00    4.4  0.041    0.0  0.000      0      0      0      0      0
09/30/1990   1180      7    250    923      7    713     17    495      9    302      0      0      0   0.00   0.00      0   0.00    4.4  0.041    0.0  0.000      0      0      0      0      0
10/01/1990   1064      4    255    805     10    804     17    497      9    305      0      0      0   0.00   0.00      0   0.00    4.5  0.041    0.0  0.000      0      0      0      0      0
10/02/1990    945      2    264    679     12    896     18    498      8    288      0      0      0   0.00   0.00      0   0.00    4.5  0.040    0.0  0.000      0      0      0      0      0
10/03/1990    835      0    278    557     14    982     19    500      7    260      0      0      0   0.00   0.00      0   0.00    4.5  0.040    0.0  0.000      0      0      0      0      0
10/04/1990    746      0    302    444     17   1058     19    501      5    229      0      0      0   0.00   0.00      0   0.00    4.5  0.040    0.0  0.000      0      0      0      0      0
10/05/1990    665      0    335    330     20   1123     18    488      4    196      0      0      0   0.00   0.00      0   0.00    4.6  0.040    0.0  0.000      0      0      0      0      0
10/06/1990    594      0    380    214     22   1176     18    464      2    160      0      0      0   0.00   0.00      0   0.00    4.6  0.040    0.0  0.000      0      0      0      0      0
10/07/1990    542      0    435    107     24   1223     17    432      1    113      0      0      0   0.00   0.00      0   0.00    4.6  0.040    0.0  0.000      0      0      0      0      0
10/08/1990    503      0    502      1     27   1257     15    382      0     73      0      0      0   0.00   0.00      0   0.00    4.6  0.040    0.0  0.000      0      0      0      0      0
10/09/1990    580      0    571      9     30   1281     12    319      0     35      0      0      0   0.00   0.00      0   0.00    4.6  0.040    0.0  0.000      0      0      0      0      0
10/10/1990    665      1    639     25     32   1282      9    257      0     12      0      0      0   0.00   0.00      0   0.00    4.5  0.040    0.0  0.000      0      0      0      0      0
10/11/1990    763      2    715     46     34   1259      6    195      0      2      0      0      0   0.00   0.00      0   0.00    4.5  0.040    0.0  0.000      0      0      0      0      0
10/12/1990    866      3    791     72     35   1227      4    125      0      7      0      0      0   0.00   0.00      0   0.00    4.5  0.040    0.0  0.000      0      0      0      0      0
10/13/1990    968      5    864     99     35   1179      2     73      0     15      0      0      0   0.00   0.00      0   0.00    4.5  0.040    0.0  0.000      0      0      0      0      0
10/14/1990   1066      7    933    126     34   1121      1     37      0     25      0      0      0   0.00   0.00      0   0.00    4.5  0.040    0.0  0.000      0      0      0      0      0
10/15/1990   1170     10   1007    153     32   1043      0     19      0     36      0      0      0   0.00   0.00      0   0.00    4.5  0.040    0.0  0.000      0      0      0      0      0
10/16/1990   1271     12   1081    178     30    955      0     15      0     46      0      0      0   0.00   0.00      0   0.00    4.5  0.040    0.0  0.000      0      0      0      0      0
10/17/1990   1365     14   1155    196     28    855      0     27      0     55      0      0      0   0.00   0.00      0   0.00    4.6  0.040    0.0  0.000      0      0      0      0      0
10/18/1990   1450     17   1232    201     25    757      0     43      0     62      0      0      0   0.00   0.00      0   0.00    4.6  0.040    0.0  0.000      0      0      0      0      0
10/19/1990   1530     20   1316    194     22    661      0     59      0     66      0      0      0   0.00   0.00      0   0.00    4.6  0.040    0.0  0.000      0      0      0      0      0
10/20/1990   1608     22   1410    176     20    564      0     75      0     64      0      0      0   0.00   0.00      0   0.00    4.6  0.040    0.0  0.000      0      0      0      0      0
10/21/1990   1685     24   1510    151     18    470      0     90      0     60      0      0      0   0.00   0.00      0   0.00    4.5  0.040    0.0  0.000      0      0      0      0      0
10/22/1990   1762     27   1606    129     15    381      0    100      0     55      0      0      0   0.00   0.00      0   0.00    4.5  0.040    0.0  0.000      0      0      0      0      0
10/23/1990   1823     30   1682    111     12    312      0    103      0     51      0      0      0   0.00   0.00      0   0.00    4.5  0.040    0.0  0.000      0      0      0      0      0
10/24/1990   1874     33   1742     99      9    256      0    104      0     45      0      0      0   0.00   0.00      0   0.00    4.5  0.040    0.0  0.000      0      0      0      0      0
10/25/1990   1921     36   1788     97      6    207      0    100      0     40      0      0      0   0.00   0.00      0   0.00    4.5  0.040    0.0  0.000      0      0      0      0      0
10/26/1990   1954     38   1807    109      4    178      0     92      0     36      0      0      0   0.00   0.00      0   0.00    4.5  0.040    0.0  0.000      0      0      0      0      0
10/27/1990   1980     40   1800    140      2    162      0     83      0     35      0      0      0   0.00   0.00      0   0.00    4.5  0.040    0.0  0.000      0      0      0      0      0
10/28/1990   1996     41   1768    187      1    158      0     76      0     39      0      0      0   0.00   0.00      0   0.00    4.5  0.040    0.0  0.000      0      0      0      0      0
10/29/1990   2007     42   1712    253      0    165      0     68      0     48      0      0      0   0.00   0.00      0   0.00    4.5  0.040    0.0  0.000      0      0      0      0      0
10/30/1990   2002     42   1635    325      0    182      0     63      0     60      0      0      0   0.00   0.00      0   0.00    4.5  0.040    0.0  0.000      0      0      0      0      0
10/31/1990   1992     41   1551    400      0    197      0     64      0     73      0      0      0   0.00   0.00      0   0.00    4.5  0.040    0.0  0.000      0      0      0      0      0
11/01/1990   1971     40   1456    475      0    208      0     71      0     81      0      0      0   0.00   0.00      0   0.00    4.5  0.040    0.0  0.000      0      0      0      0      0
11/02/1990   1944     39   1359    546      0    215      0     83      0     87      0      0      0   0.00   0.00      0   0.00    4.5  0.040    0.0  0.000      0      0      0      0      0
11/03/1990   1911     37   1267    607      0    218      0    101      0     95      0      0      0   0.00   0.00      0   0.00    4.6  0.039    0.0  0.000      0      0      0      0      0
11/04/1990   1871     35   1183    653      0    218      0    117      0    112      0      0      0   0.00   0.00      0   0.00    4.6  0.039    0.0  0.000      0      0      0      0      0
11/05/1990   1825     32   1098    695      0    218      0    131      1    130      0      0      0   0.00   0.00      0   0.00    4.6  0.039    0.0  0.000      0      0      0      0      0
11/06/1990   1770     30   1016    724      0    220      0    148      1    136      0      0      0   0.00   0.00      0   0.00    4.6  0.039    0.0  0.000      0      0      0      0      0
11/07/1990   1710     28    937    745      0    223      0    169      1    134      0      0      0   0.00   0.00      0   0.00    4.7  0.039    0.0  0.000      0      0      0      0      0
11/08/1990   1645     25    862    758      0    229      1    188      1    136      0      0      0   0.00   0.00      0   0.00    4.7  0.038    0.0  0.000      0      0      0      0      0
11/09/1990   1567     22    786    759      0    235      1    203      2    146      0      0      0   0.00   0.00      0   0.00    4.7  0.038    0.0  0.000      0      0      0      0      0
11/10/1990   1482     20    703    759      0    246      1    216      3    157      0      0      0   0.00   0.00      0   0.00    4.7  0.038    0.0  0.000      0      0      0      0      0
11/11/1990   1399     18    620    761      0    264      2    229      3    163      0      0      0   0.00   0.00      0   0.00    4.8  0.038    0.0  0.000      0      0      0      0      0
11/12/1990   1317     15    536    766      0    292      3    237      3    169      0      0      0   0.00   0.00      0   0.00    4.8  0.037    0.0  0.000      0      0      0      0      0
11/13/1990   1228     12    466    750      0    325      4    243      3    177      0      0      0   0.00   0.00      0   0.00    4.8  0.037    0.0  0.000      0      0      0      0      0
11/14/1990   1138      9    405    724      0    355      5    256      3    173      0      0      0   0.00   0.00      0   0.00    4.9  0.037    0.0  0.000      0      0      0      0      0
11/15/1990   1047      6    347    694      1    386      5    272      3    162      0      0      0   0.00   0.00      0   0.00    4.9  0.037    0.0  0.000      0      0      0      0      0
11/16/1990    958      4    306    648      1    425      6    284      3    151      0      0      0   0.00   0.00      0   0.00    4.9  0.037    0.0  0.000      0      0      0      0      0
11/17/1990    870      2    280    588      1    466      7    283      3    150      0      0      0   0.00   0.00      0   0.00    4.9  0.036    0.0  0.000      0      0      0      0      0
11/18/1990    783      1    273    509      2    504      7    277      2    147      0      0      0   0.00   0.00      0   0.00    5.0  0.036    0.0  0.000      0      0      0      0      0
11/19/1990    700      0    281    419      3    540      7    272      1    136      0      0      0   0.00   0.00      0   0.00    5.0  0.036    0.0  0.000      0      0      0      0      0
11/20/1990    716      0    305    411      4    575      7    264      0    110      0      0      0   0.00   0.00      0   0.00    5.0  0.036    0.0  0.000      0      0      0      0      0
11/21/1990    646      0    334    312      5    608      6    247      0     87      0      0      0   0.00   0.00      0   0.00    5.0  0.036    0.0  0.000      0      0      0      0      0
11/22/1990    526      0    360    166      6    632      5    235      0     65      0      0      0   0.00   0.00      0   0.00    5.0  0.036    0.0  0.000      0      0      0      0      0
11/23/1990    488      0    385    103      7    650      4    212      0     50      0      0      0   0.00   0.00      0   0.00    5.0  0.036    0.0  0.000      0      0      0      0      0
11/24/1990    476      0    414     62      8    664      3    183      0     34      0      0      0   0.00   0.00      0   0.00    5.0  0.036    0.0  0.000      0      0      0      0      0
11/25/1990    516      0    447     69      9    670      2    150      0     20      0      0      0   0.00   0.00      0   0.00    5.0  0.036    0.0  0.000      0      0      0      0      0
11/26/1990    559      0    479     80     10    667      1    115      0     13      0      0      0   0.00   0.00      0   0.00    5.0  0.036    0.0  0.000      0      0      0      0      0
11/27/1990    597      0    504     93     11    664      0     81      0     10      0      0      0   0.00   0.00      0   0.00    5.0  0.036    0.0  0.000      0      0      0      0      0
11/28/1990    636      0    526    110     11    646      0     60      0     10      0      0      0   0.00   0.00      0   0.00    5.0  0.036    0.0  0.000      0      0      0      0      0
11/29/1990    645      1    553     91     10    618      0     41      0     13      0      0      0   0.00   0.00      0   0.00    5.0  0.036    0.0  0.000      0      0      0      0      0
11/30/1990    693      1    584    108     10    583      0     26      0     15      0      0      0   0.00   0.00      0   0.00    5.0  0.036    0.0  0.000      0      0      0      0      0
12/01/1990    743      1    619    123     10    539      0     20      0     16      0      0      0   0.00   0.00      0   0.00    5.0  0.036    0.0  0.000      0      0      0      0      0
12/02/1990    796      2    656    138      9    489      0     20      0     15      0      0      0   0.00   0.00      0   0.00    5.0  0.036    0.0  0.000      0      0      0      0      0
12/03/1990    851      3    698    150      8    434      0     21      0     16      0      0      0   0.00   0.00      0   0.00    5.0  0.036    0.0  0.000      0      0      0      0      0
12/04/1990    908      4    745    159      7    375      0     23      0     18      0      0      0   0.00   0.00      0   0.00    5.0  0.036    0.0  0.000      0      0      0      0      0
12/05/1990    955      5    784    166      6    326      0     25      0     19      0      0      0   0.00   0.00      0   0.00    5.0  0.036    0.0  0.000      0      0      0      0      0
12/06/1990    997      6    820    171      5    282      0     27      0     21      0      0      0   0.00   0.00      0   0.00    5.0  0.036    0.0  0.000      0      0      0      0      0
12/07/1990   1000      7    860    133      4    237      0     28      0     23      0      0      0   0.00   0.00      0   0.00    5.0  0.036    0.0  0.000      0      0      0      0      0
12/08/1990   1032      8    899    125      3    191      0     29      0     24      0      0      0   0.00   0.00      0   0.00    5.0  0.036    0.0  0.000      0      0      0      0      0
12/09/1990   1057      9    928    120      2    151      0     32      0     23      0      0      0   0.00   0.00      0   0.00    5.0  0.036    0.0  0.000      0      0      0      0      0
12/10/1990   1059     10    948    101      1    116      0     36      0     23      0      0      0   0.00   0.00      0   0.00    5.0  0.036    0.0  0.000      0      0      0      0      0
12/11/1990   1066     11    949    106      0     97      0     37      0     23      0      0      0   0.00   0.00      0   0.00    5.0  0.036    0.0  0.000      0      0      0      0      0
12/12/1990   1080     11    942    127      0     82      0     37      0     23      0      0      0   0.00   0.00      0   0.00    5.0  0.036    0.0  0.000      0      0      0      0      0
12/13/1990   1090     11    932    147      0     70      0     40      0     21      0      0      0   0.00   0.00      0   0.00    5.0  0.036    0.0  0.000      0      0      0      0      0
12/14/1990   1092     11    912    169      0     68      0     39      0     17      0      0      0   0.00   0.00      0   0.00    5.0  0.036    0.0  0.000      0      0      0      0      0
12/15/1990   1090     11    881    198      0     71      0     37      0     15      0      0      0   0.00   0.00      0   0.00    5.0  0.036    0.0  0.000      0      0      0      0      0
12/16/1990   1086     11    840    235      0     74      0     37      0     13      0      0      0   0.00   0.00      0   0.00    5.0  0.036    0.0  0.000      0      0      0      0      0
12/17/1990   1081     11    795    275      0     78      0     33      0     18      0      0      0   0.00   0.00      0   0.00    5.0  0.036    0.0  0.000      0      0      0      0      0
12/18/1990   1077     11    755    311      0     84      0     29      0     24      0      0      0   0.00   0.00      0   0.00    5.0  0.036    0.0  0.000      0      0      0      0      0
12/19/1990   1075     11    716    348      0     87      0     27      0     29      0      0      0   0.00   0.00      0   0.00    5.0  0.036    0.0  0.000      0      0      0      0      0
12/20/1990   1075     10    672    393      0     88      0     28      0     24      0      0      0   0.00   0.00      0   0.00    5.0  0.036    0.0  0.000      0      0      0      0      0
12/21/1990   1076     10    624    442      0     90      0     32      0     13      0      0      0   0.00   0.00      0   0.00    4.9  0.036    0.0  0.000      0      0      0      0      0
12/22/1990   1077     10    575    492      0     88      0     39      0      3      0      0      0   0.00   0.00      0   0.00    4.9  0.036    0.0  0.000      0      0      0      0      0
12/23/1990   1077      9    524    544      0     88      0     37      0      0      0      0      0   0.00   0.00      0   0.00    4.9  0.036    0.0  0.000      0      0      0      0      0
12/24/1990   1078      8    471    599      0     87      0     32      0      0      0      0      0   0.00   0.00      0   0.00    4.9  0.036    0.0  0.000      0      0      0      0      0
12/25/1990   1081      7    416    658      0     88      0     24      0      3      0      0      0   0.00   0.00      0   0.00    4.9  0.036    0.0  0.000      0      0      0      0      0
12/26/1990   1083      6    370    707      0     93      0     13      0     11      0      0      0   0.00   0.00      0   0.00    4.9  0.036    0.0  0.000      0      0      0      0      0
12/27/1990   1087      5    330    752      0     95      0      3      0     23      0      0      0   0.00   0.00      0   0.00    4.9  0.036    0.0  0.000      0      0      0      0      0
12/28/1990   1092      4    288    800      0     89      0      3      0     36      0      0      0   0.00   0.00      0   0.00    4.9  0.036    0.0  0.000      0      0      0      0      0
12/29/1990   1095      3    244    848      0     82      0     11      0     34      0      0      0   0.00   0.00      0   0.00    4.9  0.036    0.0  0.000      0      0      0      0      0
12/30/1990   1099      2    206    891      0     75      0     23      0     34      0      0      0   0.00   0.00      0   0.00    4.9  0.036    0.0  0.000      0      0      0      0      0
12/31/1990   1105      1    175    929      0     66      0     39      0     31      0      0      0   0.00   0.00      0   0.00    4.9  0.036    0.0  0.000      0      0      0      0      0
