Varroa Population Simulation - Nov 23,2015  02:38:11 PM
VarroaPop Version 3.2.5.8  June, 2015

                                        Capped  Capped                                                                      Prop           Conc          Conc                                     
            Colony  Adult  Adult         Drone   Wkr    Drone  Wkr    Drone  Wkr  Free   DBrood WBrood DMite  WMite  Mites  Mites  Colony Pollen Colony Nectar   Dead   Dead   Dead   Dead   Dead
     Date   Size   Drones   Wkr   Forgrs Brood  Brood   Larv   Larv    Eggs  Eggs Mites  Mites  Mites  /Cell  /Cell  Dying  Dying  Pollen  Pest  Nectar  Pest    DLarv  WLarv  DAdlt  WAdlt  Forgrs
Initial     10000      0   6552   3448      0      0      0      0      0      0      0      0      0   0.00   0.00      0   0.00    0.0  0.000    0.0  0.000      0      0      0      0      0
08/01/1990   9688      0   6240   3448      0      0      0      0      5    249      0      0      0   0.00   0.00      0   0.00    0.1  0.000    0.0  0.000      0      0      0      0      0
08/02/1990   9376      0   5928   3448      0      0      0      0     10    498      0      0      0   0.00   0.00      0   0.00    0.2  0.000    0.0  0.000      0      0      0      0      0
08/03/1990   9064      0   5616   3448      0      0      0      0     15    746      0      0      0   0.00   0.00      0   0.00    0.3  0.000    0.0  0.000      0      0      0      0      0
08/04/1990   8752      0   5304   3448      0      0      5    249     15    746      0      0      0   0.00   0.00      0   0.00    0.5  0.000    0.0  0.000      0      0      0      0      0
08/05/1990   8440      0   4992   3448      0      0     10    498     15    753      0      0      0   0.00   0.00      0   0.00    0.6  0.000    0.0  0.000      0      0      0      0      0
08/06/1990   8128      0   4680   3448      0      0     15    746     15    762      0      0      0   0.00   0.00      0   0.00    0.7  0.000    0.0  0.000      0      0      0      0      0
08/07/1990   7816      0   4368   3448      0      0     20    995     15    770      0      0      0   0.00   0.00      0   0.00    0.8  0.000    0.0  0.000      0      0      0      0      0
08/08/1990   7504      0   4056   3448      0      0     25   1251     15    771      0      0      0   0.00   0.00      0   0.00    0.9  0.000    0.0  0.000      0      0      0      0      0
08/09/1990   7192      0   3744   3448      0    249     30   1259     15    770      0      0      0   0.00   0.00      0   0.00    1.1  0.000    0.0  0.000      0      0      0      0      0
08/10/1990   6880      0   3432   3448      0    498     35   1267     15    769      0      0      0   0.00   0.00      0   0.00    1.2  0.000    0.0  0.000      0      0      0      0      0
08/11/1990   1265      0   1243     22      5    746     31   1206     15    769      0      0      0   0.00   0.00      0   0.00    1.3  0.345    0.0  0.000      4     70      0   1871   3401
08/12/1990   1161      0   1130     31      9    946     31   1262     10    516      0      0      0   0.00   0.00      0   0.00    1.3  0.345    0.0  0.000      1      0      0      0    102
08/13/1990   1059      0   1017     42     13   1181     31   1283      5    265      0      0      0   0.00   0.00      0   0.00    1.3  0.345    0.0  0.000      1      0      0      0    100
08/14/1990    960      0    904     56     17   1438     31   1283      0     13      0      0      0   0.00   0.00      0   0.00    1.3  0.345    0.0  0.000      1      0      0      0     97
08/15/1990    864      0    791     73     21   1695     26   1029      0     17      0      0      0   0.00   0.00      0   0.00    1.3  0.345    0.0  0.000      1      0      0      0     94
08/16/1990    773      0    678     95     25   1952     21    777      0     22      0      0      0   0.00   0.00      0   0.00    1.3  0.347    0.0  0.000      1      0      0      0     89
08/17/1990    686      0    565    121     29   2208     16    526      0     30      0      0      0   0.00   0.00      0   0.00    1.3  0.350    0.0  0.000      1      0      0      0     85
08/18/1990    604      0    452    152     33   2464     12    277      0     39      0      0      0   0.00   0.00      0   0.00    1.3  0.354    0.0  0.000      0      0      0      0     80
08/19/1990    602      0    339    263     37   2721      8     30      0     49      0      0      0   0.00   0.00      0   0.00    1.3  0.351    0.0  0.000      0      0      0      0      0
08/20/1990    600      0    226    374     41   2724      4     40      0     71      0      0      0   0.00   0.00      0   0.00    1.3  0.347    0.0  0.000      0      0      0      0      0
08/21/1990    598      0    113    485     45   2729      0     51      0    103      0      0      0   0.00   0.00      0   0.00    1.4  0.342    0.0  0.000      0      0      0      0      0
08/22/1990    845      0    249    596     45   2485      0     66      0    145      0      0      0   0.00   0.00      0   0.00    1.4  0.335    0.0  0.000      0      0      0      0      0
08/23/1990   1083      0    498    585     45   2243      0     94      0    186      0      0      0   0.00   0.00      0   0.00    1.4  0.330    0.0  0.000      0      0      0      0      0
08/24/1990   1318      0    746    572     45   2005      0    132      0    206      0      0      0   0.00   0.00      0   0.00    1.4  0.325    0.0  0.000      0      0      0      0      0
08/25/1990   1507      5    946    556     40   1818      0    181      0    206      0      0      0   0.00   0.00      0   0.00    1.5  0.320    0.0  0.000      0      0      0      0      0
08/26/1990   1727      9   1181    537     36   1599      0    241      0    192      0      0      0   0.00   0.00      0   0.00    1.5  0.316    0.0  0.000      0      0      0      0      0
08/27/1990   1964     13   1438    513     32   1362      0    289      0    188      0      0      0   0.00   0.00      0   0.00    1.5  0.313    0.0  0.000      0      0      0      0      0
08/28/1990   2197     17   1695    485     28   1140      0    316      0    190      0      0      0   0.00   0.00      0   0.00    1.5  0.310    0.0  0.000      0      0      0      0      0
08/29/1990   2425     21   1952    452     24    931      0    330      0    191      0      0      0   0.00   0.00      0   0.00    1.5  0.308    0.0  0.000      0      0      0      0      0
08/30/1990   2572     25   2208    339     20    737      0    332      0    184      0      0      0   0.00   0.00      0   0.00    1.5  0.308    0.0  0.000      0      0      0      0      0
08/31/1990   2719     29   2464    226     16    557      0    320      0    164      0      0      0   0.00   0.00      0   0.00    1.5  0.308    0.0  0.000      0      0      0      0      0
09/01/1990   2867     33   2721    113     12    368      0    315      0    133      0      0      0   0.00   0.00      0   0.00    1.5  0.308    0.0  0.000      0      0      0      0      0
09/02/1990   2874     37   2724    113      8    427      0    310      0     93      0      0      0   0.00   0.00      0   0.00    1.5  0.308    0.0  0.000      0      0      0      0      0
09/03/1990   2770     41   2729      0      4    484      0    292      0     66      0      0      0   0.00   0.00      0   0.00    1.5  0.307    0.0  0.000      0      0      0      0      0
09/04/1990   2779     45   2734      0      0    543      0    260      0     34      0      0      0   0.00   0.00      0   0.00    1.5  0.307    0.0  0.000      0      0      0      0      0
09/05/1990   2786     45   2741      0      0    600      0    213      0     17      0      0      0   0.00   0.00      0   0.00    1.4  0.307    0.0  0.000      0      0      0      0      0
09/06/1990   2796     45   2751      0      0    653      0    167      0      0      0      0      0   0.00   0.00      0   0.00    1.4  0.307    0.0  0.000      0      0      0      0      0
09/07/1990   2809     45   2764      0      0    697      0    110      0      0      0      0      0   0.00   0.00      0   0.00    1.4  0.307    0.0  0.000      0      0      0      0      0
09/08/1990   2825     45   2780      0      0    725      0     66      0      0      0      0      0   0.00   0.00      0   0.00    1.4  0.307    0.0  0.000      0      0      0      0      0
09/09/1990   2845     45   2800      0      0    737      0     34      0      0      0      0      0   0.00   0.00      0   0.00    1.4  0.307    0.0  0.000      0      0      0      0      0
09/10/1990   2880     45   2835      0      0    719      0     17      0      0      0      0      0   0.00   0.00      0   0.00    1.3  0.307    0.0  0.000      0      0      0      0      0
09/11/1990   2928     45   2883      0      0    688      0      0      0      0      0      0      0   0.00   0.00      0   0.00    1.3  0.307    0.0  0.000      0      0      0      0      0
09/12/1990   2990     45   2696    249      0    626      0      0      0      0      0      0      0   0.00   0.00      0   0.00    1.3  0.307    0.0  0.000      0      0      0      0      0
09/13/1990   3066     45   2523    498      0    550      0      0      0     35      0      0      0   0.00   0.00      0   0.00    1.3  0.306    0.0  0.000      0      0      0      0      0
09/14/1990   3134     45   2343    746      0    482      0      0      0     94      0      0      0   0.00   0.00      0   0.00    1.3  0.302    0.0  0.000      0      0      0      0      0
09/15/1990   3191     40   2205    946      0    420      0      0      0    176      0      0      0   0.00   0.00      0   0.00    1.3  0.297    0.0  0.000      0      0      0      0      0
09/16/1990   3249     36   2032   1181      0    358      0     35      1    238      0      0      0   0.00   0.00      0   0.00    1.4  0.288    0.0  0.000      0      0      0      0      0
09/17/1990   3309     32   1839   1438      0    294      0     94      2    296      0      0      0   0.00   0.00      0   0.00    1.4  0.278    0.0  0.000      0      0      0      0      0
09/18/1990   3369     28   1646   1695      0    230      0    176      4    344      0      0      0   0.00   0.00      0   0.00    1.5  0.265    0.0  0.000      0      0      0      0      0
09/19/1990   3428     24   1452   1952      0    167      1    273      5    391      0      0      0   0.00   0.00      0   0.00    1.6  0.252    0.0  0.000      0      0      0      0      0
09/20/1990   3481     20   1253   2208      0    110      2    390      7    440      0      0      0   0.00   0.00      0   0.00    1.7  0.238    0.0  0.000      0      0      0      0      0
09/21/1990   3521     16   1041   2464      0    101      4    485      8    491      0      0      0   0.00   0.00      0   0.00    1.8  0.224    0.0  0.000      0      0      0      0      0
09/22/1990   3549     12    816   2721      0    128      6    570     10    527      0      0      0   0.00   0.00      0   0.00    1.9  0.210    0.0  0.000      0      0      0      0      0
09/23/1990   3313      8    830   2475      0    193      9    654     11    540      0      0      0   0.00   0.00      0   0.00    2.0  0.199    0.0  0.000      0      0      0      0      0
09/24/1990   3077      4    842   2231      0    273     12    738     12    539      0      0      0   0.00   0.00      0   0.00    2.1  0.190    0.0  0.000      0      0      0      0      0
09/25/1990   2825      0    837   1988      0    390     16    801     11    527      0      0      0   0.00   0.00      0   0.00    2.2  0.183    0.0  0.000      0      0      0      0      0
09/26/1990   2625      0    830   1795      1    520     19    850     10    504      0      0      0   0.00   0.00      0   0.00    2.3  0.177    0.0  0.000      0      0      0      0      0
09/27/1990   2390      0    820   1570      2    664     22    886      8    471      0      0      0   0.00   0.00      0   0.00    2.3  0.172    0.0  0.000      0      0      0      0      0
09/28/1990   2133      0    807   1326      4    830     23    888      7    441      0      0      0   0.00   0.00      0   0.00    2.4  0.168    0.0  0.000      0      0      0      0      0
09/29/1990   1876      0    791   1085      6   1011     24    863      6    415      0      0      0   0.00   0.00      0   0.00    2.4  0.165    0.0  0.000      0      0      0      0      0
09/30/1990   1619      0    771    848      9   1191     23    830      6    383      0      0      0   0.00   0.00      0   0.00    2.4  0.163    0.0  0.000      0      0      0      0      0
10/01/1990   1363      0    736    627     12   1370     22    789      5    342      0      0      0   0.00   0.00      0   0.00    2.5  0.162    0.0  0.000      0      0      0      0      0
10/02/1990   1107      0    688    419     16   1550     20    739      3    285      0      0      0   0.00   0.00      0   0.00    2.5  0.161    0.0  0.000      0      0      0      0      0
10/03/1990    850      0    626    224     20   1718     18    686      1    222      0      0      0   0.00   0.00      0   0.00    2.5  0.161    0.0  0.000      0      0      0      0      0
10/04/1990    882      0    585    297     24   1839     15    627      0    158      0      0      0   0.00   0.00      0   0.00    2.5  0.160    0.0  0.000      0      0      0      0      0
10/05/1990    936      0    576    360     27   1927     12    553      0    123      0      0      0   0.00   0.00      0   0.00    2.5  0.160    0.0  0.000      0      0      0      0      0
10/06/1990   1013      0    596    417     30   1983      9    467      0    112      0      0      0   0.00   0.00      0   0.00    2.5  0.159    0.0  0.000      0      0      0      0      0
10/07/1990   1103      0    631    472     32   2016      7    370      0    122      0      0      0   0.00   0.00      0   0.00    2.5  0.158    0.0  0.000      0      0      0      0      0
10/08/1990   1210      0    684    526     34   2014      5    293      0    133      0      0      0   0.00   0.00      0   0.00    2.5  0.156    0.0  0.000      0      0      0      0      0
10/09/1990   1327      0    750    577     36   1981      3    237      0    149      0      0      0   0.00   0.00      0   0.00    2.6  0.155    0.0  0.000      0      0      0      0      0
10/10/1990   1456      1    831    624     37   1910      1    207      0    167      0      0      0   0.00   0.00      0   0.00    2.6  0.154    0.0  0.000      0      0      0      0      0
10/11/1990   1603      2    940    661     37   1796      0    204      0    183      0      0      0   0.00   0.00      0   0.00    2.6  0.152    0.0  0.000      0      0      0      0      0
10/12/1990   1751      4   1077    670     35   1648      0    228      0    195      0      0      0   0.00   0.00      0   0.00    2.6  0.151    0.0  0.000      0      0      0      0      0
10/13/1990   1885      6   1225    654     33   1506      0    251      0    202      0      0      0   0.00   0.00      0   0.00    2.7  0.150    0.0  0.000      0      0      0      0      0
10/14/1990   2005      9   1387    609     30   1368      0    275      0    205      0      0      0   0.00   0.00      0   0.00    2.7  0.148    0.0  0.000      0      0      0      0      0
10/15/1990   2112     12   1550    550     27   1231      0    301      0    202      0      0      0   0.00   0.00      0   0.00    2.7  0.148    0.0  0.000      0      0      0      0      0
10/16/1990   2216     16   1718    482     23   1112      0    320      0    193      0      0      0   0.00   0.00      0   0.00    2.7  0.147    0.0  0.000      0      0      0      0      0
10/17/1990   2314     20   1874    420     19   1013      0    331      0    177      0      0      0   0.00   0.00      0   0.00    2.7  0.146    0.0  0.000      0      0      0      0      0
10/18/1990   2403     24   2021    358     15    927      0    336      0    159      0      0      0   0.00   0.00      0   0.00    2.7  0.146    0.0  0.000      0      0      0      0      0
10/19/1990   2480     27   2159    294     12    854      0    330      0    137      0      0      0   0.00   0.00      0   0.00    2.7  0.146    0.0  0.000      0      0      0      0      0
10/20/1990   2549     30   2289    230      9    793      0    313      0    113      0      0      0   0.00   0.00      0   0.00    2.7  0.146    0.0  0.000      0      0      0      0      0
10/21/1990   2603     32   2404    167      7    746      0    293      0     90      0      0      0   0.00   0.00      0   0.00    2.7  0.146    0.0  0.000      0      0      0      0      0
10/22/1990   2645     34   2501    110      5    717      0    262      0     72      0      0      0   0.00   0.00      0   0.00    2.7  0.146    0.0  0.000      0      0      0      0      0
10/23/1990   2676     36   2574     66      3    710      0    224      0     57      0      0      0   0.00   0.00      0   0.00    2.7  0.146    0.0  0.000      0      0      0      0      0
10/24/1990   2698     38   2626     34      1    717      0    190      0     40      0      0      0   0.00   0.00      0   0.00    2.7  0.146    0.0  0.000      0      0      0      0      0
10/25/1990   2715     39   2624     52      0    736      0    157      0     25      0      0      0   0.00   0.00      0   0.00    2.7  0.146    0.0  0.000      0      0      0      0      0
10/26/1990   2736     39   2603     94      0    746      0    122      0     17      0      0      0   0.00   0.00      0   0.00    2.6  0.146    0.0  0.000      0      0      0      0      0
10/27/1990   2777     39   2562    176      0    742      0     93      0     20      0      0      0   0.00   0.00      0   0.00    2.6  0.146    0.0  0.000      0      0      0      0      0
10/28/1990   2820     39   2508    273      0    727      0     69      0     36      0      0      0   0.00   0.00      0   0.00    2.6  0.146    0.0  0.000      0      0      0      0      0
10/29/1990   2869     39   2440    390      0    703      0     49      0     61      0      0      0   0.00   0.00      0   0.00    2.6  0.146    0.0  0.000      0      0      0      0      0
10/30/1990   2926     39   2367    520      0    665      0     41      0     87      0      0      0   0.00   0.00      0   0.00    2.6  0.146    0.0  0.000      0      0      0      0      0
10/31/1990   2986     38   2284    664      0    617      0     48      0    112      0      0      0   0.00   0.00      0   0.00    2.6  0.145    0.0  0.000      0      0      0      0      0
11/01/1990   3042     37   2183    822      0    560      0     70      0    127      0      0      0   0.00   0.00      0   0.00    2.7  0.144    0.0  0.000      0      0      0      0      0
11/02/1990   3100     35   2071    994      0    495      0    103      0    140      0      0      0   0.00   0.00      0   0.00    2.7  0.142    0.0  0.000      0      0      0      0      0
11/03/1990   3156     33   1959   1164      0    432      0    143      0    156      0      0      0   0.00   0.00      0   0.00    2.7  0.140    0.0  0.000      0      0      0      0      0
11/04/1990   3210     30   1848   1332      0    375      0    177      1    186      0      0      0   0.00   0.00      0   0.00    2.8  0.138    0.0  0.000      0      0      0      0      0
11/05/1990   3231     27   1734   1470      0    329      0    207      2    221      0      0      0   0.00   0.00      0   0.00    2.8  0.135    0.0  0.000      0      0      0      0      0
11/06/1990   3221     23   1625   1573      0    300      0    238      3    236      0      0      0   0.00   0.00      0   0.00    2.9  0.133    0.0  0.000      0      0      0      0      0
11/07/1990   3182     19   1521   1642      0    285      1    276      3    240      0      0      0   0.00   0.00      0   0.00    3.0  0.130    0.0  0.000      0      0      0      0      0
11/08/1990   3125     15   1422   1688      0    282      2    316      3    247      0      0      0   0.00   0.00      0   0.00    3.0  0.127    0.0  0.000      0      0      0      0      0
11/09/1990   3039     12   1321   1706      0    290      3    347      3    269      0      0      0   0.00   0.00      0   0.00    3.1  0.124    0.0  0.000      0      0      0      0      0
11/10/1990   2932      9   1219   1704      0    312      4    376      4    291      0      0      0   0.00   0.00      0   0.00    3.2  0.121    0.0  0.000      0      0      0      0      0
11/11/1990   2810      7   1129   1674      0    348      5    407      5    304      0      0      0   0.00   0.00      0   0.00    3.2  0.119    0.0  0.000      0      0      0      0      0
11/12/1990   2661      5   1051   1605      0    404      6    430      6    314      0      0      0   0.00   0.00      0   0.00    3.3  0.117    0.0  0.000      0      0      0      0      0
11/13/1990   2491      3    991   1497      0    476      8    446      6    322      0      0      0   0.00   0.00      0   0.00    3.3  0.114    0.0  0.000      0      0      0      0      0
11/14/1990   2317      1    947   1369      1    544      9    475      5    307      0      0      0   0.00   0.00      0   0.00    3.4  0.113    0.0  0.000      0      0      0      0      0
11/15/1990   2141      0    918   1223      2    619     10    504      4    280      0      0      0   0.00   0.00      0   0.00    3.4  0.111    0.0  0.000      0      0      0      0      0
11/16/1990   1966      0    885   1081      3    706     11    521      3    254      0      0      0   0.00   0.00      0   0.00    3.5  0.110    0.0  0.000      0      0      0      0      0
11/17/1990   1809      0    855    954      4    793     11    513      3    243      0      0      0   0.00   0.00      0   0.00    3.5  0.109    0.0  0.000      0      0      0      0      0
11/18/1990   1673      0    832    841      5    874     11    493      3    230      0      0      0   0.00   0.00      0   0.00    3.6  0.108    0.0  0.000      0      0      0      0      0
11/19/1990   1556      0    813    743      6    949     11    471      3    209      0      0      0   0.00   0.00      0   0.00    3.6  0.107    0.0  0.000      0      0      0      0      0
11/20/1990   1582      0    793    789      8   1020     10    442      2    172      0      0      0   0.00   0.00      0   0.00    3.6  0.106    0.0  0.000      0      0      0      0      0
11/21/1990   1490      0    777    713     10   1084      9    401      1    143      0      0      0   0.00   0.00      0   0.00    3.6  0.105    0.0  0.000      0      0      0      0      0
11/22/1990   1302      0    757    545     12   1129      8    373      0    119      0      0      0   0.00   0.00      0   0.00    3.7  0.105    0.0  0.000      0      0      0      0      0
11/23/1990   1255      0    738    517     14   1160      6    334      0    108      0      0      0   0.00   0.00      0   0.00    3.7  0.104    0.0  0.000      0      0      0      0      0
11/24/1990   1243      0    731    512     15   1182      5    290      0    100      0      0      0   0.00   0.00      0   0.00    3.7  0.104    0.0  0.000      0      0      0      0      0
11/25/1990   1307      0    738    569     16   1186      4    249      0     96      0      0      0   0.00   0.00      0   0.00    3.7  0.104    0.0  0.000      0      0      0      0      0
11/26/1990   1381      0    757    624     17   1169      3    212      0     90      0      0      0   0.00   0.00      0   0.00    3.7  0.104    0.0  0.000      0      0      0      0      0
11/27/1990   1446      0    774    672     18   1155      2    181      0     83      0      0      0   0.00   0.00      0   0.00    3.7  0.104    0.0  0.000      0      0      0      0      0
11/28/1990   1515      1    801    713     18   1118      1    173      0     79      0      0      0   0.00   0.00      0   0.00    3.7  0.103    0.0  0.000      0      0      0      0      0
11/29/1990   1541      2    845    694     18   1065      0    159      0     90      0      0      0   0.00   0.00      0   0.00    3.7  0.102    0.0  0.000      0      0      0      0      0
11/30/1990   1605      3    906    696     17   1005      0    145      0    102      0      0      0   0.00   0.00      0   0.00    3.8  0.102    0.0  0.000      0      0      0      0      0
12/01/1990   1696      4    979    713     16    935      0    144      0    103      0      0      0   0.00   0.00      0   0.00    3.8  0.101    0.0  0.000      0      0      0      0      0
12/02/1990   1791      5   1059    727     15    861      0    149      0     94      0      0      0   0.00   0.00      0   0.00    3.8  0.101    0.0  0.000      0      0      0      0      0
12/03/1990   1864      6   1148    710     14    787      0    151      0     89      0      0      0   0.00   0.00      0   0.00    3.8  0.100    0.0  0.000      0      0      0      0      0
12/04/1990   1937      8   1244    685     12    703      0    157      0     91      0      0      0   0.00   0.00      0   0.00    3.8  0.100    0.0  0.000      0      0      0      0      0
12/05/1990   2018     10   1326    682     10    637      0    160      0     90      0      0      0   0.00   0.00      0   0.00    3.8  0.100    0.0  0.000      0      0      0      0      0
12/06/1990   2058     12   1403    643      8    586      0    161      0     89      0      0      0   0.00   0.00      0   0.00    3.8  0.099    0.0  0.000      0      0      0      0      0
12/07/1990   2045     14   1481    550      6    539      0    158      0     88      0      0      0   0.00   0.00      0   0.00    3.9  0.099    0.0  0.000      0      0      0      0      0
12/08/1990   2065     15   1549    501      5    496      0    148      0     90      0      0      0   0.00   0.00      0   0.00    3.9  0.098    0.0  0.000      0      0      0      0      0
12/09/1990   2070     16   1597    457      4    459      0    147      0     88      0      0      0   0.00   0.00      0   0.00    3.9  0.098    0.0  0.000      0      0      0      0      0
12/10/1990   1877     17   1629    231      3    424      0    152      0     88      0      0      0   0.00   0.00      0   0.00    3.9  0.098    0.0  0.000      0      0      0      0      0
12/11/1990   1870     18   1634    218      2    413      0    149      0     77      0      0      0   0.00   0.00      0   0.00    3.9  0.098    0.0  0.000      0      0      0      0      0
12/12/1990   1901     19   1628    254      1    407      0    144      0     64      0      0      0   0.00   0.00      0   0.00    3.9  0.098    0.0  0.000      0      0      0      0      0
12/13/1990   1931     20   1621    290      0    395      0    150      0     47      0      0      0   0.00   0.00      0   0.00    3.9  0.098    0.0  0.000      0      0      0      0      0
12/14/1990   1953     20   1602    331      0    394      0    137      0     37      0      0      0   0.00   0.00      0   0.00    3.9  0.098    0.0  0.000      0      0      0      0      0
12/15/1990   1975     20   1572    383      0    395      0    120      0     33      0      0      0   0.00   0.00      0   0.00    3.8  0.098    0.0  0.000      0      0      0      0      0
12/16/1990   2000     20   1531    449      0    389      0    107      0     29      0      0      0   0.00   0.00      0   0.00    3.8  0.098    0.0  0.000      0      0      0      0      0
12/17/1990   2016     20   1471    525      0    392      0     86      0     37      0      0      0   0.00   0.00      0   0.00    3.8  0.098    0.0  0.000      0      0      0      0      0
12/18/1990   2031     20   1419    592      0    400      0     65      0     45      0      0      0   0.00   0.00      0   0.00    3.8  0.098    0.0  0.000      0      0      0      0      0
12/19/1990   2053     19   1370    664      0    387      0     59      0     52      0      0      0   0.00   0.00      0   0.00    3.8  0.098    0.0  0.000      0      0      0      0      0
12/20/1990   2081     18   1314    749      0    366      0     59      0     43      0      0      0   0.00   0.00      0   0.00    3.8  0.098    0.0  0.000      0      0      0      0      0
12/21/1990   2109     17   1252    840      0    345      0     63      0     24      0      0      0   0.00   0.00      0   0.00    3.8  0.098    0.0  0.000      0      0      0      0      0
12/22/1990   2132     16   1182    934      0    321      0     74      0      6      0      0      0   0.00   0.00      0   0.00    3.8  0.098    0.0  0.000      0      0      0      0      0
12/23/1990   2151     15   1104   1032      0    305      0     69      0      0      0      0      0   0.00   0.00      0   0.00    3.8  0.098    0.0  0.000      0      0      0      0      0
12/24/1990   2174     14   1027   1133      0    285      0     58      0      0      0      0      0   0.00   0.00      0   0.00    3.8  0.098    0.0  0.000      0      0      0      0      0
12/25/1990   2198     12    951   1235      0    267      0     43      0      5      0      0      0   0.00   0.00      0   0.00    3.7  0.098    0.0  0.000      0      0      0      0      0
12/26/1990   2215     10    887   1318      0    260      0     24      0     20      0      0      0   0.00   0.00      0   0.00    3.7  0.098    0.0  0.000      0      0      0      0      0
12/27/1990   2236      8    836   1392      0    248      0      6      0     42      0      0      0   0.00   0.00      0   0.00    3.7  0.098    0.0  0.000      0      0      0      0      0
12/28/1990   2259      6    785   1468      0    222      0      5      0     63      0      0      0   0.00   0.00      0   0.00    3.7  0.098    0.0  0.000      0      0      0      0      0
12/29/1990   2280      5    734   1541      0    194      0     20      0     59      0      0      0   0.00   0.00      0   0.00    3.7  0.098    0.0  0.000      0      0      0      0      0
12/30/1990   2301      4    694   1603      0    166      0     42      0     57      0      0      0   0.00   0.00      0   0.00    3.7  0.098    0.0  0.000      0      0      0      0      0
12/31/1990   2327      3    664   1660      0    134      0     68      0     53      0      0      0   0.00   0.00      0   0.00    3.7  0.098    0.0  0.000      0      0      0      0      0
