Varroa Population Simulation - Nov 23,2015  02:36:12 PM
VarroaPop Version 3.2.5.8  June, 2015

                                        Capped  Capped                                                                      Prop           Conc          Conc                                     
            Colony  Adult  Adult         Drone   Wkr    Drone  Wkr    Drone  Wkr  Free   DBrood WBrood DMite  WMite  Mites  Mites  Colony Pollen Colony Nectar   Dead   Dead   Dead   Dead   Dead
     Date   Size   Drones   Wkr   Forgrs Brood  Brood   Larv   Larv    Eggs  Eggs Mites  Mites  Mites  /Cell  /Cell  Dying  Dying  Pollen  Pest  Nectar  Pest    DLarv  WLarv  DAdlt  WAdlt  Forgrs
Initial     10000      0   7224   2776      0      0      0      0      0      0      0      0      0   0.00   0.00      0   0.00    0.0  0.000    0.0  0.000      0      0      0      0      0
08/01/1990   9656      0   6880   2776      0      0      0      0      2    676      0      0      0   0.00   0.00      0   0.00    0.1  0.000    0.0  0.000      0      0      0      0      0
08/02/1990   9312      0   6536   2776      0      0      0      0      4   1351      0      0      0   0.00   0.00      0   0.00    0.2  0.000    0.0  0.000      0      0      0      0      0
08/03/1990   8968      0   6192   2776      0      0      0      0      6   2025      0      0      0   0.00   0.00      0   0.00    0.2  0.000    0.0  0.000      0      0      0      0      0
08/04/1990   8624      0   5848   2776      0      0      2    676      6   2028      0      0      0   0.00   0.00      0   0.00    0.3  0.000    0.0  0.000      0      0      0      0      0
08/05/1990   8280      0   5504   2776      0      0      4   1351      6   2048      0      0      0   0.00   0.00      0   0.00    0.4  0.000    0.0  0.000      0      0      0      0      0
08/06/1990   7936      0   5160   2776      0      0      6   2025      6   2072      0      0      0   0.00   0.00      0   0.00    0.5  0.000    0.0  0.000      0      0      0      0      0
08/07/1990   7592      0   4816   2776      0      0      8   2704      6   2091      0      0      0   0.00   0.00      0   0.00    0.6  0.000    0.0  0.000      0      0      0      0      0
08/08/1990   7224      0   4472   2752      0      0     10   3399      6   2094      0      0      0   0.00   0.00      0   0.00    0.7  0.000    0.0  0.000      0      0      0      0      0
08/09/1990   6880      0   4128   2752      0    676     12   3421      6   2091      0      0      0   0.00   0.00      0   0.00    0.8  0.000    0.0  0.000      0      0      0      0      0
08/10/1990   6536      0   3784   2752      0   1351     14   3444      6   2089      0      0      0   0.00   0.00      0   0.00    0.8  0.000    0.0  0.000      0      0      0      0      0
08/11/1990   2400      0   2288    112      2   2025     10   3298      6   2087      0      0      0   0.00   0.00      0   0.00    0.9  0.344    0.0  0.000      2    170      0   1147   2633
08/12/1990   2236      0   2080    156      3   2556     10   3461      4   1447      0      0      0   0.00   0.00      0   0.00    0.9  0.344    0.0  0.000      1      1      0      0    150
08/13/1990   2112      0   1872    240      4   3229     10   3483      2    824      0      0      0   0.00   0.00      0   0.00    0.9  0.344    0.0  0.000      1      1      0      0    110
08/14/1990   2029      0   1664    365      5   3926     10   3481      0    232      0      0      0   0.00   0.00      0   0.00    0.9  0.348    0.0  0.000      1      1      0      0     69
08/15/1990   1975      0   1456    519      6   4623      8   2838      0    318      0      0      0   0.00   0.00      0   0.00    0.9  0.356    0.0  0.000      1      1      0      0     40
08/16/1990   1940      0   1248    692      7   5320      6   2213      0    437      0      0      0   0.00   0.00      0   0.00    1.0  0.365    0.0  0.000      1      1      0      0     21
08/17/1990   1914      0   1040    874      8   6014      4   1622      0    580      0      0      0   0.00   0.00      0   0.00    1.0  0.372    0.0  0.000      1      1      0      0     12
08/18/1990   1893      0    832   1061      9   6709      3   1068      0    713      0      0      0   0.00   0.00      0   0.00    1.0  0.376    0.0  0.000      0      0      0      0      7
08/19/1990   1879      0    624   1255     10   7404      2    565      0    836      0      0      0   0.00   0.00      0   0.00    1.1  0.358    0.0  0.000      0      0      0      0      0
08/20/1990   1821      0    416   1405     11   7459      1    757      0    962      0      0      0   0.00   0.00      0   0.00    1.1  0.339    0.0  0.000      0      0      0      0      0
08/21/1990   1723      0    208   1515     12   7532      0    958      0   1096      0      0      0   0.00   0.00      0   0.00    1.2  0.320    0.0  0.000      0      0      0      0      0
08/22/1990   2260      0    676   1584     12   6960      0   1169      0   1229      0      0      0   0.00   0.00      0   0.00    1.3  0.303    0.0  0.000      0      0      0      0      0
08/23/1990   2767      0   1351   1416     12   6426      0   1401      0   1327      0      0      0   0.00   0.00      0   0.00    1.3  0.290    0.0  0.000      0      0      0      0      0
08/24/1990   3254      0   2025   1229     12   5944      0   1617      0   1315      0      0      0   0.00   0.00      0   0.00    1.4  0.281    0.0  0.000      0      0      0      0      0
08/25/1990   3591      2   2556   1033     10   5660      0   1818      0   1200      0      0      0   0.00   0.00      0   0.00    1.4  0.275    0.0  0.000      0      0      0      0      0
08/26/1990   4064      3   3229    832      9   5261      0   2015      0   1035      0      0      0   0.00   0.00      0   0.00    1.4  0.271    0.0  0.000      0      0      0      0      0
08/27/1990   4554      4   3926    624      8   4879      0   2096      0    915      0      0      0   0.00   0.00      0   0.00    1.4  0.270    0.0  0.000      0      0      0      0      0
08/28/1990   5044      5   4623    416      7   4555      0   2056      0    811      0      0      0   0.00   0.00      0   0.00    1.4  0.270    0.0  0.000      0      0      0      0      0
08/29/1990   5534      6   5320    208      6   4266      0   1954      0    675      0      0      0   0.00   0.00      0   0.00    1.4  0.270    0.0  0.000      0      0      0      0      0
08/30/1990   6021      7   6014      0      5   4020      0   1782      0    487      0      0      0   0.00   0.00      0   0.00    1.4  0.270    0.0  0.000      0      0      0      0      0
08/31/1990   6717      8   6709      0      4   3796      0   1540      0    258      0      0      0   0.00   0.00      0   0.00    1.3  0.269    0.0  0.000      0      0      0      0      0
09/01/1990   7413      9   7404      0      3   3497      0   1314      0     88      0      0      0   0.00   0.00      0   0.00    1.3  0.269    0.0  0.000      0      0      0      0      0
09/02/1990   7469     10   7459      0      2   3775      0   1069      0      0      0      0      0   0.00   0.00      0   0.00    1.3  0.269    0.0  0.000      0      0      0      0      0
09/03/1990   7543     11   7532      0      1   4008      0    763      0      0      0      0      0   0.00   0.00      0   0.00    1.2  0.268    0.0  0.000      0      0      0      0      0
09/04/1990   7648     12   7636      0      0   4180      0    487      0      0      0      0      0   0.00   0.00      0   0.00    1.2  0.268    0.0  0.000      0      0      0      0      0
09/05/1990   7789     12   7777      0      0   4268      0    258      0      0      0      0      0   0.00   0.00      0   0.00    1.1  0.267    0.0  0.000      0      0      0      0      0
09/06/1990   7981     12   7969      0      0   4246      0     88      0      0      0      0      0   0.00   0.00      0   0.00    1.0  0.267    0.0  0.000      0      0      0      0      0
09/07/1990   8228     12   8216      0      0   4087      0      0      0      0      0      0      0   0.00   0.00      0   0.00    1.0  0.266    0.0  0.000      0      0      0      0      0
09/08/1990   8502     12   8490      0      0   3813      0      0      0      0      0      0      0   0.00   0.00      0   0.00    0.9  0.264    0.0  0.000      0      0      0      0      0
09/09/1990   8817     12   8805      0      0   3498      0      0      0      0      0      0      0   0.00   0.00      0   0.00    0.9  0.263    0.0  0.000      0      0      0      0      0
09/10/1990   9190     12   9178      0      0   3125      0      0      0      0      0      0      0   0.00   0.00      0   0.00    0.8  0.260    0.0  0.000      0      0      0      0      0
09/11/1990   9598     12   9586      0      0   2717      0      0      0      0      0      0      0   0.00   0.00      0   0.00    0.7  0.258    0.0  0.000      0      0      0      0      0
09/12/1990  10046     12   9358    676      0   2269      0      0      0      0      0      0      0   0.00   0.00      0   0.00    0.7  0.257    0.0  0.000      0      0      0      0      0
09/13/1990  10517     12   9154   1351      0   1798      0      0      0    249      0      0      0   0.00   0.00      0   0.00    0.7  0.257    0.0  0.000      0      0      0      0      0
09/14/1990  10913     12   8876   2025      0   1402      0      0      0    633      0      0      0   0.00   0.00      0   0.00    0.7  0.246    0.0  0.000      0      0      0      0      0
09/15/1990  11244     10   8678   2556      0   1069      0      0      0   1126      0      0      0   0.00   0.00      0   0.00    0.8  0.228    0.0  0.000      0      0      0      0      0
09/16/1990  11549      9   8311   3229      0    763      0    249      1   1441      0      0      0   0.00   0.00      0   0.00    0.8  0.203    0.0  0.000      0      0      0      0      0
09/17/1990  11824      8   7890   3926      0    487      0    633      3   1711      0      0      0   0.00   0.00      0   0.00    1.0  0.177    0.0  0.000      0      0      0      0      0
09/18/1990  12052      7   7422   4623      0    258      0   1126      7   1926      0      0      0   0.00   0.00      0   0.00    1.1  0.152    0.0  0.000      0      0      0      0      0
09/19/1990  12221      6   6895   5320      0     88      1   1690     11   2118      0      0      0   0.00   0.00      0   0.00    1.3  0.129    0.0  0.000      0      0      0      0      0
09/20/1990  11632      5   6289   5338      0      0      3   2344     16   2317      0      0      0   0.00   0.00      0   0.00    1.5  0.112    0.0  0.000      0      0      0      0      0
09/21/1990  10956      4   5594   5358      0    249      7   2803     19   2470      0      0      0   0.00   0.00      0   0.00    1.7  0.099    0.0  0.000      0      0      0      0      0
09/22/1990  10281      3   4899   5379      0    633     12   3175     20   2525      0      0      0   0.00   0.00      0   0.00    1.9  0.089    0.0  0.000      0      0      0      0      0
09/23/1990   9749      2   4844   4903      0   1126     19   3535     19   2437      0      0      0   0.00   0.00      0   0.00    2.1  0.081    0.0  0.000      0      0      0      0      0
09/24/1990   9075      1   4771   4303      0   1690     26   3832     17   2351      0      0      0   0.00   0.00      0   0.00    2.3  0.076    0.0  0.000      0      0      0      0      0
09/25/1990   8377      0   4667   3710      0   2344     32   3989     16   2262      0      0      0   0.00   0.00      0   0.00    2.4  0.072    0.0  0.000      0      0      0      0      0
09/26/1990   7680      0   4526   3154      1   3052     37   4046     13   2167      0      0      0   0.00   0.00      0   0.00    2.5  0.069    0.0  0.000      0      0      0      0      0
09/27/1990   6983      0   4334   2649      3   3808     40   4065     10   2010      0      0      0   0.00   0.00      0   0.00    2.6  0.067    0.0  0.000      0      0      0      0      0
09/28/1990   6289      0   4087   2202      7   4661     41   3934      6   1864      0      0      0   0.00   0.00      0   0.00    2.6  0.065    0.0  0.000      0      0      0      0      0
09/29/1990   5594      0   3813   1781     12   5522     39   3743      3   1737      0      0      0   0.00   0.00      0   0.00    2.7  0.064    0.0  0.000      0      0      0      0      0
09/30/1990   4899      0   3498   1401     19   6333     34   3550      1   1610      0      0      0   0.00   0.00      0   0.00    2.7  0.063    0.0  0.000      0      0      0      0      0
10/01/1990   4844      0   3125   1719     26   7098     28   3361      0   1458      0      0      0   0.00   0.00      0   0.00    2.8  0.062    0.0  0.000      0      0      0      0      0
10/02/1990   4771      0   2717   2054     32   7873     22   3129      0   1367      0      0      0   0.00   0.00      0   0.00    2.8  0.061    0.0  0.000      0      0      0      0      0
10/03/1990   4667      0   2269   2398     38   8595     16   2898      0   1385      0      0      0   0.00   0.00      0   0.00    2.9  0.059    0.0  0.000      0      0      0      0      0
10/04/1990   4775      0   2047   2728     43   9016     11   2652      1   1563      0      0      0   0.00   0.00      0   0.00    3.0  0.057    0.0  0.000      0      0      0      0      0
10/05/1990   4967      0   2035   2932     48   9250      6   2486      2   1707      0      0      0   0.00   0.00      0   0.00    3.1  0.055    0.0  0.000      0      0      0      0      0
10/06/1990   5213      0   2195   3018     51   9333      3   2419      3   1764      0      0      0   0.00   0.00      0   0.00    3.3  0.053    0.0  0.000      0      0      0      0      0
10/07/1990   5503      0   2453   3050     53   9312      2   2478      3   1694      0      0      0   0.00   0.00      0   0.00    3.4  0.051    0.0  0.000      0      0      0      0      0
10/08/1990   5842      0   2831   3011     54   9149      2   2583      4   1642      0      0      0   0.00   0.00      0   0.00    3.5  0.049    0.0  0.000      0      0      0      0      0
10/09/1990   6177      0   3310   2867     54   8865      3   2725      5   1652      0      0      0   0.00   0.00      0   0.00    3.6  0.048    0.0  0.000      0      0      0      0      0
10/10/1990   6526      1   3896   2629     53   8561      4   2805      5   1668      0      0      0   0.00   0.00      0   0.00    3.7  0.046    0.0  0.000      0      0      0      0      0
10/11/1990   6933      3   4661   2269     51   8217      6   2840      4   1648      0      0      0   0.00   0.00      0   0.00    3.8  0.045    0.0  0.000      0      0      0      0      0
10/12/1990   7327      7   5522   1798     47   7958      8   2814      2   1561      0      0      0   0.00   0.00      0   0.00    3.8  0.045    0.0  0.000      0      0      0      0      0
10/13/1990   7747     12   6333   1402     42   7743      9   2766      1   1432      0      0      0   0.00   0.00      0   0.00    3.9  0.045    0.0  0.000      0      0      0      0      0
10/14/1990   8186     19   7098   1069     36   7544      9   2724      0   1270      0      0      0   0.00   0.00      0   0.00    3.9  0.044    0.0  0.000      0      0      0      0      0
10/15/1990   8662     26   7873    763     30   7301      8   2681      0   1085      0      0      0   0.00   0.00      0   0.00    3.9  0.044    0.0  0.000      0      0      0      0      0
10/16/1990   9114     32   8595    487     25   7123      7   2556      0    898      0      0      0   0.00   0.00      0   0.00    3.8  0.044    0.0  0.000      0      0      0      0      0
10/17/1990   9561     38   9265    258     20   7029      6   2342      0    698      0      0      0   0.00   0.00      0   0.00    3.8  0.044    0.0  0.000      0      0      0      0      0
10/18/1990  10014     43   9883     88     17   6959      4   2098      0    489      0      0      0   0.00   0.00      0   0.00    3.7  0.044    0.0  0.000      0      0      0      0      0
10/19/1990  10507     48  10459      0     14   6907      2   1806      0    287      0      0      0   0.00   0.00      0   0.00    3.7  0.044    0.0  0.000      0      0      0      0      0
10/20/1990  11053     51  11002      0     12   6853      1   1479      0    125      0      0      0   0.00   0.00      0   0.00    3.6  0.044    0.0  0.000      0      0      0      0      0
10/21/1990  11546     53  11493      0     11   6781      0   1155      0     30      0      0      0   0.00   0.00      0   0.00    3.5  0.044    0.0  0.000      0      0      0      0      0
10/22/1990  11971     54  11917      0     10   6719      0    823      0      0      0      0      0   0.00   0.00      0   0.00    3.4  0.044    0.0  0.000      0      0      0      0      0
10/23/1990  12423     54  12369      0     10   6571      0    519      0      0      0      0      0   0.00   0.00      0   0.00    3.3  0.044    0.0  0.000      0      0      0      0      0
10/24/1990  12932     54  12878      0     10   6294      0    287      0      0      0      0      0   0.00   0.00      0   0.00    3.3  0.044    0.0  0.000      0      0      0      0      0
10/25/1990  13534     54  13231    249     10   5854      0    125      0      0      0      0      0   0.00   0.00      0   0.00    3.2  0.044    0.0  0.000      0      0      0      0      0
10/26/1990  14130     54  13443    633     10   5353      0     30      0     85      0      0      0   0.00   0.00      0   0.00    3.1  0.044    0.0  0.000      0      0      0      0      0
10/27/1990  14696     54  13516   1126     10   4817      0      0      0    280      0      0      0   0.00   0.00      0   0.00    3.1  0.044    0.0  0.000      0      0      0      0      0
10/28/1990  15229     55  13484   1690      9   4285      0      0      0    569      0      0      0   0.00   0.00      0   0.00    3.0  0.044    0.0  0.000      0      0      0      0      0
10/29/1990  15774     56  13374   2344      8   3741      0     85      0    858      0      0      0   0.00   0.00      0   0.00    3.1  0.044    0.0  0.000      0      0      0      0      0
10/30/1990  16351     57  13242   3052      7   3165      0    280      0   1084      0      0      0   0.00   0.00      0   0.00    3.1  0.043    0.0  0.000      0      0      0      0      0
10/31/1990  16899     57  13034   3808      6   2617      0    569      1   1262      0      0      0   0.00   0.00      0   0.00    3.2  0.042    0.0  0.000      0      0      0      0      0
11/01/1990  17415     57  12705   4653      4   2093      0    943      3   1315      0      0      0   0.00   0.00      0   0.00    3.3  0.041    0.0  0.000      0      0      0      0      0
11/02/1990  17646     55  12333   5258      2   1604      0   1364      6   1330      0      0      0   0.00   0.00      0   0.00    3.5  0.039    0.0  0.000      0      0      0      0      0
11/03/1990  17671     51  11941   5679      1   1270      1   1746      9   1353      0      0      0   0.00   0.00      0   0.00    3.6  0.037    0.0  0.000      0      0      0      0      0
11/04/1990  17529     45  11538   5946      0   1103      3   1978     12   1487      0      0      0   0.00   0.00      0   0.00    3.8  0.035    0.0  0.000      0      0      0      0      0
11/05/1990  17258     38  11067   6153      0   1088      6   2125     14   1640      0      0      0   0.00   0.00      0   0.00    4.0  0.033    0.0  0.000      0      0      0      0      0
11/06/1990  16827     32  10577   6218      0   1230     10   2241     15   1652      0      0      0   0.00   0.00      0   0.00    4.2  0.032    0.0  0.000      0      0      0      0      0
11/07/1990  16273     26  10069   6178      0   1489     15   2381     15   1588      0      0      0   0.00   0.00      0   0.00    4.4  0.030    0.0  0.000      0      0      0      0      0
11/08/1990  15606     21   9546   6039      0   1861     20   2503     15   1563      0      0      0   0.00   0.00      0   0.00    4.6  0.029    0.0  0.000      0      0      0      0      0
11/09/1990  14778     16   9000   5762      0   2258     25   2578     15   1648      0      0      0   0.00   0.00      0   0.00    4.8  0.028    0.0  0.000      0      0      0      0      0
11/10/1990  13914     13   8457   5444      1   2694     29   2639     15   1740      0      0      0   0.00   0.00      0   0.00    5.0  0.027    0.0  0.000      0      0      0      0      0
11/11/1990  13101     11   7966   5124      3   3184     32   2713     15   1772      0      0      0   0.00   0.00      0   0.00    5.2  0.026    0.0  0.000      0      0      0      0      0
11/12/1990  12335     10   7542   4783      6   3745     34   2739     15   1793      0      0      0   0.00   0.00      0   0.00    5.3  0.025    0.0  0.000      0      0      0      0      0
11/13/1990  11560     10   7090   4460     10   4334     35   2739     14   1814      0      0      0   0.00   0.00      0   0.00    5.5  0.025    0.0  0.000      0      0      0      0      0
11/14/1990  10838     10   6581   4247     15   4836     35   2833     12   1729      0      0      0   0.00   0.00      0   0.00    5.6  0.024    0.0  0.000      0      0      0      0      0
11/15/1990  10168     10   5979   4179     20   5333     35   2944     10   1596      0      0      0   0.00   0.00      0   0.00    5.8  0.023    0.0  0.000      0      0      0      0      0
11/16/1990   9635     10   5468   4157     25   5812     34   2990      9   1505      0      0      0   0.00   0.00      0   0.00    5.9  0.023    0.0  0.000      0      0      0      0      0
11/17/1990   9254     10   5097   4147     30   6204     32   2914      9   1537      0      0      0   0.00   0.00      0   0.00    6.0  0.022    0.0  0.000      0      0      0      0      0
11/18/1990   8999      9   4854   4136     35   6504     30   2800      9   1567      0      0      0   0.00   0.00      0   0.00    6.2  0.022    0.0  0.000      0      0      0      0      0
11/19/1990   8881      8   4684   4189     40   6726     28   2723      9   1563      0      0      0   0.00   0.00      0   0.00    6.3  0.021    0.0  0.000      0      0      0      0      0
11/20/1990   9293      7   4529   4757     45   6913     26   2658      8   1402      0      0      0   0.00   0.00      0   0.00    6.5  0.021    0.0  0.000      0      0      0      0      0
11/21/1990   9336      6   4448   4882     50   7056     24   2553      7   1252      0      0      0   0.00   0.00      0   0.00    6.7  0.020    0.0  0.000      0      0      0      0      0
11/22/1990   8809      4   4351   4454     55   7140     22   2557      6   1122      0      0      0   0.00   0.00      0   0.00    6.9  0.020    0.0  0.000      0      0      0      0      0
11/23/1990   8641      2   4298   4341     59   7179     20   2464      6   1113      0      0      0   0.00   0.00      0   0.00    7.1  0.019    0.0  0.000      0      0      0      0      0
11/24/1990   8535      2   4369   4164     61   7208     19   2300      6   1132      0      0      0   0.00   0.00      0   0.00    7.2  0.019    0.0  0.000      0      0      0      0      0
11/25/1990   9089      3   4568   4518     62   7190     18   2142      6   1157      0      0      0   0.00   0.00      0   0.00    7.2  0.019    0.0  0.000      0      0      0      0      0
11/26/1990   9673      6   4853   4814     62   7106     17   2010      5   1072      0      0      0   0.00   0.00      0   0.00    7.2  0.019    0.0  0.000      0      0      0      0      0
11/27/1990  10171     10   5123   5038     61   7119     16   1869      4    963      0      0      0   0.00   0.00      0   0.00    7.1  0.019    0.0  0.000      0      0      0      0      0
11/28/1990  10665     15   5458   5192     59   7004     15   1897      4    870      0      0      0   0.00   0.00      0   0.00    7.3  0.018    0.0  0.000      0      0      0      0      0
11/29/1990  10151     20   5927   4204     57   6795     13   1830      5    960      0      0      0   0.00   0.00      0   0.00    7.5  0.018    0.0  0.000      0      0      0      0      0
11/30/1990  10202     25   6484   3693     54   6593     12   1710      6   1046      0      0      0   0.00   0.00      0   0.00    7.6  0.017    0.0  0.000      0      0      0      0      0
12/01/1990  10788     30   7073   3685     51   6377     12   1654      5   1002      0      0      0   0.00   0.00      0   0.00    7.7  0.017    0.0  0.000      0      0      0      0      0
12/02/1990  11381     35   7669   3677     48   6155     12   1658      3    856      0      0      0   0.00   0.00      0   0.00    7.7  0.017    0.0  0.000      0      0      0      0      0
12/03/1990  11423     40   8277   3106     45   5957     12   1599      1    768      0      0      0   0.00   0.00      0   0.00    7.8  0.017    0.0  0.000      0      0      0      0      0
12/04/1990  11496     45   8887   2564     42   5635     11   1584      0    761      0      0      0   0.00   0.00      0   0.00    7.8  0.017    0.0  0.000      0      0      0      0      0
12/05/1990  12006     50   9398   2558     39   5389      9   1551      0    724      0      0      0   0.00   0.00      0   0.00    7.8  0.017    0.0  0.000      0      0      0      0      0
12/06/1990  11971     55   9873   2043     35   5231      8   1497      0    695      0      0      0   0.00   0.00      0   0.00    7.8  0.017    0.0  0.000      0      0      0      0      0
12/07/1990  10711     59  10307    345     32   5090      7   1385      0    651      0      0      0   0.00   0.00      0   0.00    7.7  0.017    0.0  0.000      0      0      0      0      0
12/08/1990  11100     62  10655    383     31   4898      5   1229      0    514      0      0      0   0.00   0.00      0   0.00    7.7  0.017    0.0  0.000      0      0      0      0      0
12/09/1990  11519     65  10871    583     30   4666      3   1190      0    346      0      0      0   0.00   0.00      0   0.00    7.6  0.017    0.0  0.000      0      0      0      0      0
12/10/1990  12013     68  11012    933     29   4383      1   1180      0    247      0      0      0   0.00   0.00      0   0.00    7.6  0.017    0.0  0.000      0      0      0      0      0
12/11/1990  12393     71  10973   1349     27   4264      0    975      0    364      0      0      0   0.00   0.00      0   0.00    7.6  0.017    0.0  0.000      0      0      0      0      0
12/12/1990  12746     74  10861   1811     24   4175      0    775      0    505      0      0      0   0.00   0.00      0   0.00    7.5  0.017    0.0  0.000      0      0      0      0      0
12/13/1990  13129     77  10819   2233     21   3985      0    703      0    601      0      0      0   0.00   0.00      0   0.00    7.5  0.017    0.0  0.000      0      0      0      0      0
12/14/1990  13499     79  10756   2664     19   3846      0    644      0    539      0      0      0   0.00   0.00      0   0.00    7.5  0.017    0.0  0.000      0      0      0      0      0
12/15/1990  13868     80  10640   3148     17   3694      0    629      0    491      0      0      0   0.00   0.00      0   0.00    7.4  0.017    0.0  0.000      0      0      0      0      0
12/16/1990  14272     80  10489   3703     15   3342      0    790      0    430      0      0      0   0.00   0.00      0   0.00    7.3  0.017    0.0  0.000      0      0      0      0      0
12/17/1990  14553     79  10188   4286     13   3120      0    837      0    514      0      0      0   0.00   0.00      0   0.00    7.2  0.017    0.0  0.000      0      0      0      0      0
12/18/1990  14809     77   9951   4781     11   2978      0    873      1    593      0      0      0   0.00   0.00      0   0.00    7.2  0.017    0.0  0.000      0      0      0      0      0
12/19/1990  15116     74   9771   5271      9   2836      0    856      2    653      0      0      0   0.00   0.00      0   0.00    7.1  0.017    0.0  0.000      0      0      0      0      0
12/20/1990  15483     70   9585   5828      8   2665      0    846      2    533      0      0      0   0.00   0.00      0   0.00    7.0  0.017    0.0  0.000      0      0      0      0      0
12/21/1990  15822     66   9349   6407      7   2533      1    865      1    295      0      0      0   0.00   0.00      0   0.00    7.0  0.017    0.0  0.000      0      0      0      0      0
12/22/1990  16084     63   9033   6988      5   2373      2    970      0     77      0      0      0   0.00   0.00      0   0.00    6.9  0.017    0.0  0.000      0      0      0      0      0
12/23/1990  16304     60   8669   7575      3   2300      2    888      0      0      0      0      0   0.00   0.00      0   0.00    6.8  0.017    0.0  0.000      0      0      0      0      0
12/24/1990  16555     57   8324   8174      1   2195      2    730      0      0      0      0      0   0.00   0.00      0   0.00    6.8  0.017    0.0  0.000      0      0      0      0      0
12/25/1990  16808     53   7980   8775      0   2126      2    533      0     53      0      0      0   0.00   0.00      0   0.00    6.7  0.017    0.0  0.000      0      0      0      0      0
12/26/1990  16988     48   7664   9276      0   2169      2    295      0    183      0      0      0   0.00   0.00      0   0.00    6.7  0.017    0.0  0.000      0      0      0      0      0
12/27/1990  17207     43   7423   9741      0   2153      2     77      1    367      0      0      0   0.00   0.00      0   0.00    6.6  0.017    0.0  0.000      0      0      0      0      0
12/28/1990  17415     39   7126  10250      1   2008      1     53      3    529      0      0      0   0.00   0.00      0   0.00    6.6  0.017    0.0  0.000      0      0      0      0      0
12/29/1990  17459     36   6641  10782      2   1950      0    183      3    494      0      0      0   0.00   0.00      0   0.00    6.5  0.017    0.0  0.000      0      0      0      0      0
12/30/1990  17511     33   6202  11276      2   1884      1    367      3    474      0      0      0   0.00   0.00      0   0.00    6.5  0.017    0.0  0.000      0      0      0      0      0
12/31/1990  17620     30   5810  11780      2   1761      3    582      3    431      0      0      0   0.00   0.00      0   0.00    6.4  0.017    0.0  0.000      0      0      0      0      0
