Varroa Population Simulation - Nov 24,2015  04:09:24 PM
VarroaPop Version 3.2.5.8  June, 2015

                                        Capped  Capped                                                                      Prop           Conc          Conc                                     
            Colony  Adult  Adult         Drone   Wkr    Drone  Wkr    Drone  Wkr  Free   DBrood WBrood DMite  WMite  Mites  Mites  Colony Pollen Colony Nectar   Dead   Dead   Dead   Dead   Dead
     Date   Size   Drones   Wkr   Forgrs Brood  Brood   Larv   Larv    Eggs  Eggs Mites  Mites  Mites  /Cell  /Cell  Dying  Dying  Pollen  Pest  Nectar  Pest    DLarv  WLarv  DAdlt  WAdlt  Forgrs
Initial     10000      0   7224   2776      0      0      0      0      0      0      0      0      0   0.00   0.00      0   0.00    0.0  0.000    0.0  0.000      0      0      0      0      0
05/01/1990   9656      0   6880   2776      0      0      0      0      0    356      0      0      0   0.00   0.00      0   0.00    0.1  0.000    0.0  0.000      0      0      0      0      0
05/02/1990   9312      0   6536   2776      0      0      0      0      0    740      0      0      0   0.00   0.00      0   0.00    0.2  0.000    0.0  0.000      0      0      0      0      0
05/03/1990   8968      0   6192   2776      0      0      0      0      0   1158      0      0      0   0.00   0.00      0   0.00    0.2  0.000    0.0  0.000      0      0      0      0      0
05/04/1990   8624      0   5848   2776      0      0      0    356      1   1235      0      0      0   0.00   0.00      0   0.00    0.3  0.000    0.0  0.000      0      0      0      0      0
05/05/1990   8280      0   5504   2776      0      0      0    740      2   1293      0      0      0   0.00   0.00      0   0.00    0.4  0.000    0.0  0.000      0      0      0      0      0
05/06/1990   7936      0   5160   2776      0      0      0   1158      3   1309      0      0      0   0.00   0.00      0   0.00    0.5  0.000    0.0  0.000      0      0      0      0      0
05/07/1990   7592      0   4816   2776      0      0      1   1591      2   1279      0      0      0   0.00   0.00      0   0.00    0.6  0.000    0.0  0.000      0      0      0      0      0
05/08/1990   7224      0   4472   2752      0      0      2   2033      1   1233      0      0      0   0.00   0.00      0   0.00    0.7  0.000    0.0  0.000      0      0      0      0      0
05/09/1990   6880      0   4128   2752      0    356      3   2111      0   1164      0      0      0   0.00   0.00      0   0.00    0.8  0.000    0.0  0.000      0      0      0      0      0
05/10/1990   6536      0   3784   2752      0    740      3   2130      0   1074      0      0      0   0.00   0.00      0   0.00    0.9  0.000    0.0  0.000      0      0      0      0      0
05/11/1990   6192      0   3440   2752      0   1158      3   2108      0   1024      0      0      0   0.00   0.00      0   0.00    0.9  0.000    0.0  0.000      0      0      0      0      0
05/12/1990   5848      0   3096   2752      0   1591      3   2040      0   1018      0      0      0   0.00   0.00      0   0.00    1.0  0.000    0.0  0.000      0      0      0      0      0
05/13/1990   5504      0   2752   2752      0   2033      3   1911      0   1070      0      0      0   0.00   0.00      0   0.00    1.1  0.000    0.0  0.000      0      0      0      0      0
05/14/1990   5160      0   2408   2752      1   2467      2   1823      0   1087      0      0      0   0.00   0.00      0   0.00    1.2  0.000    0.0  0.000      0      0      0      0      0
05/15/1990   4816      0   2064   2752      2   2870      1   1779      0   1077      0      0      0   0.00   0.00      0   0.00    1.3  0.000    0.0  0.000      0      0      0      0      0
05/16/1990   4472      0   1720   2752      3   3266      0   1748      0   1103      0      0      0   0.00   0.00      0   0.00    1.5  0.000    0.0  0.000      0      0      0      0      0
05/17/1990   4128      0   1376   2752      3   3631      0   1746      0   1105      0      0      0   0.00   0.00      0   0.00    1.6  0.000    0.0  0.000      0      0      0      0      0
05/18/1990   3784      0   1032   2752      3   3944      0   1782      0   1083      0      0      0   0.00   0.00      0   0.00    1.7  0.000    0.0  0.000      0      0      0      0      0
05/19/1990   3440      0    688   2752      3   4290      0   1827      0   1009      0      0      0   0.00   0.00      0   0.00    1.8  0.000    0.0  0.000      0      0      0      0      0
05/20/1990   3096      0    344   2752      3   4649      0   1833      0   1005      0      0      0   0.00   0.00      0   0.00    1.9  0.000    0.0  0.000      0      0      0      0      0
05/21/1990   2752      0      0   2752      3   5014      0   1795      0   1055      0      0      0   0.00   0.00      0   0.00    2.0  0.000    0.0  0.000      0      0      0      0      0
05/22/1990   2764      0    356   2408      3   5021      0   1749      0   1123      0      0      0   0.00   0.00      0   0.00    2.2  0.000    0.0  0.000      0      0      0      0      0
05/23/1990   3148      0    740   2408      3   4986      0   1761      0   1057      0      0      0   0.00   0.00      0   0.00    2.1  0.000    0.0  0.000      0      0      0      0      0
05/24/1990   3222      0   1158   2064      3   4959      0   1747      0    974      0      0      0   0.00   0.00      0   0.00    2.2  0.000    0.0  0.000      0      0      0      0      0
05/25/1990   3311      0   1591   1720      3   4891      0   1767      0    891      0      0      0   0.00   0.00      0   0.00    2.3  0.000    0.0  0.000      0      0      0      0      0
05/26/1990   3409      0   2033   1376      3   4776      0   1735      0    871      0      0      0   0.00   0.00      0   0.00    2.4  0.000    0.0  0.000      0      0      0      0      0
05/27/1990   3843      0   2467   1376      3   4659      0   1712      0    786      0      0      0   0.00   0.00      0   0.00    2.3  0.000    0.0  0.000      0      0      0      0      0
05/28/1990   4247      1   2870   1376      2   4617      0   1653      0    690      0      0      0   0.00   0.00      0   0.00    2.3  0.000    0.0  0.000      0      0      0      0      0
05/29/1990   4300      2   3266   1032      1   4598      0   1551      0    636      0      0      0   0.00   0.00      0   0.00    2.3  0.000    0.0  0.000      0      0      0      0      0
05/30/1990   4322      3   3631    688      0   4618      0   1375      0    612      0      0      0   0.00   0.00      0   0.00    2.4  0.000    0.0  0.000      0      0      0      0      0
05/31/1990   4291      3   3944    344      0   4600      0   1286      0    536      0      0      0   0.00   0.00      0   0.00    2.4  0.000    0.0  0.000      0      0      0      0      0
06/01/1990   4293      3   4290      0      0   4548      0   1213      0    390      0      0      0   0.00   0.00      0   0.00    2.3  0.000    0.0  0.000      0      0      0      0      0
06/02/1990   4652      3   4649      0      0   4491      0   1096      0    205      0      0      0   0.00   0.00      0   0.00    2.3  0.000    0.0  0.000      0      0      0      0      0
06/03/1990   5017      3   5014      0      0   4401      0    951      0     75      0      0      0   0.00   0.00      0   0.00    2.3  0.000    0.0  0.000      0      0      0      0      0
06/04/1990   5380      3   5377      0      0   4247      0    817      0      0      0      0      0   0.00   0.00      0   0.00    2.2  0.000    0.0  0.000      0      0      0      0      0
06/05/1990   5729      3   5726      0      0   4104      0    611      0      0      0      0      0   0.00   0.00      0   0.00    2.2  0.000    0.0  0.000      0      0      0      0      0
06/06/1990   6120      3   6117      0      0   3934      0    390      0      0      0      0      0   0.00   0.00      0   0.00    2.2  0.000    0.0  0.000      0      0      0      0      0
06/07/1990   6485      3   6482      0      0   3754      0    205      0      0      0      0      0   0.00   0.00      0   0.00    2.1  0.000    0.0  0.000      0      0      0      0      0
06/08/1990   6812      3   6809      0      0   3557      0     75      0      0      0      0      0   0.00   0.00      0   0.00    2.1  0.000    0.0  0.000      0      0      0      0      0
06/09/1990   7129      3   7126      0      0   3315      0      0      0      0      0      0      0   0.00   0.00      0   0.00    2.0  0.000    0.0  0.000      0      0      0      0      0
06/10/1990   7490      3   7487      0      0   2954      0      0      0      0      0      0      0   0.00   0.00      0   0.00    2.0  0.000    0.0  0.000      0      0      0      0      0
06/11/1990   7867      3   7864      0      0   2577      0      0      0      0      0      0      0   0.00   0.00      0   0.00    1.9  0.000    0.0  0.000      0      0      0      0      0
06/12/1990   8252      3   7893    356      0   2192      0      0      0      0      0      0      0   0.00   0.00      0   0.00    1.9  0.000    0.0  0.000      0      0      0      0      0
06/13/1990   8547      3   7804    740      0   1897      0      0      0     85      0      0      0   0.00   0.00      0   0.00    1.9  0.000    0.0  0.000      0      0      0      0      0
06/14/1990   8841      3   7680   1158      0   1603      0      0      0    233      0      0      0   0.00   0.00      0   0.00    1.9  0.000    0.0  0.000      0      0      0      0      0
06/15/1990   9143      3   7549   1591      0   1301      0      0      0    447      0      0      0   0.00   0.00      0   0.00    1.9  0.000    0.0  0.000      0      0      0      0      0
06/16/1990   9418      3   7382   2033      0   1026      0     85      0    646      0      0      0   0.00   0.00      0   0.00    1.9  0.000    0.0  0.000      0      0      0      0      0
06/17/1990   9627      3   7157   2467      0    817      0    233      0    848      0      0      0   0.00   0.00      0   0.00    2.0  0.000    0.0  0.000      0      0      0      0      0
06/18/1990   9832      2   6960   2870      0    611      0    447      0   1007      0      0      0   0.00   0.00      0   0.00    2.1  0.000    0.0  0.000      0      0      0      0      0
06/19/1990  10052      1   6785   3266      0    390      0    731      1   1159      0      0      0   0.00   0.00      0   0.00    2.2  0.000    0.0  0.000      0      0      0      0      0
06/20/1990   9880      0   6605   3275      0    205      0   1081      3   1313      0      0      0   0.00   0.00      0   0.00    2.3  0.000    0.0  0.000      0      0      0      0      0
06/21/1990   9626      0   6422   3204      0    160      0   1369      5   1446      0      0      0   0.00   0.00      0   0.00    2.4  0.000    0.0  0.000      0      0      0      0      0
06/22/1990   9283      0   6151   3132      0    233      1   1657      5   1478      0      0      0   0.00   0.00      0   0.00    2.5  0.000    0.0  0.000      0      0      0      0      0
06/23/1990   8850      0   5792   3058      0    447      3   1947      4   1434      0      0      0   0.00   0.00      0   0.00    2.6  0.000    0.0  0.000      0      0      0      0      0
06/24/1990   8408      0   5427   2981      0    731      5   2169      3   1392      0      0      0   0.00   0.00      0   0.00    2.6  0.000    0.0  0.000      0      0      0      0      0
06/25/1990   7974      0   5064   2910      0   1081      6   2287      3   1380      0      0      0   0.00   0.00      0   0.00    2.7  0.000    0.0  0.000      0      0      0      0      0
06/26/1990   7571      0   4715   2856      0   1454      7   2374      3   1375      0      0      0   0.00   0.00      0   0.00    2.8  0.000    0.0  0.000      0      0      0      0      0
06/27/1990   7175      0   4324   2851      0   1890      8   2402      3   1353      0      0      0   0.00   0.00      0   0.00    2.9  0.000    0.0  0.000      0      0      0      0      0
06/28/1990   6810      0   3959   2851      0   2394      9   2354      3   1332      0      0      0   0.00   0.00      0   0.00    3.0  0.000    0.0  0.000      0      0      0      0      0
06/29/1990   6497      0   3632   2865      1   2900      9   2303      3   1335      0      0      0   0.00   0.00      0   0.00    3.1  0.000    0.0  0.000      0      0      0      0      0
06/30/1990   6151      0   3315   2836      3   3368      8   2277      3   1355      0      0      0   0.00   0.00      0   0.00    3.2  0.000    0.0  0.000      0      0      0      0      0
07/01/1990   5792      0   2954   2838      5   3828      7   2252      3   1378      0      0      0   0.00   0.00      0   0.00    3.3  0.000    0.0  0.000      0      0      0      0      0
07/02/1990   5427      0   2577   2850      6   4292      7   2246      3   1360      0      0      0   0.00   0.00      0   0.00    3.4  0.000    0.0  0.000      0      0      0      0      0
07/03/1990   5064      0   2192   2872      7   4748      7   2252      3   1335      0      0      0   0.00   0.00      0   0.00    3.5  0.000    0.0  0.000      0      0      0      0      0
07/04/1990   4800      0   1982   2818      8   5118      7   2255      3   1301      0      0      0   0.00   0.00      0   0.00    3.6  0.000    0.0  0.000      0      0      0      0      0
07/05/1990   4557      0   1836   2721      9   5412      7   2253      3   1286      0      0      0   0.00   0.00      0   0.00    3.7  0.000    0.0  0.000      0      0      0      0      0
07/06/1990   4406      0   1748   2658     10   5633      7   2255      2   1268      0      0      0   0.00   0.00      0   0.00    3.9  0.000    0.0  0.000      0      0      0      0      0
07/07/1990   4363      0   1757   2606     11   5807      7   2221      1   1269      0      0      0   0.00   0.00      0   0.00    4.0  0.000    0.0  0.000      0      0      0      0      0
07/08/1990   4396      0   1898   2498     12   5919      7   2184      0   1269      0      0      0   0.00   0.00      0   0.00    4.1  0.000    0.0  0.000      0      0      0      0      0
07/09/1990   4408      0   2065   2343     13   6004      6   2145      0   1270      0      0      0   0.00   0.00      0   0.00    4.1  0.000    0.0  0.000      0      0      0      0      0
07/10/1990   4467      0   2280   2187     14   6008      5   2130      0   1264      0      0      0   0.00   0.00      0   0.00    4.2  0.000    0.0  0.000      0      0      0      0      0
07/11/1990   4586      0   2599   1987     15   5941      4   2118      0   1247      0      0      0   0.00   0.00      0   0.00    4.3  0.000    0.0  0.000      0      0      0      0      0
07/12/1990   4797      0   2975   1822     16   5859      3   2114      0   1214      0      0      0   0.00   0.00      0   0.00    4.4  0.000    0.0  0.000      0      0      0      0      0
07/13/1990   4972      1   3368   1603     16   5816      2   2108      0   1162      0      0      0   0.00   0.00      0   0.00    4.4  0.000    0.0  0.000      0      0      0      0      0
07/14/1990   5132      3   3828   1301     15   5775      1   2097      0   1092      0      0      0   0.00   0.00      0   0.00    4.5  0.000    0.0  0.000      0      0      0      0      0
07/15/1990   5323      5   4292   1026     14   5736      0   2059      0    999      0      0      0   0.00   0.00      0   0.00    4.5  0.000    0.0  0.000      0      0      0      0      0
07/16/1990   5571      6   4748    817     13   5705      0   2001      0    875      0      0      0   0.00   0.00      0   0.00    4.5  0.000    0.0  0.000      0      0      0      0      0
07/17/1990   5821      7   5203    611     12   5670      0   1919      0    741      0      0      0   0.00   0.00      0   0.00    4.5  0.000    0.0  0.000      0      0      0      0      0
07/18/1990   6043      8   5645    390     11   5647      0   1794      0    612      0      0      0   0.00   0.00      0   0.00    4.5  0.000    0.0  0.000      0      0      0      0      0
07/19/1990   6294      9   6080    205     10   5620      0   1629      0    484      0      0      0   0.00   0.00      0   0.00    4.4  0.000    0.0  0.000      0      0      0      0      0
07/20/1990   6623     10   6538     75      9   5549      0   1446      0    345      0      0      0   0.00   0.00      0   0.00    4.4  0.000    0.0  0.000      0      0      0      0      0
07/21/1990   7011     11   7000      0      8   5454      0   1244      0    205      0      0      0   0.00   0.00      0   0.00    4.4  0.000    0.0  0.000      0      0      0      0      0
07/22/1990   7470     12   7458      0      7   5334      0   1021      0     90      0      0      0   0.00   0.00      0   0.00    4.3  0.000    0.0  0.000      0      0      0      0      0
07/23/1990   7911     13   7898      0      6   5188      0    792      0     25      0      0      0   0.00   0.00      0   0.00    4.3  0.000    0.0  0.000      0      0      0      0      0
07/24/1990   8349     14   8335      0      5   4994      0    574      0      0      0      0      0   0.00   0.00      0   0.00    4.2  0.000    0.0  0.000      0      0      0      0      0
07/25/1990   8774     15   8674     85      4   4774      0    370      0      0      0      0      0   0.00   0.00      0   0.00    4.1  0.000    0.0  0.000      0      0      0      0      0
07/26/1990   9200     16   8951    233      3   4514      0    205      0     26      0      0      0   0.00   0.00      0   0.00    4.1  0.000    0.0  0.000      0      0      0      0      0
07/27/1990   9620     17   9156    447      2   4210      0     90      0     96      0      0      0   0.00   0.00      0   0.00    4.0  0.000    0.0  0.000      0      0      0      0      0
07/28/1990  10046     18   9297    731      1   3850      0     25      0    223      0      0      0   0.00   0.00      0   0.00    4.0  0.000    0.0  0.000      0      0      0      0      0
07/29/1990  10472     19   9372   1081      0   3450      0     26      0    386      0      0      0   0.00   0.00      0   0.00    4.0  0.000    0.0  0.000      0      0      0      0      0
07/30/1990  10892     19   9419   1454      0   3030      0     96      0    569      0      0      0   0.00   0.00      0   0.00    4.0  0.000    0.0  0.000      0      0      0      0      0
07/31/1990  11311     19   9402   1890      0   2611      0    223      0    750      0      0      0   0.00   0.00      0   0.00    4.0  0.000    0.0  0.000      0      0      0      0      0
08/01/1990  11719     19   9306   2394      0   2203      0    412      0    924      0      0      0   0.00   0.00      0   0.00    4.1  0.000    0.0  0.000      0      0      0      0      0
08/02/1990  12021     19   9187   2815      0   1816      0    665      0   1088      0      0      0   0.00   0.00      0   0.00    4.1  0.000    0.0  0.000      0      0      0      0      0
08/03/1990  12239     18   9086   3135      0   1475      0    947      1   1236      0      0      0   0.00   0.00      0   0.00    4.2  0.000    0.0  0.000      0      0      0      0      0
08/04/1990  12361     16   8964   3381      0   1207      0   1240      2   1360      0      0      0   0.00   0.00      0   0.00    4.3  0.000    0.0  0.000      0      0      0      0      0
08/05/1990  12369     14   8794   3561      0   1040      0   1530      4   1460      0      0      0   0.00   0.00      0   0.00    4.4  0.000    0.0  0.000      0      0      0      0      0
08/06/1990  12261     13   8581   3667      0    986      1   1797      5   1538      0      0      0   0.00   0.00      0   0.00    4.5  0.000    0.0  0.000      0      0      0      0      0
08/07/1990  12091     12   8330   3749      0   1035      2   2031      6   1593      0      0      0   0.00   0.00      0   0.00    4.6  0.000    0.0  0.000      0      0      0      0      0
08/08/1990  11819     11   8053   3755      0   1178      4   2240      7   1624      0      0      0   0.00   0.00      0   0.00    4.7  0.000    0.0  0.000      0      0      0      0      0
08/09/1990  11429     10   7733   3686      0   1426      6   2411      8   1638      0      0      0   0.00   0.00      0   0.00    4.8  0.000    0.0  0.000      0      0      0      0      0
08/10/1990  10987      9   7340   3638      0   1778      8   2536      8   1640      0      0      0   0.00   0.00      0   0.00    4.9  0.000    0.0  0.000      0      0      0      0      0
08/11/1990  10543      8   6903   3632      0   2209     11   2628      7   1632      0      0      0   0.00   0.00      0   0.00    5.1  0.000    0.0  0.000      0      0      0      0      0
08/12/1990  10082      7   6445   3630      0   2696     14   2689      6   1622      0      0      0   0.00   0.00      0   0.00    5.2  0.000    0.0  0.000      0      0      0      0      0
08/13/1990   9617      6   6005   3606      1   3213     15   2716      6   1603      0      0      0   0.00   0.00      0   0.00    5.3  0.000    0.0  0.000      0      0      0      0      0
08/14/1990   9160      5   5568   3587      2   3747     16   2722      6   1558      0      0      0   0.00   0.00      0   0.00    5.4  0.000    0.0  0.000      0      0      0      0      0
08/15/1990   8704      4   5144   3556      4   4289     16   2718      6   1479      0      0      0   0.00   0.00      0   0.00    5.5  0.000    0.0  0.000      0      0      0      0      0
08/16/1990   8287      3   4745   3539      6   4811     16   2695      6   1420      0      0      0   0.00   0.00      0   0.00    5.6  0.000    0.0  0.000      0      0      0      0      0
08/17/1990   7921      2   4396   3523      8   5289     16   2642      6   1399      0      0      0   0.00   0.00      0   0.00    5.8  0.000    0.0  0.000      0      0      0      0      0
08/18/1990   7589      1   4098   3490     11   5706     15   2557      6   1379      0      0      0   0.00   0.00      0   0.00    5.9  0.000    0.0  0.000      0      0      0      0      0
08/19/1990    542      0    542      0     14   6057      6   2006      5   1349      0      0      0   0.00   0.00      0   0.00    6.0  0.180    0.0  0.000      6    477      0   3310   3448
08/20/1990    744      0    744      0     14   6039      7   2235      3    875      0      0      0   0.00   0.00      0   0.00    6.0  0.180    0.0  0.000      1     10      0     16     35
08/21/1990   1005      0   1005      0     14   6082      8   2323      1    436      0      0      0   0.00   0.00      0   0.00    6.0  0.180    0.0  0.000      1      0      0     12     35
08/22/1990   1323      0   1323      0     14   6204      8   2274      0      0      0      0      0   0.00   0.00      0   0.00    6.0  0.180    0.0  0.000      1      0      0     10     35
08/23/1990   1698      0   1698      0     14   6246      8   1815      0      0      0      0      0   0.00   0.00      0   0.00    6.0  0.180    0.0  0.000      0      0      0      7     35
08/24/1990   2114      0   2114      0     15   6256      7   1349      0      0      0      0      0   0.00   0.00      0   0.00    6.0  0.180    0.0  0.000      0      0      0      5     35
08/25/1990   2568      0   2566      2     16   6243      6    875      0      0      0      0      0   0.00   0.00      0   0.00    6.0  0.180    0.0  0.000      0      0      0      0     33
08/26/1990   3054      0   3048      6     17   6165      5    436      0      0      0      0      0   0.00   0.00      0   0.00    5.9  0.180    0.0  0.000      0      0      0      0     31
08/27/1990   3589      1   3547     41     18   6067      3      0      0      1      0      0      0   0.00   0.00      0   0.00    5.9  0.180    0.0  0.000      0      0      0      0      0
08/28/1990   4132      2   4054     76     19   5525      1      0      0     12      0      0      0   0.00   0.00      0   0.00    5.9  0.180    0.0  0.000      0      0      0      0      0
08/29/1990   4682      4   4567    111     18   4977      0      0      0     35      0      0      0   0.00   0.00      0   0.00    5.9  0.180    0.0  0.000      0      0      0      0      0
08/30/1990   5232      6   5080    146     16   4429      0      1      0     66      0      0      0   0.00   0.00      0   0.00    5.9  0.180    0.0  0.000      0      0      0      0      0
08/31/1990   5778      8   5619    151     14   3885      0     12      0     96      0      0      0   0.00   0.00      0   0.00    5.8  0.180    0.0  0.000      0      0      0      0      0
09/01/1990   6321     11   6154    156     11   3345      0     35      0    118      0      0      0   0.00   0.00      0   0.00    5.8  0.180    0.0  0.000      0      0      0      0      0
09/02/1990   6559     14   6384    161      8   3110      0     67      0    132      0      0      0   0.00   0.00      0   0.00    5.8  0.180    0.0  0.000      0      0      0      0      0
09/03/1990   6908     14   6730    164      8   2759      0    108      0    138      0      0      0   0.00   0.00      0   0.00    5.7  0.180    0.0  0.000      0      0      0      0      0
09/04/1990   7389     14   7210    165      8   2275      0    152      0    140      0      0      0   0.00   0.00      0   0.00    5.7  0.180    0.0  0.000      0      0      0      0      0
09/05/1990   7813     14   7664    135      8   1827      0    187      0    143      0      0      0   0.00   0.00      0   0.00    5.7  0.180    0.0  0.000      0      0      0      0      0
09/06/1990   8244     14   8125    105      8   1384      0    211      0    136      0      0      0   0.00   0.00      0   0.00    5.6  0.180    0.0  0.000      0      0      0      0      0
09/07/1990   8684     15   8568    101      7    942      0    226      0    121      0      0      0   0.00   0.00      0   0.00    5.6  0.180    0.0  0.000      0      0      0      0      0
09/08/1990   9089     16   8976     97      6    544      0    234      0    102      0      0      0   0.00   0.00      0   0.00    5.5  0.180    0.0  0.000      0      0      0      0      0
09/09/1990   9521     17   9352    152      5    153      0    229      0     91      0      0      0   0.00   0.00      0   0.00    5.4  0.180    0.0  0.000      0      0      0      0      0
09/10/1990   9513     19   9115    379      3    199      0    215      0    106      0      0      0   0.00   0.00      0   0.00    5.4  0.180    0.0  0.000      0      0      0      0      0
09/11/1990   9510     21   8819    670      1    246      0    198      0    180      0      0      0   0.00   0.00      0   0.00    5.4  0.180    0.0  0.000      0      0      0      0      0
09/12/1990   9506     22   8466   1018      0    293      0    180      0    316      0      0      0   0.00   0.00      0   0.00    5.3  0.180    0.0  0.000      0      0      0      0      0
09/13/1990   9501     22   8056   1423      0    342      0    178      0    495      0      0      0   0.00   0.00      0   0.00    5.4  0.180    0.0  0.000      0      0      0      0      0
09/14/1990   9496     22   7605   1869      0    382      0    242      0    655      0      0      0   0.00   0.00      0   0.00    5.4  0.179    0.0  0.000      0      0      0      0      0
09/15/1990   9465     22   7118   2325      0    414      0    375      0    802      0      0      0   0.00   0.00      0   0.00    5.4  0.177    0.0  0.000      0      0      0      0      0
09/16/1990   9434     22   6601   2811      0    444      0    571      0    931      0      0      0   0.00   0.00      0   0.00    5.5  0.175    0.0  0.000      0      0      0      0      0
09/17/1990   9374     21   6068   3285      0    472      0    806      0   1071      0      0      0   0.00   0.00      0   0.00    5.6  0.172    0.0  0.000      0      0      0      0      0
09/18/1990   9147     20   5537   3590      0    508      0   1071      1   1189      0      0      0   0.00   0.00      0   0.00    5.7  0.168    0.0  0.000      0      0      0      0      0
09/19/1990   8872     18   5012   3842      0    589      0   1322      3   1278      0      0      0   0.00   0.00      0   0.00    5.9  0.164    0.0  0.000      0      0      0      0      0
09/20/1990   8549     16   4496   4037      0    722      0   1561      5   1361      0      0      0   0.00   0.00      0   0.00    6.0  0.160    0.0  0.000      0      0      0      0      0
09/21/1990   8178     14   3993   4171      0    907      1   1765      7   1432      0      0      0   0.00   0.00      0   0.00    6.2  0.156    0.0  0.000      0      0      0      0      0
09/22/1990   7769     11   3498   4260      0   1126      3   1945      8   1467      0      0      0   0.00   0.00      0   0.00    6.3  0.152    0.0  0.000      0      0      0      0      0
09/23/1990   7325      8   3309   4008      0   1392      5   2120      8   1436      0      0      0   0.00   0.00      0   0.00    6.5  0.149    0.0  0.000      0      0      0      0      0
09/24/1990   6855      8   3005   3842      0   1700      8   2266      7   1403      0      0      0   0.00   0.00      0   0.00    6.6  0.145    0.0  0.000      0      0      0      0      0
09/25/1990   6368      8   2567   3793      0   2057     11   2341      6   1377      0      0      0   0.00   0.00      0   0.00    6.8  0.142    0.0  0.000      0      0      0      0      0
09/26/1990   5875      8   2157   3710      0   2438     13   2367      6   1370      0      0      0   0.00   0.00      0   0.00    6.9  0.139    0.0  0.000      0      0      0      0      0
09/27/1990   5367      8   1731   3628      0   2842     15   2391      6   1348      0      0      0   0.00   0.00      0   0.00    7.1  0.136    0.0  0.000      0      0      0      0      0
09/28/1990   4850      7   1289   3554      1   3297     16   2357      6   1345      0      0      0   0.00   0.00      0   0.00    7.2  0.133    0.0  0.000      0      0      0      0      0
09/29/1990   4335      6    880   3449      3   3768     16   2305      6   1362      0      0      0   0.00   0.00      0   0.00    7.4  0.131    0.0  0.000      0      0      0      0      0
09/30/1990   3823      5    473   3345      5   4218     16   2272      6   1388      0      0      0   0.00   0.00      0   0.00    7.5  0.128    0.0  0.000      0      0      0      0      0
10/01/1990   3633      3    520   3110      8   4627     15   2266      6   1406      0      0      0   0.00   0.00      0   0.00    7.7  0.126    0.0  0.000      0      0      0      0      0
10/02/1990   3384      1    624   2759     11   4991     14   2264      5   1361      0      0      0   0.00   0.00      0   0.00    7.8  0.124    0.0  0.000      0      0      0      0      0
10/03/1990   3063      0    789   2274     13   5279     14   2283      3   1287      0      0      0   0.00   0.00      0   0.00    7.9  0.122    0.0  0.000      0      0      0      0      0
10/04/1990   2830      0   1015   1815     15   5502     14   2302      1   1205      0      0      0   0.00   0.00      0   0.00    7.9  0.121    0.0  0.000      0      0      0      0      0
10/05/1990   2628      0   1279   1349     17   5684     13   2277      0   1095      0      0      0   0.00   0.00      0   0.00    8.0  0.121    0.0  0.000      0      0      0      0      0
10/06/1990   2466      0   1591    875     19   5822     11   2225      0    931      0      0      0   0.00   0.00      0   0.00    8.0  0.120    0.0  0.000      0      0      0      0      0
10/07/1990   2382      0   1946    436     21   5933      9   2145      0    703      0      0      0   0.00   0.00      0   0.00    8.0  0.120    0.0  0.000      0      0      0      0      0
10/08/1990   2350      0   2349      1     23   6001      7   1984      0    485      0      0      0   0.00   0.00      0   0.00    8.0  0.120    0.0  0.000      0      0      0      0      0
10/09/1990   2780      0   2768     12     25   6039      5   1750      0    251      0      0      0   0.00   0.00      0   0.00    8.0  0.120    0.0  0.000      0      0      0      0      0
10/10/1990   3224      0   3189     35     27   6016      3   1487      0     95      0      0      0   0.00   0.00      0   0.00    8.0  0.120    0.0  0.000      0      0      0      0      0
10/11/1990   3711      0   3644     67     29   5927      1   1182      0     10      0      0      0   0.00   0.00      0   0.00    8.0  0.120    0.0  0.000      0      0      0      0      0
10/12/1990   4213      1   4104    108     29   5812      0    796      0     27      0      0      0   0.00   0.00      0   0.00    7.9  0.120    0.0  0.000      0      0      0      0      0
10/13/1990   4694      3   4538    153     27   5644      0    487      0     52      0      0      0   0.00   0.00      0   0.00    7.9  0.120    0.0  0.000      0      0      0      0      0
10/14/1990   5152      5   4948    199     25   5422      0    261      0     82      0      0      0   0.00   0.00      0   0.00    7.9  0.120    0.0  0.000      0      0      0      0      0
10/15/1990   5623      8   5369    246     22   5112      0    120      0    115      0      0      0   0.00   0.00      0   0.00    7.9  0.120    0.0  0.000      0      0      0      0      0
10/16/1990   6078     11   5775    292     19   4752      0     54      0    147      0      0      0   0.00   0.00      0   0.00    7.9  0.120    0.0  0.000      0      0      0      0      0
10/17/1990   6518     13   6175    330     17   4303      0     92      0    177      0      0      0   0.00   0.00      0   0.00    7.8  0.120    0.0  0.000      0      0      0      0      0
10/18/1990   6943     15   6581    347     15   3859      0    140      0    205      0      0      0   0.00   0.00      0   0.00    7.8  0.120    0.0  0.000      0      0      0      0      0
10/19/1990   7363     17   6999    347     13   3417      0    191      0    218      0      0      0   0.00   0.00      0   0.00    7.8  0.120    0.0  0.000      0      0      0      0      0
10/20/1990   7790     19   7435    336     11   2968      0    242      0    217      0      0      0   0.00   0.00      0   0.00    7.7  0.120    0.0  0.000      0      0      0      0      0
10/21/1990   8219     21   7878    320      9   2523      0    293      0    210      0      0      0   0.00   0.00      0   0.00    7.7  0.120    0.0  0.000      0      0      0      0      0
10/22/1990   8643     23   8299    321      7   2093      0    327      0    206      0      0      0   0.00   0.00      0   0.00    7.7  0.120    0.0  0.000      0      0      0      0      0
10/23/1990   9019     25   8616    378      5   1722      0    344      0    209      0      0      0   0.00   0.00      0   0.00    7.6  0.120    0.0  0.000      0      0      0      0      0
10/24/1990   9372     27   8849    496      3   1383      0    356      0    223      0      0      0   0.00   0.00      0   0.00    7.6  0.120    0.0  0.000      0      0      0      0      0
10/25/1990   9711     29   9009    673      1   1065      0    356      0    264      0      0      0   0.00   0.00      0   0.00    7.6  0.120    0.0  0.000      0      0      0      0      0
10/26/1990   9983     30   9056    897      0    832      0    348      0    324      0      0      0   0.00   0.00      0   0.00    7.5  0.120    0.0  0.000      0      0      0      0      0
10/27/1990  10185     30   8978   1177      0    670      0    361      0    407      0      0      0   0.00   0.00      0   0.00    7.5  0.120    0.0  0.000      0      0      0      0      0
10/28/1990  10313     30   8781   1502      0    579      0    403      0    495      0      0      0   0.00   0.00      0   0.00    7.5  0.120    0.0  0.000      0      0      0      0      0
10/29/1990  10377     30   8470   1877      0    557      0    462      0    593      0      0      0   0.00   0.00      0   0.00    7.6  0.119    0.0  0.000      0      0      0      0      0
10/30/1990  10330     30   8040   2260      0    625      0    562      0    668      0      0      0   0.00   0.00      0   0.00    7.6  0.119    0.0  0.000      0      0      0      0      0
10/31/1990  10228     30   7598   2600      0    693      0    689      0    731      0      0      0   0.00   0.00      0   0.00    7.7  0.118    0.0  0.000      0      0      0      0      0
11/01/1990  10063     30   7119   2914      0    770      0    832      0    733      0      0      0   0.00   0.00      0   0.00    7.7  0.117    0.0  0.000      0      0      0      0      0
11/02/1990   9846     29   6635   3182      0    862      0    966      0    716      0      0      0   0.00   0.00      0   0.00    7.8  0.115    0.0  0.000      0      0      0      0      0
11/03/1990   9601     27   6183   3391      0    965      0   1096      0    708      0      0      0   0.00   0.00      0   0.00    7.9  0.114    0.0  0.000      0      0      0      0      0
11/04/1990   9320     25   5765   3530      0   1095      0   1158      0    767      0      0      0   0.00   0.00      0   0.00    8.1  0.112    0.0  0.000      0      0      0      0      0
11/05/1990   9008     22   5347   3639      0   1242      0   1187      1    843      0      0      0   0.00   0.00      0   0.00    8.2  0.110    0.0  0.000      0      0      0      0      0
11/06/1990   8657     19   4953   3685      0   1411      0   1211      1    850      0      0      0   0.00   0.00      0   0.00    8.3  0.109    0.0  0.000      0      0      0      0      0
11/07/1990   8291     17   4572   3702      0   1586      0   1257      1    817      0      0      0   0.00   0.00      0   0.00    8.4  0.107    0.0  0.000      0      0      0      0      0
11/08/1990   7922     15   4204   3703      0   1768      1   1299      1    806      0      0      0   0.00   0.00      0   0.00    8.6  0.105    0.0  0.000      0      0      0      0      0
11/09/1990   7505     13   3826   3666      0   1926      1   1328      2    853      0      0      0   0.00   0.00      0   0.00    8.7  0.104    0.0  0.000      0      0      0      0      0
11/10/1990   7069     11   3427   3631      0   2085      1   1358      3    908      0      0      0   0.00   0.00      0   0.00    8.8  0.102    0.0  0.000      0      0      0      0      0
11/11/1990   6659      9   3026   3624      0   2266      2   1397      3    940      0      0      0   0.00   0.00      0   0.00    9.0  0.101    0.0  0.000      0      0      0      0      0
11/12/1990   6269      7   2626   3636      0   2487      3   1414      3    972      0      0      0   0.00   0.00      0   0.00    9.1  0.099    0.0  0.000      0      0      0      0      0
11/13/1990   5869      5   2275   3589      0   2719      4   1423      3   1011      0      0      0   0.00   0.00      0   0.00    9.3  0.097    0.0  0.000      0      0      0      0      0
11/14/1990   5499      3   1962   3534      0   2893      5   1487      3    988      0      0      0   0.00   0.00      0   0.00    9.4  0.096    0.0  0.000      0      0      0      0      0
11/15/1990   5157      1   1685   3471      1   3040      5   1569      2    934      0      0      0   0.00   0.00      0   0.00    9.6  0.094    0.0  0.000      0      0      0      0      0
11/16/1990   4840      0   1504   3336      1   3201      6   1628      2    893      0      0      0   0.00   0.00      0   0.00    9.7  0.093    0.0  0.000      0      0      0      0      0
11/17/1990   4558      0   1438   3120      1   3339      7   1622      2    910      0      0      0   0.00   0.00      0   0.00    9.8  0.092    0.0  0.000      0      0      0      0      0
11/18/1990   4289      0   1477   2812      2   3453      6   1595      2    912      0      0      0   0.00   0.00      0   0.00    9.9  0.091    0.0  0.000      0      0      0      0      0
11/19/1990   4045      0   1612   2433      3   3548      6   1581      1    880      0      0      0   0.00   0.00      0   0.00   10.0  0.090    0.0  0.000      0      0      0      0      0
11/20/1990   4280      0   1855   2425      4   3643      6   1560      0    751      0      0      0   0.00   0.00      0   0.00   10.1  0.089    0.0  0.000      0      0      0      0      0
11/21/1990   4074      0   2113   1961      5   3733      5   1496      0    629      0      0      0   0.00   0.00      0   0.00   10.2  0.088    0.0  0.000      0      0      0      0      0
11/22/1990   3495      0   2335   1160      6   3803      4   1473      0    507      0      0      0   0.00   0.00      0   0.00   10.3  0.088    0.0  0.000      0      0      0      0      0
11/23/1990   3336      0   2544    792      7   3861      3   1377      0    430      0      0      0   0.00   0.00      0   0.00   10.3  0.088    0.0  0.000      0      0      0      0      0
11/24/1990   3279      0   2769    510      8   3918      2   1232      0    351      0      0      0   0.00   0.00      0   0.00   10.3  0.088    0.0  0.000      0      0      0      0      0
11/25/1990   3562      0   3020    542      8   3946      2   1070      0    263      0      0      0   0.00   0.00      0   0.00   10.3  0.088    0.0  0.000      0      0      0      0      0
11/26/1990   3858      0   3272    586      9   3930      1    895      0    199      0      0      0   0.00   0.00      0   0.00   10.2  0.088    0.0  0.000      0      0      0      0      0
11/27/1990   4111      0   3472    639     10   3948      0    703      0    159      0      0      0   0.00   0.00      0   0.00   10.2  0.088    0.0  0.000      0      0      0      0      0
11/28/1990   4361      0   3660    701     10   3880      0    582      0    148      0      0      0   0.00   0.00      0   0.00   10.2  0.088    0.0  0.000      0      0      0      0      0
11/29/1990   4278      1   3873    404      9   3753      0    465      0    173      0      0      0   0.00   0.00      0   0.00   10.2  0.088    0.0  0.000      0      0      0      0      0
11/30/1990   4497      1   4107    389      9   3602      0    355      0    175      0      0      0   0.00   0.00      0   0.00   10.2  0.088    0.0  0.000      0      0      0      0      0
12/01/1990   4803      1   4351    451      9   3402      0    300      0    157      0      0      0   0.00   0.00      0   0.00   10.2  0.088    0.0  0.000      0      0      0      0      0
12/02/1990   5122      2   4603    517      8   3164      0    287      0    121      0      0      0   0.00   0.00      0   0.00   10.2  0.088    0.0  0.000      0      0      0      0      0
12/03/1990   5455      3   4873    579      7   2893      0    267      0    119      0      0      0   0.00   0.00      0   0.00   10.2  0.088    0.0  0.000      0      0      0      0      0
12/04/1990   5799      4   5153    642      6   2590      0    258      0    137      0      0      0   0.00   0.00      0   0.00   10.2  0.088    0.0  0.000      0      0      0      0      0
12/05/1990   6093      5   5368    720      5   2335      0    249      0    150      0      0      0   0.00   0.00      0   0.00   10.1  0.088    0.0  0.000      0      0      0      0      0
12/06/1990   6370      6   5543    821      4   2107      0    238      0    169      0      0      0   0.00   0.00      0   0.00   10.1  0.088    0.0  0.000      0      0      0      0      0
12/07/1990   6508      7   5722    779      3   1870      0    222      0    190      0      0      0   0.00   0.00      0   0.00   10.1  0.088    0.0  0.000      0      0      0      0      0
12/08/1990   6759      8   5871    880      2   1600      0    224      0    214      0      0      0   0.00   0.00      0   0.00   10.1  0.088    0.0  0.000      0      0      0      0      0
12/09/1990   6969      8   5960   1001      2   1352      0    250      0    234      0      0      0   0.00   0.00      0   0.00   10.1  0.088    0.0  0.000      0      0      0      0      0
12/10/1990   7106      9   6009   1088      1   1111      0    291      0    277      0      0      0   0.00   0.00      0   0.00   10.1  0.088    0.0  0.000      0      0      0      0      0
12/11/1990   7228     10   5954   1264      0    968      0    319      0    331      0      0      0   0.00   0.00      0   0.00   10.2  0.088    0.0  0.000      0      0      0      0      0
12/12/1990   7384     10   5858   1516      0    860      0    347      0    376      0      0      0   0.00   0.00      0   0.00   10.1  0.088    0.0  0.000      0      0      0      0      0
12/13/1990   7531     10   5783   1738      0    754      0    418      0    383      0      0      0   0.00   0.00      0   0.00   10.2  0.087    0.0  0.000      0      0      0      0      0
12/14/1990   7634     10   5668   1956      0    707      0    481      0    318      0      0      0   0.00   0.00      0   0.00   10.1  0.087    0.0  0.000      0      0      0      0      0
12/15/1990   7711     10   5501   2200      0    699      0    533      0    275      0      0      0   0.00   0.00      0   0.00   10.1  0.087    0.0  0.000      0      0      0      0      0
12/16/1990   7770     10   5279   2481      0    705      0    587      0    232      0      0      0   0.00   0.00      0   0.00   10.0  0.087    0.0  0.000      0      0      0      0      0
12/17/1990   7808     10   5024   2774      0    742      0    565      0    273      0      0      0   0.00   0.00      0   0.00   10.0  0.087    0.0  0.000      0      0      0      0      0
12/18/1990   7844     10   4810   3024      0    817      0    531      0    311      0      0      0   0.00   0.00      0   0.00   10.0  0.087    0.0  0.000      0      0      0      0      0
12/19/1990   7891     10   4610   3271      0    888      0    488      0    340      0      0      0   0.00   0.00      0   0.00    9.9  0.087    0.0  0.000      0      0      0      0      0
12/20/1990   7953      9   4391   3553      0    945      0    462      0    276      0      0      0   0.00   0.00      0   0.00    9.9  0.087    0.0  0.000      0      0      0      0      0
12/21/1990   7991      9   4132   3850      0   1025      0    459      0    152      0      0      0   0.00   0.00      0   0.00    9.9  0.087    0.0  0.000      0      0      0      0      0
12/22/1990   8020      9   3859   4152      0   1049      0    510      0     39      0      0      0   0.00   0.00      0   0.00    9.8  0.087    0.0  0.000      0      0      0      0      0
12/23/1990   8045      8   3572   4465      0   1099      0    463      0      0      0      0      0   0.00   0.00      0   0.00    9.8  0.087    0.0  0.000      0      0      0      0      0
12/24/1990   8079      7   3279   4793      0   1138      0    379      0      0      0      0      0   0.00   0.00      0   0.00    9.8  0.087    0.0  0.000      0      0      0      0      0
12/25/1990   8124      6   2985   5133      0   1185      0    276      0     27      0      0      0   0.00   0.00      0   0.00    9.8  0.087    0.0  0.000      0      0      0      0      0
12/26/1990   8162      5   2734   5423      0   1260      0    152      0     94      0      0      0   0.00   0.00      0   0.00    9.7  0.087    0.0  0.000      0      0      0      0      0
12/27/1990   8215      4   2514   5697      0   1309      0     39      0    189      0      0      0   0.00   0.00      0   0.00    9.7  0.087    0.0  0.000      0      0      0      0      0
12/28/1990   8280      3   2282   5995      0   1271      0     27      0    274      0      0      0   0.00   0.00      0   0.00    9.7  0.087    0.0  0.000      0      0      0      0      0
12/29/1990   8341      2   2038   6301      0   1198      0     94      0    256      0      0      0   0.00   0.00      0   0.00    9.7  0.087    0.0  0.000      0      0      0      0      0
12/30/1990   8414      2   1836   6576      0   1114      0    189      0    246      0      0      0   0.00   0.00      0   0.00    9.7  0.087    0.0  0.000      0      0      0      0      0
12/31/1990   8522      1   1679   6842      0    994      0    301      0    224      0      0      0   0.00   0.00      0   0.00    9.7  0.087    0.0  0.000      0      0      0      0      0
