Varroa Population Simulation - Nov 23,2015  02:36:07 PM
VarroaPop Version 3.2.5.8  June, 2015

                                        Capped  Capped                                                                      Prop           Conc          Conc                                     
            Colony  Adult  Adult         Drone   Wkr    Drone  Wkr    Drone  Wkr  Free   DBrood WBrood DMite  WMite  Mites  Mites  Colony Pollen Colony Nectar   Dead   Dead   Dead   Dead   Dead
     Date   Size   Drones   Wkr   Forgrs Brood  Brood   Larv   Larv    Eggs  Eggs Mites  Mites  Mites  /Cell  /Cell  Dying  Dying  Pollen  Pest  Nectar  Pest    DLarv  WLarv  DAdlt  WAdlt  Forgrs
Initial     10000      0   7224   2776      0      0      0      0      0      0      0      0      0   0.00   0.00      0   0.00    0.0  0.000    0.0  0.000      0      0      0      0      0
08/01/1990   9656      0   6880   2776      0      0      0      0      1    451      0      0      0   0.00   0.00      0   0.00    0.1  0.000    0.0  0.000      0      0      0      0      0
08/02/1990   9312      0   6536   2776      0      0      0      0      2    901      0      0      0   0.00   0.00      0   0.00    0.2  0.000    0.0  0.000      0      0      0      0      0
08/03/1990   8968      0   6192   2776      0      0      0      0      3   1350      0      0      0   0.00   0.00      0   0.00    0.2  0.000    0.0  0.000      0      0      0      0      0
08/04/1990   8624      0   5848   2776      0      0      1    451      3   1352      0      0      0   0.00   0.00      0   0.00    0.3  0.000    0.0  0.000      0      0      0      0      0
08/05/1990   8280      0   5504   2776      0      0      2    901      3   1366      0      0      0   0.00   0.00      0   0.00    0.4  0.000    0.0  0.000      0      0      0      0      0
08/06/1990   7936      0   5160   2776      0      0      3   1350      3   1382      0      0      0   0.00   0.00      0   0.00    0.5  0.000    0.0  0.000      0      0      0      0      0
08/07/1990   7592      0   4816   2776      0      0      4   1803      3   1394      0      0      0   0.00   0.00      0   0.00    0.6  0.000    0.0  0.000      0      0      0      0      0
08/08/1990   7224      0   4472   2752      0      0      5   2267      3   1395      0      0      0   0.00   0.00      0   0.00    0.7  0.000    0.0  0.000      0      0      0      0      0
08/09/1990   6880      0   4128   2752      0    451      6   2281      3   1394      0      0      0   0.00   0.00      0   0.00    0.8  0.000    0.0  0.000      0      0      0      0      0
08/10/1990   6536      0   3784   2752      0    901      7   2296      3   1393      0      0      0   0.00   0.00      0   0.00    0.8  0.000    0.0  0.000      0      0      0      0      0
08/11/1990   1152      0   1144      8      1   1350      3   1776      3   1392      0      0      0   0.00   0.00      0   0.00    0.9  1.235    0.0  0.000      3    536      0   2291   2743
08/12/1990   1048      0   1040      8      1   1522      3   1886      2    930      0      0      0   0.00   0.00      0   0.00    0.9  1.234    0.0  0.000      1    182      0      0    103
08/13/1990    944      0    936      8      1   1731      3   1966      1    468      0      0      0   0.00   0.00      0   0.00    0.9  1.234    0.0  0.000      1    175      0      0    103
08/14/1990    841      0    832      9      1   2014      3   1977      0      4      0      0      0   0.00   0.00      0   0.00    0.9  1.234    0.0  0.000      1    170      0      0    102
08/15/1990    739      0    728     11      1   2304      2   1523      0      2      0      0      0   0.00   0.00      0   0.00    0.9  1.234    0.0  0.000      1    166      0      0    101
08/16/1990    638      0    624     14      1   2599      1   1068      0      0      0      0      0   0.00   0.00      0   0.00    0.9  1.234    0.0  0.000      1    162      0      0    100
08/17/1990    539      0    520     19      1   2897      0    610      0      4      0      0      0   0.00   0.00      0   0.00    0.9  1.234    0.0  0.000      1    160      0      0     98
08/18/1990    442      0    416     26      1   3199      0    307      0      9      0      0      0   0.00   0.00      0   0.00    0.9  1.239    0.0  0.000      0      1      0      0     96
08/19/1990    441      0    312    129      1   3503      0      3      0     15      0      0      0   0.00   0.00      0   0.00    0.9  1.233    0.0  0.000      0      0      0      0      0
08/20/1990    440      0    208    232      1   3504      0      6      0     47      0      0      0   0.00   0.00      0   0.00    0.9  1.221    0.0  0.000      0      0      0      0      0
08/21/1990    439      0    104    335      1   3506      0      9      0    106      0      0      0   0.00   0.00      0   0.00    1.0  1.202    0.0  0.000      0      0      0      0      0
08/22/1990    888      0    451    437      1   3055      0     15      0    193      0      0      0   0.00   0.00      0   0.00    1.0  1.180    0.0  0.000      0      0      0      0      0
08/23/1990   1335      0    901    434      1   2605      0     51      0    276      0      0      0   0.00   0.00      0   0.00    1.0  1.162    0.0  0.000      0      0      0      0      0
08/24/1990   1780      0   1350    430      1   2156      0    115      0    319      0      0      0   0.00   0.00      0   0.00    1.0  1.148    0.0  0.000      0      0      0      0      0
08/25/1990   1947      1   1522    424      0   1988      0    204      0    324      0      0      0   0.00   0.00      0   0.00    1.0  1.135    0.0  0.000      0      0      0      0      0
08/26/1990   2148      1   1731    416      0   1784      0    318      0    307      0      0      0   0.00   0.00      0   0.00    1.0  1.124    0.0  0.000      0      0      0      0      0
08/27/1990   2327      1   2014    312      0   1507      0    419      0    306      0      0      0   0.00   0.00      0   0.00    1.0  1.120    0.0  0.000      0      0      0      0      0
08/28/1990   2513      1   2304    208      0   1253      0    481      0    293      0      0      0   0.00   0.00      0   0.00    1.0  1.120    0.0  0.000      0      0      0      0      0
08/29/1990   2704      1   2599    104      0   1022      0    519      0    252      0      0      0   0.00   0.00      0   0.00    1.0  1.120    0.0  0.000      0      0      0      0      0
08/30/1990   2898      1   2897      0      0    817      0    532      0    176      0      0      0   0.00   0.00      0   0.00    1.0  1.119    0.0  0.000      0      0      0      0      0
08/31/1990   3200      1   3199      0      0    634      0    498      0     91      0      0      0   0.00   0.00      0   0.00    1.0  1.119    0.0  0.000      0      0      0      0      0
09/01/1990   3504      1   3503      0      0    437      0    452      0     30      0      0      0   0.00   0.00      0   0.00    1.0  1.118    0.0  0.000      0      0      0      0      0
09/02/1990   3505      1   3504      0      0    534      0    384      0      0      0      0      0   0.00   0.00      0   0.00    0.9  1.118    0.0  0.000      0      0      0      0      0
09/03/1990   3507      1   3506      0      0    634      0    282      0      0      0      0      0   0.00   0.00      0   0.00    0.9  1.117    0.0  0.000      0      0      0      0      0
09/04/1990   3507      1   3506      0      0    740      0    176      0      0      0      0      0   0.00   0.00      0   0.00    0.9  1.116    0.0  0.000      0      0      0      0      0
09/05/1990   3507      1   3506      0      0    825      0     91      0      0      0      0      0   0.00   0.00      0   0.00    0.9  1.115    0.0  0.000      0      0      0      0      0
09/06/1990   3507      1   3506      0      0    886      0     30      0      0      0      0      0   0.00   0.00      0   0.00    0.8  1.114    0.0  0.000      0      0      0      0      0
09/07/1990   3511      1   3510      0      0    912      0      0      0      0      0      0      0   0.00   0.00      0   0.00    0.8  1.113    0.0  0.000      0      0      0      0      0
09/08/1990   3516      1   3515      0      0    907      0      0      0      0      0      0      0   0.00   0.00      0   0.00    0.8  1.112    0.0  0.000      0      0      0      0      0
09/09/1990   3522      1   3521      0      0    901      0      0      0      0      0      0      0   0.00   0.00      0   0.00    0.8  1.110    0.0  0.000      0      0      0      0      0
09/10/1990   3558      1   3557      0      0    865      0      0      0      0      0      0      0   0.00   0.00      0   0.00    0.7  1.108    0.0  0.000      0      0      0      0      0
09/11/1990   3622      1   3621      0      0    801      0      0      0      0      0      0      0   0.00   0.00      0   0.00    0.7  1.106    0.0  0.000      0      0      0      0      0
09/12/1990   3715      1   3263    451      0    708      0      0      0      0      0      0      0   0.00   0.00      0   0.00    0.7  1.106    0.0  0.000      0      0      0      0      0
09/13/1990   3834      1   2932    901      0    589      0      0      0    119      0      0      0   0.00   0.00      0   0.00    0.7  1.076    0.0  0.000      0      0      0      0      0
09/14/1990   3941      1   2590   1350      0    482      0      0      0    311      0      0      0   0.00   0.00      0   0.00    0.8  1.018    0.0  0.000      0      0      0      0      0
09/15/1990   4038      0   2516   1522      0    384      0      0      0    565      0      0      0   0.00   0.00      0   0.00    0.8  0.956    0.0  0.000      0      0      0      0      0
09/16/1990   4140      0   2409   1731      0    282      0    119      0    721      0      0      0   0.00   0.00      0   0.00    0.9  0.888    0.0  0.000      0      0      0      0      0
09/17/1990   4246      0   2232   2014      0    176      0    311      0    835      0      0      0   0.00   0.00      0   0.00    0.9  0.817    0.0  0.000      0      0      0      0      0
09/18/1990   4331      0   2027   2304      0     91      0    565      0    910      0      0      0   0.00   0.00      0   0.00    1.0  0.745    0.0  0.000      0      0      0      0      0
09/19/1990   4392      0   1793   2599      0     30      0    840      0    986      0      0      0   0.00   0.00      0   0.00    1.1  0.675    0.0  0.000      0      0      0      0      0
09/20/1990   3971      0   1525   2446      0      0      0   1146      0   1078      0      0      0   0.00   0.00      0   0.00    1.2  0.620    0.0  0.000      0      0      0      0      0
09/21/1990   3521      0   1223   2298      0    119      0   1356      0   1136      0      0      0   0.00   0.00      0   0.00    1.3  0.575    0.0  0.000      0      0      0      0      0
09/22/1990   3072      0    919   2153      0    311      0   1515      0   1136      0      0      0   0.00   0.00      0   0.00    1.4  0.539    0.0  0.000      0      0      0      0      0
09/23/1990   2900      0    918   1982      0    565      0   1659      0   1057      0      0      0   0.00   0.00      0   0.00    1.5  0.510    0.0  0.000      0      0      0      0      0
09/24/1990   2691      0    916   1775      0    840      0   1771      0    991      0      0      0   0.00   0.00      0   0.00    1.6  0.487    0.0  0.000      0      0      0      0      0
09/25/1990   2408      0    916   1492      0   1146      0   1816      0    937      0      0      0   0.00   0.00      0   0.00    1.6  0.469    0.0  0.000      0      0      0      0      0
09/26/1990   2118      0    916   1202      0   1475      0   1806      0    883      0      0      0   0.00   0.00      0   0.00    1.7  0.457    0.0  0.000      0      0      0      0      0
09/27/1990   1823      0    916    907      0   1826      0   1776      0    791      0      0      0   0.00   0.00      0   0.00    1.7  0.448    0.0  0.000      0      0      0      0      0
09/28/1990   1525      0    912    613      0   2224      0   1675      0    686      0      0      0   0.00   0.00      0   0.00    1.7  0.444    0.0  0.000      0      0      0      0      0
09/29/1990   1223      0    907    316      0   2611      0   1553      0    569      0      0      0   0.00   0.00      0   0.00    1.7  0.443    0.0  0.000      0      0      0      0      0
09/30/1990    919      0    901     18      0   2962      0   1431      0    427      0      0      0   0.00   0.00      0   0.00    1.7  0.443    0.0  0.000      0      0      0      0      0
10/01/1990    918      0    865     53      0   3281      0   1304      0    240      0      0      0   0.00   0.00      0   0.00    1.7  0.443    0.0  0.000      0      0      0      0      0
10/02/1990    916      0    801    115      0   3602      0   1131      0    107      0      0      0   0.00   0.00      0   0.00    1.7  0.443    0.0  0.000      0      0      0      0      0
10/03/1990    916      0    708    208      0   3899      0    921      0     53      0      0      0   0.00   0.00      0   0.00    1.7  0.442    0.0  0.000      0      0      0      0      0
10/04/1990   1035      0    708    327      0   4045      0    661      0    110      0      0      0   0.00   0.00      0   0.00    1.7  0.440    0.0  0.000      0      0      0      0      0
10/05/1990   1227      0    793    434      0   4082      0    447      0    180      0      0      0   0.00   0.00      0   0.00    1.7  0.436    0.0  0.000      0      0      0      0      0
10/06/1990   1477      0    949    528      0   4020      0    288      0    246      0      0      0   0.00   0.00      0   0.00    1.8  0.432    0.0  0.000      0      0      0      0      0
10/07/1990   1747      0   1122    625      0   3893      0    202      0    291      0      0      0   0.00   0.00      0   0.00    1.8  0.427    0.0  0.000      0      0      0      0      0
10/08/1990   2047      0   1322    725      0   3674      0    200      0    332      0      0      0   0.00   0.00      0   0.00    1.8  0.421    0.0  0.000      0      0      0      0      0
10/09/1990   2340      0   1566    774      0   3350      0    294      0    384      0      0      0   0.00   0.00      0   0.00    1.8  0.414    0.0  0.000      0      0      0      0      0
10/10/1990   2627      0   1856    771      0   3014      0    386      0    432      0      0      0   0.00   0.00      0   0.00    1.9  0.409    0.0  0.000      0      0      0      0      0
10/11/1990   2932      0   2224    708      0   2649      0    479      0    461      0      0      0   0.00   0.00      0   0.00    1.9  0.404    0.0  0.000      0      0      0      0      0
10/12/1990   3200      0   2611    589      0   2324      0    568      0    457      0      0      0   0.00   0.00      0   0.00    1.9  0.402    0.0  0.000      0      0      0      0      0
10/13/1990   3444      0   2962    482      0   2058      0    638      0    427      0      0      0   0.00   0.00      0   0.00    1.9  0.400    0.0  0.000      0      0      0      0      0
10/14/1990   3665      0   3281    384      0   1838      0    694      0    380      0      0      0   0.00   0.00      0   0.00    1.9  0.400    0.0  0.000      0      0      0      0      0
10/15/1990   3884      0   3602    282      0   1624      0    734      0    323      0      0      0   0.00   0.00      0   0.00    1.9  0.400    0.0  0.000      0      0      0      0      0
10/16/1990   4075      0   3899    176      0   1453      0    733      0    266      0      0      0   0.00   0.00      0   0.00    1.9  0.400    0.0  0.000      0      0      0      0      0
10/17/1990   4255      0   4164     91      0   1339      0    690      0    202      0      0      0   0.00   0.00      0   0.00    1.9  0.400    0.0  0.000      0      0      0      0      0
10/18/1990   4423      0   4393     30      0   1265      0    625      0    135      0      0      0   0.00   0.00      0   0.00    1.8  0.400    0.0  0.000      0      0      0      0      0
10/19/1990   4585      0   4585      0      0   1228      0    538      0     73      0      0      0   0.00   0.00      0   0.00    1.8  0.400    0.0  0.000      0      0      0      0      0
10/20/1990   4733      0   4733      0      0   1227      0    435      0     29      0      0      0   0.00   0.00      0   0.00    1.8  0.400    0.0  0.000      0      0      0      0      0
10/21/1990   4820      0   4820      0      0   1265      0    333      0      6      0      0      0   0.00   0.00      0   0.00    1.7  0.400    0.0  0.000      0      0      0      0      0
10/22/1990   4825      0   4825      0      0   1368      0    231      0      0      0      0      0   0.00   0.00      0   0.00    1.7  0.400    0.0  0.000      0      0      0      0      0
10/23/1990   4840      0   4840      0      0   1443      0    141      0      0      0      0      0   0.00   0.00      0   0.00    1.7  0.399    0.0  0.000      0      0      0      0      0
10/24/1990   4873      0   4873      0      0   1478      0     73      0      0      0      0      0   0.00   0.00      0   0.00    1.6  0.399    0.0  0.000      0      0      0      0      0
10/25/1990   4935      0   4816    119      0   1460      0     29      0      0      0      0      0   0.00   0.00      0   0.00    1.6  0.399    0.0  0.000      0      0      0      0      0
10/26/1990   5020      0   4709    311      0   1398      0      6      0     28      0      0      0   0.00   0.00      0   0.00    1.6  0.399    0.0  0.000      0      0      0      0      0
10/27/1990   5119      0   4554    565      0   1305      0      0      0    100      0      0      0   0.00   0.00      0   0.00    1.6  0.399    0.0  0.000      0      0      0      0      0
10/28/1990   5226      0   4386    840      0   1198      0      0      0    214      0      0      0   0.00   0.00      0   0.00    1.6  0.398    0.0  0.000      0      0      0      0      0
10/29/1990   5352      0   4206   1146      0   1072      0     28      0    339      0      0      0   0.00   0.00      0   0.00    1.6  0.393    0.0  0.000      0      0      0      0      0
10/30/1990   5503      0   4028   1475      0    921      0    100      0    445      0      0      0   0.00   0.00      0   0.00    1.6  0.384    0.0  0.000      0      0      0      0      0
10/31/1990   5658      0   3832   1826      0    766      0    214      0    534      0      0      0   0.00   0.00      0   0.00    1.7  0.372    0.0  0.000      0      0      0      0      0
11/01/1990   5805      0   3589   2216      0    611      0    367      0    570      0      0      0   0.00   0.00      0   0.00    1.8  0.356    0.0  0.000      0      0      0      0      0
11/02/1990   5826      0   3349   2477      0    464      0    545      0    590      0      0      0   0.00   0.00      0   0.00    1.8  0.339    0.0  0.000      0      0      0      0      0
11/03/1990   5753      0   3123   2630      0    367      0    720      0    611      0      0      0   0.00   0.00      0   0.00    1.9  0.322    0.0  0.000      0      0      0      0      0
11/04/1990   5602      0   2912   2690      0    331      0    837      0    677      0      0      0   0.00   0.00      0   0.00    2.0  0.306    0.0  0.000      0      0      0      0      0
11/05/1990   5413      0   2681   2732      0    355      0    921      0    745      0      0      0   0.00   0.00      0   0.00    2.2  0.291    0.0  0.000      0      0      0      0      0
11/06/1990   5172      0   2452   2720      0    440      0    992      0    747      0      0      0   0.00   0.00      0   0.00    2.3  0.277    0.0  0.000      0      0      0      0      0
11/07/1990   4885      0   2231   2654      0    574      0   1069      0    713      0      0      0   0.00   0.00      0   0.00    2.4  0.265    0.0  0.000      0      0      0      0      0
11/08/1990   4556      0   2025   2531      0    754      0   1132      0    696      0      0      0   0.00   0.00      0   0.00    2.5  0.254    0.0  0.000      0      0      0      0      0
11/09/1990   4164      0   1839   2325      0    937      0   1169      0    725      0      0      0   0.00   0.00      0   0.00    2.6  0.245    0.0  0.000      0      0      0      0      0
11/10/1990   3777      0   1691   2086      0   1135      0   1192      0    753      0      0      0   0.00   0.00      0   0.00    2.6  0.238    0.0  0.000      0      0      0      0      0
11/11/1990   3426      0   1604   1822      0   1359      0   1217      0    747      0      0      0   0.00   0.00      0   0.00    2.7  0.232    0.0  0.000      0      0      0      0      0
11/12/1990   3107      0   1599   1508      0   1614      0   1217      0    726      0      0      0   0.00   0.00      0   0.00    2.8  0.227    0.0  0.000      0      0      0      0      0
11/13/1990   2786      0   1584   1202      0   1880      0   1200      0    692      0      0      0   0.00   0.00      0   0.00    2.8  0.224    0.0  0.000      0      0      0      0      0
11/14/1990   2489      0   1551    938      0   2106      0   1217      0    608      0      0      0   0.00   0.00      0   0.00    2.8  0.221    0.0  0.000      0      0      0      0      0
11/15/1990   2224      0   1489    735      0   2327      0   1230      0    501      0      0      0   0.00   0.00      0   0.00    2.9  0.220    0.0  0.000      0      0      0      0      0
11/16/1990   2023      0   1432    591      0   2548      0   1196      0    402      0      0      0   0.00   0.00      0   0.00    2.9  0.219    0.0  0.000      0      0      0      0      0
11/17/1990   1904      0   1405    499      0   2731      0   1100      0    345      0      0      0   0.00   0.00      0   0.00    2.9  0.218    0.0  0.000      0      0      0      0      0
11/18/1990   1871      0   1412    459      0   2866      0    978      0    301      0      0      0   0.00   0.00      0   0.00    2.9  0.217    0.0  0.000      0      0      0      0      0
11/19/1990   1938      0   1439    499      0   2956      0    851      0    264      0      0      0   0.00   0.00      0   0.00    2.9  0.217    0.0  0.000      0      0      0      0      0
11/20/1990   2109      0   1466    643      0   3012      0    719      0    224      0      0      0   0.00   0.00      0   0.00    2.9  0.215    0.0  0.000      0      0      0      0      0
11/21/1990   2304      0   1514    790      0   3024      0    587      0    208      0      0      0   0.00   0.00      0   0.00    2.9  0.213    0.0  0.000      0      0      0      0      0
11/22/1990   2454      0   1548    906      0   2994      0    507      0    214      0      0      0   0.00   0.00      0   0.00    3.0  0.211    0.0  0.000      0      0      0      0      0
11/23/1990   2590      0   1599    991      0   2923      0    442      0    247      0      0      0   0.00   0.00      0   0.00    3.0  0.209    0.0  0.000      0      0      0      0      0
11/24/1990   2729      0   1698   1031      0   2815      0    393      0    283      0      0      0   0.00   0.00      0   0.00    3.0  0.206    0.0  0.000      0      0      0      0      0
11/25/1990   2976      0   1845   1131      0   2662      0    376      0    317      0      0      0   0.00   0.00      0   0.00    3.0  0.206    0.0  0.000      0      0      0      0      0
11/26/1990   3234      0   2021   1213      0   2479      0    388      0    307      0      0      0   0.00   0.00      0   0.00    3.0  0.206    0.0  0.000      0      0      0      0      0
11/27/1990   3452      0   2179   1273      0   2332      0    412      0    283      0      0      0   0.00   0.00      0   0.00    3.0  0.206    0.0  0.000      0      0      0      0      0
11/28/1990   3665      0   2356   1309      0   2173      0    469      0    261      0      0      0   0.00   0.00      0   0.00    3.1  0.203    0.0  0.000      0      0      0      0      0
11/29/1990   3723      0   2582   1141      0   1991      0    487      0    292      0      0      0   0.00   0.00      0   0.00    3.1  0.201    0.0  0.000      0      0      0      0      0
11/30/1990   3855      0   2831   1024      0   1821      0    481      0    321      0      0      0   0.00   0.00      0   0.00    3.1  0.199    0.0  0.000      0      0      0      0      0
12/01/1990   4096      0   3080   1016      0   1667      0    483      0    307      0      0      0   0.00   0.00      0   0.00    3.1  0.197    0.0  0.000      0      0      0      0      0
12/02/1990   4331      0   3323   1008      0   1527      0    496      0    261      0      0      0   0.00   0.00      0   0.00    3.1  0.197    0.0  0.000      0      0      0      0      0
12/03/1990   4419      0   3557    862      0   1412      0    485      0    232      0      0      0   0.00   0.00      0   0.00    3.1  0.196    0.0  0.000      0      0      0      0      0
12/04/1990   4485      0   3772    713      0   1282      0    483      0    227      0      0      0   0.00   0.00      0   0.00    3.1  0.196    0.0  0.000      0      0      0      0      0
12/05/1990   4638      0   3931    707      0   1202      0    474      0    212      0      0      0   0.00   0.00      0   0.00    3.1  0.196    0.0  0.000      0      0      0      0      0
12/06/1990   4620      0   4058    562      0   1172      0    456      0    198      0      0      0   0.00   0.00      0   0.00    3.1  0.196    0.0  0.000      0      0      0      0      0
12/07/1990   4222      0   4146     76      0   1172      0    418      0    179      0      0      0   0.00   0.00      0   0.00    3.1  0.196    0.0  0.000      0      0      0      0      0
12/08/1990   4286      0   4176    110      0   1178      0    365      0    133      0      0      0   0.00   0.00      0   0.00    3.1  0.196    0.0  0.000      0      0      0      0      0
12/09/1990   4353      0   4145    208      0   1178      0    347      0     81      0      0      0   0.00   0.00      0   0.00    3.1  0.196    0.0  0.000      0      0      0      0      0
12/10/1990   4428      0   4071    357      0   1169      0    336      0     55      0      0      0   0.00   0.00      0   0.00    3.0  0.196    0.0  0.000      0      0      0      0      0
12/11/1990   4485      0   3955    530      0   1186      0    266      0    100      0      0      0   0.00   0.00      0   0.00    3.0  0.196    0.0  0.000      0      0      0      0      0
12/12/1990   4547      0   3819    728      0   1197      0    201      0    155      0      0      0   0.00   0.00      0   0.00    3.0  0.196    0.0  0.000      0      0      0      0      0
12/13/1990   4627      0   3715    912      0   1167      0    179      0    199      0      0      0   0.00   0.00      0   0.00    3.0  0.195    0.0  0.000      0      0      0      0      0
12/14/1990   4717      0   3612   1105      0   1137      0    168      0    186      0      0      0   0.00   0.00      0   0.00    3.0  0.195    0.0  0.000      0      0      0      0      0
12/15/1990   4815      0   3491   1324      0   1093      0    177      0    179      0      0      0   0.00   0.00      0   0.00    3.0  0.195    0.0  0.000      0      0      0      0      0
12/16/1990   4929      0   3355   1574      0    983      0    245      0    164      0      0      0   0.00   0.00      0   0.00    2.9  0.195    0.0  0.000      0      0      0      0      0
12/17/1990   5009      0   3174   1835      0    911      0    273      0    203      0      0      0   0.00   0.00      0   0.00    2.9  0.195    0.0  0.000      0      0      0      0      0
12/18/1990   5082      0   3027   2055      0    865      0    301      0    242      0      0      0   0.00   0.00      0   0.00    2.9  0.195    0.0  0.000      0      0      0      0      0
12/19/1990   5173      0   2903   2270      0    822      0    309      0    273      0      0      0   0.00   0.00      0   0.00    2.9  0.195    0.0  0.000      0      0      0      0      0
12/20/1990   5283      0   2770   2513      0    774      0    321      0    226      0      0      0   0.00   0.00      0   0.00    2.9  0.195    0.0  0.000      0      0      0      0      0
12/21/1990   5385      0   2623   2762      0    743      0    344      0    126      0      0      0   0.00   0.00      0   0.00    2.8  0.195    0.0  0.000      0      0      0      0      0
12/22/1990   5462      0   2457   3005      0    701      0    396      0     33      0      0      0   0.00   0.00      0   0.00    2.8  0.195    0.0  0.000      0      0      0      0      0
12/23/1990   5526      0   2284   3242      0    692      0    368      0      0      0      0      0   0.00   0.00      0   0.00    2.8  0.195    0.0  0.000      0      0      0      0      0
12/24/1990   5599      0   2129   3470      0    675      0    306      0      0      0      0      0   0.00   0.00      0   0.00    2.8  0.195    0.0  0.000      0      0      0      0      0
12/25/1990   5670      0   1992   3678      0    677      0    226      0     23      0      0      0   0.00   0.00      0   0.00    2.8  0.195    0.0  0.000      0      0      0      0      0
12/26/1990   5718      0   1888   3830      0    722      0    126      0     81      0      0      0   0.00   0.00      0   0.00    2.8  0.195    0.0  0.000      0      0      0      0      0
12/27/1990   5776      0   1826   3950      0    750      0     33      0    164      0      0      0   0.00   0.00      0   0.00    2.8  0.195    0.0  0.000      0      0      0      0      0
12/28/1990   5828      0   1769   4059      0    724      0     23      0    238      0      0      0   0.00   0.00      0   0.00    2.7  0.195    0.0  0.000      0      0      0      0      0
12/29/1990   5830      0   1676   4154      0    715      0     81      0    222      0      0      0   0.00   0.00      0   0.00    2.7  0.195    0.0  0.000      0      0      0      0      0
12/30/1990   5836      0   1606   4230      0    702      0    164      0    212      0      0      0   0.00   0.00      0   0.00    2.7  0.195    0.0  0.000      0      0      0      0      0
12/31/1990   5862      0   1560   4302      0    669      0    261      0    191      0      0      0   0.00   0.00      0   0.00    2.7  0.195    0.0  0.000      0      0      0      0      0
