Varroa Population Simulation - Nov 24,2015  04:07:54 PM
VarroaPop Version 3.2.5.8  June, 2015

                                        Capped  Capped                                                                      Prop           Conc          Conc                                     
            Colony  Adult  Adult         Drone   Wkr    Drone  Wkr    Drone  Wkr  Free   DBrood WBrood DMite  WMite  Mites  Mites  Colony Pollen Colony Nectar   Dead   Dead   Dead   Dead   Dead
     Date   Size   Drones   Wkr   Forgrs Brood  Brood   Larv   Larv    Eggs  Eggs Mites  Mites  Mites  /Cell  /Cell  Dying  Dying  Pollen  Pest  Nectar  Pest    DLarv  WLarv  DAdlt  WAdlt  Forgrs
Initial     10000      0   6363   3637      0      0      0      0      0      0      0      0      0   0.00   0.00      0   0.00    0.0  0.000    0.0  0.000      0      0      0      0      0
05/01/1990   9697      0   6060   3637      0      0      0      0      4    201      0      0      0   0.00   0.00      0   0.00    0.1  0.000    0.0  0.000      0      0      0      0      0
05/02/1990   9394      0   5757   3637      0      0      0      0      8    418      0      0      0   0.00   0.00      0   0.00    0.2  0.000    0.0  0.000      0      0      0      0      0
05/03/1990   9091      0   5454   3637      0      0      0      0     13    654      0      0      0   0.00   0.00      0   0.00    0.4  0.000    0.0  0.000      0      0      0      0      0
05/04/1990   8788      0   5151   3637      0      0      4    201     14    699      0      0      0   0.00   0.00      0   0.00    0.5  0.000    0.0  0.000      0      0      0      0      0
05/05/1990   8485      0   4848   3637      0      0      8    418     15    733      0      0      0   0.00   0.00      0   0.00    0.6  0.000    0.0  0.000      0      0      0      0      0
05/06/1990   8182      0   4545   3637      0      0     13    654     15    743      0      0      0   0.00   0.00      0   0.00    0.8  0.000    0.0  0.000      0      0      0      0      0
05/07/1990   7879      0   4242   3637      0      0     18    900     15    725      0      0      0   0.00   0.00      0   0.00    0.9  0.000    0.0  0.000      0      0      0      0      0
05/08/1990   7576      0   3939   3637      0      0     23   1151     15    699      0      0      0   0.00   0.00      0   0.00    1.0  0.000    0.0  0.000      0      0      0      0      0
05/09/1990   7273      0   3636   3637      0    201     28   1196     14    661      0      0      0   0.00   0.00      0   0.00    1.2  0.000    0.0  0.000      0      0      0      0      0
05/10/1990   6970      0   3333   3637      0    418     33   1207     13    611      0      0      0   0.00   0.00      0   0.00    1.3  0.000    0.0  0.000      0      0      0      0      0
05/11/1990   6667      0   3030   3637      4    654     34   1196     12    583      0      0      0   0.00   0.00      0   0.00    1.4  0.000    0.0  0.000      0      0      0      0      0
05/12/1990   6363      0   2727   3636      8    900     34   1158     12    579      0      0      0   0.00   0.00      0   0.00    1.6  0.000    0.0  0.000      0      0      0      0      0
05/13/1990   6060      0   2424   3636     13   1151     33   1085     13    608      0      0      0   0.00   0.00      0   0.00    1.7  0.000    0.0  0.000      0      0      0      0      0
05/14/1990   5757      0   2121   3636     18   1397     32   1036     14    617      0      0      0   0.00   0.00      0   0.00    1.9  0.000    0.0  0.000      0      0      0      0      0
05/15/1990   5454      0   1818   3636     23   1625     31   1012     14    611      0      0      0   0.00   0.00      0   0.00    2.0  0.000    0.0  0.000      0      0      0      0      0
05/16/1990   5151      0   1515   3636     28   1850     31    994     14    626      0      0      0   0.00   0.00      0   0.00    2.2  0.000    0.0  0.000      0      0      0      0      0
05/17/1990   4848      0   1212   3636     33   2058     31    992     14    628      0      0      0   0.00   0.00      0   0.00    2.3  0.000    0.0  0.000      0      0      0      0      0
05/18/1990   4545      0    909   3636     38   2236     30   1012     14    616      0      0      0   0.00   0.00      0   0.00    2.5  0.000    0.0  0.000      0      0      0      0      0
05/19/1990   4242      0    606   3636     42   2433     31   1037     13    575      0      0      0   0.00   0.00      0   0.00    2.6  0.000    0.0  0.000      0      0      0      0      0
05/20/1990   3939      0    303   3636     46   2637     32   1041     13    571      0      0      0   0.00   0.00      0   0.00    2.8  0.000    0.0  0.000      0      0      0      0      0
05/21/1990   3636      0      0   3636     50   2844     32   1020     14    600      0      0      0   0.00   0.00      0   0.00    3.0  0.000    0.0  0.000      0      0      0      0      0
05/22/1990   3534      0    201   3333     54   2849     32    995     15    638      0      0      0   0.00   0.00      0   0.00    3.1  0.000    0.0  0.000      0      0      0      0      0
05/23/1990   3751      0    418   3333     59   2830     32   1001     14    607      0      0      0   0.00   0.00      0   0.00    3.1  0.000    0.0  0.000      0      0      0      0      0
05/24/1990   3684      0    654   3030     64   2816     32    994     13    563      0      0      0   0.00   0.00      0   0.00    3.2  0.000    0.0  0.000      0      0      0      0      0
05/25/1990   3631      4    900   2727     64   2778     33   1005     12    528      0      0      0   0.00   0.00      0   0.00    3.3  0.000    0.0  0.000      0      0      0      0      0
05/26/1990   3583      8   1151   2424     65   2713     32    992     12    532      0      0      0   0.00   0.00      0   0.00    3.4  0.000    0.0  0.000      0      0      0      0      0
05/27/1990   3834     13   1397   2424     65   2648     31    982     11    507      0      0      0   0.00   0.00      0   0.00    3.4  0.000    0.0  0.000      0      0      0      0      0
05/28/1990   4067     18   1625   2424     64   2624     31    962     10    466      0      0      0   0.00   0.00      0   0.00    3.4  0.000    0.0  0.000      0      0      0      0      0
05/29/1990   3994     23   1850   2121     63   2614     31    924      9    443      0      0      0   0.00   0.00      0   0.00    3.5  0.000    0.0  0.000      0      0      0      0      0
05/30/1990   3904     28   2058   1818     63   2625     29    851      9    443      0      0      0   0.00   0.00      0   0.00    3.6  0.000    0.0  0.000      0      0      0      0      0
05/31/1990   3784     33   2236   1515     63   2620     27    821      8    426      0      0      0   0.00   0.00      0   0.00    3.6  0.000    0.0  0.000      0      0      0      0      0
06/01/1990   3683     38   2433   1212     63   2594     25    804      7    388      0      0      0   0.00   0.00      0   0.00    3.7  0.000    0.0  0.000      0      0      0      0      0
06/02/1990   3588     42   2637    909     63   2574     24    766      6    356      0      0      0   0.00   0.00      0   0.00    3.7  0.000    0.0  0.000      0      0      0      0      0
06/03/1990   3496     46   2844    606     63   2544     22    715      5    327      0      0      0   0.00   0.00      0   0.00    3.7  0.000    0.0  0.000      0      0      0      0      0
06/04/1990   3403     50   3050    303     63   2484     20    685      3    283      0      0      0   0.00   0.00      0   0.00    3.7  0.000    0.0  0.000      0      0      0      0      0
06/05/1990   3302     54   3248      0     63   2429     18    656      1    208      0      0      0   0.00   0.00      0   0.00    3.7  0.000    0.0  0.000      0      0      0      0      0
06/06/1990   3529     59   3470      0     61   2361     16    599      0    111      0      0      0   0.00   0.00      0   0.00    3.7  0.000    0.0  0.000      0      0      0      0      0
06/07/1990   3742     64   3678      0     59   2299     13    525      0     39      0      0      0   0.00   0.00      0   0.00    3.6  0.000    0.0  0.000      0      0      0      0      0
06/08/1990   3932     68   3864      0     58   2239     10    438      0      0      0      0      0   0.00   0.00      0   0.00    3.6  0.000    0.0  0.000      0      0      0      0      0
06/09/1990   4118     73   4045      0     56   2174      7    322      0      0      0      0      0   0.00   0.00      0   0.00    3.6  0.000    0.0  0.000      0      0      0      0      0
06/10/1990   4327     78   4249      0     53   2084      5    208      0      0      0      0      0   0.00   0.00      0   0.00    3.6  0.000    0.0  0.000      0      0      0      0      0
06/11/1990   4546     82   4464      0     51   1966      3    111      0      0      0      0      0   0.00   0.00      0   0.00    3.5  0.000    0.0  0.000      0      0      0      0      0
06/12/1990   4769     86   4482    201     49   1819      1     39      0      0      0      0      0   0.00   0.00      0   0.00    3.5  0.000    0.0  0.000      0      0      0      0      0
06/13/1990   4947     91   4438    418     45   1685      0      0      0     25      0      0      0   0.00   0.00      0   0.00    3.5  0.000    0.0  0.000      0      0      0      0      0
06/14/1990   5123     96   4373    654     40   1514      0      0      0     70      0      0      0   0.00   0.00      0   0.00    3.5  0.000    0.0  0.000      0      0      0      0      0
06/15/1990   5308     97   4311    900     35   1330      0      0      0    139      0      0      0   0.00   0.00      0   0.00    3.5  0.000    0.0  0.000      0      0      0      0      0
06/16/1990   5485     97   4237   1151     31   1153      0     25      1    208      0      0      0   0.00   0.00      0   0.00    3.5  0.000    0.0  0.000      0      0      0      0      0
06/17/1990   5630     96   4137   1397     27   1007      0     70      3    282      0      0      0   0.00   0.00      0   0.00    3.6  0.000    0.0  0.000      0      0      0      0      0
06/18/1990   5772     95   4052   1625     23    864      0    139      5    343      0      0      0   0.00   0.00      0   0.00    3.6  0.000    0.0  0.000      0      0      0      0      0
06/19/1990   5925     94   3981   1850     19    710      1    233      7    402      0      0      0   0.00   0.00      0   0.00    3.7  0.000    0.0  0.000      0      0      0      0      0
06/20/1990   6069     92   3919   2058     16    564      3    352      9    463      0      0      0   0.00   0.00      0   0.00    3.7  0.000    0.0  0.000      0      0      0      0      0
06/21/1990   6193     90   3867   2236     13    463      5    457     11    525      0      0      0   0.00   0.00      0   0.00    3.8  0.000    0.0  0.000      0      0      0      0      0
06/22/1990   6307     88   3786   2433     10    392      8    565     13    559      0      0      0   0.00   0.00      0   0.00    3.9  0.000    0.0  0.000      0      0      0      0      0
06/23/1990   6420     87   3696   2637      7    347     12    676     14    576      0      0      0   0.00   0.00      0   0.00    4.0  0.000    0.0  0.000      0      0      0      0      0
06/24/1990   6314     85   3586   2643      5    344     16    774     15    593      0      0      0   0.00   0.00      0   0.00    4.1  0.000    0.0  0.000      0      0      0      0      0
06/25/1990   6167     83   3452   2632      3    391     21    842     15    615      0      0      0   0.00   0.00      0   0.00    4.2  0.000    0.0  0.000      0      0      0      0      0
06/26/1990   5968     81   3293   2594      2    482     25    909     15    629      0      0      0   0.00   0.00      0   0.00    4.3  0.000    0.0  0.000      0      0      0      0      0
06/27/1990   5718     77   3071   2570      3    635     28    965     15    625      0      0      0   0.00   0.00      0   0.00    4.3  0.000    0.0  0.000      0      0      0      0      0
06/28/1990   5462     72   2863   2527      5    815     31    994     15    617      0      0      0   0.00   0.00      0   0.00    4.4  0.000    0.0  0.000      0      0      0      0      0
06/29/1990   5212     68   2677   2467      8   1007     33   1013     15    615      0      0      0   0.00   0.00      0   0.00    4.5  0.000    0.0  0.000      0      0      0      0      0
06/30/1990   4979     63   2496   2420     12   1194     34   1031     15    618      0      0      0   0.00   0.00      0   0.00    4.6  0.000    0.0  0.000      0      0      0      0      0
07/01/1990   4749     58   2292   2399     16   1391     35   1035     15    622      0      0      0   0.00   0.00      0   0.00    4.7  0.000    0.0  0.000      0      0      0      0      0
07/02/1990   4537     54   2077   2406     21   1600     35   1035     15    609      0      0      0   0.00   0.00      0   0.00    4.8  0.000    0.0  0.000      0      0      0      0      0
07/03/1990   4355     50   1858   2447     26   1809     35   1034     15    595      0      0      0   0.00   0.00      0   0.00    4.9  0.000    0.0  0.000      0      0      0      0      0
07/04/1990   4178     45   1710   2423     31   1995     35   1028     15    579      0      0      0   0.00   0.00      0   0.00    5.0  0.000    0.0  0.000      0      0      0      0      0
07/05/1990   4014     40   1584   2390     36   2155     35   1019     15    574      0      0      0   0.00   0.00      0   0.00    5.1  0.000    0.0  0.000      0      0      0      0      0
07/06/1990   3871     35   1469   2367     41   2287     35   1012     15    570      0      0      0   0.00   0.00      0   0.00    5.2  0.000    0.0  0.000      0      0      0      0      0
07/07/1990   3755     31   1386   2338     46   2402     35    992     15    576      0      0      0   0.00   0.00      0   0.00    5.3  0.000    0.0  0.000      0      0      0      0      0
07/08/1990   3672     27   1359   2286     51   2491     35    975     15    580      0      0      0   0.00   0.00      0   0.00    5.4  0.000    0.0  0.000      0      0      0      0      0
07/09/1990   3576     23   1346   2207     56   2566     35    960     15    585      0      0      0   0.00   0.00      0   0.00    5.5  0.000    0.0  0.000      0      0      0      0      0
07/10/1990   3518     20   1345   2153     60   2609     35    959     15    588      0      0      0   0.00   0.00      0   0.00    5.5  0.000    0.0  0.000      0      0      0      0      0
07/11/1990   3511     19   1379   2113     63   2623     35    960     15    591      0      0      0   0.00   0.00      0   0.00    5.6  0.000    0.0  0.000      0      0      0      0      0
07/12/1990   3521     18   1445   2058     66   2620     35    966     15    592      0      0      0   0.00   0.00      0   0.00    5.7  0.000    0.0  0.000      0      0      0      0      0
07/13/1990   3504     18   1516   1970     68   2624     35    973     15    586      0      0      0   0.00   0.00      0   0.00    5.8  0.000    0.0  0.000      0      0      0      0      0
07/14/1990   3487     19   1599   1869     69   2617     35    981     15    575      0      0      0   0.00   0.00      0   0.00    5.9  0.000    0.0  0.000      0      0      0      0      0
07/15/1990   3479     21   1711   1747     70   2603     35    982     15    560      0      0      0   0.00   0.00      0   0.00    5.9  0.000    0.0  0.000      0      0      0      0      0
07/16/1990   3518     24   1848   1646     70   2589     35    979     15    538      0      0      0   0.00   0.00      0   0.00    6.0  0.000    0.0  0.000      0      0      0      0      0
07/17/1990   3561     27   2020   1514     70   2573     35    971     15    513      0      0      0   0.00   0.00      0   0.00    6.1  0.000    0.0  0.000      0      0      0      0      0
07/18/1990   3586     31   2225   1330     70   2566     35    954     15    488      0      0      0   0.00   0.00      0   0.00    6.1  0.000    0.0  0.000      0      0      0      0      0
07/19/1990   3615     36   2426   1153     70   2563     35    926     14    463      0      0      0   0.00   0.00      0   0.00    6.1  0.000    0.0  0.000      0      0      0      0      0
07/20/1990   3683     41   2635   1007     70   2550     35    892     13    433      0      0      0   0.00   0.00      0   0.00    6.2  0.000    0.0  0.000      0      0      0      0      0
07/21/1990   3753     46   2843    864     70   2534     35    856     11    397      0      0      0   0.00   0.00      0   0.00    6.2  0.000    0.0  0.000      0      0      0      0      0
07/22/1990   3809     51   3048    710     70   2516     34    814     10    359      0      0      0   0.00   0.00      0   0.00    6.2  0.000    0.0  0.000      0      0      0      0      0
07/23/1990   3864     56   3244    564     70   2501     33    765      8    315      0      0      0   0.00   0.00      0   0.00    6.2  0.000    0.0  0.000      0      0      0      0      0
07/24/1990   3937     61   3438    438     70   2477     31    715      6    265      0      0      0   0.00   0.00      0   0.00    6.2  0.000    0.0  0.000      0      0      0      0      0
07/25/1990   4015     66   3602    347     70   2450     29    660      4    214      0      0      0   0.00   0.00      0   0.00    6.2  0.000    0.0  0.000      0      0      0      0      0
07/26/1990   4097     71   3748    278     70   2415     26    592      2    173      0      0      0   0.00   0.00      0   0.00    6.2  0.000    0.0  0.000      0      0      0      0      0
07/27/1990   4195     76   3869    250     70   2370     22    517      1    143      0      0      0   0.00   0.00      0   0.00    6.2  0.000    0.0  0.000      0      0      0      0      0
07/28/1990   4323     81   3970    272     70   2307     18    441      0    124      0      0      0   0.00   0.00      0   0.00    6.1  0.000    0.0  0.000      0      0      0      0      0
07/29/1990   4484     86   4046    352     69   2232     14    368      0    117      0      0      0   0.00   0.00      0   0.00    6.1  0.000    0.0  0.000      0      0      0      0      0
07/30/1990   4684     91   4111    482     68   2144     10    301      1    127      0      0      0   0.00   0.00      0   0.00    6.1  0.000    0.0  0.000      0      0      0      0      0
07/31/1990   4886     95   4156    635     66   2034      7    250      2    156      0      0      0   0.00   0.00      0   0.00    6.1  0.000    0.0  0.000      0      0      0      0      0
08/01/1990   5087     98   4174    815     64   1906      4    220      4    197      0      0      0   0.00   0.00      0   0.00    6.1  0.000    0.0  0.000      0      0      0      0      0
08/02/1990   5286    101   4178   1007     61   1766      3    214      6    246      0      0      0   0.00   0.00      0   0.00    6.1  0.000    0.0  0.000      0      0      0      0      0
08/03/1990   5480    103   4183   1194     57   1621      3    233      8    296      0      0      0   0.00   0.00      0   0.00    6.2  0.000    0.0  0.000      0      0      0      0      0
08/04/1990   5668    104   4173   1391     53   1474      4    274     10    346      0      0      0   0.00   0.00      0   0.00    6.2  0.000    0.0  0.000      0      0      0      0      0
08/05/1990   5850    105   4145   1600     48   1330      7    336     12    396      0      0      0   0.00   0.00      0   0.00    6.3  0.000    0.0  0.000      0      0      0      0      0
08/06/1990   5995    105   4106   1784     43   1200     10    412     14    444      0      0      0   0.00   0.00      0   0.00    6.3  0.000    0.0  0.000      0      0      0      0      0
08/07/1990   6112    105   4057   1950     38   1088     14    493     15    488      0      0      0   0.00   0.00      0   0.00    6.4  0.000    0.0  0.000      0      0      0      0      0
08/08/1990   6199    105   4008   2086     33    998     19    576     16    524      0      0      0   0.00   0.00      0   0.00    6.4  0.000    0.0  0.000      0      0      0      0      0
08/09/1990   6250    105   3952   2193     29    934     23    659     17    553      0      0      0   0.00   0.00      0   0.00    6.5  0.000    0.0  0.000      0      0      0      0      0
08/10/1990   6263    105   3875   2283     25    901     27    735     19    576      0      0      0   0.00   0.00      0   0.00    6.6  0.000    0.0  0.000      0      0      0      0      0
08/11/1990   6253    105   3787   2361     22    897     31    804     20    595      0      0      0   0.00   0.00      0   0.00    6.7  0.000    0.0  0.000      0      0      0      0      0
08/12/1990   6206    104   3689   2413     21    921     34    866     21    609      0      0      0   0.00   0.00      0   0.00    6.7  0.000    0.0  0.000      0      0      0      0      0
08/13/1990   6113    103   3581   2429     20    982     38    915     21    615      0      0      0   0.00   0.00      0   0.00    6.8  0.000    0.0  0.000      0      0      0      0      0
08/14/1990   5989    101   3457   2431     21   1076     41    955     21    605      0      0      0   0.00   0.00      0   0.00    6.9  0.000    0.0  0.000      0      0      0      0      0
08/15/1990   5856     99   3324   2433     23   1195     43    987     20    579      0      0      0   0.00   0.00      0   0.00    7.0  0.000    0.0  0.000      0      0      0      0      0
08/16/1990   5703     96   3180   2427     26   1333     45   1006     20    559      0      0      0   0.00   0.00      0   0.00    7.1  0.000    0.0  0.000      0      0      0      0      0
08/17/1990   5530     92   3030   2408     30   1486     47   1007     20    552      0      0      0   0.00   0.00      0   0.00    7.2  0.000    0.0  0.000      0      0      0      0      0
08/18/1990   5354     88   2872   2394     35   1647     47    990     20    544      0      0      0   0.00   0.00      0   0.00    7.2  0.000    0.0  0.000      0      0      0      0      0
08/19/1990   2647     40   2247    360     41   1811     36    859     19    532      0      0      0   0.00   0.00      0   0.00    7.3  0.026    0.0  0.000     10    111     38    456   2003
08/20/1990   2605     38   2156    411     45   1904     37    903     13    390      0      0      0   0.00   0.00      0   0.00    7.3  0.027    0.0  0.000      2      0      0      1     59
08/21/1990   2610     36   2081    493     49   1995     38    919      8    268      0      0      0   0.00   0.00      0   0.00    7.3  0.028    0.0  0.000      1      0      0      1     28
08/22/1990   2646     34   2021    591     53   2108     40    897      4    158      0      0      0   0.00   0.00      0   0.00    7.4  0.029    0.0  0.000      0      0      0      1     12
08/23/1990   2707     32   1980    695     56   2190     37    761      5    187      0      0      0   0.00   0.00      0   0.00    7.4  0.030    0.0  0.000      0      0      1      0      6
08/24/1990   2788     30   1956    802     60   2258     33    628      6    212      0      0      0   0.00   0.00      0   0.00    7.4  0.031    0.0  0.000      0      0      1      0      3
08/25/1990   2886     29   1947    910     63   2314     30    503      6    229      0      0      0   0.00   0.00      0   0.00    7.4  0.032    0.0  0.000      0      0      1      0      2
08/26/1990   3003     29   1956   1018     67   2338     25    404      7    245      0      0      0   0.00   0.00      0   0.00    7.5  0.032    0.0  0.000      0      0      1      0      2
08/27/1990   3138     30   1980   1128     71   2346     20    308      9    271      0      0      0   0.00   0.00      0   0.00    7.5  0.032    0.0  0.000      0      0      0      0      0
08/28/1990   3285     32   2015   1238     73   2216     16    342     11    307      0      0      0   0.00   0.00      0   0.00    7.5  0.032    0.0  0.000      0      0      0      0      0
08/29/1990   3443     35   2060   1348     74   2082     13    381     13    343      0      0      0   0.00   0.00      0   0.00    7.6  0.032    0.0  0.000      0      0      0      0      0
08/30/1990   3609     38   2113   1458     70   1951     16    421     14    370      0      0      0   0.00   0.00      0   0.00    7.6  0.031    0.0  0.000      0      0      0      0      0
08/31/1990   3780     41   2226   1513     66   1827     19    462     15    390      0      0      0   0.00   0.00      0   0.00    7.7  0.031    0.0  0.000      0      0      0      0      0
09/01/1990   3907     45   2345   1517     62   1699     22    512     15    405      0      0      0   0.00   0.00      0   0.00    7.7  0.031    0.0  0.000      0      0      0      0      0
09/02/1990   4054     49   2403   1602     58   1635     25    562     15    419      0      0      0   0.00   0.00      0   0.00    7.7  0.031    0.0  0.000      0      0      0      0      0
09/03/1990   4101     51   2475   1575     56   1568     28    607     15    431      0      0      0   0.00   0.00      0   0.00    7.8  0.031    0.0  0.000      0      0      0      0      0
09/04/1990   4169     53   2584   1532     54   1476     31    646     15    434      0      0      0   0.00   0.00      0   0.00    7.8  0.031    0.0  0.000      0      0      0      0      0
09/05/1990   4218     55   2680   1483     53   1410     33    674     15    435      0      0      0   0.00   0.00      0   0.00    7.9  0.030    0.0  0.000      0      0      0      0      0
09/06/1990   4267     57   2779   1431     53   1352     34    695     15    430      0      0      0   0.00   0.00      0   0.00    7.9  0.030    0.0  0.000      0      0      0      0      0
09/07/1990   4319     60   2929   1330     52   1294     35    710     15    423      0      0      0   0.00   0.00      0   0.00    8.0  0.030    0.0  0.000      0      0      0      0      0
09/08/1990   4357     63   3065   1229     52   1256     35    719     15    409      0      0      0   0.00   0.00      0   0.00    8.0  0.030    0.0  0.000      0      0      0      0      0
09/09/1990   4396     70   3199   1127     50   1225     35    720     15    391      0      0      0   0.00   0.00      0   0.00    8.0  0.030    0.0  0.000      0      0      0      0      0
09/10/1990   4308     77   3195   1036     48   1323     35    714     15    375      0      0      0   0.00   0.00      0   0.00    8.1  0.030    0.0  0.000      0      0      0      0      0
09/11/1990   4225     83   3181    961     47   1419     35    697     14    356      0      0      0   0.00   0.00      0   0.00    8.1  0.030    0.0  0.000      0      0      0      0      0
09/12/1990   4153     89   3163    901     46   1501     35    677     13    336      0      0      0   0.00   0.00      0   0.00    8.1  0.030    0.0  0.000      0      0      0      0      0
09/13/1990   4143     90   3138    915     50   1571     35    654     12    314      0      0      0   0.00   0.00      0   0.00    8.1  0.030    0.0  0.000      0      0      0      0      0
09/14/1990   4050     91   3098    861     54   1637     34    623     12    295      0      0      0   0.00   0.00      0   0.00    8.1  0.029    0.0  0.000      0      0      0      0      0
09/15/1990   4045     92   3046    907     57   1695     33    590     11    279      0      0      0   0.00   0.00      0   0.00    8.1  0.029    0.0  0.000      0      0      0      0      0
09/16/1990   4050     92   2987    971     60   1735     32    559     11    270      0      0      0   0.00   0.00      0   0.00    8.2  0.029    0.0  0.000      0      0      0      0      0
09/17/1990   4066     91   2925   1050     63   1757     31    527     11    276      0      0      0   0.00   0.00      0   0.00    8.2  0.029    0.0  0.000      0      0      0      0      0
09/18/1990   4094     89   2865   1140     66   1763     29    494     12    290      0      0      0   0.00   0.00      0   0.00    8.2  0.029    0.0  0.000      0      0      0      0      0
09/19/1990   4181     87   2806   1288     68   1748     28    473     12    307      0      0      0   0.00   0.00      0   0.00    8.3  0.029    0.0  0.000      0      0      0      0      0
09/20/1990   4272     86   2742   1444     69   1723     27    467     13    332      0      0      0   0.00   0.00      0   0.00    8.3  0.029    0.0  0.000      0      0      0      0      0
09/21/1990   4368     85   2679   1604     69   1687     27    470     14    363      0      0      0   0.00   0.00      0   0.00    8.4  0.029    0.0  0.000      0      0      0      0      0
09/22/1990   4459     84   2616   1759     68   1638     27    485     15    390      0      0      0   0.00   0.00      0   0.00    8.4  0.028    0.0  0.000      0      0      0      0      0
09/23/1990   4536     83   2616   1837     67   1583     28    520     15    401      0      0      0   0.00   0.00      0   0.00    8.5  0.028    0.0  0.000      0      0      0      0      0
09/24/1990   4604     84   2606   1914     66   1526     29    563     16    413      0      0      0   0.00   0.00      0   0.00    8.6  0.028    0.0  0.000      0      0      0      0      0
09/25/1990   4650     85   2556   2009     64   1480     31    599     17    426      0      0      0   0.00   0.00      0   0.00    8.6  0.028    0.0  0.000      0      0      0      0      0
09/26/1990   4679     86   2519   2074     63   1438     32    631     19    443      0      0      0   0.00   0.00      0   0.00    8.7  0.028    0.0  0.000      0      0      0      0      0
09/27/1990   4691     87   2477   2127     62   1403     34    669     20    452      0      0      0   0.00   0.00      0   0.00    8.8  0.027    0.0  0.000      0      0      0      0      0
09/28/1990   4679     87   2427   2165     61   1389     36    693     21    465      0      0      0   0.00   0.00      0   0.00    8.9  0.027    0.0  0.000      0      0      0      0      0
09/29/1990   4645     87   2384   2174     60   1392     39    711     22    483      0      0      0   0.00   0.00      0   0.00    8.9  0.027    0.0  0.000      0      0      0      0      0
09/30/1990   4592     85   2336   2171     60   1402     41    731     23    504      0      0      0   0.00   0.00      0   0.00    9.0  0.027    0.0  0.000      0      0      0      0      0
10/01/1990   4526     83   2412   2031     60   1415     43    757     24    519      0      0      0   0.00   0.00      0   0.00    9.1  0.026    0.0  0.000      0      0      0      0      0
10/02/1990   4443     82   2472   1889     60   1449     46    781     23    508      0      0      0   0.00   0.00      0   0.00    9.2  0.026    0.0  0.000      0      0      0      0      0
10/03/1990   4348     81   2514   1753     60   1492     49    809     22    485      0      0      0   0.00   0.00      0   0.00    9.2  0.026    0.0  0.000      0      0      0      0      0
10/04/1990   4247     85   2539   1623     61   1544     51    833     21    467      0      0      0   0.00   0.00      0   0.00    9.3  0.026    0.0  0.000      0      0      0      0      0
10/05/1990   4199     88   2555   1556     63   1606     52    837     20    446      0      0      0   0.00   0.00      0   0.00    9.3  0.026    0.0  0.000      0      0      0      0      0
10/06/1990   4132     90   2564   1478     66   1678     52    829     18    416      0      0      0   0.00   0.00      0   0.00    9.4  0.026    0.0  0.000      0      0      0      0      0
10/07/1990   4030     92   2564   1374     69   1757     52    817     16    368      0      0      0   0.00   0.00      0   0.00    9.4  0.025    0.0  0.000      0      0      0      0      0
10/08/1990   3949     94   2560   1295     72   1834     51    779     15    337      0      0      0   0.00   0.00      0   0.00    9.5  0.025    0.0  0.000      0      0      0      0      0
10/09/1990   3868     95   2547   1226     77   1907     48    726     15    323      0      0      0   0.00   0.00      0   0.00    9.5  0.025    0.0  0.000      0      0      0      0      0
10/10/1990   3789     96   2528   1165     81   1958     45    677     15    316      0      0      0   0.00   0.00      0   0.00    9.5  0.025    0.0  0.000      0      0      0      0      0
10/11/1990   3739     96   2522   1121     85   1987     42    631     15    308      0      0      0   0.00   0.00      0   0.00    9.6  0.025    0.0  0.000      0      0      0      0      0
10/12/1990   3700     96   2520   1084     88   2011     40    582     15    296      0      0      0   0.00   0.00      0   0.00    9.6  0.025    0.0  0.000      0      0      0      0      0
10/13/1990   3788     95   2513   1180     91   2014     38    547     14    288      0      0      0   0.00   0.00      0   0.00    9.6  0.025    0.0  0.000      0      0      0      0      0
10/14/1990   3871     95   2504   1272     93   2002     36    523     14    290      0      0      0   0.00   0.00      0   0.00    9.7  0.025    0.0  0.000      0      0      0      0      0
10/15/1990   3954     95   2502   1357     94   1966     35    510     14    301      0      0      0   0.00   0.00      0   0.00    9.7  0.025    0.0  0.000      0      0      0      0      0
10/16/1990   4027     95   2505   1427     94   1925     34    498     15    316      0      0      0   0.00   0.00      0   0.00    9.8  0.025    0.0  0.000      0      0      0      0      0
10/17/1990   4102     95   2512   1495     94   1882     34    490     15    329      0      0      0   0.00   0.00      0   0.00    9.8  0.024    0.0  0.000      0      0      0      0      0
10/18/1990   4178     96   2524   1558     93   1830     34    495     15    341      0      0      0   0.00   0.00      0   0.00    9.9  0.024    0.0  0.000      0      0      0      0      0
10/19/1990   4249     97   2547   1605     92   1768     34    506     15    339      0      0      0   0.00   0.00      0   0.00    9.9  0.024    0.0  0.000      0      0      0      0      0
10/20/1990   4318     99   2586   1633     90   1695     34    523     15    328      0      0      0   0.00   0.00      0   0.00   10.0  0.024    0.0  0.000      0      0      0      0      0
10/21/1990   4380    101   2637   1642     88   1614     34    548     15    322      0      0      0   0.00   0.00      0   0.00   10.0  0.024    0.0  0.000      0      0      0      0      0
10/22/1990   4431    103   2691   1637     86   1539     34    555     15    328      0      0      0   0.00   0.00      0   0.00   10.1  0.024    0.0  0.000      0      0      0      0      0
10/23/1990   4463    106   2738   1619     82   1488     35    550     15    342      0      0      0   0.00   0.00      0   0.00   10.2  0.024    0.0  0.000      0      0      0      0      0
10/24/1990   4483    109   2786   1588     79   1445     35    554     16    350      0      0      0   0.00   0.00      0   0.00   10.2  0.023    0.0  0.000      0      0      0      0      0
10/25/1990   4502    112   2844   1546     76   1401     35    554     17    358      0      0      0   0.00   0.00      0   0.00   10.3  0.023    0.0  0.000      0      0      0      0      0
10/26/1990   4499    115   2889   1495     74   1383     35    551     17    352      0      0      0   0.00   0.00      0   0.00   10.3  0.023    0.0  0.000      0      0      0      0      0
10/27/1990   4477    118   2923   1436     72   1368     36    565     16    344      0      0      0   0.00   0.00      0   0.00   10.3  0.023    0.0  0.000      0      0      0      0      0
10/28/1990   4445    121   2942   1382     70   1361     37    584     15    328      0      0      0   0.00   0.00      0   0.00   10.4  0.023    0.0  0.000      0      0      0      0      0
10/29/1990   4409    123   2950   1336     69   1368     37    581     15    320      0      0      0   0.00   0.00      0   0.00   10.4  0.023    0.0  0.000      0      0      0      0      0
10/30/1990   4377    125   2956   1296     69   1373     37    581     15    298      0      0      0   0.00   0.00      0   0.00   10.5  0.023    0.0  0.000      0      0      0      0      0
10/31/1990   4343    126   2951   1266     69   1387     37    570     14    278      0      0      0   0.00   0.00      0   0.00   10.5  0.023    0.0  0.000      0      0      0      0      0
11/01/1990   4300    127   2926   1247     69   1410     37    551     12    244      0      0      0   0.00   0.00      0   0.00   10.5  0.023    0.0  0.000      0      0      0      0      0
11/02/1990   4262    128   2889   1245     69   1435     37    521     10    215      0      0      0   0.00   0.00      0   0.00   10.6  0.023    0.0  0.000      0      0      0      0      0
11/03/1990   4226    129   2849   1248     70   1451     35    496      9    197      0      0      0   0.00   0.00      0   0.00   10.6  0.023    0.0  0.000      0      0      0      0      0
11/04/1990   4206    129   2815   1262     71   1464     32    451     10    202      0      0      0   0.00   0.00      0   0.00   10.6  0.023    0.0  0.000      0      0      0      0      0
11/05/1990   4201    129   2777   1295     71   1462     30    408     11    216      0      0      0   0.00   0.00      0   0.00   10.7  0.022    0.0  0.000      0      0      0      0      0
11/06/1990   4203    128   2739   1336     72   1455     28    373     11    214      0      0      0   0.00   0.00      0   0.00   10.7  0.022    0.0  0.000      0      0      0      0      0
11/07/1990   4218    128   2701   1389     72   1433     27    355     10    207      0      0      0   0.00   0.00      0   0.00   10.8  0.022    0.0  0.000      0      0      0      0      0
11/08/1990   4243    127   2666   1450     72   1399     26    346     10    208      0      0      0   0.00   0.00      0   0.00   10.8  0.022    0.0  0.000      0      0      0      0      0
11/09/1990   4255    126   2613   1516     72   1360     24    343     11    226      0      0      0   0.00   0.00      0   0.00   10.9  0.022    0.0  0.000      0      0      0      0      0
11/10/1990   4254    124   2546   1584     71   1320     23    347     13    247      0      0      0   0.00   0.00      0   0.00   10.9  0.022    0.0  0.000      0      0      0      0      0
11/11/1990   4261    122   2484   1655     69   1274     24    357     14    263      0      0      0   0.00   0.00      0   0.00   11.0  0.022    0.0  0.000      0      0      0      0      0
11/12/1990   4264    120   2422   1722     67   1234     25    367     15    280      0      0      0   0.00   0.00      0   0.00   11.0  0.022    0.0  0.000      0      0      0      0      0
11/13/1990   4254    117   2380   1757     65   1194     27    378     15    300      0      0      0   0.00   0.00      0   0.00   11.1  0.022    0.0  0.000      0      0      0      0      0
11/14/1990   4239    114   2349   1776     64   1138     28    406     15    301      0      0      0   0.00   0.00      0   0.00   11.2  0.021    0.0  0.000      0      0      0      0      0
11/15/1990   4223    111   2313   1799     63   1083     29    440     15    291      0      0      0   0.00   0.00      0   0.00   11.2  0.021    0.0  0.000      0      0      0      0      0
11/16/1990   4197    109   2286   1802     61   1050     31    470     15    283      0      0      0   0.00   0.00      0   0.00   11.3  0.021    0.0  0.000      0      0      0      0      0
11/17/1990   4164    108   2277   1779     58   1020     33    481     15    293      0      0      0   0.00   0.00      0   0.00   11.4  0.021    0.0  0.000      0      0      0      0      0
11/18/1990   4121    107   2273   1741     56   1002     34    484     15    299      0      0      0   0.00   0.00      0   0.00   11.4  0.021    0.0  0.000      0      0      0      0      0
11/19/1990   4071    106   2269   1696     55    993     35    490     15    296      0      0      0   0.00   0.00      0   0.00   11.5  0.021    0.0  0.000      0      0      0      0      0
11/20/1990   4150    106   2252   1792     55   1002     35    494     14    261      0      0      0   0.00   0.00      0   0.00   11.5  0.021    0.0  0.000      0      0      0      0      0
11/21/1990   4082    106   2235   1741     55   1024     35    483     12    228      0      0      0   0.00   0.00      0   0.00   11.6  0.021    0.0  0.000      0      0      0      0      0
11/22/1990   3834    106   2205   1523     55   1050     35    485     10    199      0      0      0   0.00   0.00      0   0.00   11.7  0.021    0.0  0.000      0      0      0      0      0
11/23/1990   3721    106   2171   1444     55   1078     34    464      9    192      0      0      0   0.00   0.00      0   0.00   11.7  0.020    0.0  0.000      0      0      0      0      0
11/24/1990   3612    105   2144   1363     56   1110     32    428      9    190      0      0      0   0.00   0.00      0   0.00   11.8  0.020    0.0  0.000      0      0      0      0      0
11/25/1990   3671    103   2117   1451     58   1141     30    391      9    188      0      0      0   0.00   0.00      0   0.00   11.7  0.020    0.0  0.000      0      0      0      0      0
11/26/1990   3733    101   2086   1546     60   1161     28    357      8    171      0      0      0   0.00   0.00      0   0.00   11.7  0.020    0.0  0.000      0      0      0      0      0
11/27/1990   3785    100   2042   1643     62   1192     26    322      7    152      0      0      0   0.00   0.00      0   0.00   11.7  0.020    0.0  0.000      0      0      0      0      0
11/28/1990   3838     99   1995   1744     63   1195     24    318      6    139      0      0      0   0.00   0.00      0   0.00   11.8  0.020    0.0  0.000      0      0      0      0      0
11/29/1990   3623     98   1953   1572     64   1181     21    300      7    157      0      0      0   0.00   0.00      0   0.00   11.8  0.020    0.0  0.000      0      0      0      0      0
11/30/1990   3550     96   1929   1525     65   1165     19    275      8    176      0      0      0   0.00   0.00      0   0.00   11.9  0.020    0.0  0.000      0      0      0      0      0
12/01/1990   3623     94   1914   1615     65   1140     18    265      8    174      0      0      0   0.00   0.00      0   0.00   11.9  0.020    0.0  0.000      0      0      0      0      0
12/02/1990   3703     93   1894   1716     64   1108     18    267      7    154      0      0      0   0.00   0.00      0   0.00   11.9  0.020    0.0  0.000      0      0      0      0      0
12/03/1990   3670     92   1881   1697     63   1073     18    263      6    144      0      0      0   0.00   0.00      0   0.00   12.0  0.020    0.0  0.000      0      0      0      0      0
12/04/1990   3660     92   1872   1696     61   1011     17    268      7    150      0      0      0   0.00   0.00      0   0.00   12.1  0.020    0.0  0.000      0      0      0      0      0
12/05/1990   3742     92   1845   1805     59    959     16    269      7    152      0      0      0   0.00   0.00      0   0.00   12.0  0.020    0.0  0.000      0      0      0      0      0
12/06/1990   3729     92   1814   1823     56    921     16    268      8    157      0      0      0   0.00   0.00      0   0.00   12.1  0.020    0.0  0.000      0      0      0      0      0
12/07/1990   3636     92   1803   1741     53    885     17    261      8    163      0      0      0   0.00   0.00      0   0.00   12.2  0.020    0.0  0.000      0      0      0      0      0
12/08/1990   3641     91   1794   1756     50    842     17    245      9    177      0      0      0   0.00   0.00      0   0.00   12.2  0.019    0.0  0.000      0      0      0      0      0
12/09/1990   3643     90   1785   1768     48    796     17    251      9    183      0      0      0   0.00   0.00      0   0.00   12.3  0.019    0.0  0.000      0      0      0      0      0
12/10/1990   3648     90   1779   1779     46    743     17    270     11    202      0      0      0   0.00   0.00      0   0.00   12.4  0.019    0.0  0.000      0      0      0      0      0
12/11/1990   3312     90   1757   1465     43    725     18    278     13    223      0      0      0   0.00   0.00      0   0.00   12.4  0.019    0.0  0.000      0      0      0      0      0
12/12/1990   3363     90   1735   1538     40    718     19    284     14    225      0      0      0   0.00   0.00      0   0.00   12.4  0.019    0.0  0.000      0      0      0      0      0
12/13/1990   3418     90   1734   1594     37    696     22    320     12    202      0      0      0   0.00   0.00      0   0.00   12.5  0.019    0.0  0.000      0      0      0      0      0
12/14/1990   3467     89   1734   1644     36    690     24    344      8    149      0      0      0   0.00   0.00      0   0.00   12.5  0.019    0.0  0.000      0      0      0      0      0
12/15/1990   3515     88   1728   1699     35    691     26    346      5    120      0      0      0   0.00   0.00      0   0.00   12.5  0.019    0.0  0.000      0      0      0      0      0
12/16/1990   3568     88   1720   1760     35    685     26    345      3     95      0      0      0   0.00   0.00      0   0.00   12.5  0.019    0.0  0.000      0      0      0      0      0
12/17/1990   3601     88   1689   1824     35    702     24    310      4    106      0      0      0   0.00   0.00      0   0.00   12.4  0.019    0.0  0.000      0      0      0      0      0
12/18/1990   3631     88   1666   1877     35    741     22    264      5    115      0      0      0   0.00   0.00      0   0.00   12.4  0.019    0.0  0.000      0      0      0      0      0
12/19/1990   3670     87   1652   1931     35    769     20    217      6    121      0      0      0   0.00   0.00      0   0.00   12.4  0.019    0.0  0.000      0      0      0      0      0
12/20/1990   3719     85   1638   1996     38    770     17    191      4     95      0      0      0   0.00   0.00      0   0.00   12.4  0.019    0.0  0.000      0      0      0      0      0
12/21/1990   3767     84   1616   2067     41    767     14    177      2     51      0      0      0   0.00   0.00      0   0.00   12.4  0.019    0.0  0.000      0      0      0      0      0
12/22/1990   3804     83   1579   2142     43    744     12    189      0     12      0      0      0   0.00   0.00      0   0.00   12.4  0.019    0.0  0.000      0      0      0      0      0
12/23/1990   3834     82   1529   2223     43    736      9    166      0      0      0      0      0   0.00   0.00      0   0.00   12.4  0.019    0.0  0.000      0      0      0      0      0
12/24/1990   3872     81   1480   2311     41    718      8    133      0      0      0      0      0   0.00   0.00      0   0.00   12.4  0.019    0.0  0.000      0      0      0      0      0
12/25/1990   3913     78   1429   2406     40    700      7     95      0      8      0      0      0   0.00   0.00      0   0.00   12.3  0.019    0.0  0.000      0      0      0      0      0
12/26/1990   3943     75   1380   2488     39    699      6     51      0     29      0      0      0   0.00   0.00      0   0.00   12.3  0.019    0.0  0.000      0      0      0      0      0
12/27/1990   3984     72   1346   2566     39    682      4     12      1     57      0      0      0   0.00   0.00      0   0.00   12.3  0.019    0.0  0.000      0      0      0      0      0
12/28/1990   4032     70   1309   2653     38    632      2      8      2     83      0      0      0   0.00   0.00      0   0.00   12.3  0.019    0.0  0.000      0      0      0      0      0
12/29/1990   4076     67   1264   2745     38    573      0     29      2     76      0      0      0   0.00   0.00      0   0.00   12.3  0.019    0.0  0.000      0      0      0      0      0
12/30/1990   4123     65   1230   2828     35    511      1     57      2     73      0      0      0   0.00   0.00      0   0.00   12.3  0.019    0.0  0.000      0      0      0      0      0
12/31/1990   4189     63   1215   2911     32    430      2     91      2     66      0      0      0   0.00   0.00      0   0.00   12.3  0.019    0.0  0.000      0      0      0      0      0
