Varroa Population Simulation - Nov 24,2015  04:11:54 PM
VarroaPop Version 3.2.5.8  June, 2015

                                        Capped  Capped                                                                      Prop           Conc          Conc                                     
            Colony  Adult  Adult         Drone   Wkr    Drone  Wkr    Drone  Wkr  Free   DBrood WBrood DMite  WMite  Mites  Mites  Colony Pollen Colony Nectar   Dead   Dead   Dead   Dead   Dead
     Date   Size   Drones   Wkr   Forgrs Brood  Brood   Larv   Larv    Eggs  Eggs Mites  Mites  Mites  /Cell  /Cell  Dying  Dying  Pollen  Pest  Nectar  Pest    DLarv  WLarv  DAdlt  WAdlt  Forgrs
Initial     10000      0   7224   2776      0      0      0      0      0      0      0      0      0   0.00   0.00      0   0.00    0.0  0.000    0.0  0.000      0      0      0      0      0
05/01/1990   9656      0   6880   2776      0      0      0      0      0    356      0      0      0   0.00   0.00      0   0.00    0.1  0.000    0.0  0.000      0      0      0      0      0
05/02/1990   9312      0   6536   2776      0      0      0      0      0    740      0      0      0   0.00   0.00      0   0.00    0.2  0.000    0.0  0.000      0      0      0      0      0
05/03/1990   8968      0   6192   2776      0      0      0      0      0   1158      0      0      0   0.00   0.00      0   0.00    0.2  0.000    0.0  0.000      0      0      0      0      0
05/04/1990   8624      0   5848   2776      0      0      0    356      1   1235      0      0      0   0.00   0.00      0   0.00    0.3  0.000    0.0  0.000      0      0      0      0      0
05/05/1990   8280      0   5504   2776      0      0      0    740      2   1293      0      0      0   0.00   0.00      0   0.00    0.4  0.000    0.0  0.000      0      0      0      0      0
05/06/1990   7936      0   5160   2776      0      0      0   1158      3   1309      0      0      0   0.00   0.00      0   0.00    0.5  0.000    0.0  0.000      0      0      0      0      0
05/07/1990   7592      0   4816   2776      0      0      1   1591      2   1279      0      0      0   0.00   0.00      0   0.00    0.6  0.000    0.0  0.000      0      0      0      0      0
05/08/1990   7224      0   4472   2752      0      0      2   2033      1   1233      0      0      0   0.00   0.00      0   0.00    0.7  0.000    0.0  0.000      0      0      0      0      0
05/09/1990   6880      0   4128   2752      0    356      3   2111      0   1164      0      0      0   0.00   0.00      0   0.00    0.8  0.000    0.0  0.000      0      0      0      0      0
05/10/1990   6536      0   3784   2752      0    740      3   2130      0   1074      0      0      0   0.00   0.00      0   0.00    0.9  0.000    0.0  0.000      0      0      0      0      0
05/11/1990   6192      0   3440   2752      0   1158      3   2108      0   1024      0      0      0   0.00   0.00      0   0.00    0.9  0.000    0.0  0.000      0      0      0      0      0
05/12/1990   5848      0   3096   2752      0   1591      3   2040      0   1018      0      0      0   0.00   0.00      0   0.00    1.0  0.000    0.0  0.000      0      0      0      0      0
05/13/1990   5504      0   2752   2752      0   2033      3   1911      0   1070      0      0      0   0.00   0.00      0   0.00    1.1  0.000    0.0  0.000      0      0      0      0      0
05/14/1990   5160      0   2408   2752      1   2467      2   1823      0   1087      0      0      0   0.00   0.00      0   0.00    1.2  0.000    0.0  0.000      0      0      0      0      0
05/15/1990   4816      0   2064   2752      2   2870      1   1779      0   1077      0      0      0   0.00   0.00      0   0.00    1.3  0.000    0.0  0.000      0      0      0      0      0
05/16/1990   4472      0   1720   2752      3   3266      0   1748      0   1103      0      0      0   0.00   0.00      0   0.00    1.5  0.000    0.0  0.000      0      0      0      0      0
05/17/1990   4128      0   1376   2752      3   3631      0   1746      0   1105      0      0      0   0.00   0.00      0   0.00    1.6  0.000    0.0  0.000      0      0      0      0      0
05/18/1990   3784      0   1032   2752      3   3944      0   1782      0   1083      0      0      0   0.00   0.00      0   0.00    1.7  0.000    0.0  0.000      0      0      0      0      0
05/19/1990   3440      0    688   2752      3   4290      0   1827      0   1009      0      0      0   0.00   0.00      0   0.00    1.8  0.000    0.0  0.000      0      0      0      0      0
05/20/1990   3096      0    344   2752      3   4649      0   1833      0   1005      0      0      0   0.00   0.00      0   0.00    1.9  0.000    0.0  0.000      0      0      0      0      0
05/21/1990   2752      0      0   2752      3   5014      0   1795      0   1055      0      0      0   0.00   0.00      0   0.00    2.0  0.000    0.0  0.000      0      0      0      0      0
05/22/1990   2764      0    356   2408      3   5021      0   1749      0   1123      0      0      0   0.00   0.00      0   0.00    2.2  0.000    0.0  0.000      0      0      0      0      0
05/23/1990   3148      0    740   2408      3   4986      0   1761      0   1057      0      0      0   0.00   0.00      0   0.00    2.1  0.000    0.0  0.000      0      0      0      0      0
05/24/1990   3222      0   1158   2064      3   4959      0   1747      0    974      0      0      0   0.00   0.00      0   0.00    2.2  0.000    0.0  0.000      0      0      0      0      0
05/25/1990   3311      0   1591   1720      3   4891      0   1767      0    891      0      0      0   0.00   0.00      0   0.00    2.3  0.000    0.0  0.000      0      0      0      0      0
05/26/1990   3409      0   2033   1376      3   4776      0   1735      0    871      0      0      0   0.00   0.00      0   0.00    2.4  0.000    0.0  0.000      0      0      0      0      0
05/27/1990   3843      0   2467   1376      3   4659      0   1712      0    786      0      0      0   0.00   0.00      0   0.00    2.3  0.000    0.0  0.000      0      0      0      0      0
05/28/1990   4247      1   2870   1376      2   4617      0   1653      0    690      0      0      0   0.00   0.00      0   0.00    2.3  0.000    0.0  0.000      0      0      0      0      0
05/29/1990   4300      2   3266   1032      1   4598      0   1551      0    636      0      0      0   0.00   0.00      0   0.00    2.3  0.000    0.0  0.000      0      0      0      0      0
05/30/1990   4322      3   3631    688      0   4618      0   1375      0    612      0      0      0   0.00   0.00      0   0.00    2.4  0.000    0.0  0.000      0      0      0      0      0
05/31/1990   4291      3   3944    344      0   4600      0   1286      0    536      0      0      0   0.00   0.00      0   0.00    2.4  0.000    0.0  0.000      0      0      0      0      0
06/01/1990   4293      3   4290      0      0   4548      0   1213      0    390      0      0      0   0.00   0.00      0   0.00    2.3  0.000    0.0  0.000      0      0      0      0      0
06/02/1990   4652      3   4649      0      0   4491      0   1096      0    205      0      0      0   0.00   0.00      0   0.00    2.3  0.000    0.0  0.000      0      0      0      0      0
06/03/1990   5017      3   5014      0      0   4401      0    951      0     75      0      0      0   0.00   0.00      0   0.00    2.3  0.000    0.0  0.000      0      0      0      0      0
06/04/1990   5380      3   5377      0      0   4247      0    817      0      0      0      0      0   0.00   0.00      0   0.00    2.2  0.000    0.0  0.000      0      0      0      0      0
06/05/1990   5729      3   5726      0      0   4104      0    611      0      0      0      0      0   0.00   0.00      0   0.00    2.2  0.000    0.0  0.000      0      0      0      0      0
06/06/1990   6120      3   6117      0      0   3934      0    390      0      0      0      0      0   0.00   0.00      0   0.00    2.2  0.000    0.0  0.000      0      0      0      0      0
06/07/1990   6485      3   6482      0      0   3754      0    205      0      0      0      0      0   0.00   0.00      0   0.00    2.1  0.000    0.0  0.000      0      0      0      0      0
06/08/1990   6812      3   6809      0      0   3557      0     75      0      0      0      0      0   0.00   0.00      0   0.00    2.1  0.000    0.0  0.000      0      0      0      0      0
06/09/1990   7129      3   7126      0      0   3315      0      0      0      0      0      0      0   0.00   0.00      0   0.00    2.0  0.000    0.0  0.000      0      0      0      0      0
06/10/1990   7490      3   7487      0      0   2954      0      0      0      0      0      0      0   0.00   0.00      0   0.00    2.0  0.000    0.0  0.000      0      0      0      0      0
06/11/1990   7867      3   7864      0      0   2577      0      0      0      0      0      0      0   0.00   0.00      0   0.00    1.9  0.000    0.0  0.000      0      0      0      0      0
06/12/1990   8252      3   7893    356      0   2192      0      0      0      0      0      0      0   0.00   0.00      0   0.00    1.9  0.000    0.0  0.000      0      0      0      0      0
06/13/1990   8547      3   7804    740      0   1897      0      0      0     85      0      0      0   0.00   0.00      0   0.00    1.9  0.000    0.0  0.000      0      0      0      0      0
06/14/1990   8841      3   7680   1158      0   1603      0      0      0    233      0      0      0   0.00   0.00      0   0.00    1.9  0.000    0.0  0.000      0      0      0      0      0
06/15/1990   9143      3   7549   1591      0   1301      0      0      0    447      0      0      0   0.00   0.00      0   0.00    1.9  0.000    0.0  0.000      0      0      0      0      0
06/16/1990   9418      3   7382   2033      0   1026      0     85      0    646      0      0      0   0.00   0.00      0   0.00    1.9  0.000    0.0  0.000      0      0      0      0      0
06/17/1990   9627      3   7157   2467      0    817      0    233      0    848      0      0      0   0.00   0.00      0   0.00    2.0  0.000    0.0  0.000      0      0      0      0      0
06/18/1990   9832      2   6960   2870      0    611      0    447      0   1007      0      0      0   0.00   0.00      0   0.00    2.1  0.000    0.0  0.000      0      0      0      0      0
06/19/1990  10052      1   6785   3266      0    390      0    731      1   1159      0      0      0   0.00   0.00      0   0.00    2.2  0.000    0.0  0.000      0      0      0      0      0
06/20/1990   9880      0   6605   3275      0    205      0   1081      3   1313      0      0      0   0.00   0.00      0   0.00    2.3  0.000    0.0  0.000      0      0      0      0      0
06/21/1990   9626      0   6422   3204      0    160      0   1369      5   1446      0      0      0   0.00   0.00      0   0.00    2.4  0.000    0.0  0.000      0      0      0      0      0
06/22/1990   9283      0   6151   3132      0    233      1   1657      5   1478      0      0      0   0.00   0.00      0   0.00    2.5  0.000    0.0  0.000      0      0      0      0      0
06/23/1990   8850      0   5792   3058      0    447      3   1947      4   1434      0      0      0   0.00   0.00      0   0.00    2.6  0.000    0.0  0.000      0      0      0      0      0
06/24/1990   8408      0   5427   2981      0    731      5   2169      3   1392      0      0      0   0.00   0.00      0   0.00    2.6  0.000    0.0  0.000      0      0      0      0      0
06/25/1990   7974      0   5064   2910      0   1081      6   2287      3   1380      0      0      0   0.00   0.00      0   0.00    2.7  0.000    0.0  0.000      0      0      0      0      0
06/26/1990   7571      0   4715   2856      0   1454      7   2374      3   1375      0      0      0   0.00   0.00      0   0.00    2.8  0.000    0.0  0.000      0      0      0      0      0
06/27/1990   7175      0   4324   2851      0   1890      8   2402      3   1353      0      0      0   0.00   0.00      0   0.00    2.9  0.000    0.0  0.000      0      0      0      0      0
06/28/1990   6810      0   3959   2851      0   2394      9   2354      3   1332      0      0      0   0.00   0.00      0   0.00    3.0  0.000    0.0  0.000      0      0      0      0      0
06/29/1990   6497      0   3632   2865      1   2900      9   2303      3   1335      0      0      0   0.00   0.00      0   0.00    3.1  0.000    0.0  0.000      0      0      0      0      0
06/30/1990   6151      0   3315   2836      3   3368      8   2277      3   1355      0      0      0   0.00   0.00      0   0.00    3.2  0.000    0.0  0.000      0      0      0      0      0
07/01/1990   5792      0   2954   2838      5   3828      7   2252      3   1378      0      0      0   0.00   0.00      0   0.00    3.3  0.000    0.0  0.000      0      0      0      0      0
07/02/1990   5427      0   2577   2850      6   4292      7   2246      3   1360      0      0      0   0.00   0.00      0   0.00    3.4  0.000    0.0  0.000      0      0      0      0      0
07/03/1990   5064      0   2192   2872      7   4748      7   2252      3   1335      0      0      0   0.00   0.00      0   0.00    3.5  0.000    0.0  0.000      0      0      0      0      0
07/04/1990   4800      0   1982   2818      8   5118      7   2255      3   1301      0      0      0   0.00   0.00      0   0.00    3.6  0.000    0.0  0.000      0      0      0      0      0
07/05/1990   4557      0   1836   2721      9   5412      7   2253      3   1286      0      0      0   0.00   0.00      0   0.00    3.7  0.000    0.0  0.000      0      0      0      0      0
07/06/1990   4406      0   1748   2658     10   5633      7   2255      2   1268      0      0      0   0.00   0.00      0   0.00    3.9  0.000    0.0  0.000      0      0      0      0      0
07/07/1990   4363      0   1757   2606     11   5807      7   2221      1   1269      0      0      0   0.00   0.00      0   0.00    4.0  0.000    0.0  0.000      0      0      0      0      0
07/08/1990   4396      0   1898   2498     12   5919      7   2184      0   1269      0      0      0   0.00   0.00      0   0.00    4.1  0.000    0.0  0.000      0      0      0      0      0
07/09/1990   4408      0   2065   2343     13   6004      6   2145      0   1270      0      0      0   0.00   0.00      0   0.00    4.1  0.000    0.0  0.000      0      0      0      0      0
07/10/1990   4467      0   2280   2187     14   6008      5   2130      0   1264      0      0      0   0.00   0.00      0   0.00    4.2  0.000    0.0  0.000      0      0      0      0      0
07/11/1990   4586      0   2599   1987     15   5941      4   2118      0   1247      0      0      0   0.00   0.00      0   0.00    4.3  0.000    0.0  0.000      0      0      0      0      0
07/12/1990   4797      0   2975   1822     16   5859      3   2114      0   1214      0      0      0   0.00   0.00      0   0.00    4.4  0.000    0.0  0.000      0      0      0      0      0
07/13/1990   4972      1   3368   1603     16   5816      2   2108      0   1162      0      0      0   0.00   0.00      0   0.00    4.4  0.000    0.0  0.000      0      0      0      0      0
07/14/1990   5132      3   3828   1301     15   5775      1   2097      0   1092      0      0      0   0.00   0.00      0   0.00    4.5  0.000    0.0  0.000      0      0      0      0      0
07/15/1990   5323      5   4292   1026     14   5736      0   2059      0    999      0      0      0   0.00   0.00      0   0.00    4.5  0.000    0.0  0.000      0      0      0      0      0
07/16/1990   5571      6   4748    817     13   5705      0   2001      0    875      0      0      0   0.00   0.00      0   0.00    4.5  0.000    0.0  0.000      0      0      0      0      0
07/17/1990   5821      7   5203    611     12   5670      0   1919      0    741      0      0      0   0.00   0.00      0   0.00    4.5  0.000    0.0  0.000      0      0      0      0      0
07/18/1990   6043      8   5645    390     11   5647      0   1794      0    612      0      0      0   0.00   0.00      0   0.00    4.5  0.000    0.0  0.000      0      0      0      0      0
07/19/1990   6294      9   6080    205     10   5620      0   1629      0    484      0      0      0   0.00   0.00      0   0.00    4.4  0.000    0.0  0.000      0      0      0      0      0
07/20/1990   6623     10   6538     75      9   5549      0   1446      0    345      0      0      0   0.00   0.00      0   0.00    4.4  0.000    0.0  0.000      0      0      0      0      0
07/21/1990   7011     11   7000      0      8   5454      0   1244      0    205      0      0      0   0.00   0.00      0   0.00    4.4  0.000    0.0  0.000      0      0      0      0      0
07/22/1990   7470     12   7458      0      7   5334      0   1021      0     90      0      0      0   0.00   0.00      0   0.00    4.3  0.000    0.0  0.000      0      0      0      0      0
07/23/1990   7911     13   7898      0      6   5188      0    792      0     25      0      0      0   0.00   0.00      0   0.00    4.3  0.000    0.0  0.000      0      0      0      0      0
07/24/1990   8349     14   8335      0      5   4994      0    574      0      0      0      0      0   0.00   0.00      0   0.00    4.2  0.000    0.0  0.000      0      0      0      0      0
07/25/1990   8774     15   8674     85      4   4774      0    370      0      0      0      0      0   0.00   0.00      0   0.00    4.1  0.000    0.0  0.000      0      0      0      0      0
07/26/1990   9200     16   8951    233      3   4514      0    205      0     26      0      0      0   0.00   0.00      0   0.00    4.1  0.000    0.0  0.000      0      0      0      0      0
07/27/1990   9620     17   9156    447      2   4210      0     90      0     96      0      0      0   0.00   0.00      0   0.00    4.0  0.000    0.0  0.000      0      0      0      0      0
07/28/1990  10046     18   9297    731      1   3850      0     25      0    223      0      0      0   0.00   0.00      0   0.00    4.0  0.000    0.0  0.000      0      0      0      0      0
07/29/1990  10472     19   9372   1081      0   3450      0     26      0    386      0      0      0   0.00   0.00      0   0.00    4.0  0.000    0.0  0.000      0      0      0      0      0
07/30/1990  10892     19   9419   1454      0   3030      0     96      0    569      0      0      0   0.00   0.00      0   0.00    4.0  0.000    0.0  0.000      0      0      0      0      0
07/31/1990  11311     19   9402   1890      0   2611      0    223      0    750      0      0      0   0.00   0.00      0   0.00    4.0  0.000    0.0  0.000      0      0      0      0      0
08/01/1990  11719     19   9306   2394      0   2203      0    412      0    924      0      0      0   0.00   0.00      0   0.00    4.1  0.000    0.0  0.000      0      0      0      0      0
08/02/1990  12021     19   9187   2815      0   1816      0    665      0   1088      0      0      0   0.00   0.00      0   0.00    4.1  0.000    0.0  0.000      0      0      0      0      0
08/03/1990  12239     18   9086   3135      0   1475      0    947      1   1236      0      0      0   0.00   0.00      0   0.00    4.2  0.000    0.0  0.000      0      0      0      0      0
08/04/1990  12361     16   8964   3381      0   1207      0   1240      2   1360      0      0      0   0.00   0.00      0   0.00    4.3  0.000    0.0  0.000      0      0      0      0      0
08/05/1990  12369     14   8794   3561      0   1040      0   1530      4   1460      0      0      0   0.00   0.00      0   0.00    4.4  0.000    0.0  0.000      0      0      0      0      0
08/06/1990  12261     13   8581   3667      0    986      1   1797      5   1538      0      0      0   0.00   0.00      0   0.00    4.5  0.000    0.0  0.000      0      0      0      0      0
08/07/1990  12091     12   8330   3749      0   1035      2   2031      6   1593      0      0      0   0.00   0.00      0   0.00    4.6  0.000    0.0  0.000      0      0      0      0      0
08/08/1990  11819     11   8053   3755      0   1178      4   2240      7   1624      0      0      0   0.00   0.00      0   0.00    4.7  0.000    0.0  0.000      0      0      0      0      0
08/09/1990  11429     10   7733   3686      0   1426      6   2411      8   1638      0      0      0   0.00   0.00      0   0.00    4.8  0.000    0.0  0.000      0      0      0      0      0
08/10/1990  10987      9   7340   3638      0   1778      8   2536      8   1640      0      0      0   0.00   0.00      0   0.00    4.9  0.000    0.0  0.000      0      0      0      0      0
08/11/1990  10543      8   6903   3632      0   2209     11   2628      7   1632      0      0      0   0.00   0.00      0   0.00    5.1  0.000    0.0  0.000      0      0      0      0      0
08/12/1990  10082      7   6445   3630      0   2696     14   2689      6   1622      0      0      0   0.00   0.00      0   0.00    5.2  0.000    0.0  0.000      0      0      0      0      0
08/13/1990   9617      6   6005   3606      1   3213     15   2716      6   1603      0      0      0   0.00   0.00      0   0.00    5.3  0.000    0.0  0.000      0      0      0      0      0
08/14/1990   9160      5   5568   3587      2   3747     16   2722      6   1558      0      0      0   0.00   0.00      0   0.00    5.4  0.000    0.0  0.000      0      0      0      0      0
08/15/1990   8704      4   5144   3556      4   4289     16   2718      6   1479      0      0      0   0.00   0.00      0   0.00    5.5  0.000    0.0  0.000      0      0      0      0      0
08/16/1990   8287      3   4745   3539      6   4811     16   2695      6   1420      0      0      0   0.00   0.00      0   0.00    5.6  0.000    0.0  0.000      0      0      0      0      0
08/17/1990   7921      2   4396   3523      8   5289     16   2642      6   1399      0      0      0   0.00   0.00      0   0.00    5.8  0.000    0.0  0.000      0      0      0      0      0
08/18/1990   7589      1   4098   3490     11   5706     15   2557      6   1379      0      0      0   0.00   0.00      0   0.00    5.9  0.000    0.0  0.000      0      0      0      0      0
08/19/1990    212      0    212      0     14   6057      6   1423      5   1349      0      0      0   0.00   0.00      0   0.00    6.0  0.323    0.0  0.000      8   1060      0   3635   3447
08/20/1990    458      0    457      1     14   5804      7   1880      3    875      0      0      0   0.00   0.00      0   0.00    6.0  0.323    0.0  0.000      1     17      0      1      6
08/21/1990    760      0    758      2     14   5499      8   2313      1    436      0      0      0   0.00   0.00      0   0.00    6.0  0.323    0.0  0.000      1      3      0      0      6
08/22/1990   1117      0   1114      3     14   5614      8   2269      0      0      0      0      0   0.00   0.00      0   0.00    6.0  0.323    0.0  0.000      1      2      0      0      6
08/23/1990   1528      0   1524      4     14   5653      7   1812      0      0      0      0      0   0.00   0.00      0   0.00    6.0  0.323    0.0  0.000      1      1      0      0      6
08/24/1990   1978      0   1973      5     15   5661      5   1347      0      0      0      0      0   0.00   0.00      0   0.00    6.0  0.323    0.0  0.000      1      1      0      0      6
08/25/1990   2459      0   2453      6     16   5647      3    873      0      0      0      0      0   0.00   0.00      0   0.00    6.0  0.323    0.0  0.000      1      1      0      0      6
08/26/1990   2972      0   2963      9     17   5568      2    435      0      1      0      0      0   0.00   0.00      0   0.00    5.9  0.323    0.0  0.000      0      0      0      0      4
08/27/1990   3507      1   3490     16     17   5469      1      0      0      3      0      0      0   0.00   0.00      0   0.00    5.9  0.323    0.0  0.000      0      0      0      0      0
08/28/1990   4049      2   4025     22     17   4927      0      0      0      7      0      0      0   0.00   0.00      0   0.00    5.9  0.323    0.0  0.000      0      0      0      0      0
08/29/1990   4598      4   4566     28     15   4379      0      1      0     12      0      0      0   0.00   0.00      0   0.00    5.9  0.323    0.0  0.000      0      0      0      0      0
08/30/1990   5147      6   5107     34     13   3831      0      3      0     18      0      0      0   0.00   0.00      0   0.00    5.9  0.323    0.0  0.000      0      0      0      0      0
08/31/1990   5692      8   5647     37     11   3287      0      7      0     24      0      0      0   0.00   0.00      0   0.00    5.8  0.323    0.0  0.000      0      0      0      0      0
09/01/1990   6234     11   6183     40      8   2747      0     13      0     29      0      0      0   0.00   0.00      0   0.00    5.8  0.323    0.0  0.000      0      0      0      0      0
09/02/1990   6237     14   6179     44      5   2747      0     21      0     32      0      0      0   0.00   0.00      0   0.00    5.8  0.323    0.0  0.000      0      0      0      0      0
09/03/1990   6239     14   6178     47      5   2745      0     30      0     35      0      0      0   0.00   0.00      0   0.00    5.7  0.323    0.0  0.000      0      0      0      0      0
09/04/1990   6714     14   6652     48      5   2269      0     39      0     38      0      0      0   0.00   0.00      0   0.00    5.7  0.323    0.0  0.000      0      0      0      0      0
09/05/1990   7163     14   7104     45      5   1817      0     46      0     41      0      0      0   0.00   0.00      0   0.00    5.6  0.323    0.0  0.000      0      0      0      0      0
09/06/1990   7620     14   7564     42      5   1359      0     53      0     41      0      0      0   0.00   0.00      0   0.00    5.6  0.323    0.0  0.000      0      0      0      0      0
09/07/1990   8087     15   8010     62      4    894      0     59      0     39      0      0      0   0.00   0.00      0   0.00    5.5  0.323    0.0  0.000      0      0      0      0      0
09/08/1990   8519     16   8421     82      3    466      0     63      0     43      0      0      0   0.00   0.00      0   0.00    5.5  0.323    0.0  0.000      0      0      0      0      0
09/09/1990   8951     17   8803    131      2     42      0     65      0     55      0      0      0   0.00   0.00      0   0.00    5.4  0.323    0.0  0.000      0      0      0      0      0
09/10/1990   8944     18   8551    375      1     53      0     66      0     83      0      0      0   0.00   0.00      0   0.00    5.4  0.323    0.0  0.000      0      0      0      0      0
09/11/1990   8941     19   8243    679      0     66      0     71      0    168      0      0      0   0.00   0.00      0   0.00    5.3  0.323    0.0  0.000      0      0      0      0      0
09/12/1990   8937     19   7880   1038      0     80      0     82      0    310      0      0      0   0.00   0.00      0   0.00    5.3  0.323    0.0  0.000      0      0      0      0      0
09/13/1990   8933     19   7463   1451      0     94      0    108      0    499      0      0      0   0.00   0.00      0   0.00    5.4  0.322    0.0  0.000      0      0      0      0      0
09/14/1990   8929     19   7007   1903      0    107      0    198      0    663      0      0      0   0.00   0.00      0   0.00    5.4  0.320    0.0  0.000      0      0      0      0      0
09/15/1990   8902     19   6520   2363      0    119      0    353      0    812      0      0      0   0.00   0.00      0   0.00    5.4  0.316    0.0  0.000      0      0      0      0      0
09/16/1990   8876     19   6004   2853      0    136      0    564      0    941      0      0      0   0.00   0.00      0   0.00    5.5  0.311    0.0  0.000      0      0      0      0      0
09/17/1990   8824     18   5472   3334      0    159      0    806      1   1081      0      0      0   0.00   0.00      0   0.00    5.6  0.305    0.0  0.000      0      0      0      0      0
09/18/1990   8575     17   4934   3624      0    195      0   1082      2   1199      0      0      0   0.00   0.00      0   0.00    5.8  0.299    0.0  0.000      0      0      0      0      0
09/19/1990   8271     15   4392   3864      0    292      0   1337      4   1287      0      0      0   0.00   0.00      0   0.00    5.9  0.292    0.0  0.000      0      0      0      0      0
09/20/1990   7914     13   3852   4049      0    451      1   1577      5   1367      0      0      0   0.00   0.00      0   0.00    6.1  0.284    0.0  0.000      0      0      0      0      0
09/21/1990   7505     11   3318   4176      0    670      2   1782      7   1435      0      0      0   0.00   0.00      0   0.00    6.2  0.277    0.0  0.000      0      0      0      0      0
09/22/1990   7057      8   2789   4260      0    926      4   1961      8   1468      0      0      0   0.00   0.00      0   0.00    6.4  0.270    0.0  0.000      0      0      0      0      0
09/23/1990   6578      5   2800   3773      0   1231      6   2132      8   1437      0      0      0   0.00   0.00      0   0.00    6.5  0.264    0.0  0.000      0      0      0      0      0
09/24/1990   6074      5   2810   3259      0   1576      9   2276      7   1388      0      0      0   0.00   0.00      0   0.00    6.6  0.259    0.0  0.000      0      0      0      0      0
09/25/1990   5554      5   2346   3203      0   1969     12   2348      5   1326      0      0      0   0.00   0.00      0   0.00    6.8  0.254    0.0  0.000      0      0      0      0      0
09/26/1990   5026      5   1904   3117      0   2389     14   2370      4   1282      0      0      0   0.00   0.00      0   0.00    6.9  0.250    0.0  0.000      0      0      0      0      0
09/27/1990   4491      5   1453   3033      1   2822     15   2377      3   1237      0      0      0   0.00   0.00      0   0.00    7.0  0.245    0.0  0.000      0      0      0      0      0
09/28/1990   3954      4    992   2958      2   3297     15   2307      3   1230      0      0      0   0.00   0.00      0   0.00    7.1  0.241    0.0  0.000      0      0      0      0      0
09/29/1990   3427      3    572   2852      4   3781     14   2217      3   1242      0      0      0   0.00   0.00      0   0.00    7.3  0.237    0.0  0.000      0      0      0      0      0
09/30/1990   2911      2    162   2747      6   4235     13   2146      3   1261      0      0      0   0.00   0.00      0   0.00    7.4  0.233    0.0  0.000      0      0      0      0      0
10/01/1990   2950      1    202   2747      9   4651     11   2100      2   1273      0      0      0   0.00   0.00      0   0.00    7.5  0.229    0.0  0.000      0      0      0      0      0
10/02/1990   3049      0    305   2744     12   5001      9   2071      1   1244      0      0      0   0.00   0.00      0   0.00    7.6  0.226    0.0  0.000      0      0      0      0      0
10/03/1990   2738      0    472   2266     14   5251      8   2081      0   1214      0      0      0   0.00   0.00      0   0.00    7.7  0.223    0.0  0.000      0      0      0      0      0
10/04/1990   2511      0    701   1810     16   5434      6   2091      0   1177      0      0      0   0.00   0.00      0   0.00    7.8  0.221    0.0  0.000      0      0      0      0      0
10/05/1990   2314      0    968   1346     17   5575      5   2078      0   1093      0      0      0   0.00   0.00      0   0.00    7.9  0.219    0.0  0.000      0      0      0      0      0
10/06/1990   2157      0   1284    873     18   5669      4   2065      0    929      0      0      0   0.00   0.00      0   0.00    7.9  0.218    0.0  0.000      0      0      0      0      0
10/07/1990   2077      0   1641    436     19   5735      3   2026      0    702      0      0      0   0.00   0.00      0   0.00    7.9  0.218    0.0  0.000      0      0      0      0      0
10/08/1990   2049      0   2046      3     20   5755      2   1910      0    484      0      0      0   0.00   0.00      0   0.00    7.9  0.218    0.0  0.000      0      0      0      0      0
10/09/1990   2483      0   2476      7     21   5743      1   1721      0    251      0      0      0   0.00   0.00      0   0.00    7.9  0.218    0.0  0.000      0      0      0      0      0
10/10/1990   2929      0   2916     13     22   5692      0   1484      0     94      0      0      0   0.00   0.00      0   0.00    7.9  0.218    0.0  0.000      0      0      0      0      0
10/11/1990   3417      1   3395     21     21   5602      0   1180      0      4      0      0      0   0.00   0.00      0   0.00    7.8  0.218    0.0  0.000      0      0      0      0      0
10/12/1990   3920      2   3887     31     20   5485      0    795      0      9      0      0      0   0.00   0.00      0   0.00    7.8  0.218    0.0  0.000      0      0      0      0      0
10/13/1990   4401      4   4355     42     18   5317      0    485      0     15      0      0      0   0.00   0.00      0   0.00    7.8  0.218    0.0  0.000      0      0      0      0      0
10/14/1990   4859      6   4800     53     16   5094      0    255      0     23      0      0      0   0.00   0.00      0   0.00    7.8  0.218    0.0  0.000      0      0      0      0      0
10/15/1990   5314      9   5240     65     13   4799      0    102      0     31      0      0      0   0.00   0.00      0   0.00    7.7  0.218    0.0  0.000      0      0      0      0      0
10/16/1990   5732     12   5643     77     10   4475      0     16      0     41      0      0      0   0.00   0.00      0   0.00    7.7  0.218    0.0  0.000      0      0      0      0      0
10/17/1990   6142     14   6041     87      8   4063      0     27      0     49      0      0      0   0.00   0.00      0   0.00    7.7  0.218    0.0  0.000      0      0      0      0      0
10/18/1990   6546     16   6436     94      6   3656      0     39      0     58      0      0      0   0.00   0.00      0   0.00    7.6  0.218    0.0  0.000      0      0      0      0      0
10/19/1990   6949     17   6834     98      5   3249      0     53      0     62      0      0      0   0.00   0.00      0   0.00    7.6  0.218    0.0  0.000      0      0      0      0      0
10/20/1990   7364     18   7240    106      4   2830      0     67      0     63      0      0      0   0.00   0.00      0   0.00    7.6  0.218    0.0  0.000      0      0      0      0      0
10/21/1990   7781     19   7642    120      3   2410      0     82      0     65      0      0      0   0.00   0.00      0   0.00    7.5  0.218    0.0  0.000      0      0      0      0      0
10/22/1990   8193     20   8024    149      2   1999      0     92      0     72      0      0      0   0.00   0.00      0   0.00    7.5  0.218    0.0  0.000      0      0      0      0      0
10/23/1990   8576     21   8316    239      1   1617      0     99      0     86      0      0      0   0.00   0.00      0   0.00    7.4  0.218    0.0  0.000      0      0      0      0      0
10/24/1990   8960     22   8546    392      0   1237      0    106      0    118      0      0      0   0.00   0.00      0   0.00    7.4  0.218    0.0  0.000      0      0      0      0      0
10/25/1990   9331     22   8702    607      0    871      0    115      0    180      0      0      0   0.00   0.00      0   0.00    7.3  0.218    0.0  0.000      0      0      0      0      0
10/26/1990   9629     22   8746    861      0    582      0    127      0    265      0      0      0   0.00   0.00      0   0.00    7.3  0.218    0.0  0.000      0      0      0      0      0
10/27/1990   9850     22   8663   1165      0    370      0    162      0    372      0      0      0   0.00   0.00      0   0.00    7.3  0.218    0.0  0.000      0      0      0      0      0
10/28/1990   9990     22   8463   1505      0    232      0    232      0    477      0      0      0   0.00   0.00      0   0.00    7.3  0.218    0.0  0.000      0      0      0      0      0
10/29/1990  10058     22   8149   1887      0    163      0    327      0    586      0      0      0   0.00   0.00      0   0.00    7.4  0.217    0.0  0.000      0      0      0      0      0
10/30/1990  10018     22   7715   2281      0    191      0    462      0    666      0      0      0   0.00   0.00      0   0.00    7.4  0.216    0.0  0.000      0      0      0      0      0
10/31/1990   9916     22   7270   2624      0    224      0    623      0    732      0      0      0   0.00   0.00      0   0.00    7.5  0.214    0.0  0.000      0      0      0      0      0
11/01/1990   9743     21   6786   2936      0    277      0    795      0    735      0      0      0   0.00   0.00      0   0.00    7.6  0.211    0.0  0.000      0      0      0      0      0
11/02/1990   9511     20   6289   3202      0    362      0    948      0    719      0      0      0   0.00   0.00      0   0.00    7.6  0.209    0.0  0.000      0      0      0      0      0
11/03/1990   9243     18   5817   3408      0    474      0   1090      0    711      0      0      0   0.00   0.00      0   0.00    7.8  0.206    0.0  0.000      0      0      0      0      0
11/04/1990   8931     16   5372   3543      0    626      0   1158      0    769      0      0      0   0.00   0.00      0   0.00    7.9  0.203    0.0  0.000      0      0      0      0      0
11/05/1990   8579     13   4932   3634      0    808      0   1190      1    845      0      0      0   0.00   0.00      0   0.00    8.0  0.199    0.0  0.000      0      0      0      0      0
11/06/1990   8183     10   4532   3641      0   1019      0   1215      1    850      0      0      0   0.00   0.00      0   0.00    8.1  0.196    0.0  0.000      0      0      0      0      0
11/07/1990   7764      8   4139   3617      0   1243      0   1261      1    816      0      0      0   0.00   0.00      0   0.00    8.3  0.193    0.0  0.000      0      0      0      0      0
11/08/1990   7337      6   3753   3578      0   1482      1   1303      1    801      0      0      0   0.00   0.00      0   0.00    8.4  0.190    0.0  0.000      0      0      0      0      0
11/09/1990   6870      5   3364   3501      0   1692      1   1330      2    843      0      0      0   0.00   0.00      0   0.00    8.5  0.187    0.0  0.000      0      0      0      0      0
11/10/1990   6387      4   2960   3423      0   1899      1   1358      3    892      0      0      0   0.00   0.00      0   0.00    8.6  0.185    0.0  0.000      0      0      0      0      0
11/11/1990   5931      3   2557   3371      0   2128      2   1393      3    916      0      0      0   0.00   0.00      0   0.00    8.8  0.182    0.0  0.000      0      0      0      0      0
11/12/1990   5502      2   2163   3337      0   2389      3   1404      3    941      0      0      0   0.00   0.00      0   0.00    8.9  0.179    0.0  0.000      0      0      0      0      0
11/13/1990   5082      1   1802   3279      0   2658      4   1405      3    971      0      0      0   0.00   0.00      0   0.00    9.0  0.176    0.0  0.000      0      0      0      0      0
11/14/1990   4720      0   1461   3259      0   2860      5   1459      2    947      0      0      0   0.00   0.00      0   0.00    9.2  0.174    0.0  0.000      0      0      0      0      0
11/15/1990   4398      0   1166   3232      1   3025      5   1529      1    894      0      0      0   0.00   0.00      0   0.00    9.3  0.171    0.0  0.000      0      0      0      0      0
11/16/1990   4109      0    974   3135      1   3194      6   1575      0    859      0      0      0   0.00   0.00      0   0.00    9.5  0.169    0.0  0.000      0      0      0      0      0
11/17/1990   3862      0    904   2958      1   3331      6   1563      0    879      0      0      0   0.00   0.00      0   0.00    9.6  0.167    0.0  0.000      0      0      0      0      0
11/18/1990   3633      0    941   2692      2   3440      5   1531      0    885      0      0      0   0.00   0.00      0   0.00    9.7  0.165    0.0  0.000      0      0      0      0      0
11/19/1990   3434      0   1076   2358      3   3524      4   1518      0    856      0      0      0   0.00   0.00      0   0.00    9.8  0.163    0.0  0.000      0      0      0      0      0
11/20/1990   3669      0   1319   2350      4   3606      3   1501      0    733      0      0      0   0.00   0.00      0   0.00    9.9  0.161    0.0  0.000      0      0      0      0      0
11/21/1990   3510      0   1579   1931      5   3679      2   1445      0    616      0      0      0   0.00   0.00      0   0.00   10.0  0.160    0.0  0.000      0      0      0      0      0
11/22/1990   2959      0   1807   1152      6   3736      1   1427      0    499      0      0      0   0.00   0.00      0   0.00   10.0  0.159    0.0  0.000      0      0      0      0      0
11/23/1990   2803      0   2029    774      7   3781      0   1340      0    424      0      0      0   0.00   0.00      0   0.00   10.0  0.159    0.0  0.000      0      0      0      0      0
11/24/1990   2747      0   2275    472      7   3827      0   1202      0    347      0      0      0   0.00   0.00      0   0.00   10.0  0.159    0.0  0.000      0      0      0      0      0
11/25/1990   3031      0   2553    478      7   3846      0   1047      0    256      0      0      0   0.00   0.00      0   0.00   10.0  0.159    0.0  0.000      0      0      0      0      0
11/26/1990   3329      0   2843    486      7   3821      0    879      0    188      0      0      0   0.00   0.00      0   0.00   10.0  0.159    0.0  0.000      0      0      0      0      0
11/27/1990   3582      0   3084    498      7   3833      0    693      0    143      0      0      0   0.00   0.00      0   0.00   10.0  0.159    0.0  0.000      0      0      0      0      0
11/28/1990   3833      0   3320    513      7   3763      0    570      0    127      0      0      0   0.00   0.00      0   0.00   10.0  0.159    0.0  0.000      0      0      0      0      0
11/29/1990   3750      1   3586    163      6   3636      0    451      0    141      0      0      0   0.00   0.00      0   0.00   10.0  0.159    0.0  0.000      0      0      0      0      0
11/30/1990   3964      1   3865     98      6   3489      0    337      0    122      0      0      0   0.00   0.00      0   0.00   10.0  0.159    0.0  0.000      0      0      0      0      0
12/01/1990   4264      1   4149    114      6   3295      0    273      0     86      0      0      0   0.00   0.00      0   0.00    9.9  0.159    0.0  0.000      0      0      0      0      0
12/02/1990   4573      2   4437    134      5   3067      0    245      0     40      0      0      0   0.00   0.00      0   0.00    9.9  0.159    0.0  0.000      0      0      0      0      0
12/03/1990   4894      3   4734    157      4   2804      0    203      0     33      0      0      0   0.00   0.00      0   0.00    9.9  0.159    0.0  0.000      0      0      0      0      0
12/04/1990   5223      4   5034    185      3   2512      0    171      0     40      0      0      0   0.00   0.00      0   0.00    9.9  0.159    0.0  0.000      0      0      0      0      0
12/05/1990   5506      5   5266    235      2   2263      0    142      0     47      0      0      0   0.00   0.00      0   0.00    9.8  0.159    0.0  0.000      0      0      0      0      0
12/06/1990   5772      6   5448    318      1   2037      0    109      0     58      0      0      0   0.00   0.00      0   0.00    9.8  0.159    0.0  0.000      0      0      0      0      0
12/07/1990   6029      7   5628    394      0   1794      0     70      0     76      0      0      0   0.00   0.00      0   0.00    9.8  0.159    0.0  0.000      0      0      0      0      0
12/08/1990   6319      7   5773    539      0   1506      0     67      0    101      0      0      0   0.00   0.00      0   0.00    9.8  0.159    0.0  0.000      0      0      0      0      0
12/09/1990   6577      7   5856    714      0   1238      0     81      0    134      0      0      0   0.00   0.00      0   0.00    9.8  0.159    0.0  0.000      0      0      0      0      0
12/10/1990   6804      7   5898    899      0    978      0    106      0    193      0      0      0   0.00   0.00      0   0.00    9.8  0.159    0.0  0.000      0      0      0      0      0
12/11/1990   6969      7   5840   1122      0    806      0    135      0    262      0      0      0   0.00   0.00      0   0.00    9.8  0.159    0.0  0.000      0      0      0      0      0
12/12/1990   7122      7   5740   1375      0    662      0    175      0    324      0      0      0   0.00   0.00      0   0.00    9.7  0.159    0.0  0.000      0      0      0      0      0
12/13/1990   7267      7   5662   1598      0    526      0    252      0    349      0      0      0   0.00   0.00      0   0.00    9.8  0.158    0.0  0.000      0      0      0      0      0
12/14/1990   7369      7   5545   1817      0    440      0    339      0    297      0      0      0   0.00   0.00      0   0.00    9.7  0.158    0.0  0.000      0      0      0      0      0
12/15/1990   7445      7   5376   2062      0    391      0    423      0    260      0      0      0   0.00   0.00      0   0.00    9.7  0.158    0.0  0.000      0      0      0      0      0
12/16/1990   7499      7   5149   2343      0    371      0    500      0    221      0      0      0   0.00   0.00      0   0.00    9.6  0.158    0.0  0.000      0      0      0      0      0
12/17/1990   7532      7   4888   2637      0    386      0    502      0    262      0      0      0   0.00   0.00      0   0.00    9.6  0.158    0.0  0.000      0      0      0      0      0
12/18/1990   7562      7   4669   2886      0    441      0    490      0    300      0      0      0   0.00   0.00      0   0.00    9.6  0.158    0.0  0.000      0      0      0      0      0
12/19/1990   7599      7   4460   3132      0    506      0    459      0    330      0      0      0   0.00   0.00      0   0.00    9.5  0.158    0.0  0.000      0      0      0      0      0
12/20/1990   7645      6   4228   3411      0    569      0    440      0    268      0      0      0   0.00   0.00      0   0.00    9.5  0.158    0.0  0.000      0      0      0      0      0
12/21/1990   7656      6   3948   3702      0    668      0    441      0    148      0      0      0   0.00   0.00      0   0.00    9.5  0.158    0.0  0.000      0      0      0      0      0
12/22/1990   7657      6   3654   3997      0    717      0    492      0     38      0      0      0   0.00   0.00      0   0.00    9.5  0.158    0.0  0.000      0      0      0      0      0
12/23/1990   7656      5   3352   4299      0    789      0    448      0      0      0      0      0   0.00   0.00      0   0.00    9.4  0.158    0.0  0.000      0      0      0      0      0
12/24/1990   7658      4   3040   4614      0    856      0    368      0      0      0      0      0   0.00   0.00      0   0.00    9.4  0.158    0.0  0.000      0      0      0      0      0
12/25/1990   7664      3   2723   4938      0    939      0    268      0     26      0      0      0   0.00   0.00      0   0.00    9.4  0.158    0.0  0.000      0      0      0      0      0
12/26/1990   7670      2   2452   5216      0   1042      0    148      0     92      0      0      0   0.00   0.00      0   0.00    9.4  0.158    0.0  0.000      0      0      0      0      0
12/27/1990   7683      1   2204   5478      0   1128      0     38      0    186      0      0      0   0.00   0.00      0   0.00    9.3  0.158    0.0  0.000      0      0      0      0      0
12/28/1990   7706      0   1940   5766      0   1131      0     26      0    270      0      0      0   0.00   0.00      0   0.00    9.3  0.158    0.0  0.000      0      0      0      0      0
12/29/1990   7737      0   1674   6063      0   1089      0     92      0    252      0      0      0   0.00   0.00      0   0.00    9.3  0.158    0.0  0.000      0      0      0      0      0
12/30/1990   7783      0   1453   6330      0   1032      0    186      0    242      0      0      0   0.00   0.00      0   0.00    9.3  0.158    0.0  0.000      0      0      0      0      0
12/31/1990   7866      0   1277   6589      0    938      0    296      0    221      0      0      0   0.00   0.00      0   0.00    9.3  0.158    0.0  0.000      0      0      0      0      0
