Varroa Population Simulation - Nov 23,2015  02:36:05 PM
VarroaPop Version 3.2.5.8  June, 2015

                                        Capped  Capped                                                                      Prop           Conc          Conc                                     
            Colony  Adult  Adult         Drone   Wkr    Drone  Wkr    Drone  Wkr  Free   DBrood WBrood DMite  WMite  Mites  Mites  Colony Pollen Colony Nectar   Dead   Dead   Dead   Dead   Dead
     Date   Size   Drones   Wkr   Forgrs Brood  Brood   Larv   Larv    Eggs  Eggs Mites  Mites  Mites  /Cell  /Cell  Dying  Dying  Pollen  Pest  Nectar  Pest    DLarv  WLarv  DAdlt  WAdlt  Forgrs
Initial     10000      0   7770   2230      0      0      0      0      0      0      0      0      0   0.00   0.00      0   0.00    0.0  0.000    0.0  0.000      0      0      0      0      0
08/01/1990   9630      0   7400   2230      0      0      0      0      0    398      0      0      0   0.00   0.00      0   0.00    0.1  0.000    0.0  0.000      0      0      0      0      0
08/02/1990   9260      0   7030   2230      0      0      0      0      0    795      0      0      0   0.00   0.00      0   0.00    0.1  0.000    0.0  0.000      0      0      0      0      0
08/03/1990   8890      0   6660   2230      0      0      0      0      0   1192      0      0      0   0.00   0.00      0   0.00    0.2  0.000    0.0  0.000      0      0      0      0      0
08/04/1990   8520      0   6290   2230      0      0      0    398      0   1194      0      0      0   0.00   0.00      0   0.00    0.2  0.000    0.0  0.000      0      0      0      0      0
08/05/1990   8150      0   5920   2230      0      0      0    795      0   1206      0      0      0   0.00   0.00      0   0.00    0.3  0.000    0.0  0.000      0      0      0      0      0
08/06/1990   7770      0   5550   2220      0      0      0   1192      0   1220      0      0      0   0.00   0.00      0   0.00    0.3  0.000    0.0  0.000      0      0      0      0      0
08/07/1990   7400      0   5180   2220      0      0      0   1592      0   1230      0      0      0   0.00   0.00      0   0.00    0.4  0.000    0.0  0.000      0      0      0      0      0
08/08/1990   7030      0   4810   2220      0      0      0   2001      0   1231      0      0      0   0.00   0.00      0   0.00    0.5  0.000    0.0  0.000      0      0      0      0      0
08/09/1990   6660      0   4440   2220      0    398      0   2014      0   1230      0      0      0   0.00   0.00      0   0.00    0.5  0.000    0.0  0.000      0      0      0      0      0
08/10/1990   6290      0   4070   2220      0    795      0   2027      0   1230      0      0      0   0.00   0.00      0   0.00    0.6  0.000    0.0  0.000      0      0      0      0      0
08/11/1990   1567      0   1507     60      0   1192      0   1253      0   1231      0      0      0   0.00   0.00      0   0.00    0.6  0.680    0.0  0.000      0    787      0   2192   2160
08/12/1990   1440      0   1370     70      0   1197      0   1339      0    841      0      0      0   0.00   0.00      0   0.00    0.6  0.680    0.0  0.000      0    319      0      0    117
08/13/1990   1317      0   1233     84      0   1214      0   1428      0    453      0      0      0   0.00   0.00      0   0.00    0.6  0.680    0.0  0.000      0    304      0      0    113
08/14/1990   1196      0   1096    100      0   1306      0   1452      0     67      0      0      0   0.00   0.00      0   0.00    0.6  0.680    0.0  0.000      0    295      0      0    111
08/15/1990   1078      0    959    119      0   1412      0   1082      0     75      0      0      0   0.00   0.00      0   0.00    0.6  0.686    0.0  0.000      0    284      0      0    108
08/16/1990    964      0    822    142      0   1527      0    715      0     87      0      0      0   0.00   0.00      0   0.00    0.6  0.697    0.0  0.000      0    274      0      0    104
08/17/1990    853      0    685    168      0   1653      0    349      0    103      0      0      0   0.00   0.00      0   0.00    0.7  0.709    0.0  0.000      0    265      0      0    101
08/18/1990    733      0    548    185      0   1789      0    227      0    120      0      0      0   0.00   0.00      0   0.00    0.7  0.722    0.0  0.000      0     14      0      0    100
08/19/1990    709      0    411    298      0   1935      0    115      0    135      0      0      0   0.00   0.00      0   0.00    0.7  0.710    0.0  0.000      0      0      0      0      0
08/20/1990    683      0    274    409      0   1941      0    150      0    173      0      0      0   0.00   0.00      0   0.00    0.7  0.692    0.0  0.000      0      0      0      0      0
08/21/1990    654      0    137    517      0   1963      0    173      0    234      0      0      0   0.00   0.00      0   0.00    0.7  0.670    0.0  0.000      0      0      0      0      0
08/22/1990   1019      0    398    621      0   1590      0    197      0    320      0      0      0   0.00   0.00      0   0.00    0.7  0.646    0.0  0.000      0      0      0      0      0
08/23/1990   1380      0    795    585      0   1221      0    248      0    400      0      0      0   0.00   0.00      0   0.00    0.8  0.627    0.0  0.000      0      0      0      0      0
08/24/1990   1740      0   1192    548      0    858      0    320      0    431      0      0      0   0.00   0.00      0   0.00    0.8  0.612    0.0  0.000      0      0      0      0      0
08/25/1990   1608      0   1197    411      0    894      0    414      0    416      0      0      0   0.00   0.00      0   0.00    0.8  0.603    0.0  0.000      0      0      0      0      0
08/26/1990   1488      0   1214    274      0    922      0    528      0    356      0      0      0   0.00   0.00      0   0.00    0.8  0.598    0.0  0.000      0      0      0      0      0
08/27/1990   1443      0   1306    137      0    879      0    616      0    292      0      0      0   0.00   0.00      0   0.00    0.8  0.598    0.0  0.000      0      0      0      0      0
08/28/1990   1412      0   1412      0      0    852      0    657      0    211      0      0      0   0.00   0.00      0   0.00    0.8  0.598    0.0  0.000      0      0      0      0      0
08/29/1990   1527      0   1527      0      0    843      0    650      0    112      0      0      0   0.00   0.00      0   0.00    0.8  0.598    0.0  0.000      0      0      0      0      0
08/30/1990   1653      0   1653      0      0    852      0    588      0     39      0      0      0   0.00   0.00      0   0.00    0.8  0.598    0.0  0.000      0      0      0      0      0
08/31/1990   1789      0   1789      0      0    875      0    468      0      0      0      0      0   0.00   0.00      0   0.00    0.8  0.598    0.0  0.000      0      0      0      0      0
09/01/1990   1935      0   1935      0      0    866      0    331      0      0      0      0      0   0.00   0.00      0   0.00    0.7  0.598    0.0  0.000      0      0      0      0      0
09/02/1990   1941      0   1941      0      0    980      0    211      0      0      0      0      0   0.00   0.00      0   0.00    0.7  0.598    0.0  0.000      0      0      0      0      0
09/03/1990   1963      0   1963      0      0   1057      0    112      0      0      0      0      0   0.00   0.00      0   0.00    0.7  0.598    0.0  0.000      0      0      0      0      0
09/04/1990   1988      0   1988      0      0   1105      0     39      0      0      0      0      0   0.00   0.00      0   0.00    0.7  0.597    0.0  0.000      0      0      0      0      0
09/05/1990   2016      0   2016      0      0   1116      0      0      0      0      0      0      0   0.00   0.00      0   0.00    0.7  0.597    0.0  0.000      0      0      0      0      0
09/06/1990   2050      0   2050      0      0   1082      0      0      0      0      0      0      0   0.00   0.00      0   0.00    0.7  0.597    0.0  0.000      0      0      0      0      0
09/07/1990   2091      0   2091      0      0   1041      0      0      0      0      0      0      0   0.00   0.00      0   0.00    0.7  0.596    0.0  0.000      0      0      0      0      0
09/08/1990   2136      0   2136      0      0    996      0      0      0      0      0      0      0   0.00   0.00      0   0.00    0.6  0.596    0.0  0.000      0      0      0      0      0
09/09/1990   2185      0   2185      0      0    947      0      0      0      0      0      0      0   0.00   0.00      0   0.00    0.6  0.595    0.0  0.000      0      0      0      0      0
09/10/1990   2264      0   2264      0      0    868      0      0      0      0      0      0      0   0.00   0.00      0   0.00    0.6  0.595    0.0  0.000      0      0      0      0      0
09/11/1990   2370      0   2370      0      0    762      0      0      0      0      0      0      0   0.00   0.00      0   0.00    0.6  0.594    0.0  0.000      0      0      0      0      0
09/12/1990   2505      0   2107    398      0    627      0      0      0      0      0      0      0   0.00   0.00      0   0.00    0.6  0.590    0.0  0.000      0      0      0      0      0
09/13/1990   2664      0   1869    795      0    468      0      0      0    107      0      0      0   0.00   0.00      0   0.00    0.6  0.565    0.0  0.000      0      0      0      0      0
09/14/1990   2801      0   1609   1192      0    331      0      0      0    282      0      0      0   0.00   0.00      0   0.00    0.7  0.529    0.0  0.000      0      0      0      0      0
09/15/1990   2921      0   1724   1197      0    211      0      0      0    515      0      0      0   0.00   0.00      0   0.00    0.7  0.498    0.0  0.000      0      0      0      0      0
09/16/1990   3020      0   1806   1214      0    112      0    107      0    642      0      0      0   0.00   0.00      0   0.00    0.7  0.469    0.0  0.000      0      0      0      0      0
09/17/1990   3093      0   1787   1306      0     39      0    282      0    708      0      0      0   0.00   0.00      0   0.00    0.8  0.441    0.0  0.000      0      0      0      0      0
09/18/1990   2734      0   1720   1014      0      0      0    515      0    724      0      0      0   0.00   0.00      0   0.00    0.8  0.422    0.0  0.000      0      0      0      0      0
09/19/1990   2337      0   1605    732      0      0      0    749      0    695      0      0      0   0.00   0.00      0   0.00    0.9  0.410    0.0  0.000      0      0      0      0      0
09/20/1990   1940      0   1479    461      0      0      0    990      0    624      0      0      0   0.00   0.00      0   0.00    0.9  0.405    0.0  0.000      0      0      0      0      0
09/21/1990   1935      0   1343    592      0    107      0   1132      0    494      0      0      0   0.00   0.00      0   0.00    0.9  0.397    0.0  0.000      0      0      0      0      0
09/22/1990   1918      0   1197    721      0    282      0   1162      0    425      0      0      0   0.00   0.00      0   0.00    0.9  0.387    0.0  0.000      0      0      0      0      0
09/23/1990   1826      0   1191    635      0    515      0   1099      0    405      0      0      0   0.00   0.00      0   0.00    0.9  0.379    0.0  0.000      0      0      0      0      0
09/24/1990   1720      0   1169    551      0    749      0    984      0    430      0      0      0   0.00   0.00      0   0.00    0.9  0.373    0.0  0.000      0      0      0      0      0
09/25/1990   1605      0   1144    461      0    990      0    879      0    421      0      0      0   0.00   0.00      0   0.00    0.9  0.369    0.0  0.000      0      0      0      0      0
09/26/1990   1479      0   1116    363      0   1239      0    780      0    380      0      0      0   0.00   0.00      0   0.00    1.0  0.367    0.0  0.000      0      0      0      0      0
09/27/1990   1343      0   1082    261      0   1444      0    719      0    326      0      0      0   0.00   0.00      0   0.00    1.0  0.366    0.0  0.000      0      0      0      0      0
09/28/1990   1197      0   1041    156      0   1614      0    676      0    267      0      0      0   0.00   0.00      0   0.00    1.0  0.366    0.0  0.000      0      0      0      0      0
09/29/1990   1191      0    996    195      0   1733      0    666      0    203      0      0      0   0.00   0.00      0   0.00    1.0  0.366    0.0  0.000      0      0      0      0      0
09/30/1990   1169      0    947    222      0   1869      0    620      0    169      0      0      0   0.00   0.00      0   0.00    1.0  0.366    0.0  0.000      0      0      0      0      0
10/01/1990   1144      0    868    276      0   2019      0    538      0    165      0      0      0   0.00   0.00      0   0.00    1.0  0.364    0.0  0.000      0      0      0      0      0
10/02/1990   1116      0    762    354      0   2163      0    439      0    193      0      0      0   0.00   0.00      0   0.00    1.0  0.360    0.0  0.000      0      0      0      0      0
10/03/1990   1082      0    627    455      0   2290      0    368      0    228      0      0      0   0.00   0.00      0   0.00    1.0  0.354    0.0  0.000      0      0      0      0      0
10/04/1990   1148      0    575    573      0   2292      0    323      0    287      0      0      0   0.00   0.00      0   0.00    1.0  0.347    0.0  0.000      0      0      0      0      0
10/05/1990   1278      0    613    665      0   2207      0    306      0    351      0      0      0   0.00   0.00      0   0.00    1.0  0.338    0.0  0.000      0      0      0      0      0
10/06/1990   1462      0    726    736      0   2042      0    329      0    401      0      0      0   0.00   0.00      0   0.00    1.1  0.329    0.0  0.000      0      0      0      0      0
10/07/1990   1617      0    861    756      0   1853      0    407      0    419      0      0      0   0.00   0.00      0   0.00    1.1  0.320    0.0  0.000      0      0      0      0      0
10/08/1990   1752      0   1029    723      0   1668      0    488      0    429      0      0      0   0.00   0.00      0   0.00    1.1  0.312    0.0  0.000      0      0      0      0      0
10/09/1990   1866      0   1239    627      0   1483      0    565      0    439      0      0      0   0.00   0.00      0   0.00    1.1  0.306    0.0  0.000      0      0      0      0      0
10/10/1990   1912      0   1444    468      0   1351      0    633      0    429      0      0      0   0.00   0.00      0   0.00    1.2  0.302    0.0  0.000      0      0      0      0      0
10/11/1990   1945      0   1614    331      0   1272      0    689      0    386      0      0      0   0.00   0.00      0   0.00    1.2  0.301    0.0  0.000      0      0      0      0      0
10/12/1990   1944      0   1733    211      0   1276      0    717      0    314      0      0      0   0.00   0.00      0   0.00    1.2  0.301    0.0  0.000      0      0      0      0      0
10/13/1990   1981      0   1869    112      0   1277      0    711      0    234      0      0      0   0.00   0.00      0   0.00    1.2  0.301    0.0  0.000      0      0      0      0      0
10/14/1990   2058      0   2019     39      0   1268      0    674      0    158      0      0      0   0.00   0.00      0   0.00    1.1  0.301    0.0  0.000      0      0      0      0      0
10/15/1990   2163      0   2163      0      0   1265      0    612      0     89      0      0      0   0.00   0.00      0   0.00    1.1  0.301    0.0  0.000      0      0      0      0      0
10/16/1990   2290      0   2290      0      0   1285      0    516      0     38      0      0      0   0.00   0.00      0   0.00    1.1  0.301    0.0  0.000      0      0      0      0      0
10/17/1990   2399      0   2399      0      0   1327      0    393      0     10      0      0      0   0.00   0.00      0   0.00    1.1  0.301    0.0  0.000      0      0      0      0      0
10/18/1990   2489      0   2489      0      0   1368      0    272      0      0      0      0      0   0.00   0.00      0   0.00    1.1  0.301    0.0  0.000      0      0      0      0      0
10/19/1990   2557      0   2557      0      0   1404      0    168      0      0      0      0      0   0.00   0.00      0   0.00    1.1  0.300    0.0  0.000      0      0      0      0      0
10/20/1990   2602      0   2602      0      0   1438      0     89      0      0      0      0      0   0.00   0.00      0   0.00    1.0  0.300    0.0  0.000      0      0      0      0      0
10/21/1990   2658      0   2658      0      0   1433      0     38      0      0      0      0      0   0.00   0.00      0   0.00    1.0  0.300    0.0  0.000      0      0      0      0      0
10/22/1990   2722      0   2722      0      0   1397      0     10      0      0      0      0      0   0.00   0.00      0   0.00    1.0  0.300    0.0  0.000      0      0      0      0      0
10/23/1990   2795      0   2795      0      0   1334      0      0      0      0      0      0      0   0.00   0.00      0   0.00    1.0  0.300    0.0  0.000      0      0      0      0      0
10/24/1990   2886      0   2886      0      0   1243      0      0      0      0      0      0      0   0.00   0.00      0   0.00    1.0  0.300    0.0  0.000      0      0      0      0      0
10/25/1990   3009      0   2902    107      0   1120      0      0      0      0      0      0      0   0.00   0.00      0   0.00    0.9  0.300    0.0  0.000      0      0      0      0      0
10/26/1990   3146      0   2864    282      0    983      0      0      0     25      0      0      0   0.00   0.00      0   0.00    0.9  0.300    0.0  0.000      0      0      0      0      0
10/27/1990   3287      0   2772    515      0    842      0      0      0     91      0      0      0   0.00   0.00      0   0.00    0.9  0.299    0.0  0.000      0      0      0      0      0
10/28/1990   3428      0   2679    749      0    701      0      0      0    197      0      0      0   0.00   0.00      0   0.00    1.0  0.294    0.0  0.000      0      0      0      0      0
10/29/1990   3575      0   2585    990      0    554      0     25      0    313      0      0      0   0.00   0.00      0   0.00    1.0  0.285    0.0  0.000      0      0      0      0      0
10/30/1990   3726      0   2487   1239      0    403      0     91      0    407      0      0      0   0.00   0.00      0   0.00    1.0  0.274    0.0  0.000      0      0      0      0      0
10/31/1990   3750      0   2413   1337      0    272      0    197      0    481      0      0      0   0.00   0.00      0   0.00    1.1  0.263    0.0  0.000      0      0      0      0      0
11/01/1990   3673      0   2347   1326      0    168      0    338      0    494      0      0      0   0.00   0.00      0   0.00    1.1  0.252    0.0  0.000      0      0      0      0      0
11/02/1990   3514      0   2307   1207      0     89      0    498      0    476      0      0      0   0.00   0.00      0   0.00    1.2  0.244    0.0  0.000      0      0      0      0      0
11/03/1990   3327      0   2222   1105      0     63      0    653      0    438      0      0      0   0.00   0.00      0   0.00    1.2  0.237    0.0  0.000      0      0      0      0      0
11/04/1990   3111      0   2100   1011      0    101      0    741      0    431      0      0      0   0.00   0.00      0   0.00    1.2  0.230    0.0  0.000      0      0      0      0      0
11/05/1990   2870      0   1966    904      0    197      0    777      0    431      0      0      0   0.00   0.00      0   0.00    1.2  0.225    0.0  0.000      0      0      0      0      0
11/06/1990   2664      0   1839    825      0    338      0    778      0    399      0      0      0   0.00   0.00      0   0.00    1.3  0.221    0.0  0.000      0      0      0      0      0
11/07/1990   2494      0   1730    764      0    498      0    765      0    354      0      0      0   0.00   0.00      0   0.00    1.3  0.218    0.0  0.000      0      0      0      0      0
11/08/1990   2375      0   1640    735      0    678      0    727      0    320      0      0      0   0.00   0.00      0   0.00    1.3  0.214    0.0  0.000      0      0      0      0      0
11/09/1990   2239      0   1572    667      0    832      0    683      0    321      0      0      0   0.00   0.00      0   0.00    1.3  0.211    0.0  0.000      0      0      0      0      0
11/10/1990   2089      0   1527    562      0    974      0    643      0    324      0      0      0   0.00   0.00      0   0.00    1.3  0.209    0.0  0.000      0      0      0      0      0
11/11/1990   1945      0   1471    474      0   1116      0    609      0    312      0      0      0   0.00   0.00      0   0.00    1.4  0.208    0.0  0.000      0      0      0      0      0
11/12/1990   1818      0   1407    411      0   1263      0    573      0    288      0      0      0   0.00   0.00      0   0.00    1.4  0.207    0.0  0.000      0      0      0      0      0
11/13/1990   1709      0   1334    375      0   1405      0    536      0    262      0      0      0   0.00   0.00      0   0.00    1.4  0.206    0.0  0.000      0      0      0      0      0
11/14/1990   1619      0   1243    376      0   1515      0    522      0    229      0      0      0   0.00   0.00      0   0.00    1.4  0.205    0.0  0.000      0      0      0      0      0
11/15/1990   1551      0   1120    431      0   1617      0    507      0    203      0      0      0   0.00   0.00      0   0.00    1.4  0.204    0.0  0.000      0      0      0      0      0
11/16/1990   1531      0   1008    523      0   1700      0    478      0    199      0      0      0   0.00   0.00      0   0.00    1.4  0.202    0.0  0.000      0      0      0      0      0
11/17/1990   1541      0    933    608      0   1745      0    430      0    229      0      0      0   0.00   0.00      0   0.00    1.4  0.199    0.0  0.000      0      0      0      0      0
11/18/1990   1583      0    898    685      0   1744      0    386      0    265      0      0      0   0.00   0.00      0   0.00    1.4  0.196    0.0  0.000      0      0      0      0      0
11/19/1990   1651      0    892    759      0   1699      0    365      0    300      0      0      0   0.00   0.00      0   0.00    1.5  0.192    0.0  0.000      0      0      0      0      0
11/20/1990   1805      0    901    904      0   1626      0    371      0    294      0      0      0   0.00   0.00      0   0.00    1.5  0.187    0.0  0.000      0      0      0      0      0
11/21/1990   1895      0    950    945      0   1525      0    389      0    284      0      0      0   0.00   0.00      0   0.00    1.5  0.183    0.0  0.000      0      0      0      0      0
11/22/1990   1796      0   1000    796      0   1434      0    436      0    270      0      0      0   0.00   0.00      0   0.00    1.6  0.179    0.0  0.000      0      0      0      0      0
11/23/1990   1797      0   1063    734      0   1353      0    462      0    268      0      0      0   0.00   0.00      0   0.00    1.6  0.176    0.0  0.000      0      0      0      0      0
11/24/1990   1798      0   1154    644      0   1286      0    474      0    263      0      0      0   0.00   0.00      0   0.00    1.6  0.174    0.0  0.000      0      0      0      0      0
11/25/1990   1939      0   1273    666      0   1232      0    477      0    250      0      0      0   0.00   0.00      0   0.00    1.6  0.174    0.0  0.000      0      0      0      0      0
11/26/1990   2075      0   1405    670      0   1187      0    465      0    222      0      0      0   0.00   0.00      0   0.00    1.6  0.174    0.0  0.000      0      0      0      0      0
11/27/1990   2179      0   1515    664      0   1187      0    437      0    191      0      0      0   0.00   0.00      0   0.00    1.6  0.174    0.0  0.000      0      0      0      0      0
11/28/1990   2275      0   1617    658      0   1172      0    433      0    168      0      0      0   0.00   0.00      0   0.00    1.6  0.171    0.0  0.000      0      0      0      0      0
11/29/1990   2099      0   1725    374      0   1151      0    403      0    180      0      0      0   0.00   0.00      0   0.00    1.6  0.171    0.0  0.000      0      0      0      0      0
11/30/1990   2084      0   1836    248      0   1136      0    358      0    174      0      0      0   0.00   0.00      0   0.00    1.6  0.171    0.0  0.000      0      0      0      0      0
12/01/1990   2186      0   1941    245      0   1116      0    333      0    140      0      0      0   0.00   0.00      0   0.00    1.6  0.171    0.0  0.000      0      0      0      0      0
12/02/1990   2279      0   2037    242      0   1102      0    320      0     93      0      0      0   0.00   0.00      0   0.00    1.6  0.171    0.0  0.000      0      0      0      0      0
12/03/1990   2271      0   2124    147      0   1098      0    282      0     72      0      0      0   0.00   0.00      0   0.00    1.6  0.171    0.0  0.000      0      0      0      0      0
12/04/1990   2281      0   2203     78      0   1076      0    251      0     63      0      0      0   0.00   0.00      0   0.00    1.6  0.171    0.0  0.000      0      0      0      0      0
12/05/1990   2343      0   2266     77      0   1064      0    222      0     48      0      0      0   0.00   0.00      0   0.00    1.6  0.171    0.0  0.000      0      0      0      0      0
12/06/1990   2327      0   2327      0      0   1063      0    186      0     32      0      0      0   0.00   0.00      0   0.00    1.6  0.171    0.0  0.000      0      0      0      0      0
12/07/1990   2401      0   2377     24      0   1057      0    134      0     15      0      0      0   0.00   0.00      0   0.00    1.5  0.171    0.0  0.000      0      0      0      0      0
12/08/1990   2492      0   2404     88      0   1009      0     96      0     10      0      0      0   0.00   0.00      0   0.00    1.5  0.171    0.0  0.000      0      0      0      0      0
12/09/1990   2586      0   2395    191      0    938      0     78      0     13      0      0      0   0.00   0.00      0   0.00    1.5  0.171    0.0  0.000      0      0      0      0      0
12/10/1990   2692      0   2364    328      0    850      0     56      0     43      0      0      0   0.00   0.00      0   0.00    1.5  0.171    0.0  0.000      0      0      0      0      0
12/11/1990   2774      0   2291    483      0    787      0     34      0     91      0      0      0   0.00   0.00      0   0.00    1.5  0.170    0.0  0.000      0      0      0      0      0
12/12/1990   2856      0   2198    658      0    717      0     28      0    143      0      0      0   0.00   0.00      0   0.00    1.5  0.170    0.0  0.000      0      0      0      0      0
12/13/1990   2947      0   2140    807      0    628      0     51      0    184      0      0      0   0.00   0.00      0   0.00    1.5  0.168    0.0  0.000      0      0      0      0      0
12/14/1990   3027      0   2083    944      0    551      0     93      0    172      0      0      0   0.00   0.00      0   0.00    1.5  0.168    0.0  0.000      0      0      0      0      0
12/15/1990   3104      0   2023   1081      0    469      0    156      0    163      0      0      0   0.00   0.00      0   0.00    1.5  0.168    0.0  0.000      0      0      0      0      0
12/16/1990   3182      0   1959   1223      0    388      0    225      0    146      0      0      0   0.00   0.00      0   0.00    1.5  0.168    0.0  0.000      0      0      0      0      0
12/17/1990   3234      0   1874   1360      0    342      0    252      0    176      0      0      0   0.00   0.00      0   0.00    1.5  0.168    0.0  0.000      0      0      0      0      0
12/18/1990   3280      0   1815   1465      0    321      0    276      0    204      0      0      0   0.00   0.00      0   0.00    1.5  0.168    0.0  0.000      0      0      0      0      0
12/19/1990   3335      0   1773   1562      0    311      0    280      0    225      0      0      0   0.00   0.00      0   0.00    1.4  0.168    0.0  0.000      0      0      0      0      0
12/20/1990   3399      0   1734   1665      0    305      0    285      0    183      0      0      0   0.00   0.00      0   0.00    1.4  0.168    0.0  0.000      0      0      0      0      0
12/21/1990   3439      0   1668   1771      0    331      0    296      0    101      0      0      0   0.00   0.00      0   0.00    1.4  0.168    0.0  0.000      0      0      0      0      0
12/22/1990   3460      0   1589   1871      0    343      0    333      0     26      0      0      0   0.00   0.00      0   0.00    1.4  0.168    0.0  0.000      0      0      0      0      0
12/23/1990   3476      0   1515   1961      0    375      0    305      0      0      0      0      0   0.00   0.00      0   0.00    1.4  0.167    0.0  0.000      0      0      0      0      0
12/24/1990   3494      0   1452   2042      0    405      0    251      0      0      0      0      0   0.00   0.00      0   0.00    1.4  0.167    0.0  0.000      0      0      0      0      0
12/25/1990   3505      0   1390   2115      0    456      0    183      0     17      0      0      0   0.00   0.00      0   0.00    1.4  0.167    0.0  0.000      0      0      0      0      0
12/26/1990   3506      0   1334   2172      0    531      0    101      0     60      0      0      0   0.00   0.00      0   0.00    1.4  0.167    0.0  0.000      0      0      0      0      0
12/27/1990   3508      0   1281   2227      0    598      0     26      0    121      0      0      0   0.00   0.00      0   0.00    1.4  0.167    0.0  0.000      0      0      0      0      0
12/28/1990   3502      0   1206   2296      0    624      0     17      0    175      0      0      0   0.00   0.00      0   0.00    1.4  0.167    0.0  0.000      0      0      0      0      0
12/29/1990   3498      0   1115   2383      0    622      0     60      0    163      0      0      0   0.00   0.00      0   0.00    1.3  0.167    0.0  0.000      0      0      0      0      0
12/30/1990   3503      0   1029   2474      0    611      0    121      0    156      0      0      0   0.00   0.00      0   0.00    1.3  0.167    0.0  0.000      0      0      0      0      0
12/31/1990   3527      0    949   2578      0    581      0    192      0    142      0      0      0   0.00   0.00      0   0.00    1.3  0.167    0.0  0.000      0      0      0      0      0
