Varroa Population Simulation - Nov 24,2015  04:08:55 PM
VarroaPop Version 3.2.5.8  June, 2015

                                        Capped  Capped                                                                      Prop           Conc          Conc                                     
            Colony  Adult  Adult         Drone   Wkr    Drone  Wkr    Drone  Wkr  Free   DBrood WBrood DMite  WMite  Mites  Mites  Colony Pollen Colony Nectar   Dead   Dead   Dead   Dead   Dead
     Date   Size   Drones   Wkr   Forgrs Brood  Brood   Larv   Larv    Eggs  Eggs Mites  Mites  Mites  /Cell  /Cell  Dying  Dying  Pollen  Pest  Nectar  Pest    DLarv  WLarv  DAdlt  WAdlt  Forgrs
Initial     10000      0   6762   3238      0      0      0      0      0      0      0      0      0   0.00   0.00      0   0.00    0.0  0.000    0.0  0.000      0      0      0      0      0
05/01/1990   9678      0   6440   3238      0      0      0      0      3    190      0      0      0   0.00   0.00      0   0.00    0.1  0.000    0.0  0.000      0      0      0      0      0
05/02/1990   9356      0   6118   3238      0      0      0      0      6    395      0      0      0   0.00   0.00      0   0.00    0.2  0.000    0.0  0.000      0      0      0      0      0
05/03/1990   9034      0   5796   3238      0      0      0      0     10    618      0      0      0   0.00   0.00      0   0.00    0.3  0.000    0.0  0.000      0      0      0      0      0
05/04/1990   8712      0   5474   3238      0      0      3    190     11    660      0      0      0   0.00   0.00      0   0.00    0.4  0.000    0.0  0.000      0      0      0      0      0
05/05/1990   8390      0   5152   3238      0      0      6    395     12    692      0      0      0   0.00   0.00      0   0.00    0.5  0.000    0.0  0.000      0      0      0      0      0
05/06/1990   8068      0   4830   3238      0      0     10    618     12    701      0      0      0   0.00   0.00      0   0.00    0.6  0.000    0.0  0.000      0      0      0      0      0
05/07/1990   7746      0   4508   3238      0      0     14    850     12    684      0      0      0   0.00   0.00      0   0.00    0.7  0.000    0.0  0.000      0      0      0      0      0
05/08/1990   7424      0   4186   3238      0      0     18   1087     12    659      0      0      0   0.00   0.00      0   0.00    0.9  0.000    0.0  0.000      0      0      0      0      0
05/09/1990   7102      0   3864   3238      0    190     22   1129     12    622      0      0      0   0.00   0.00      0   0.00    1.0  0.000    0.0  0.000      0      0      0      0      0
05/10/1990   6762      0   3542   3220      0    395     26   1139     11    575      0      0      0   0.00   0.00      0   0.00    1.1  0.000    0.0  0.000      0      0      0      0      0
05/11/1990   6440      0   3220   3220      3    618     27   1128     10    549      0      0      0   0.00   0.00      0   0.00    1.2  0.000    0.0  0.000      0      0      0      0      0
05/12/1990   6118      0   2898   3220      6    850     28   1091     10    546      0      0      0   0.00   0.00      0   0.00    1.3  0.000    0.0  0.000      0      0      0      0      0
05/13/1990   5796      0   2576   3220     10   1087     27   1022     11    573      0      0      0   0.00   0.00      0   0.00    1.4  0.000    0.0  0.000      0      0      0      0      0
05/14/1990   5474      0   2254   3220     14   1319     26    976     12    581      0      0      0   0.00   0.00      0   0.00    1.6  0.000    0.0  0.000      0      0      0      0      0
05/15/1990   5152      0   1932   3220     18   1534     26    953     12    576      0      0      0   0.00   0.00      0   0.00    1.7  0.000    0.0  0.000      0      0      0      0      0
05/16/1990   4830      0   1610   3220     22   1746     26    936     12    590      0      0      0   0.00   0.00      0   0.00    1.8  0.000    0.0  0.000      0      0      0      0      0
05/17/1990   4508      0   1288   3220     26   1941     26    935     12    591      0      0      0   0.00   0.00      0   0.00    2.0  0.000    0.0  0.000      0      0      0      0      0
05/18/1990   4186      0    966   3220     30   2109     26    954     12    578      0      0      0   0.00   0.00      0   0.00    2.1  0.000    0.0  0.000      0      0      0      0      0
05/19/1990   3864      0    644   3220     34   2295     26    977     11    539      0      0      0   0.00   0.00      0   0.00    2.3  0.000    0.0  0.000      0      0      0      0      0
05/20/1990   3542      0    322   3220     37   2487     27    980     11    536      0      0      0   0.00   0.00      0   0.00    2.4  0.000    0.0  0.000      0      0      0      0      0
05/21/1990   3220      0      0   3220     40   2682     28    959     12    563      0      0      0   0.00   0.00      0   0.00    2.5  0.000    0.0  0.000      0      0      0      0      0
05/22/1990   3088      0    190   2898     44   2686     27    935     14    598      0      0      0   0.00   0.00      0   0.00    2.7  0.000    0.0  0.000      0      0      0      0      0
05/23/1990   3293      0    395   2898     48   2668     27    940     13    567      0      0      0   0.00   0.00      0   0.00    2.7  0.000    0.0  0.000      0      0      0      0      0
05/24/1990   3194      0    618   2576     52   2654     28    932     11    525      0      0      0   0.00   0.00      0   0.00    2.8  0.000    0.0  0.000      0      0      0      0      0
05/25/1990   3107      3    850   2254     53   2617     29    942      9    489      0      0      0   0.00   0.00      0   0.00    2.9  0.000    0.0  0.000      0      0      0      0      0
05/26/1990   3025      6   1087   1932     54   2554     28    929      9    487      0      0      0   0.00   0.00      0   0.00    3.0  0.000    0.0  0.000      0      0      0      0      0
05/27/1990   3261     10   1319   1932     54   2492     27    918      8    455      0      0      0   0.00   0.00      0   0.00    2.9  0.000    0.0  0.000      0      0      0      0      0
05/28/1990   3480     14   1534   1932     54   2469     26    895      7    411      0      0      0   0.00   0.00      0   0.00    2.9  0.000    0.0  0.000      0      0      0      0      0
05/29/1990   3374     18   1746   1610     53   2458     26    853      6    388      0      0      0   0.00   0.00      0   0.00    3.0  0.000    0.0  0.000      0      0      0      0      0
05/30/1990   3251     22   1941   1288     53   2468     24    775      6    384      0      0      0   0.00   0.00      0   0.00    3.0  0.000    0.0  0.000      0      0      0      0      0
05/31/1990   3101     26   2109    966     54   2461     21    739      5    361      0      0      0   0.00   0.00      0   0.00    3.1  0.000    0.0  0.000      0      0      0      0      0
06/01/1990   2969     30   2295    644     55   2434     18    716      4    310      0      0      0   0.00   0.00      0   0.00    3.1  0.000    0.0  0.000      0      0      0      0      0
06/02/1990   2843     34   2487    322     54   2411     17    670      2    259      0      0      0   0.00   0.00      0   0.00    3.1  0.000    0.0  0.000      0      0      0      0      0
06/03/1990   2719     37   2682      0     54   2375     15    613      1    198      0      0      0   0.00   0.00      0   0.00    3.1  0.000    0.0  0.000      0      0      0      0      0
06/04/1990   2916     40   2876      0     54   2308     13    571      0    113      0      0      0   0.00   0.00      0   0.00    3.1  0.000    0.0  0.000      0      0      0      0      0
06/05/1990   3107     44   3063      0     53   2246     10    518      0     41      0      0      0   0.00   0.00      0   0.00    3.0  0.000    0.0  0.000      0      0      0      0      0
06/06/1990   3320     48   3272      0     51   2173      8    423      0      0      0      0      0   0.00   0.00      0   0.00    3.0  0.000    0.0  0.000      0      0      0      0      0
06/07/1990   3519     52   3467      0     49   2101      6    300      0      0      0      0      0   0.00   0.00      0   0.00    3.0  0.000    0.0  0.000      0      0      0      0      0
06/08/1990   3697     56   3641      0     47   2029      4    198      0      0      0      0      0   0.00   0.00      0   0.00    3.0  0.000    0.0  0.000      0      0      0      0      0
06/09/1990   3871     60   3811      0     45   1944      2    113      0      0      0      0      0   0.00   0.00      0   0.00    2.9  0.000    0.0  0.000      0      0      0      0      0
06/10/1990   4067     64   4003      0     42   1824      1     41      0      0      0      0      0   0.00   0.00      0   0.00    2.9  0.000    0.0  0.000      0      0      0      0      0
06/11/1990   4272     68   4204      0     39   1664      0      0      0      0      0      0      0   0.00   0.00      0   0.00    2.9  0.000    0.0  0.000      0      0      0      0      0
06/12/1990   4480     71   4219    190     36   1459      0      0      0      0      0      0      0   0.00   0.00      0   0.00    2.9  0.000    0.0  0.000      0      0      0      0      0
06/13/1990   4645     75   4175    395     32   1298      0      0      0     23      0      0      0   0.00   0.00      0   0.00    2.8  0.000    0.0  0.000      0      0      0      0      0
06/14/1990   4809     80   4111    618     27   1139      0      0      0     67      0      0      0   0.00   0.00      0   0.00    2.8  0.000    0.0  0.000      0      0      0      0      0
06/15/1990   4980     82   4048    850     22    970      0      0      0    133      0      0      0   0.00   0.00      0   0.00    2.9  0.000    0.0  0.000      0      0      0      0      0
06/16/1990   5139     82   3970   1087     19    811      0     23      1    200      0      0      0   0.00   0.00      0   0.00    2.9  0.000    0.0  0.000      0      0      0      0      0
06/17/1990   5265     81   3865   1319     16    684      0     67      3    269      0      0      0   0.00   0.00      0   0.00    2.9  0.000    0.0  0.000      0      0      0      0      0
06/18/1990   5389     80   3775   1534     13    559      0    133      5    327      0      0      0   0.00   0.00      0   0.00    3.0  0.000    0.0  0.000      0      0      0      0      0
06/19/1990   5524     79   3699   1746     10    423      1    223      7    384      0      0      0   0.00   0.00      0   0.00    3.0  0.000    0.0  0.000      0      0      0      0      0
06/20/1990   5645     77   3627   1941      8    300      3    336      8    445      0      0      0   0.00   0.00      0   0.00    3.1  0.000    0.0  0.000      0      0      0      0      0
06/21/1990   5745     75   3561   2109      6    221      5    437     10    507      0      0      0   0.00   0.00      0   0.00    3.1  0.000    0.0  0.000      0      0      0      0      0
06/22/1990   5638     73   3460   2105      4    180      8    540     11    541      0      0      0   0.00   0.00      0   0.00    3.2  0.000    0.0  0.000      0      0      0      0      0
06/23/1990   5503     71   3340   2092      2    174     11    648     12    548      0      0      0   0.00   0.00      0   0.00    3.3  0.000    0.0  0.000      0      0      0      0      0
06/24/1990   5319     69   3186   2064      1    223     15    744     12    546      0      0      0   0.00   0.00      0   0.00    3.4  0.000    0.0  0.000      0      0      0      0      0
06/25/1990   5085     67   2992   2026      0    336     19    812     12    547      0      0      0   0.00   0.00      0   0.00    3.4  0.000    0.0  0.000      0      0      0      0      0
06/26/1990   4844     63   2805   1976      1    460     22    869     12    548      0      0      0   0.00   0.00      0   0.00    3.5  0.000    0.0  0.000      0      0      0      0      0
06/27/1990   4608     59   2596   1953      3    607     24    906     12    539      0      0      0   0.00   0.00      0   0.00    3.6  0.000    0.0  0.000      0      0      0      0      0
06/28/1990   4389     55   2401   1933      5    781     26    914     12    529      0      0      0   0.00   0.00      0   0.00    3.6  0.000    0.0  0.000      0      0      0      0      0
06/29/1990   4173     51   2227   1895      8    967     27    910     12    527      0      0      0   0.00   0.00      0   0.00    3.7  0.000    0.0  0.000      0      0      0      0      0
06/30/1990   3974     47   2057   1870     11   1148     28    904     12    531      0      0      0   0.00   0.00      0   0.00    3.8  0.000    0.0  0.000      0      0      0      0      0
07/01/1990   3802     43   1865   1894     15   1329     28    895     12    535      0      0      0   0.00   0.00      0   0.00    3.8  0.000    0.0  0.000      0      0      0      0      0
07/02/1990   3612     39   1664   1909     19   1513     28    891     12    526      0      0      0   0.00   0.00      0   0.00    3.9  0.000    0.0  0.000      0      0      0      0      0
07/03/1990   3417     36   1459   1922     23   1695     28    888     12    517      0      0      0   0.00   0.00      0   0.00    4.0  0.000    0.0  0.000      0      0      0      0      0
07/04/1990   3241     32   1321   1888     27   1854     28    882     12    505      0      0      0   0.00   0.00      0   0.00    4.1  0.000    0.0  0.000      0      0      0      0      0
07/05/1990   3086     27   1206   1853     31   1985     28    878     12    499      0      0      0   0.00   0.00      0   0.00    4.1  0.000    0.0  0.000      0      0      0      0      0
07/06/1990   2960     22   1103   1835     35   2091     28    876     12    493      0      0      0   0.00   0.00      0   0.00    4.2  0.000    0.0  0.000      0      0      0      0      0
07/07/1990   2838     19   1034   1785     39   2181     28    860     12    497      0      0      0   0.00   0.00      0   0.00    4.3  0.000    0.0  0.000      0      0      0      0      0
07/08/1990   2753     16   1020   1717     43   2247     28    846     12    498      0      0      0   0.00   0.00      0   0.00    4.3  0.000    0.0  0.000      0      0      0      0      0
07/09/1990   2700     13   1019   1668     47   2299     28    834     12    498      0      0      0   0.00   0.00      0   0.00    4.4  0.000    0.0  0.000      0      0      0      0      0
07/10/1990   2675     11   1030   1634     50   2323     28    831     12    497      0      0      0   0.00   0.00      0   0.00    4.5  0.000    0.0  0.000      0      0      0      0      0
07/11/1990   2657     11   1081   1565     52   2319     28    827     12    499      0      0      0   0.00   0.00      0   0.00    4.5  0.000    0.0  0.000      0      0      0      0      0
07/12/1990   2642     11   1165   1466     54   2297     28    827     12    498      0      0      0   0.00   0.00      0   0.00    4.6  0.000    0.0  0.000      0      0      0      0      0
07/13/1990   2619     12   1261   1346     55   2281     28    829     12    487      0      0      0   0.00   0.00      0   0.00    4.7  0.000    0.0  0.000      0      0      0      0      0
07/14/1990   2640     13   1370   1257     56   2264     28    833     12    466      0      0      0   0.00   0.00      0   0.00    4.7  0.000    0.0  0.000      0      0      0      0      0
07/15/1990   2668     16   1513   1139     56   2248     28    828     11    444      0      0      0   0.00   0.00      0   0.00    4.7  0.000    0.0  0.000      0      0      0      0      0
07/16/1990   2684     19   1695    970     56   2232     28    818     10    416      0      0      0   0.00   0.00      0   0.00    4.8  0.000    0.0  0.000      0      0      0      0      0
07/17/1990   2711     23   1877    811     56   2214     28    801      9    382      0      0      0   0.00   0.00      0   0.00    4.8  0.000    0.0  0.000      0      0      0      0      0
07/18/1990   2763     27   2052    684     56   2206     27    775      8    342      0      0      0   0.00   0.00      0   0.00    4.8  0.000    0.0  0.000      0      0      0      0      0
07/19/1990   2814     31   2224    559     56   2202     26    735      7    303      0      0      0   0.00   0.00      0   0.00    4.8  0.000    0.0  0.000      0      0      0      0      0
07/20/1990   2862     35   2404    423     56   2185     25    685      5    267      0      0      0   0.00   0.00      0   0.00    4.8  0.000    0.0  0.000      0      0      0      0      0
07/21/1990   2922     39   2583    300     56   2162     23    630      4    227      0      0      0   0.00   0.00      0   0.00    4.8  0.000    0.0  0.000      0      0      0      0      0
07/22/1990   3000     43   2759    198     56   2133     21    572      2    183      0      0      0   0.00   0.00      0   0.00    4.8  0.000    0.0  0.000      0      0      0      0      0
07/23/1990   3090     47   2930    113     56   2103     18    508      1    135      0      0      0   0.00   0.00      0   0.00    4.8  0.000    0.0  0.000      0      0      0      0      0
07/24/1990   3192     51   3100     41     56   2061     15    441      0     91      0      0      0   0.00   0.00      0   0.00    4.8  0.000    0.0  0.000      0      0      0      0      0
07/25/1990   3319     55   3241     23     55   2010     12    373      0     51      0      0      0   0.00   0.00      0   0.00    4.8  0.000    0.0  0.000      0      0      0      0      0
07/26/1990   3488     59   3362     67     54   1946      9    301      0     25      0      0      0   0.00   0.00      0   0.00    4.7  0.000    0.0  0.000      0      0      0      0      0
07/27/1990   3656     63   3460    133     53   1871      6    229      0     19      0      0      0   0.00   0.00      0   0.00    4.7  0.000    0.0  0.000      0      0      0      0      0
07/28/1990   3828     67   3538    223     51   1780      4    157      0     35      0      0      0   0.00   0.00      0   0.00    4.7  0.000    0.0  0.000      0      0      0      0      0
07/29/1990   3998     71   3591    336     49   1675      2     99      0     66      0      0      0   0.00   0.00      0   0.00    4.7  0.000    0.0  0.000      0      0      0      0      0
07/30/1990   4166     75   3631    460     46   1556      1     65      0    104      0      0      0   0.00   0.00      0   0.00    4.7  0.000    0.0  0.000      0      0      0      0      0
07/31/1990   4336     78   3651    607     43   1418      0     57      1    146      0      0      0   0.00   0.00      0   0.00    4.7  0.000    0.0  0.000      0      0      0      0      0
08/01/1990   4506     80   3645    781     39   1267      0     74      2    191      0      0      0   0.00   0.00      0   0.00    4.7  0.000    0.0  0.000      0      0      0      0      0
08/02/1990   4671     82   3622    967     35   1109      0    118      4    238      0      0      0   0.00   0.00      0   0.00    4.7  0.000    0.0  0.000      0      0      0      0      0
08/03/1990   4828     83   3597   1148     31    956      1    178      6    288      0      0      0   0.00   0.00      0   0.00    4.8  0.000    0.0  0.000      0      0      0      0      0
08/04/1990   4953     84   3563   1306     27    820      2    246      8    337      0      0      0   0.00   0.00      0   0.00    4.8  0.000    0.0  0.000      0      0      0      0      0
08/05/1990   5050     84   3520   1446     23    700      4    321     10    384      0      0      0   0.00   0.00      0   0.00    4.8  0.000    0.0  0.000      0      0      0      0      0
08/06/1990   5112     84   3466   1562     19    606      7    400     11    425      0      0      0   0.00   0.00      0   0.00    4.9  0.000    0.0  0.000      0      0      0      0      0
08/07/1990   5135     84   3397   1654     15    542     10    479     13    459      0      0      0   0.00   0.00      0   0.00    4.9  0.000    0.0  0.000      0      0      0      0      0
08/08/1990   5122     83   3323   1716     12    504     14    559     14    484      0      0      0   0.00   0.00      0   0.00    5.0  0.000    0.0  0.000      0      0      0      0      0
08/09/1990   5086     82   3240   1764      9    494     18    634     15    502      0      0      0   0.00   0.00      0   0.00    5.0  0.000    0.0  0.000      0      0      0      0      0
08/10/1990   5015     81   3137   1797      7    513     22    700     15    515      0      0      0   0.00   0.00      0   0.00    5.1  0.000    0.0  0.000      0      0      0      0      0
08/11/1990   4900     79   3019   1802      6    565     26    755     15    523      0      0      0   0.00   0.00      0   0.00    5.2  0.000    0.0  0.000      0      0      0      0      0
08/12/1990   4757     77   2888   1792      6    648     29    799     15    527      0      0      0   0.00   0.00      0   0.00    5.2  0.000    0.0  0.000      0      0      0      0      0
08/13/1990   4602     74   2746   1782      8    762     31    831     15    523      0      0      0   0.00   0.00      0   0.00    5.3  0.000    0.0  0.000      0      0      0      0      0
08/14/1990   4435     71   2593   1771     10    899     33    853     15    509      0      0      0   0.00   0.00      0   0.00    5.3  0.000    0.0  0.000      0      0      0      0      0
08/15/1990   4252     67   2434   1751     14   1056     34    867     15    483      0      0      0   0.00   0.00      0   0.00    5.4  0.000    0.0  0.000      0      0      0      0      0
08/16/1990   4069     63   2272   1734     18   1221     35    870     15    464      0      0      0   0.00   0.00      0   0.00    5.5  0.000    0.0  0.000      0      0      0      0      0
08/17/1990   3894     59   2119   1716     23   1382     35    860     15    455      0      0      0   0.00   0.00      0   0.00    5.5  0.000    0.0  0.000      0      0      0      0      0
08/18/1990   3736     55   1972   1709     28   1536     35    835     15    446      0      0      0   0.00   0.00      0   0.00    5.6  0.000    0.0  0.000      0      0      0      0      0
08/19/1990    633      0    633      0     33   1678     23    629     15    435      0      0      0   0.00   0.00      0   0.00    5.6  0.093    0.0  0.000     12    182     41   1194   1701
08/20/1990    635      0    635      0     35   1706     24    658     10    282      0      0      0   0.00   0.00      0   0.00    5.6  0.093    0.0  0.000      2     47      0      4     43
08/21/1990    651      0    651      0     37   1731     25    671      5    141      0      0      0   0.00   0.00      0   0.00    5.6  0.093    0.0  0.000      2     40      0      4     43
08/22/1990    683      0    683      0     39   1767     26    659      0      0      0      0      0   0.00   0.00      0   0.00    5.6  0.093    0.0  0.000      2     38      0      4     43
08/23/1990    732      0    732      0     41   1781     22    514      0      0      0      0      0   0.00   0.00      0   0.00    5.6  0.093    0.0  0.000      2     35      0      4     43
08/24/1990    801      0    799      2     43   1782     17    400      0      0      0      0      0   0.00   0.00      0   0.00    5.6  0.093    0.0  0.000      2      0      1      3     41
08/25/1990    893      0    884      9     45   1772     12    282      0      0      0      0      0   0.00   0.00      0   0.00    5.6  0.093    0.0  0.000      2      0      1      0     36
08/26/1990   1006      1    984     21     46   1770      9    141      0      0      0      0      0   0.00   0.00      0   0.00    5.6  0.093    0.0  0.000      0      0      1      0     31
08/27/1990   1163      4   1095     64     46   1757      6      0      0      2      0      0      0   0.00   0.00      0   0.00    5.6  0.093    0.0  0.000      0      0      0      0      0
08/28/1990   1328      7   1214    107     46   1595      3      0      0     11      0      0      0   0.00   0.00      0   0.00    5.6  0.093    0.0  0.000      0      0      0      0      0
08/29/1990   1500     11   1339    150     45   1427      0      0      0     27      0      0      0   0.00   0.00      0   0.00    5.6  0.093    0.0  0.000      0      0      0      0      0
08/30/1990   1676     15   1468    193     41   1255      0      2      0     46      0      0      0   0.00   0.00      0   0.00    5.6  0.093    0.0  0.000      0      0      0      0      0
08/31/1990   1856     20   1625    211     36   1080      0     11      0     63      0      0      0   0.00   0.00      0   0.00    5.6  0.093    0.0  0.000      0      0      0      0      0
09/01/1990   2037     25   1783    229     31    904      0     27      0     76      0      0      0   0.00   0.00      0   0.00    5.6  0.093    0.0  0.000      0      0      0      0      0
09/02/1990   2119     30   1842    247     26    827      0     48      0     87      0      0      0   0.00   0.00      0   0.00    5.6  0.093    0.0  0.000      0      0      0      0      0
09/03/1990   2209     32   1912    265     24    739      0     74      0     95      0      0      0   0.00   0.00      0   0.00    5.6  0.093    0.0  0.000      0      0      0      0      0
09/04/1990   2324     34   2009    281     22    626      0    101      0    102      0      0      0   0.00   0.00      0   0.00    5.6  0.093    0.0  0.000      0      0      0      0      0
09/05/1990   2429     36   2101    292     20    525      0    124      0    109      0      0      0   0.00   0.00      0   0.00    5.6  0.093    0.0  0.000      0      0      0      0      0
09/06/1990   2533     38   2197    298     18    427      0    142      0    115      0      0      0   0.00   0.00      0   0.00    5.6  0.093    0.0  0.000      0      0      0      0      0
09/07/1990   2611     41   2307    263     15    330      0    157      0    119      0      0      0   0.00   0.00      0   0.00    5.6  0.093    0.0  0.000      0      0      0      0      0
09/08/1990   2712     44   2440    228     12    215      0    170      0    116      0      0      0   0.00   0.00      0   0.00    5.6  0.093    0.0  0.000      0      0      0      0      0
09/09/1990   2813     47   2563    203      9    103      0    181      0    108      0      0      0   0.00   0.00      0   0.00    5.6  0.093    0.0  0.000      0      0      0      0      0
09/10/1990   2773     50   2518    205      6    135      0    189      0     97      0      0      0   0.00   0.00      0   0.00    5.6  0.093    0.0  0.000      0      0      0      0      0
09/11/1990   2758     53   2459    246      3    169      0    191      0     89      0      0      0   0.00   0.00      0   0.00    5.6  0.093    0.0  0.000      0      0      0      0      0
09/12/1990   2725     56   2384    285      0    205      0    187      0     91      0      0      0   0.00   0.00      0   0.00    5.6  0.093    0.0  0.000      0      0      0      0      0
09/13/1990   2707     56   2292    359      0    244      0    177      0    101      0      0      0   0.00   0.00      0   0.00    5.6  0.093    0.0  0.000      0      0      0      0      0
09/14/1990   2689     56   2182    451      0    284      0    165      0    118      0      0      0   0.00   0.00      0   0.00    5.6  0.093    0.0  0.000      0      0      0      0      0
09/15/1990   2671     56   2054    561      0    324      0    159      1    137      0      0      0   0.00   0.00      0   0.00    5.6  0.093    0.0  0.000      0      0      0      0      0
09/16/1990   2652     55   1911    686      0    360      0    162      2    161      0      0      0   0.00   0.00      0   0.00    5.6  0.093    0.0  0.000      0      0      0      0      0
09/17/1990   2643     52   1759    832      0    390      0    175      4    192      0      0      0   0.00   0.00      0   0.00    5.6  0.092    0.0  0.000      0      0      0      0      0
09/18/1990   2641     49   1606    986      0    410      1    199      5    226      0      0      0   0.00   0.00      0   0.00    5.7  0.092    0.0  0.000      0      0      0      0      0
09/19/1990   2635     45   1454   1136      0    422      2    234      7    259      0      0      0   0.00   0.00      0   0.00    5.7  0.091    0.0  0.000      0      0      0      0      0
09/20/1990   2607     41   1303   1263      0    435      4    276      9    296      0      0      0   0.00   0.00      0   0.00    5.7  0.091    0.0  0.000      0      0      0      0      0
09/21/1990   2569     36   1154   1379      0    448      6    324     11    332      0      0      0   0.00   0.00      0   0.00    5.8  0.090    0.0  0.000      0      0      0      0      0
09/22/1990   2518     31   1007   1480      0    464      9    375     12    358      0      0      0   0.00   0.00      0   0.00    5.8  0.089    0.0  0.000      0      0      0      0      0
09/23/1990   2453     26    962   1465      0    485     13    435     12    365      0      0      0   0.00   0.00      0   0.00    5.9  0.088    0.0  0.000      0      0      0      0      0
09/24/1990   2375     24    908   1443      0    514     17    495     12    369      0      0      0   0.00   0.00      0   0.00    6.0  0.087    0.0  0.000      0      0      0      0      0
09/25/1990   2281     22    829   1430      1    554     20    541     12    371      0      0      0   0.00   0.00      0   0.00    6.0  0.086    0.0  0.000      0      0      0      0      0
09/26/1990   2175     20    758   1397      2    602     23    574     12    374      0      0      0   0.00   0.00      0   0.00    6.1  0.085    0.0  0.000      0      0      0      0      0
09/27/1990   2059     18    684   1357      4    658     25    605     12    368      0      0      0   0.00   0.00      0   0.00    6.1  0.085    0.0  0.000      0      0      0      0      0
09/28/1990   1934     15    606   1313      6    731     27    616     12    366      0      0      0   0.00   0.00      0   0.00    6.2  0.084    0.0  0.000      0      0      0      0      0
09/29/1990   1799     12    501   1286      9    818     28    616     12    367      0      0      0   0.00   0.00      0   0.00    6.2  0.083    0.0  0.000      0      0      0      0      0
09/30/1990   1656      9    392   1255     13    908     28    615     12    372      0      0      0   0.00   0.00      0   0.00    6.3  0.082    0.0  0.000      0      0      0      0      0
10/01/1990   1507      6    421   1080     17    999     28    617     12    375      0      0      0   0.00   0.00      0   0.00    6.3  0.082    0.0  0.000      0      0      0      0      0
10/02/1990   1356      3    449    904     21   1098     28    614     12    355      0      0      0   0.00   0.00      0   0.00    6.4  0.081    0.0  0.000      0      0      0      0      0
10/03/1990   1310      0    483    827     25   1188     28    616     11    322      0      0      0   0.00   0.00      0   0.00    6.4  0.081    0.0  0.000      0      0      0      0      0
10/04/1990   1261      0    522    739     29   1272     28    618     10    291      0      0      0   0.00   0.00      0   0.00    6.4  0.081    0.0  0.000      0      0      0      0      0
10/05/1990   1191      0    567    624     33   1348     28    601      8    266      0      0      0   0.00   0.00      0   0.00    6.5  0.080    0.0  0.000      0      0      0      0      0
10/06/1990   1134      0    620    514     37   1417     27    572      7    236      0      0      0   0.00   0.00      0   0.00    6.5  0.080    0.0  0.000      0      0      0      0      0
10/07/1990   1083      0    683    400     41   1478     26    542      5    192      0      0      0   0.00   0.00      0   0.00    6.5  0.080    0.0  0.000      0      0      0      0      0
10/08/1990   1041      0    757    284     45   1528     24    495      4    154      0      0      0   0.00   0.00      0   0.00    6.5  0.080    0.0  0.000      0      0      0      0      0
10/09/1990    988      1    835    152     48   1566     22    433      2    124      0      0      0   0.00   0.00      0   0.00    6.5  0.080    0.0  0.000      0      0      0      0      0
10/10/1990    944      2    915     27     51   1574     19    379      1     92      0      0      0   0.00   0.00      0   0.00    6.5  0.080    0.0  0.000      0      0      0      0      0
10/11/1990   1059      4   1007     48     53   1554     16    327      0     54      0      0      0   0.00   0.00      0   0.00    6.5  0.080    0.0  0.000      0      0      0      0      0
10/12/1990   1184      6   1104     74     55   1525     12    266      0     26      0      0      0   0.00   0.00      0   0.00    6.5  0.080    0.0  0.000      0      0      0      0      0
10/13/1990   1309      9   1197    103     55   1482      9    205      0     17      0      0      0   0.00   0.00      0   0.00    6.5  0.080    0.0  0.000      0      0      0      0      0
10/14/1990   1433     13   1285    135     54   1425      6    145      0     26      0      0      0   0.00   0.00      0   0.00    6.5  0.080    0.0  0.000      0      0      0      0      0
10/15/1990   1564     17   1378    169     52   1348      4    100      0     38      0      0      0   0.00   0.00      0   0.00    6.5  0.080    0.0  0.000      0      0      0      0      0
10/16/1990   1692     21   1466    205     50   1265      2     68      0     48      0      0      0   0.00   0.00      0   0.00    6.5  0.080    0.0  0.000      0      0      0      0      0
10/17/1990   1819     25   1550    244     47   1175      1     47      0     59      0      0      0   0.00   0.00      0   0.00    6.5  0.080    0.0  0.000      0      0      0      0      0
10/18/1990   1942     29   1631    282     44   1072      0     46      0     70      0      0      0   0.00   0.00      0   0.00    6.5  0.080    0.0  0.000      0      0      0      0      0
10/19/1990   2059     33   1713    313     40    953      0     62      0     79      0      0      0   0.00   0.00      0   0.00    6.5  0.080    0.0  0.000      0      0      0      0      0
10/20/1990   2171     37   1801    333     36    834      0     80      0     84      0      0      0   0.00   0.00      0   0.00    6.5  0.080    0.0  0.000      0      0      0      0      0
10/21/1990   2280     41   1895    344     32    717      0     99      0     90      0      0      0   0.00   0.00      0   0.00    6.5  0.080    0.0  0.000      0      0      0      0      0
10/22/1990   2383     45   1991    347     28    604      0    115      0     97      0      0      0   0.00   0.00      0   0.00    6.5  0.080    0.0  0.000      0      0      0      0      0
10/23/1990   2462     49   2067    346     24    517      0    126      0    105      0      0      0   0.00   0.00      0   0.00    6.5  0.080    0.0  0.000      0      0      0      0      0
10/24/1990   2527     53   2126    348     20    443      0    141      0    109      0      0      0   0.00   0.00      0   0.00    6.5  0.079    0.0  0.000      0      0      0      0      0
10/25/1990   2591     57   2181    353     16    372      0    153      0    113      0      0      0   0.00   0.00      0   0.00    6.5  0.079    0.0  0.000      0      0      0      0      0
10/26/1990   2638     61   2215    362     12    321      0    161      0    113      0      0      0   0.00   0.00      0   0.00    6.5  0.079    0.0  0.000      0      0      0      0      0
10/27/1990   2665     64   2225    376      9    286      0    171      0    114      0      0      0   0.00   0.00      0   0.00    6.5  0.079    0.0  0.000      0      0      0      0      0
10/28/1990   2678     67   2212    399      6    264      0    182      0    114      0      0      0   0.00   0.00      0   0.00    6.5  0.079    0.0  0.000      0      0      0      0      0
10/29/1990   2681     69   2177    435      4    257      0    184      1    117      0      0      0   0.00   0.00      0   0.00    6.5  0.079    0.0  0.000      0      0      0      0      0
10/30/1990   2679     70   2123    486      2    259      0    188      1    117      0      0      0   0.00   0.00      0   0.00    6.5  0.079    0.0  0.000      0      0      0      0      0
10/31/1990   2665     70   2045    550      1    277      0    191      2    118      0      0      0   0.00   0.00      0   0.00    6.5  0.079    0.0  0.000      0      0      0      0      0
11/01/1990   2628     69   1935    624      0    312      1    192      1    116      0      0      0   0.00   0.00      0   0.00    6.6  0.079    0.0  0.000      0      0      0      0      0
11/02/1990   2594     67   1817    710      0    346      1    192      1    116      0      0      0   0.00   0.00      0   0.00    6.6  0.079    0.0  0.000      0      0      0      0      0
11/03/1990   2558     64   1704    790      0    373      2    196      1    121      0      0      0   0.00   0.00      0   0.00    6.6  0.079    0.0  0.000      0      0      0      0      0
11/04/1990   2520     60   1596    864      0    400      2    194      2    138      0      0      0   0.00   0.00      0   0.00    6.6  0.078    0.0  0.000      0      0      0      0      0
11/05/1990   2482     56   1486    940      0    422      2    194      4    158      0      0      0   0.00   0.00      0   0.00    6.6  0.078    0.0  0.000      0      0      0      0      0
11/06/1990   2439     52   1381   1006      0    442      3    200      4    166      0      0      0   0.00   0.00      0   0.00    6.7  0.077    0.0  0.000      0      0      0      0      0
11/07/1990   2391     48   1281   1062      0    458      4    215      4    167      0      0      0   0.00   0.00      0   0.00    6.7  0.077    0.0  0.000      0      0      0      0      0
11/08/1990   2336     44   1188   1104      1    470      5    234      4    172      0      0      0   0.00   0.00      0   0.00    6.8  0.077    0.0  0.000      0      0      0      0      0
11/09/1990   2271     40   1094   1137      1    479      6    250      5    189      0      0      0   0.00   0.00      0   0.00    6.8  0.076    0.0  0.000      0      0      0      0      0
11/10/1990   2198     36    998   1164      2    490      6    266      6    207      0      0      0   0.00   0.00      0   0.00    6.9  0.076    0.0  0.000      0      0      0      0      0
11/11/1990   2115     32    906   1177      2    501      8    285      7    220      0      0      0   0.00   0.00      0   0.00    6.9  0.075    0.0  0.000      0      0      0      0      0
11/12/1990   2023     28    816   1179      2    520     10    301      8    231      0      0      0   0.00   0.00      0   0.00    6.9  0.075    0.0  0.000      0      0      0      0      0
11/13/1990   1933     24    748   1161      3    543     11    315      9    242      0      0      0   0.00   0.00      0   0.00    7.0  0.074    0.0  0.000      0      0      0      0      0
11/14/1990   1847     20    693   1134      4    558     13    339      8    237      0      0      0   0.00   0.00      0   0.00    7.0  0.074    0.0  0.000      0      0      0      0      0
11/15/1990   1755     16    638   1101      6    574     14    365      7    224      0      0      0   0.00   0.00      0   0.00    7.1  0.073    0.0  0.000      0      0      0      0      0
11/16/1990   1663     12    595   1056      7    602     16    385      6    213      0      0      0   0.00   0.00      0   0.00    7.1  0.073    0.0  0.000      0      0      0      0      0
11/17/1990   1576      9    571    996      8    633     17    387      6    215      0      0      0   0.00   0.00      0   0.00    7.2  0.072    0.0  0.000      0      0      0      0      0
11/18/1990   1491      6    560    925     10    667     17    382      6    213      0      0      0   0.00   0.00      0   0.00    7.2  0.072    0.0  0.000      0      0      0      0      0
11/19/1990   1406      4    558    844     12    705     17    378      6    203      0      0      0   0.00   0.00      0   0.00    7.2  0.071    0.0  0.000      0      0      0      0      0
11/20/1990   1433      2    564    867     14    747     17    371      5    173      0      0      0   0.00   0.00      0   0.00    7.3  0.071    0.0  0.000      0      0      0      0      0
11/21/1990   1349      1    586    762     17    791     16    353      4    146      0      0      0   0.00   0.00      0   0.00    7.3  0.071    0.0  0.000      0      0      0      0      0
11/22/1990   1146      1    620    525     19    826     15    344      3    121      0      0      0   0.00   0.00      0   0.00    7.3  0.071    0.0  0.000      0      0      0      0      0
11/23/1990   1081      1    654    426     22    855     13    320      2    105      0      0      0   0.00   0.00      0   0.00    7.3  0.071    0.0  0.000      0      0      0      0      0
11/24/1990   1034      2    690    342     23    883     12    286      1     90      0      0      0   0.00   0.00      0   0.00    7.3  0.070    0.0  0.000      0      0      0      0      0
11/25/1990   1079      2    732    345     25    903     11    250      0     74      0      0      0   0.00   0.00      0   0.00    7.3  0.070    0.0  0.000      0      0      0      0      0
11/26/1990   1129      2    774    353     27    910      9    212      0     61      0      0      0   0.00   0.00      0   0.00    7.3  0.070    0.0  0.000      0      0      0      0      0
11/27/1990   1174      3    808    363     28    920      7    173      0     51      0      0      0   0.00   0.00      0   0.00    7.3  0.070    0.0  0.000      0      0      0      0      0
11/28/1990   1222      4    840    378     29    909      5    151      0     46      0      0      0   0.00   0.00      0   0.00    7.3  0.070    0.0  0.000      0      0      0      0      0
11/29/1990   1134      6    876    252     29    884      3    127      0     51      0      0      0   0.00   0.00      0   0.00    7.3  0.070    0.0  0.000      0      0      0      0      0
11/30/1990   1147      7    918    222     29    852      2    103      0     52      0      0      0   0.00   0.00      0   0.00    7.4  0.070    0.0  0.000      0      0      0      0      0
12/01/1990   1213      8    963    242     29    807      1     92      0     46      0      0      0   0.00   0.00      0   0.00    7.4  0.070    0.0  0.000      0      0      0      0      0
12/02/1990   1284     10   1006    268     28    754      0     88      0     36      0      0      0   0.00   0.00      0   0.00    7.4  0.070    0.0  0.000      0      0      0      0      0
12/03/1990   1324     12   1052    260     26    695      0     81      0     33      0      0      0   0.00   0.00      0   0.00    7.4  0.070    0.0  0.000      0      0      0      0      0
12/04/1990   1376     14   1100    262     24    626      0     77      0     35      0      0      0   0.00   0.00      0   0.00    7.4  0.070    0.0  0.000      0      0      0      0      0
12/05/1990   1443     17   1134    292     21    568      0     73      0     36      0      0      0   0.00   0.00      0   0.00    7.4  0.070    0.0  0.000      0      0      0      0      0
12/06/1990   1488     20   1163    305     18    517      0     68      0     38      0      0      0   0.00   0.00      0   0.00    7.4  0.070    0.0  0.000      0      0      0      0      0
12/07/1990   1552     23   1200    329     15    464      0     61      0     41      0      0      0   0.00   0.00      0   0.00    7.4  0.070    0.0  0.000      0      0      0      0      0
12/08/1990   1618     25   1235    358     13    405      0     57      0     47      0      0      0   0.00   0.00      0   0.00    7.4  0.070    0.0  0.000      0      0      0      0      0
12/09/1990   1634     27   1262    345     11    350      0     60      0     51      0      0      0   0.00   0.00      0   0.00    7.4  0.070    0.0  0.000      0      0      0      0      0
12/10/1990   1677     29   1286    362      9    297      0     66      0     58      0      0      0   0.00   0.00      0   0.00    7.4  0.070    0.0  0.000      0      0      0      0      0
12/11/1990   1697     31   1291    375      7    265      0     71      0     65      0      0      0   0.00   0.00      0   0.00    7.4  0.070    0.0  0.000      0      0      0      0      0
12/12/1990   1728     33   1290    405      5    239      0     76      0     69      0      0      0   0.00   0.00      0   0.00    7.4  0.070    0.0  0.000      0      0      0      0      0
12/13/1990   1757     34   1291    432      3    212      0     88      0     67      0      0      0   0.00   0.00      0   0.00    7.4  0.070    0.0  0.000      0      0      0      0      0
12/14/1990   1776     35   1280    461      2    198      0     98      0     54      0      0      0   0.00   0.00      0   0.00    7.4  0.070    0.0  0.000      0      0      0      0      0
12/15/1990   1790     35   1259    496      1    190      0    104      0     46      0      0      0   0.00   0.00      0   0.00    7.4  0.070    0.0  0.000      0      0      0      0      0
12/16/1990   1803     36   1227    540      0    185      0    108      0     38      0      0      0   0.00   0.00      0   0.00    7.4  0.070    0.0  0.000      0      0      0      0      0
12/17/1990   1808     36   1183    589      0    188      0    101      0     44      0      0      0   0.00   0.00      0   0.00    7.4  0.070    0.0  0.000      0      0      0      0      0
12/18/1990   1811     35   1144    632      0    197      0     92      0     49      0      0      0   0.00   0.00      0   0.00    7.4  0.070    0.0  0.000      0      0      0      0      0
12/19/1990   1817     34   1106    677      0    204      0     81      0     53      0      0      0   0.00   0.00      0   0.00    7.3  0.070    0.0  0.000      0      0      0      0      0
12/20/1990   1825     32   1062    731      0    206      0     76      0     42      0      0      0   0.00   0.00      0   0.00    7.3  0.070    0.0  0.000      0      0      0      0      0
12/21/1990   1829     31   1007    791      0    212      0     74      0     23      0      0      0   0.00   0.00      0   0.00    7.3  0.070    0.0  0.000      0      0      0      0      0
12/22/1990   1829     30    945    854      0    212      0     80      0      6      0      0      0   0.00   0.00      0   0.00    7.3  0.070    0.0  0.000      0      0      0      0      0
12/23/1990   1827     28    878    921      0    216      0     72      0      0      0      0      0   0.00   0.00      0   0.00    7.3  0.070    0.0  0.000      0      0      0      0      0
12/24/1990   1827     26    809    992      0    217      0     59      0      0      0      0      0   0.00   0.00      0   0.00    7.3  0.070    0.0  0.000      0      0      0      0      0
12/25/1990   1828     24    738   1066      0    221      0     42      0      5      0      0      0   0.00   0.00      0   0.00    7.3  0.070    0.0  0.000      0      0      0      0      0
12/26/1990   1826     21    677   1128      0    229      0     23      0     17      0      0      0   0.00   0.00      0   0.00    7.3  0.070    0.0  0.000      0      0      0      0      0
12/27/1990   1827     18    623   1186      0    232      0      6      0     35      0      0      0   0.00   0.00      0   0.00    7.3  0.070    0.0  0.000      0      0      0      0      0
12/28/1990   1830     15    566   1249      0    222      0      5      0     51      0      0      0   0.00   0.00      0   0.00    7.3  0.070    0.0  0.000      0      0      0      0      0
12/29/1990   1835     13    509   1313      0    205      0     17      0     48      0      0      0   0.00   0.00      0   0.00    7.3  0.070    0.0  0.000      0      0      0      0      0
12/30/1990   1841     11    461   1369      0    187      0     35      0     47      0      0      0   0.00   0.00      0   0.00    7.3  0.070    0.0  0.000      0      0      0      0      0
12/31/1990   1853      9    421   1423      0    164      0     56      0     44      0      0      0   0.00   0.00      0   0.00    7.3  0.070    0.0  0.000      0      0      0      0      0
