Varroa Population Simulation - Nov 24,2015  04:11:19 PM
VarroaPop Version 3.2.5.8  June, 2015

                                        Capped  Capped                                                                      Prop           Conc          Conc                                     
            Colony  Adult  Adult         Drone   Wkr    Drone  Wkr    Drone  Wkr  Free   DBrood WBrood DMite  WMite  Mites  Mites  Colony Pollen Colony Nectar   Dead   Dead   Dead   Dead   Dead
     Date   Size   Drones   Wkr   Forgrs Brood  Brood   Larv   Larv    Eggs  Eggs Mites  Mites  Mites  /Cell  /Cell  Dying  Dying  Pollen  Pest  Nectar  Pest    DLarv  WLarv  DAdlt  WAdlt  Forgrs
Initial     10000      0   5817   4183      0      0      0      0      0      0      0      0      0   0.00   0.00      0   0.00    0.0  0.000    0.0  0.000      0      0      0      0      0
05/01/1990   9723      0   5540   4183      0      0      0      0      2    440      0      0      0   0.00   0.00      0   0.00    0.2  0.000    0.0  0.000      0      0      0      0      0
05/02/1990   9446      0   5263   4183      0      0      0      0      5    913      0      0      0   0.00   0.00      0   0.00    0.3  0.000    0.0  0.000      0      0      0      0      0
05/03/1990   9169      0   4986   4183      0      0      0      0      8   1428      0      0      0   0.00   0.00      0   0.00    0.5  0.000    0.0  0.000      0      0      0      0      0
05/04/1990   8892      0   4709   4183      0      0      2    440      9   1524      0      0      0   0.00   0.00      0   0.00    0.6  0.000    0.0  0.000      0      0      0      0      0
05/05/1990   8615      0   4432   4183      0      0      5    913      9   1598      0      0      0   0.00   0.00      0   0.00    0.8  0.000    0.0  0.000      0      0      0      0      0
05/06/1990   8338      0   4155   4183      0      0      8   1428      9   1619      0      0      0   0.00   0.00      0   0.00    0.9  0.000    0.0  0.000      0      0      0      0      0
05/07/1990   8061      0   3878   4183      0      0     11   1964      9   1580      0      0      0   0.00   0.00      0   0.00    1.1  0.000    0.0  0.000      0      0      0      0      0
05/08/1990   7784      0   3601   4183      0      0     14   2511      9   1522      0      0      0   0.00   0.00      0   0.00    1.2  0.000    0.0  0.000      0      0      0      0      0
05/09/1990   7507      0   3324   4183      0    440     17   2607      8   1439      0      0      0   0.00   0.00      0   0.00    1.4  0.000    0.0  0.000      0      0      0      0      0
05/10/1990   7230      0   3047   4183      0    913     20   2631      7   1331      0      0      0   0.00   0.00      0   0.00    1.6  0.000    0.0  0.000      0      0      0      0      0
05/11/1990   6953      0   2770   4183      2   1428     21   2605      6   1272      0      0      0   0.00   0.00      0   0.00    1.7  0.000    0.0  0.000      0      0      0      0      0
05/12/1990   6676      0   2493   4183      5   1964     20   2522      6   1264      0      0      0   0.00   0.00      0   0.00    1.9  0.000    0.0  0.000      0      0      0      0      0
05/13/1990   6399      0   2216   4183      8   2511     19   2364      6   1328      0      0      0   0.00   0.00      0   0.00    2.1  0.000    0.0  0.000      0      0      0      0      0
05/14/1990   6122      0   1939   4183     11   3047     18   2258      6   1350      0      0      0   0.00   0.00      0   0.00    2.2  0.000    0.0  0.000      0      0      0      0      0
05/15/1990   5817      0   1662   4155     14   3544     17   2206      6   1338      0      0      0   0.00   0.00      0   0.00    2.4  0.000    0.0  0.000      0      0      0      0      0
05/16/1990   5540      0   1385   4155     17   4033     16   2170      7   1368      0      0      0   0.00   0.00      0   0.00    2.6  0.000    0.0  0.000      0      0      0      0      0
05/17/1990   5263      0   1108   4155     20   4486     15   2169      7   1368      0      0      0   0.00   0.00      0   0.00    2.7  0.000    0.0  0.000      0      0      0      0      0
05/18/1990   4986      0    831   4155     23   4875     14   2213      7   1339      0      0      0   0.00   0.00      0   0.00    2.9  0.000    0.0  0.000      0      0      0      0      0
05/19/1990   4709      0    554   4155     25   5305     15   2266      6   1247      0      0      0   0.00   0.00      0   0.00    3.1  0.000    0.0  0.000      0      0      0      0      0
05/20/1990   4432      0    277   4155     27   5750     15   2273      6   1241      0      0      0   0.00   0.00      0   0.00    3.3  0.000    0.0  0.000      0      0      0      0      0
05/21/1990   4155      0      0   4155     29   6203     15   2224      6   1303      0      0      0   0.00   0.00      0   0.00    3.5  0.000    0.0  0.000      0      0      0      0      0
05/22/1990   4318      0    440   3878     31   6215     15   2163      7   1388      0      0      0   0.00   0.00      0   0.00    3.6  0.000    0.0  0.000      0      0      0      0      0
05/23/1990   4791      0    913   3878     33   6175     15   2176      6   1323      0      0      0   0.00   0.00      0   0.00    3.6  0.000    0.0  0.000      0      0      0      0      0
05/24/1990   5029      0   1428   3601     35   6143     15   2159      5   1235      0      0      0   0.00   0.00      0   0.00    3.8  0.000    0.0  0.000      0      0      0      0      0
05/25/1990   5290      2   1964   3324     35   6059     16   2183      3   1169      0      0      0   0.00   0.00      0   0.00    3.9  0.000    0.0  0.000      0      0      0      0      0
05/26/1990   5563      5   2511   3047     35   5916     14   2160      3   1190      0      0      0   0.00   0.00      0   0.00    4.1  0.000    0.0  0.000      0      0      0      0      0
05/27/1990   6102      8   3047   3047     34   5771     13   2147      2   1149      0      0      0   0.00   0.00      0   0.00    4.0  0.000    0.0  0.000      0      0      0      0      0
05/28/1990   6602     11   3544   3047     33   5720     12   2111      1   1072      0      0      0   0.00   0.00      0   0.00    4.0  0.000    0.0  0.000      0      0      0      0      0
05/29/1990   6817     14   4033   2770     32   5697     11   2047      0   1027      0      0      0   0.00   0.00      0   0.00    4.1  0.000    0.0  0.000      0      0      0      0      0
05/30/1990   6996     17   4486   2493     31   5720      9   1908      0   1035      0      0      0   0.00   0.00      0   0.00    4.2  0.000    0.0  0.000      0      0      0      0      0
05/31/1990   7111     20   4875   2216     30   5712      7   1860      0   1013      0      0      0   0.00   0.00      0   0.00    4.3  0.000    0.0  0.000      0      0      0      0      0
06/01/1990   7267     23   5305   1939     30   5660      4   1839      0    956      0      0      0   0.00   0.00      0   0.00    4.3  0.000    0.0  0.000      0      0      0      0      0
06/02/1990   7437     25   5750   1662     29   5625      3   1774      0    928      0      0      0   0.00   0.00      0   0.00    4.4  0.000    0.0  0.000      0      0      0      0      0
06/03/1990   7615     27   6203   1385     28   5574      2   1683      0    917      0      0      0   0.00   0.00      0   0.00    4.4  0.000    0.0  0.000      0      0      0      0      0
06/04/1990   7792     29   6655   1108     27   5459      1   1646      0    885      0      0      0   0.00   0.00      0   0.00    4.4  0.000    0.0  0.000      0      0      0      0      0
06/05/1990   7950     31   7088    831     26   5359      0   1630      0    799      0      0      0   0.00   0.00      0   0.00    4.4  0.000    0.0  0.000      0      0      0      0      0
06/06/1990   8158     33   7571    554     24   5233      0   1573      0    689      0      0      0   0.00   0.00      0   0.00    4.4  0.000    0.0  0.000      0      0      0      0      0
06/07/1990   8335     35   8023    277     22   5126      0   1496      0    557      0      0      0   0.00   0.00      0   0.00    4.3  0.000    0.0  0.000      0      0      0      0      0
06/08/1990   8464     37   8427      0     20   5033      0   1416      0    407      0      0      0   0.00   0.00      0   0.00    4.3  0.000    0.0  0.000      0      0      0      0      0
06/09/1990   8858     40   8818      0     17   4942      0   1306      0    217      0      0      0   0.00   0.00      0   0.00    4.2  0.000    0.0  0.000      0      0      0      0      0
06/10/1990   9306     42   9264      0     15   4813      0   1125      0     81      0      0      0   0.00   0.00      0   0.00    4.1  0.000    0.0  0.000      0      0      0      0      0
06/11/1990   9774     44   9730      0     13   4647      0    906      0      0      0      0      0   0.00   0.00      0   0.00    4.1  0.000    0.0  0.000      0      0      0      0      0
06/12/1990  10252     46   9766    440     11   4439      0    638      0      0      0      0      0   0.00   0.00      0   0.00    4.0  0.000    0.0  0.000      0      0      0      0      0
06/13/1990  10635     48   9674    913      9   4289      0    407      0    102      0      0      0   0.00   0.00      0   0.00    4.0  0.000    0.0  0.000      0      0      0      0      0
06/14/1990  11015     50   9537   1428      7   4101      0    217      0    277      0      0      0   0.00   0.00      0   0.00    4.0  0.000    0.0  0.000      0      0      0      0      0
06/15/1990  11426     51   9411   1964      4   3827      0     81      0    524      0      0      0   0.00   0.00      0   0.00    4.0  0.000    0.0  0.000      0      0      0      0      0
06/16/1990  11826     49   9266   2511      3   3506      0    102      0    747      0      0      0   0.00   0.00      0   0.00    4.1  0.000    0.0  0.000      0      0      0      0      0
06/17/1990  12161     47   9067   3047      2   3169      0    277      0    967      0      0      0   0.00   0.00      0   0.00    4.1  0.000    0.0  0.000      0      0      0      0      0
06/18/1990  12492     45   8903   3544      1   2836      0    524      1   1139      0      0      0   0.00   0.00      0   0.00    4.2  0.000    0.0  0.000      0      0      0      0      0
06/19/1990  12847     43   8771   4033      0   2479      0    849      3   1301      0      0      0   0.00   0.00      0   0.00    4.4  0.000    0.0  0.000      0      0      0      0      0
06/20/1990  13189     40   8663   4486      0   2134      0   1244      6   1468      0      0      0   0.00   0.00      0   0.00    4.5  0.000    0.0  0.000      0      0      0      0      0
06/21/1990  13497     37   8585   4875      0   1925      1   1561      9   1641      0      0      0   0.00   0.00      0   0.00    4.7  0.000    0.0  0.000      0      0      0      0      0
06/22/1990  13794     34   8455   5305      0   1800      3   1873     11   1729      0      0      0   0.00   0.00      0   0.00    4.9  0.000    0.0  0.000      0      0      0      0      0
06/23/1990  14109     32   8327   5750      0   1730      6   2188     13   1762      0      0      0   0.00   0.00      0   0.00    5.0  0.000    0.0  0.000      0      0      0      0      0
06/24/1990  14407     30   8174   6203      0   1755     10   2455     14   1799      0      0      0   0.00   0.00      0   0.00    5.3  0.000    0.0  0.000      0      0      0      0      0
06/25/1990  14673     28   7990   6655      0   1882     14   2635     15   1873      0      0      0   0.00   0.00      0   0.00    5.5  0.000    0.0  0.000      0      0      0      0      0
06/26/1990  14902     26   7788   7088      0   2070     19   2811     16   1953      0      0      0   0.00   0.00      0   0.00    5.8  0.000    0.0  0.000      0      0      0      0      0
06/27/1990  14650     24   7495   7131      0   2367     24   2953     18   2004      0      0      0   0.00   0.00      0   0.00    6.0  0.000    0.0  0.000      0      0      0      0      0
06/28/1990  14311     22   7179   7110      1   2793     28   3040     20   2026      0      0      0   0.00   0.00      0   0.00    6.3  0.000    0.0  0.000      0      0      0      0      0
06/29/1990  13875     20   6856   6999      3   3304     32   3123     21   2057      0      0      0   0.00   0.00      0   0.00    6.6  0.000    0.0  0.000      0      0      0      0      0
06/30/1990  13336     17   6465   6854      6   3879     36   3228     21   2083      0      0      0   0.00   0.00      0   0.00    6.8  0.000    0.0  0.000      0      0      0      0      0
07/01/1990  12787     15   6019   6753     10   4474     39   3304     21   2109      0      0      0   0.00   0.00      0   0.00    7.1  0.000    0.0  0.000      0      0      0      0      0
07/02/1990  12249     13   5553   6683     14   5103     42   3381     20   2069      0      0      0   0.00   0.00      0   0.00    7.3  0.000    0.0  0.000      0      0      0      0      0
07/03/1990  11750     11   5077   6662     19   5752     44   3438     19   2020      0      0      0   0.00   0.00      0   0.00    7.6  0.000    0.0  0.000      0      0      0      0      0
07/04/1990  11361      9   4798   6554     24   6325     46   3460     18   1956      0      0      0   0.00   0.00      0   0.00    7.9  0.000    0.0  0.000      0      0      0      0      0
07/05/1990  11081      7   4595   6479     29   6830     47   3446     18   1927      0      0      0   0.00   0.00      0   0.00    8.1  0.000    0.0  0.000      0      0      0      0      0
07/06/1990  10936      4   4432   6500     35   7254     47   3432     17   1906      0      0      0   0.00   0.00      0   0.00    8.4  0.000    0.0  0.000      0      0      0      0      0
07/07/1990  10830      3   4355   6472     42   7635     46   3359     17   1930      0      0      0   0.00   0.00      0   0.00    8.6  0.000    0.0  0.000      0      0      0      0      0
07/08/1990  10779      2   4413   6364     49   7946     45   3290     17   1955      0      0      0   0.00   0.00      0   0.00    8.9  0.000    0.0  0.000      0      0      0      0      0
07/09/1990  10744      1   4499   6244     56   8224     43   3229     18   1984      0      0      0   0.00   0.00      0   0.00    9.1  0.000    0.0  0.000      0      0      0      0      0
07/10/1990  10778      0   4629   6149     63   8403     42   3220     18   2011      0      0      0   0.00   0.00      0   0.00    9.4  0.000    0.0  0.000      0      0      0      0      0
07/11/1990  10907      0   4846   6061     70   8498     41   3225     18   2037      0      0      0   0.00   0.00      0   0.00    9.6  0.000    0.0  0.000      0      0      0      0      0
07/12/1990  11017      1   5127   5889     75   8539     41   3257     18   2057      0      0      0   0.00   0.00      0   0.00    9.8  0.000    0.0  0.000      0      0      0      0      0
07/13/1990  11142      3   5402   5737     79   8601     41   3304     17   2050      0      0      0   0.00   0.00      0   0.00   10.1  0.000    0.0  0.000      0      0      0      0      0
07/14/1990  11336      6   5680   5650     82   8642     41   3356     16   2031      0      0      0   0.00   0.00      0   0.00   10.3  0.000    0.0  0.000      0      0      0      0      0
07/15/1990  11578     10   6009   5559     84   8670     41   3384     15   2011      0      0      0   0.00   0.00      0   0.00   10.5  0.000    0.0  0.000      0      0      0      0      0
07/16/1990  11785     14   6390   5381     85   8683     41   3399     15   1975      0      0      0   0.00   0.00      0   0.00   10.7  0.000    0.0  0.000      0      0      0      0      0
07/17/1990  11999     19   6834   5146     86   8673     40   3403     15   1934      0      0      0   0.00   0.00      0   0.00   10.9  0.000    0.0  0.000      0      0      0      0      0
07/18/1990  12208     24   7324   4860     87   8677     39   3384     15   1896      0      0      0   0.00   0.00      0   0.00   11.1  0.000    0.0  0.000      0      0      0      0      0
07/19/1990  12503     29   7859   4615     88   8694     38   3337     15   1872      0      0      0   0.00   0.00      0   0.00   11.2  0.000    0.0  0.000      0      0      0      0      0
07/20/1990  12837     35   8484   4318     88   8673     37   3280     14   1850      0      0      0   0.00   0.00      0   0.00   11.4  0.000    0.0  0.000      0      0      0      0      0
07/21/1990  13140     42   9190   3908     87   8644     36   3230     13   1810      0      0      0   0.00   0.00      0   0.00   11.5  0.000    0.0  0.000      0      0      0      0      0
07/22/1990  13442     49   9887   3506     86   8616     35   3178     11   1751      0      0      0   0.00   0.00      0   0.00   11.6  0.000    0.0  0.000      0      0      0      0      0
07/23/1990  13778     56  10553   3169     84   8615     34   3119      9   1653      0      0      0   0.00   0.00      0   0.00   11.6  0.000    0.0  0.000      0      0      0      0      0
07/24/1990  14109     63  11210   2836     82   8599     33   3065      6   1524      0      0      0   0.00   0.00      0   0.00   11.7  0.000    0.0  0.000      0      0      0      0      0
07/25/1990  14392     70  11741   2581     80   8594     31   2995      4   1390      0      0      0   0.00   0.00      0   0.00   11.7  0.000    0.0  0.000      0      0      0      0      0
07/26/1990  14690     76  12203   2411     79   8584     28   2876      2   1295      0      0      0   0.00   0.00      0   0.00   11.7  0.000    0.0  0.000      0      0      0      0      0
07/27/1990  15021     82  12592   2347     78   8565     24   2717      1   1252      0      0      0   0.00   0.00      0   0.00   11.8  0.000    0.0  0.000      0      0      0      0      0
07/28/1990  15384     88  12924   2372     77   8514     20   2535      0   1244      0      0      0   0.00   0.00      0   0.00   11.8  0.000    0.0  0.000      0      0      0      0      0
07/29/1990  15735     94  13191   2450     76   8439     15   2361      0   1250      0      0      0   0.00   0.00      0   0.00   11.8  0.000    0.0  0.000      0      0      0      0      0
07/30/1990  16105     99  13437   2569     75   8332     11   2218      0   1262      0      0      0   0.00   0.00      0   0.00   11.8  0.000    0.0  0.000      0      0      0      0      0
07/31/1990  16527    105  13634   2788     73   8156      7   2126      0   1282      0      0      0   0.00   0.00      0   0.00   11.9  0.000    0.0  0.000      0      0      0      0      0
08/01/1990  16990    111  13760   3119     70   7926      4   2087      1   1318      0      0      0   0.00   0.00      0   0.00   11.9  0.000    0.0  0.000      0      0      0      0      0
08/02/1990  17490    116  13853   3521     66   7665      2   2090      2   1374      0      0      0   0.00   0.00      0   0.00   12.0  0.000    0.0  0.000      0      0      0      0      0
08/03/1990  18035    120  13955   3960     61   7401      1   2113      4   1451      0      0      0   0.00   0.00      0   0.00   12.0  0.000    0.0  0.000      0      0      0      0      0
08/04/1990  18626    123  14029   4474     56   7147      1   2153      6   1543      0      0      0   0.00   0.00      0   0.00   12.1  0.000    0.0  0.000      0      0      0      0      0
08/05/1990  19293    125  14065   5103     50   6898      2   2220      9   1655      0      0      0   0.00   0.00      0   0.00   12.3  0.000    0.0  0.000      0      0      0      0      0
08/06/1990  19935    126  14057   5752     45   6676      4   2314     12   1776      0      0      0   0.00   0.00      0   0.00   12.4  0.000    0.0  0.000      0      0      0      0      0
08/07/1990  20563    126  14010   6427     40   6475      7   2434     14   1898      0      0      0   0.00   0.00      0   0.00   12.6  0.000    0.0  0.000      0      0      0      0      0
08/08/1990  21190    126  13957   7107     35   6284     11   2593     16   2005      0      0      0   0.00   0.00      0   0.00   12.9  0.000    0.0  0.000      0      0      0      0      0
08/09/1990  21705    126  13903   7676     30   6122     16   2772     18   2103      0      0      0   0.00   0.00      0   0.00   13.1  0.000    0.0  0.000      0      0      0      0      0
08/10/1990  22135    125  13803   8207     25   5999     21   2958     21   2189      0      0      0   0.00   0.00      0   0.00   13.4  0.000    0.0  0.000      0      0      0      0      0
08/11/1990  22473    123  13684   8666     21   5925     26   3147     24   2263      0      0      0   0.00   0.00      0   0.00   13.7  0.000    0.0  0.000      0      0      0      0      0
08/12/1990  22704    121  13545   9038     17   5914     32   3332     27   2322      0      0      0   0.00   0.00      0   0.00   14.0  0.000    0.0  0.000      0      0      0      0      0
08/13/1990  22814    118  13387   9309     15   6001     38   3492     29   2351      0      0      0   0.00   0.00      0   0.00   14.3  0.000    0.0  0.000      0      0      0      0      0
08/14/1990  22850    115  13188   9547     14   6177     44   3634     30   2326      0      0      0   0.00   0.00      0   0.00   14.7  0.000    0.0  0.000      0      0      0      0      0
08/15/1990  22783    111  12979   9693     15   6422     50   3756     29   2240      0      0      0   0.00   0.00      0   0.00   15.0  0.000    0.0  0.000      0      0      0      0      0
08/16/1990  22630    107  12755   9768     18   6711     55   3838     28   2180      0      0      0   0.00   0.00      0   0.00   15.3  0.000    0.0  0.000      0      0      0      0      0
08/17/1990  22448    102  12534   9812     22   7028     60   3857     28   2168      0      0      0   0.00   0.00      0   0.00   15.7  0.000    0.0  0.000      0      0      0      0      0
08/18/1990  22284     97  12293   9894     27   7367     63   3807     28   2150      0      0      0   0.00   0.00      0   0.00   16.0  0.000    0.0  0.000      0      0      0      0      0
08/19/1990   3584      0   3584      0     34   7724     57   3517     28   2113      0      0      0   0.00   0.00      0   0.00   16.4  0.045    0.0  0.000      7    238     90   8451   9950
08/20/1990   3958      0   3958      0     41   7895     60   3658     18   1374      0      0      0   0.00   0.00      0   0.00   16.4  0.045    0.0  0.000      0      0      0      0     53
08/21/1990   4344      0   4341      3     48   8198     62   3606      9    687      0      0      0   0.00   0.00      0   0.00   16.4  0.045    0.0  0.000      0      0      0      0     50
08/22/1990   4760      0   4743     17     55   8494     64   3542      0      0      0      0      0   0.00   0.00      0   0.00   16.3  0.045    0.0  0.000      0      0      0      0     39
08/23/1990   5224      0   5173     51     63   8716     56   2837      0      5      0      0      0   0.00   0.00      0   0.00   16.3  0.045    0.0  0.000      0      0      0      0     19
08/24/1990   5730      0   5633     97     73   8927     46   2113      0     19      0      0      0   0.00   0.00      0   0.00   16.3  0.045    0.0  0.000      0      0      0      0      7
08/25/1990   6276      1   6127    148     81   9119     37   1374      0     44      0      0      0   0.00   0.00      0   0.00   16.2  0.045    0.0  0.000      0      0      0      0      2
08/26/1990   6871      2   6669    200     89   9211     28    692      0     78      0      0      0   0.00   0.00      0   0.00   16.2  0.045    0.0  0.000      0      0      0      0      1
08/27/1990   7507      4   7250    253     97   9264     18     19      0    119      0      0      0   0.00   0.00      0   0.00   16.2  0.045    0.0  0.000      0      0      0      0      0
08/28/1990   8179      7   7866    306    103   8595      9     44      0    165      0      0      0   0.00   0.00      0   0.00   16.1  0.045    0.0  0.000      0      0      0      0      0
08/29/1990   8885     11   8515    359    108   7893      0     83      0    212      0      0      0   0.00   0.00      0   0.00   16.1  0.045    0.0  0.000      0      0      0      0      0
08/30/1990   9622     16   9194    412    103   7161      0    138      0    253      0      0      0   0.00   0.00      0   0.00   16.0  0.045    0.0  0.000      0      0      0      0      0
08/31/1990  10382     21   9632    729     98   6411      0    204      0    289      0      0      0   0.00   0.00      0   0.00   16.0  0.045    0.0  0.000      0      0      0      0      0
09/01/1990  11164     27  10091   1046     92   5649      0    276      0    378      0      0      0   0.00   0.00      0   0.00   16.0  0.045    0.0  0.000      0      0      0      0      0
09/02/1990  11769     34  10372   1363     85   5076      0    347      0    513      0      0      0   0.00   0.00      0   0.00   15.9  0.045    0.0  0.000      0      0      0      0      0
09/03/1990  12515     41  10794   1680     78   4376      0    415      0    680      0      0      0   0.00   0.00      0   0.00   15.9  0.044    0.0  0.000      0      0      0      0      0
09/04/1990  13273     48  11228   1997     71   3680      0    535      0    818      0      0      0   0.00   0.00      0   0.00   16.0  0.044    0.0  0.000      0      0      0      0      0
09/05/1990  13985     55  11616   2314     64   3046      0    695      0    943      0      0      0   0.00   0.00      0   0.00   16.0  0.044    0.0  0.000      0      0      0      0      0
09/06/1990  14714     63  12023   2628     56   2408      0    883      0   1059      0      0      0   0.00   0.00      0   0.00   16.0  0.044    0.0  0.000      0      0      0      0      0
09/07/1990  15449     73  12502   2874     46   1765      0   1100      0   1161      0      0      0   0.00   0.00      0   0.00   16.1  0.044    0.0  0.000      0      0      0      0      0
09/08/1990  16111     82  12929   3100     37   1185      0   1349      1   1235      0      0      0   0.00   0.00      0   0.00   16.1  0.044    0.0  0.000      0      0      0      0      0
09/09/1990  16761     91  13354   3316     28    673      0   1564      2   1300      0      0      0   0.00   0.00      0   0.00   16.2  0.044    0.0  0.000      0      0      0      0      0
09/10/1990  16720    101  12927   3692     18    904      0   1748      4   1373      0      0      0   0.00   0.00      0   0.00   16.3  0.044    0.0  0.000      0      0      0      0      0
09/11/1990  16677    110  12491   4076      9   1178      1   1904      5   1445      0      0      0   0.00   0.00      0   0.00   16.4  0.043    0.0  0.000      0      0      0      0      0
09/12/1990  16633    119  12036   4478      0   1491      2   2046      7   1511      0      0      0   0.00   0.00      0   0.00   16.5  0.043    0.0  0.000      0      0      0      0      0
09/13/1990  16585    119  11558   4908      0   1842      4   2178      8   1567      0      0      0   0.00   0.00      0   0.00   16.6  0.043    0.0  0.000      0      0      0      0      0
09/14/1990  16546    119  11059   5368      0   2218      6   2290     10   1592      0      0      0   0.00   0.00      0   0.00   16.8  0.042    0.0  0.000      0      0      0      0      0
09/15/1990  16517    118  10537   5862      0   2608      9   2396     11   1615      0      0      0   0.00   0.00      0   0.00   17.0  0.042    0.0  0.000      0      0      0      0      0
09/16/1990  16238    117   9981   6140      0   2999     12   2510     13   1637      0      0      0   0.00   0.00      0   0.00   17.2  0.041    0.0  0.000      0      0      0      0      0
09/17/1990  15657    115   9402   6140      0   3399     16   2582     14   1699      0      0      0   0.00   0.00      0   0.00   17.4  0.041    0.0  0.000      0      0      0      0      0
09/18/1990  15408    112   8804   6492      1   3816     19   2638     15   1734      0      0      0   0.00   0.00      0   0.00   17.6  0.040    0.0  0.000      0      0      0      0      0
09/19/1990  15173    108   8188   6877      2   4232     23   2702     15   1752      0      0      0   0.00   0.00      0   0.00   17.8  0.040    0.0  0.000      0      0      0      0      0
09/20/1990  14947    103   7552   7292      4   4657     26   2770     16   1796      0      0      0   0.00   0.00      0   0.00   18.1  0.039    0.0  0.000      0      0      0      0      0
09/21/1990  14732     98   6904   7730      6   5094     29   2805     17   1871      0      0      0   0.00   0.00      0   0.00   18.4  0.039    0.0  0.000      0      0      0      0      0
09/22/1990  14641     92   6303   8246      9   5446     31   2862     18   1916      0      0      0   0.00   0.00      0   0.00   18.7  0.038    0.0  0.000      0      0      0      0      0
09/23/1990  14605     85   5936   8584     12   5759     34   2951     19   1890      0      0      0   0.00   0.00      0   0.00   19.0  0.037    0.0  0.000      0      0      0      0      0
09/24/1990  14610     78   5471   9061     16   6051     36   3039     20   1888      0      0      0   0.00   0.00      0   0.00   19.4  0.037    0.0  0.000      0      0      0      0      0
09/25/1990  14489     71   5033   9385     20   6327     38   3079     22   1918      0      0      0   0.00   0.00      0   0.00   19.8  0.036    0.0  0.000      0      0      0      0      0
09/26/1990  14402     64   4684   9654     25   6550     40   3107     23   1978      0      0      0   0.00   0.00      0   0.00   20.2  0.035    0.0  0.000      0      0      0      0      0
09/27/1990  14329     56   4350   9923     30   6744     42   3175     25   2001      0      0      0   0.00   0.00      0   0.00   20.6  0.034    0.0  0.000      0      0      0      0      0
09/28/1990  14251     46   4026  10179     35   6962     45   3201     26   2040      0      0      0   0.00   0.00      0   0.00   21.0  0.034    0.0  0.000      0      0      0      0      0
09/29/1990  14159     37   3769  10353     40   7186     48   3214     28   2110      0      0      0   0.00   0.00      0   0.00   21.5  0.033    0.0  0.000      0      0      0      0      0
09/30/1990  14058     28   3537  10493     46   7360     51   3260     29   2198      0      0      0   0.00   0.00      0   0.00   21.9  0.032    0.0  0.000      0      0      0      0      0
10/01/1990  13941     18   4025   9898     52   7479     54   3351     31   2272      0      0      0   0.00   0.00      0   0.00   22.4  0.032    0.0  0.000      0      0      0      0      0
10/02/1990  13801     10   4527   9264     57   7629     58   3436     30   2241      0      0      0   0.00   0.00      0   0.00   22.7  0.031    0.0  0.000      0      0      0      0      0
10/03/1990  13645      2   5048   8595     63   7767     61   3540     29   2171      0      0      0   0.00   0.00      0   0.00   23.1  0.031    0.0  0.000      0      0      0      0      0
10/04/1990  13489      4   5587   7898     68   7890     65   3645     27   2129      0      0      0   0.00   0.00      0   0.00   23.4  0.030    0.0  0.000      0      0      0      0      0
10/05/1990  13286      6   6100   7180     74   8038     66   3676     25   2073      0      0      0   0.00   0.00      0   0.00   23.7  0.030    0.0  0.000      0      0      0      0      0
10/06/1990  13078      9   6619   6450     79   8192     67   3671     21   1952      0      0      0   0.00   0.00      0   0.00   23.9  0.030    0.0  0.000      0      0      0      0      0
10/07/1990  12871     12   7146   5713     85   8363     67   3664     17   1726      0      0      0   0.00   0.00      0   0.00   24.1  0.029    0.0  0.000      0      0      0      0      0
10/08/1990  12866     16   7680   5170     90   8537     65   3551     14   1563      0      0      0   0.00   0.00      0   0.00   24.3  0.029    0.0  0.000      0      0      0      0      0
10/09/1990  12710     20   8188   4502     96   8730     60   3351     13   1488      0      0      0   0.00   0.00      0   0.00   24.5  0.029    0.0  0.000      0      0      0      0      0
10/10/1990  12548     25   8686   3837    101   8852     55   3149     11   1439      0      0      0   0.00   0.00      0   0.00   24.6  0.029    0.0  0.000      0      0      0      0      0
10/11/1990  12481     30   9223   3228    107   8912     48   2943      9   1374      0      0      0   0.00   0.00      0   0.00   24.7  0.029    0.0  0.000      0      0      0      0      0
10/12/1990  12416     35   9770   2611    111   8988     43   2710      6   1269      0      0      0   0.00   0.00      0   0.00   24.7  0.029    0.0  0.000      0      0      0      0      0
10/13/1990  12311     40  10224   2047    115   9009     37   2515      3   1159      0      0      0   0.00   0.00      0   0.00   24.7  0.029    0.0  0.000      0      0      0      0      0
10/14/1990  12237     46  10600   1591    118   8974     30   2365      1   1041      0      0      0   0.00   0.00      0   0.00   24.7  0.029    0.0  0.000      0      0      0      0      0
10/15/1990  12208     52  10978   1178    119   8826     24   2253      0    912      0      0      0   0.00   0.00      0   0.00   24.7  0.029    0.0  0.000      0      0      0      0      0
10/16/1990  12873     58  11324   1491    118   8654     19   2111      0    777      0      0      0   0.00   0.00      0   0.00   24.7  0.029    0.0  0.000      0      0      0      0      0
10/17/1990  13547     65  11635   1847    116   8484     14   1918      0    719      0      0      0   0.00   0.00      0   0.00   24.7  0.029    0.0  0.000      0      0      0      0      0
10/18/1990  14229     72  11920   2237    113   8264     10   1726      0    744      0      0      0   0.00   0.00      0   0.00   24.7  0.029    0.0  0.000      0      0      0      0      0
10/19/1990  14930     80  12203   2647    109   7988      6   1514      0    821      0      0      0   0.00   0.00      0   0.00   24.8  0.029    0.0  0.000      0      0      0      0      0
10/20/1990  15661     88  12510   3063    104   7643      3   1368      0    865      0      0      0   0.00   0.00      0   0.00   24.8  0.029    0.0  0.000      0      0      0      0      0
10/21/1990  16408     97  12818   3493     97   7225      1   1311      0    923      0      0      0   0.00   0.00      0   0.00   24.9  0.028    0.0  0.000      0      0      0      0      0
10/22/1990  17150    106  13102   3942     89   6757      0   1294      1   1009      0      0      0   0.00   0.00      0   0.00   25.0  0.028    0.0  0.000      0      0      0      0      0
10/23/1990  17810    115  13306   4389     79   6314      0   1321      3   1125      0      0      0   0.00   0.00      0   0.00   25.1  0.028    0.0  0.000      0      0      0      0      0
10/24/1990  18441    124  13478   4839     69   5831      0   1457      6   1228      0      0      0   0.00   0.00      0   0.00   25.2  0.028    0.0  0.000      0      0      0      0      0
10/25/1990  19094    133  13664   5297     58   5347      1   1584      8   1334      0      0      0   0.00   0.00      0   0.00   25.4  0.028    0.0  0.000      0      0      0      0      0
10/26/1990  19655    140  13787   5728     49   4985      3   1702      9   1389      0      0      0   0.00   0.00      0   0.00   25.5  0.028    0.0  0.000      0      0      0      0      0
10/27/1990  20126    146  13815   6165     40   4700      6   1864     10   1437      0      0      0   0.00   0.00      0   0.00   25.7  0.028    0.0  0.000      0      0      0      0      0
10/28/1990  20461    152  13753   6556     31   4486      9   2053     11   1452      0      0      0   0.00   0.00      0   0.00   25.9  0.027    0.0  0.000      0      0      0      0      0
10/29/1990  20720    155  13651   6914     24   4345     12   2168     13   1489      0      0      0   0.00   0.00      0   0.00   26.1  0.027    0.0  0.000      0      0      0      0      0
10/30/1990  20944    156  13569   7219     19   4221     16   2292     14   1463      0      0      0   0.00   0.00      0   0.00   26.4  0.027    0.0  0.000      0      0      0      0      0
10/31/1990  21086    156  13440   7490     14   4172     20   2380     15   1428      0      0      0   0.00   0.00      0   0.00   26.6  0.027    0.0  0.000      0      0      0      0      0
11/01/1990  21136    155  13229   7752     11   4199     24   2429     14   1310      0      0      0   0.00   0.00      0   0.00   26.9  0.026    0.0  0.000      0      0      0      0      0
11/02/1990  21123    154  12967   8002      9   4286     27   2421     13   1196      0      0      0   0.00   0.00      0   0.00   27.1  0.026    0.0  0.000      0      0      0      0      0
11/03/1990  21038    152  12683   8203      9   4402     29   2419     12   1122      0      0      0   0.00   0.00      0   0.00   27.4  0.026    0.0  0.000      0      0      0      0      0
11/04/1990  20896    148  12380   8368     10   4595     30   2302     13   1171      0      0      0   0.00   0.00      0   0.00   27.7  0.026    0.0  0.000      0      0      0      0      0
11/05/1990  20688    143  11991   8554     12   4826     31   2165     14   1260      0      0      0   0.00   0.00      0   0.00   28.0  0.025    0.0  0.000      0      0      0      0      0
11/06/1990  20394    137  11542   8715     16   5114     31   2052     14   1253      0      0      0   0.00   0.00      0   0.00   28.3  0.025    0.0  0.000      0      0      0      0      0
11/07/1990  20122    130  11121   8871     20   5339     32   2010     13   1198      0      0      0   0.00   0.00      0   0.00   28.6  0.025    0.0  0.000      0      0      0      0      0
11/08/1990  19874    123  10734   9017     25   5510     32   1997     13   1180      0      0      0   0.00   0.00      0   0.00   28.9  0.024    0.0  0.000      0      0      0      0      0
11/09/1990  19602    115  10323   9164     30   5603     31   1995     14   1255      0      0      0   0.00   0.00      0   0.00   29.3  0.024    0.0  0.000      0      0      0      0      0
11/10/1990  19351    107   9876   9368     35   5670     30   2012     15   1347      0      0      0   0.00   0.00      0   0.00   29.6  0.024    0.0  0.000      0      0      0      0      0
11/11/1990  19139     98   9459   9582     39   5709     31   2055     15   1408      0      0      0   0.00   0.00      0   0.00   30.0  0.024    0.0  0.000      0      0      0      0      0
11/12/1990  18933     89   9060   9784     43   5765     32   2079     16   1471      0      0      0   0.00   0.00      0   0.00   30.4  0.023    0.0  0.000      0      0      0      0      0
11/13/1990  18737     79   8760   9898     47   5805     33   2099     17   1543      0      0      0   0.00   0.00      0   0.00   30.8  0.023    0.0  0.000      0      0      0      0      0
11/14/1990  18595     69   8516  10010     52   5734     33   2210     17   1523      0      0      0   0.00   0.00      0   0.00   31.1  0.023    0.0  0.000      0      0      0      0      0
11/15/1990  18479     59   8265  10155     56   5629     34   2352     16   1454      0      0      0   0.00   0.00      0   0.00   31.5  0.022    0.0  0.000      0      0      0      0      0
11/16/1990  18300     52   8076  10172     58   5596     36   2462     16   1410      0      0      0   0.00   0.00      0   0.00   31.9  0.022    0.0  0.000      0      0      0      0      0
11/17/1990  18137     46   8001  10090     59   5552     37   2478     17   1460      0      0      0   0.00   0.00      0   0.00   32.3  0.022    0.0  0.000      0      0      0      0      0
11/18/1990  17996     40   7991   9965     61   5524     37   2459     18   1494      0      0      0   0.00   0.00      0   0.00   32.7  0.022    0.0  0.000      0      0      0      0      0
11/19/1990  17883     36   8002   9845     63   5515     38   2464     18   1490      0      0      0   0.00   0.00      0   0.00   33.1  0.021    0.0  0.000      0      0      0      0      0
11/20/1990  18338     35   7976  10327     64   5560     39   2467     16   1331      0      0      0   0.00   0.00      0   0.00   33.5  0.021    0.0  0.000      0      0      0      0      0
11/21/1990  18145     34   7980  10131     65   5639     40   2410     14   1170      0      0      0   0.00   0.00      0   0.00   33.9  0.021    0.0  0.000      0      0      0      0      0
11/22/1990  17216     35   7938   9243     66   5728     40   2431     12   1020      0      0      0   0.00   0.00      0   0.00   34.3  0.021    0.0  0.000      0      0      0      0      0
11/23/1990  16899     36   7903   8960     67   5818     38   2344     12    992      0      0      0   0.00   0.00      0   0.00   34.7  0.020    0.0  0.000      0      0      0      0      0
11/24/1990  16588     38   7943   8607     67   5927     37   2170     12   1006      0      0      0   0.00   0.00      0   0.00   35.0  0.020    0.0  0.000      0      0      0      0      0
11/25/1990  17004     40   8068   8896     68   6017     36   1991     12   1034      0      0      0   0.00   0.00      0   0.00   34.9  0.020    0.0  0.000      0      0      0      0      0
11/26/1990  17438     43   8251   9144     70   6052     34   1842     10    952      0      0      0   0.00   0.00      0   0.00   34.9  0.020    0.0  0.000      0      0      0      0      0
11/27/1990  17805     47   8419   9339     72   6164     32   1686      8    844      0      0      0   0.00   0.00      0   0.00   34.8  0.020    0.0  0.000      0      0      0      0      0
11/28/1990  18169     52   8547   9570     73   6150     30   1694      7    744      0      0      0   0.00   0.00      0   0.00   35.2  0.020    0.0  0.000      0      0      0      0      0
11/29/1990  17124     57   8687   8380     74   6042     26   1624      9    811      0      0      0   0.00   0.00      0   0.00   35.5  0.020    0.0  0.000      0      0      0      0      0
11/30/1990  16812     61   8853   7898     74   5929     24   1510     10    895      0      0      0   0.00   0.00      0   0.00   35.8  0.020    0.0  0.000      0      0      0      0      0
12/01/1990  17267     65   9029   8173     74   5795     23   1446      9    878      0      0      0   0.00   0.00      0   0.00   36.1  0.020    0.0  0.000      0      0      0      0      0
12/02/1990  17746     70   9172   8504     73   5640     23   1429      7    776      0      0      0   0.00   0.00      0   0.00   36.0  0.020    0.0  0.000      0      0      0      0      0
12/03/1990  17566     75   9315   8176     72   5492     22   1371      6    715      0      0      0   0.00   0.00      0   0.00   36.3  0.019    0.0  0.000      0      0      0      0      0
12/04/1990  17421     80   9447   7894     71   5204     20   1372      6    734      0      0      0   0.00   0.00      0   0.00   36.6  0.019    0.0  0.000      0      0      0      0      0
12/05/1990  17880     85   9467   8328     70   4961     18   1361      6    734      0      0      0   0.00   0.00      0   0.00   36.6  0.019    0.0  0.000      0      0      0      0      0
12/06/1990  17608     90   9435   8083     66   4782     18   1342      6    751      0      0      0   0.00   0.00      0   0.00   36.9  0.019    0.0  0.000      0      0      0      0      0
12/07/1990  16910     94   9468   7348     62   4605     18   1295      7    764      0      0      0   0.00   0.00      0   0.00   37.1  0.019    0.0  0.000      0      0      0      0      0
12/08/1990  16932     96   9490   7346     60   4396     17   1200      7    819      0      0      0   0.00   0.00      0   0.00   37.4  0.019    0.0  0.000      0      0      0      0      0
12/09/1990  16933     98   9477   7358     59   4166     15   1215      7    835      0      0      0   0.00   0.00      0   0.00   37.7  0.019    0.0  0.000      0      0      0      0      0
12/10/1990  16933    101   9469   7363     56   3891     15   1283      8    919      0      0      0   0.00   0.00      0   0.00   37.9  0.019    0.0  0.000      0      0      0      0      0
12/11/1990  16844    103   9358   7383     52   3780     15   1304     10   1013      0      0      0   0.00   0.00      0   0.00   38.2  0.018    0.0  0.000      0      0      0      0      0
12/12/1990  17151    105   9219   7827     48   3730     15   1316     11   1064      0      0      0   0.00   0.00      0   0.00   38.1  0.018    0.0  0.000      0      0      0      0      0
12/13/1990  17477    106   9179   8192     44   3605     17   1468     10    994      0      0      0   0.00   0.00      0   0.00   38.4  0.018    0.0  0.000      0      0      0      0      0
12/14/1990  17793    105   9154   8534     42   3539     19   1566      7    767      0      0      0   0.00   0.00      0   0.00   38.4  0.018    0.0  0.000      0      0      0      0      0
12/15/1990  18110    104   9103   8903     40   3488     20   1616      5    612      0      0      0   0.00   0.00      0   0.00   38.3  0.018    0.0  0.000      0      0      0      0      0
12/16/1990  18462    104   9042   9316     38   3390     21   1643      3    479      0      0      0   0.00   0.00      0   0.00   38.3  0.018    0.0  0.000      0      0      0      0      0
12/17/1990  18696    104   8846   9746     37   3422     19   1498      4    533      0      0      0   0.00   0.00      0   0.00   38.2  0.018    0.0  0.000      0      0      0      0      0
12/18/1990  18906    104   8694  10108     35   3563     18   1309      5    574      0      0      0   0.00   0.00      0   0.00   38.1  0.018    0.0  0.000      0      0      0      0      0
12/19/1990  19156    103   8588  10465     33   3659     17   1109      6    603      0      0      0   0.00   0.00      0   0.00   38.1  0.018    0.0  0.000      0      0      0      0      0
12/20/1990  19453    100   8477  10876     35   3675     15    967      4    477      0      0      0   0.00   0.00      0   0.00   38.0  0.018    0.0  0.000      0      0      0      0      0
12/21/1990  19744     98   8334  11312     37   3662     13    889      2    258      0      0      0   0.00   0.00      0   0.00   37.9  0.018    0.0  0.000      0      0      0      0      0
12/22/1990  19976     97   8119  11760     37   3548     12    945      0     65      0      0      0   0.00   0.00      0   0.00   37.9  0.018    0.0  0.000      0      0      0      0      0
12/23/1990  20172     96   7845  12231     36   3511      9    832      0      0      0      0      0   0.00   0.00      0   0.00   37.8  0.018    0.0  0.000      0      0      0      0      0
12/24/1990  20401     94   7578  12729     34   3426      8    668      0      0      0      0      0   0.00   0.00      0   0.00   37.8  0.018    0.0  0.000      0      0      0      0      0
12/25/1990  20649     91   7310  13248     33   3347      7    477      0     40      0      0      0   0.00   0.00      0   0.00   37.7  0.018    0.0  0.000      0      0      0      0      0
12/26/1990  20842     88   7056  13698     32   3351      6    258      0    137      0      0      0   0.00   0.00      0   0.00   37.7  0.018    0.0  0.000      0      0      0      0      0
12/27/1990  21085     84   6875  14126     32   3278      4     65      1    273      0      0      0   0.00   0.00      0   0.00   37.6  0.018    0.0  0.000      0      0      0      0      0
12/28/1990  21345     80   6664  14601     32   3060      2     40      3    391      0      0      0   0.00   0.00      0   0.00   37.6  0.018    0.0  0.000      0      0      0      0      0
12/29/1990  21592     77   6415  15100     32   2790      0    137      3    362      0      0      0   0.00   0.00      0   0.00   37.5  0.018    0.0  0.000      0      0      0      0      0
12/30/1990  21851     74   6216  15561     30   2508      1    273      3    345      0      0      0   0.00   0.00      0   0.00   37.5  0.018    0.0  0.000      0      0      0      0      0
12/31/1990  22195     71   6093  16031     27   2141      3    431      2    311      0      0      0   0.00   0.00      0   0.00   37.5  0.018    0.0  0.000      0      0      0      0      0
