Varroa Population Simulation - Nov 23,2015  02:36:48 PM
VarroaPop Version 3.2.5.8  June, 2015

                                        Capped  Capped                                                                      Prop           Conc          Conc                                     
            Colony  Adult  Adult         Drone   Wkr    Drone  Wkr    Drone  Wkr  Free   DBrood WBrood DMite  WMite  Mites  Mites  Colony Pollen Colony Nectar   Dead   Dead   Dead   Dead   Dead
     Date   Size   Drones   Wkr   Forgrs Brood  Brood   Larv   Larv    Eggs  Eggs Mites  Mites  Mites  /Cell  /Cell  Dying  Dying  Pollen  Pest  Nectar  Pest    DLarv  WLarv  DAdlt  WAdlt  Forgrs
Initial     10000      0   6363   3637      0      0      0      0      0      0      0      0      0   0.00   0.00      0   0.00    0.0  0.000    0.0  0.000      0      0      0      0      0
08/01/1990   9697      0   6060   3637      0      0      0      0      2    520      0      0      0   0.00   0.00      0   0.00    0.1  0.000    0.0  0.000      0      0      0      0      0
08/02/1990   9394      0   5757   3637      0      0      0      0      4   1039      0      0      0   0.00   0.00      0   0.00    0.2  0.000    0.0  0.000      0      0      0      0      0
08/03/1990   9091      0   5454   3637      0      0      0      0      6   1557      0      0      0   0.00   0.00      0   0.00    0.4  0.000    0.0  0.000      0      0      0      0      0
08/04/1990   8788      0   5151   3637      0      0      2    520      6   1558      0      0      0   0.00   0.00      0   0.00    0.5  0.000    0.0  0.000      0      0      0      0      0
08/05/1990   8485      0   4848   3637      0      0      4   1039      6   1573      0      0      0   0.00   0.00      0   0.00    0.6  0.000    0.0  0.000      0      0      0      0      0
08/06/1990   8182      0   4545   3637      0      0      6   1557      6   1592      0      0      0   0.00   0.00      0   0.00    0.8  0.000    0.0  0.000      0      0      0      0      0
08/07/1990   7879      0   4242   3637      0      0      8   2078      6   1608      0      0      0   0.00   0.00      0   0.00    0.9  0.000    0.0  0.000      0      0      0      0      0
08/08/1990   7576      0   3939   3637      0      0     10   2612      6   1611      0      0      0   0.00   0.00      0   0.00    1.0  0.000    0.0  0.000      0      0      0      0      0
08/09/1990   7273      0   3636   3637      0    520     12   2629      6   1612      0      0      0   0.00   0.00      0   0.00    1.2  0.000    0.0  0.000      0      0      0      0      0
08/10/1990   6970      0   3333   3637      0   1039     14   2647      6   1613      0      0      0   0.00   0.00      0   0.00    1.3  0.000    0.0  0.000      0      0      0      0      0
08/11/1990    696      0    528    168      2   1557     10   2393      6   1614      0      0      0   0.00   0.00      0   0.00    1.4  0.086    0.0  0.000      3    273      0   2502   3464
08/12/1990    641      0    480    161      3   1928     11   2560      4   1076      0      0      0   0.00   0.00      0   0.00    1.4  0.087    0.0  0.000      0      0      0      0     41
08/13/1990    589      0    432    157      4   2339     12   2687      2    538      0      0      0   0.00   0.00      0   0.00    1.4  0.088    0.0  0.000      0      0      0      0     38
08/14/1990    540      0    384    156      5   2876     13   2688      0      0      0      0      0   0.00   0.00      0   0.00    1.4  0.088    0.0  0.000      0      0      0      0     35
08/15/1990    495      0    336    159      6   3413     12   2151      0      0      0      0      0   0.00   0.00      0   0.00    1.4  0.089    0.0  0.000      0      0      0      0     31
08/16/1990    453      0    288    165      8   3950     10   1614      0      0      0      0      0   0.00   0.00      0   0.00    1.4  0.089    0.0  0.000      0      0      0      0     28
08/17/1990    413      0    240    173     10   4488      8   1076      0      0      0      0      0   0.00   0.00      0   0.00    1.4  0.089    0.0  0.000      0      0      0      0     26
08/18/1990    387      0    192    195     12   5026      6    538      0      0      0      0      0   0.00   0.00      0   0.00    1.4  0.089    0.0  0.000      0      0      0      0     12
08/19/1990    373      0    144    229     14   5564      4      0      0     51      0      0      0   0.00   0.00      0   0.00    1.5  0.088    0.0  0.000      0      0      0      0      0
08/20/1990    359      0     96    263     16   5564      2      0      0    113      0      0      0   0.00   0.00      0   0.00    1.5  0.088    0.0  0.000      0      0      0      0      0
08/21/1990    345      0     48    297     18   5564      0      0      0    185      0      0      0   0.00   0.00      0   0.00    1.5  0.087    0.0  0.000      0      0      0      0      0
08/22/1990    851      0    520    331     18   5044      0     51      0    218      0      0      0   0.00   0.00      0   0.00    1.5  0.086    0.0  0.000      0      0      0      0      0
08/23/1990   1356      0   1039    317     18   4525      0    113      0    250      0      0      0   0.00   0.00      0   0.00    1.5  0.086    0.0  0.000      0      0      0      0      0
08/24/1990   1867      0   1557    310     18   4007      0    185      0    260      0      0      0   0.00   0.00      0   0.00    1.5  0.085    0.0  0.000      0      0      0      0      0
08/25/1990   2230      2   1928    300     16   3636      0    269      0    250      0      0      0   0.00   0.00      0   0.00    1.5  0.085    0.0  0.000      0      0      0      0      0
08/26/1990   2629      3   2339    287     15   3225      0    363      0    231      0      0      0   0.00   0.00      0   0.00    1.5  0.085    0.0  0.000      0      0      0      0      0
08/27/1990   3150      4   2876    270     14   2739      0    394      0    225      0      0      0   0.00   0.00      0   0.00    1.5  0.085    0.0  0.000      0      0      0      0      0
08/28/1990   3668      5   3413    250     13   2264      0    406      0    226      0      0      0   0.00   0.00      0   0.00    1.5  0.085    0.0  0.000      0      0      0      0      0
08/29/1990   4184      6   3950    228     12   1799      0    409      0    223      0      0      0   0.00   0.00      0   0.00    1.5  0.085    0.0  0.000      0      0      0      0      0
08/30/1990   4688      8   4488    192     10   1345      0    401      0    210      0      0      0   0.00   0.00      0   0.00    1.5  0.085    0.0  0.000      0      0      0      0      0
08/31/1990   5180     10   5026    144      8    901      0    382      0    189      0      0      0   0.00   0.00      0   0.00    1.5  0.085    0.0  0.000      0      0      0      0      0
09/01/1990   5672     12   5564     96      6    445      0    372      0    159      0      0      0   0.00   0.00      0   0.00    1.4  0.085    0.0  0.000      0      0      0      0      0
09/02/1990   5674     14   5564     96      4    519      0    361      0    124      0      0      0   0.00   0.00      0   0.00    1.4  0.085    0.0  0.000      0      0      0      0      0
09/03/1990   5628     16   5564     48      2    594      0    340      0     98      0      0      0   0.00   0.00      0   0.00    1.4  0.085    0.0  0.000      0      0      0      0      0
09/04/1990   5582     18   5564      0      0    670      0    306      0     70      0      0      0   0.00   0.00      0   0.00    1.3  0.085    0.0  0.000      0      0      0      0      0
09/05/1990   5582     18   5564      0      0    745      0    259      0     42      0      0      0   0.00   0.00      0   0.00    1.3  0.085    0.0  0.000      0      0      0      0      0
09/06/1990   5582     18   5564      0      0    817      0    215      0     14      0      0      0   0.00   0.00      0   0.00    1.3  0.085    0.0  0.000      0      0      0      0      0
09/07/1990   5582     18   5564      0      0    880      0    166      0      0      0      0      0   0.00   0.00      0   0.00    1.2  0.085    0.0  0.000      0      0      0      0      0
09/08/1990   5582     18   5564      0      0    934      0    112      0      0      0      0      0   0.00   0.00      0   0.00    1.2  0.085    0.0  0.000      0      0      0      0      0
09/09/1990   5633     18   5615      0      0    925      0     70      0      0      0      0      0   0.00   0.00      0   0.00    1.1  0.084    0.0  0.000      0      0      0      0      0
09/10/1990   5695     18   5677      0      0    891      0     42      0      0      0      0      0   0.00   0.00      0   0.00    1.1  0.084    0.0  0.000      0      0      0      0      0
09/11/1990   5767     18   5749      0      0    847      0     14      0      0      0      0      0   0.00   0.00      0   0.00    1.0  0.084    0.0  0.000      0      0      0      0      0
09/12/1990   5851     18   5313    520      0    777      0      0      0      0      0      0      0   0.00   0.00      0   0.00    1.0  0.084    0.0  0.000      0      0      0      0      0
09/13/1990   5945     18   4888   1039      0    683      0      0      0    135      0      0      0   0.00   0.00      0   0.00    1.0  0.083    0.0  0.000      0      0      0      0      0
09/14/1990   6027     18   4452   1557      0    601      0      0      0    348      0      0      0   0.00   0.00      0   0.00    1.1  0.081    0.0  0.000      0      0      0      0      0
09/15/1990   6099     16   4155   1928      0    527      0      0      0    627      0      0      0   0.00   0.00      0   0.00    1.1  0.077    0.0  0.000      0      0      0      0      0
09/16/1990   6173     15   3819   2339      0    452      0    135      0    811      0      0      0   0.00   0.00      0   0.00    1.2  0.071    0.0  0.000      0      0      0      0      0
09/17/1990   6248     14   3358   2876      0    376      0    348      0    964      0      0      0   0.00   0.00      0   0.00    1.3  0.066    0.0  0.000      0      0      0      0      0
09/18/1990   6322     13   2896   3413      0    301      0    627      1   1087      0      0      0   0.00   0.00      0   0.00    1.4  0.059    0.0  0.000      0      0      0      0      0
09/19/1990   6393     12   2431   3950      0    229      0    946      2   1204      0      0      0   0.00   0.00      0   0.00    1.6  0.053    0.0  0.000      0      0      0      0      0
09/20/1990   6454     10   1956   4488      0    166      0   1312      4   1334      0      0      0   0.00   0.00      0   0.00    1.8  0.048    0.0  0.000      0      0      0      0      0
09/21/1990   6506      8   1472   5026      0    247      1   1579      6   1463      0      0      0   0.00   0.00      0   0.00    2.0  0.042    0.0  0.000      0      0      0      0      0
09/22/1990   6546      6    976   5564      0    418      2   1802      9   1554      0      0      0   0.00   0.00      0   0.00    2.2  0.038    0.0  0.000      0      0      0      0      0
09/23/1990   6572      4   1004   5564      0    669      4   2019     11   1577      0      0      0   0.00   0.00      0   0.00    2.5  0.034    0.0  0.000      0      0      0      0      0
09/24/1990   6078      2   1032   5044      0    960      7   2231     13   1594      0      0      0   0.00   0.00      0   0.00    2.7  0.031    0.0  0.000      0      0      0      0      0
09/25/1990   5571      0   1046   4525      0   1312     11   2392     13   1587      0      0      0   0.00   0.00      0   0.00    2.9  0.029    0.0  0.000      0      0      0      0      0
09/26/1990   5053      0   1046   4007      0   1714     15   2509     12   1561      0      0      0   0.00   0.00      0   0.00    3.1  0.028    0.0  0.000      0      0      0      0      0
09/27/1990   4682      0   1046   3636      0   2150     20   2621      9   1479      0      0      0   0.00   0.00      0   0.00    3.2  0.026    0.0  0.000      0      0      0      0      0
09/28/1990   4271      0   1046   3225      1   2646     23   2645      7   1413      0      0      0   0.00   0.00      0   0.00    3.4  0.025    0.0  0.000      0      0      0      0      0
09/29/1990   3734      0   1046   2688      2   3177     25   2607      5   1367      0      0      0   0.00   0.00      0   0.00    3.5  0.024    0.0  0.000      0      0      0      0      0
09/30/1990   3197      0    995   2202      4   3704     25   2546      3   1318      0      0      0   0.00   0.00      0   0.00    3.6  0.024    0.0  0.000      0      0      0      0      0
10/01/1990   2660      0    933   1727      7   4223     24   2481      1   1240      0      0      0   0.00   0.00      0   0.00    3.6  0.023    0.0  0.000      0      0      0      0      0
10/02/1990   2122      0    861   1261     11   4771     21   2380      0   1096      0      0      0   0.00   0.00      0   0.00    3.7  0.023    0.0  0.000      0      0      0      0      0
10/03/1990   1584      0    777    807     15   5291     17   2277      0    927      0      0      0   0.00   0.00      0   0.00    3.7  0.023    0.0  0.000      0      0      0      0      0
10/04/1990   1181      0    818    363     20   5649     12   2160      0    745      0      0      0   0.00   0.00      0   0.00    3.7  0.023    0.0  0.000      0      0      0      0      0
10/05/1990   1394      0    949    445     24   5902      8   1997      0    535      0      0      0   0.00   0.00      0   0.00    3.7  0.023    0.0  0.000      0      0      0      0      0
10/06/1990   1673      0   1154    519     27   6077      5   1791      0    389      0      0      0   0.00   0.00      0   0.00    3.7  0.023    0.0  0.000      0      0      0      0      0
10/07/1990   1992      0   1398    594     29   6205      3   1538      0    302      0      0      0   0.00   0.00      0   0.00    3.7  0.023    0.0  0.000      0      0      0      0      0
10/08/1990   2358      0   1688    670     31   6256      1   1214      0    330      0      0      0   0.00   0.00      0   0.00    3.8  0.023    0.0  0.000      0      0      0      0      0
10/09/1990   2760      0   2015    745     32   6230      0    940      0    370      0      0      0   0.00   0.00      0   0.00    3.8  0.022    0.0  0.000      0      0      0      0      0
10/10/1990   3196      0   2379    817     32   6097      0    744      0    414      0      0      0   0.00   0.00      0   0.00    3.8  0.022    0.0  0.000      0      0      0      0      0
10/11/1990   3692      0   2812    880     32   5849      0    617      0    455      0      0      0   0.00   0.00      0   0.00    3.8  0.022    0.0  0.000      0      0      0      0      0
10/12/1990   4173      1   3289    883     31   5512      0    565      0    487      0      0      0   0.00   0.00      0   0.00    3.9  0.022    0.0  0.000      0      0      0      0      0
10/13/1990   4639      2   3774    863     30   5078      0    623      0    508      0      0      0   0.00   0.00      0   0.00    3.9  0.022    0.0  0.000      0      0      0      0      0
10/14/1990   5088      4   4265    819     28   4661      0    683      0    517      0      0      0   0.00   0.00      0   0.00    3.9  0.022    0.0  0.000      0      0      0      0      0
10/15/1990   5555      7   4785    763     25   4220      0    750      0    510      0      0      0   0.00   0.00      0   0.00    3.9  0.022    0.0  0.000      0      0      0      0      0
10/16/1990   5985     11   5291    683     21   3821      0    801      0    493      0      0      0   0.00   0.00      0   0.00    3.9  0.022    0.0  0.000      0      0      0      0      0
10/17/1990   6400     15   5784    601     17   3470      0    830      0    463      0      0      0   0.00   0.00      0   0.00    3.9  0.022    0.0  0.000      0      0      0      0      0
10/18/1990   6797     20   6250    527     12   3155      0    846      0    426      0      0      0   0.00   0.00      0   0.00    3.9  0.022    0.0  0.000      0      0      0      0      0
10/19/1990   7180     24   6704    452      8   2863      0    839      0    375      0      0      0   0.00   0.00      0   0.00    3.9  0.022    0.0  0.000      0      0      0      0      0
10/20/1990   7554     27   7151    376      5   2590      0    806      0    319      0      0      0   0.00   0.00      0   0.00    3.8  0.022    0.0  0.000      0      0      0      0      0
10/21/1990   7898     29   7568    301      3   2345      0    764      0    268      0      0      0   0.00   0.00      0   0.00    3.8  0.022    0.0  0.000      0      0      0      0      0
10/22/1990   8204     31   7944    229      1   2140      0    697      0    230      0      0      0   0.00   0.00      0   0.00    3.8  0.022    0.0  0.000      0      0      0      0      0
10/23/1990   8445     32   8247    166      0   2004      0    615      0    197      0      0      0   0.00   0.00      0   0.00    3.7  0.022    0.0  0.000      0      0      0      0      0
10/24/1990   8639     32   8495    112      0   1911      0    539      0    159      0      0      0   0.00   0.00      0   0.00    3.6  0.022    0.0  0.000      0      0      0      0      0
10/25/1990   8791     32   8554    205      0   1858      0    464      0    121      0      0      0   0.00   0.00      0   0.00    3.6  0.022    0.0  0.000      0      0      0      0      0
10/26/1990   8856     32   8434    390      0   1895      0    386      0    116      0      0      0   0.00   0.00      0   0.00    3.6  0.022    0.0  0.000      0      0      0      0      0
10/27/1990   8930     32   8257    641      0   1897      0    323      0    162      0      0      0   0.00   0.00      0   0.00    3.5  0.022    0.0  0.000      0      0      0      0      0
10/28/1990   9023     32   8045    946      0   1875      0    266      0    261      0      0      0   0.00   0.00      0   0.00    3.5  0.022    0.0  0.000      0      0      0      0      0
10/29/1990   9144     32   7800   1312      0   1833      0    234      0    382      0      0      0   0.00   0.00      0   0.00    3.5  0.022    0.0  0.000      0      0      0      0      0
10/30/1990   9286     32   7540   1714      0   1757      0    255      0    490      0      0      0   0.00   0.00      0   0.00    3.5  0.022    0.0  0.000      0      0      0      0      0
10/31/1990   9437     32   7255   2150      0   1658      0    330      0    586      0      0      0   0.00   0.00      0   0.00    3.6  0.021    0.0  0.000      0      0      0      0      0
11/01/1990   9591     32   6921   2638      0   1537      0    457      0    627      0      0      0   0.00   0.00      0   0.00    3.6  0.021    0.0  0.000      0      0      0      0      0
11/02/1990   9755     31   6564   3160      0   1391      0    624      0    651      0      0      0   0.00   0.00      0   0.00    3.7  0.020    0.0  0.000      0      0      0      0      0
11/03/1990   9916     30   6209   3677      0   1266      0    800      0    683      0      0      0   0.00   0.00      0   0.00    3.9  0.020    0.0  0.000      0      0      0      0      0
11/04/1990  10074     28   5861   4185      0   1182      0    922      1    779      0      0      0   0.00   0.00      0   0.00    4.0  0.019    0.0  0.000      0      0      0      0      0
11/05/1990  10226     25   5480   4721      0   1142      0   1014      2    895      0      0      0   0.00   0.00      0   0.00    4.2  0.018    0.0  0.000      0      0      0      0      0
11/06/1990  10235     21   5115   5099      0   1155      0   1101      3    939      0      0      0   0.00   0.00      0   0.00    4.4  0.017    0.0  0.000      0      0      0      0      0
11/07/1990  10153     17   4763   5373      0   1209      1   1211      4    938      0      0      0   0.00   0.00      0   0.00    4.6  0.017    0.0  0.000      0      0      0      0      0
11/08/1990   9994     12   4427   5555      0   1302      2   1323      5    957      0      0      0   0.00   0.00      0   0.00    4.8  0.016    0.0  0.000      0      0      0      0      0
11/09/1990   9771      8   4077   5686      0   1407      3   1413      7   1035      0      0      0   0.00   0.00      0   0.00    5.0  0.015    0.0  0.000      0      0      0      0      0
11/10/1990   9484      5   3715   5764      0   1541      5   1498      8   1122      0      0      0   0.00   0.00      0   0.00    5.3  0.015    0.0  0.000      0      0      0      0      0
11/11/1990   9157      3   3377   5777      0   1717      7   1597      9   1176      0      0      0   0.00   0.00      0   0.00    5.5  0.014    0.0  0.000      0      0      0      0      0
11/12/1990   8784      1   3067   5716      0   1956     10   1669      9   1228      0      0      0   0.00   0.00      0   0.00    5.7  0.013    0.0  0.000      0      0      0      0      0
11/13/1990   8339      0   2816   5523      0   2239     13   1725     10   1278      0      0      0   0.00   0.00      0   0.00    6.0  0.013    0.0  0.000      0      0      0      0      0
11/14/1990   7849      0   2609   5240      1   2497     15   1834     10   1246      0      0      0   0.00   0.00      0   0.00    6.2  0.012    0.0  0.000      0      0      0      0      0
11/15/1990   7350      0   2443   4907      2   2773     17   1959      9   1167      0      0      0   0.00   0.00      0   0.00    6.4  0.012    0.0  0.000      0      0      0      0      0
11/16/1990   6878      0   2397   4481      3   3080     20   2046      7   1100      0      0      0   0.00   0.00      0   0.00    6.6  0.012    0.0  0.000      0      0      0      0      0
11/17/1990   6417      0   2382   4035      5   3370     21   2045      6   1099      0      0      0   0.00   0.00      0   0.00    6.7  0.011    0.0  0.000      0      0      0      0      0
11/18/1990   6024      0   2402   3622      7   3634     21   2004      5   1082      0      0      0   0.00   0.00      0   0.00    6.9  0.011    0.0  0.000      0      0      0      0      0
11/19/1990   5699      0   2449   3250     10   3874     20   1970      4   1031      0      0      0   0.00   0.00      0   0.00    7.0  0.011    0.0  0.000      0      0      0      0      0
11/20/1990   5882      0   2502   3380     13   4108     19   1916      2    881      0      0      0   0.00   0.00      0   0.00    7.1  0.011    0.0  0.000      0      0      0      0      0
11/21/1990   5640      0   2574   3066     16   4326     17   1808      1    748      0      0      0   0.00   0.00      0   0.00    7.2  0.011    0.0  0.000      0      0      0      0      0
11/22/1990   4961      0   2621   2340     19   4493     15   1755      0    629      0      0      0   0.00   0.00      0   0.00    7.3  0.010    0.0  0.000      0      0      0      0      0
11/23/1990   4763      0   2666   2097     23   4624     11   1630      0    581      0      0      0   0.00   0.00      0   0.00    7.4  0.010    0.0  0.000      0      0      0      0      0
11/24/1990   4642      0   2749   1893     26   4743      8   1456      0    551      0      0      0   0.00   0.00      0   0.00    7.5  0.010    0.0  0.000      0      0      0      0      0
11/25/1990   4935      0   2883   2052     28   4813      6   1285      0    525      0      0      0   0.00   0.00      0   0.00    7.4  0.010    0.0  0.000      0      0      0      0      0
11/26/1990   5258      0   3051   2207     30   4811      4   1129      0    473      0      0      0   0.00   0.00      0   0.00    7.4  0.010    0.0  0.000      0      0      0      0      0
11/27/1990   5545      0   3195   2350     32   4835      2    976      0    420      0      0      0   0.00   0.00      0   0.00    7.4  0.010    0.0  0.000      0      0      0      0      0
11/28/1990   5838      1   3358   2479     32   4756      1    929      0    385      0      0      0   0.00   0.00      0   0.00    7.5  0.010    0.0  0.000      0      0      0      0      0
11/29/1990   5661      2   3582   2077     32   4602      0    854      0    433      0      0      0   0.00   0.00      0   0.00    7.6  0.010    0.0  0.000      0      0      0      0      0
11/30/1990   5848      3   3855   1990     31   4429      0    767      0    476      0      0      0   0.00   0.00      0   0.00    7.6  0.010    0.0  0.000      0      0      0      0      0
12/01/1990   6229      5   4161   2063     29   4215      0    733      0    463      0      0      0   0.00   0.00      0   0.00    7.7  0.010    0.0  0.000      0      0      0      0      0
12/02/1990   6627      7   4490   2130     27   3977      0    736      0    403      0      0      0   0.00   0.00      0   0.00    7.7  0.010    0.0  0.000      0      0      0      0      0
12/03/1990   6971     10   4853   2108     24   3726      0    718      0    373      0      0      0   0.00   0.00      0   0.00    7.7  0.010    0.0  0.000      0      0      0      0      0
12/04/1990   7318     13   5242   2063     21   3410      0    723      0    385      0      0      0   0.00   0.00      0   0.00    7.8  0.010    0.0  0.000      0      0      0      0      0
12/05/1990   7685     16   5577   2092     18   3151      0    719      0    386      0      0      0   0.00   0.00      0   0.00    7.8  0.010    0.0  0.000      0      0      0      0      0
12/06/1990   7937     19   5899   2019     15   2944      0    706      0    395      0      0      0   0.00   0.00      0   0.00    7.8  0.010    0.0  0.000      0      0      0      0      0
12/07/1990   8074     23   6226   1825     11   2743      0    675      0    400      0      0      0   0.00   0.00      0   0.00    7.9  0.010    0.0  0.000      0      0      0      0      0
12/08/1990   8305     26   6514   1765      8   2528      0    629      0    422      0      0      0   0.00   0.00      0   0.00    7.9  0.010    0.0  0.000      0      0      0      0      0
12/09/1990   8483     28   6720   1735      6   2325      0    638      0    422      0      0      0   0.00   0.00      0   0.00    7.9  0.009    0.0  0.000      0      0      0      0      0
12/10/1990   8639     30   6875   1734      4   2115      0    672      0    455      0      0      0   0.00   0.00      0   0.00    8.0  0.009    0.0  0.000      0      0      0      0      0
12/11/1990   8206     32   6905   1269      2   2020      0    678      0    498      0      0      0   0.00   0.00      0   0.00    8.0  0.009    0.0  0.000      0      0      0      0      0
12/12/1990   8395     33   6882   1480      1   1962      0    675      0    491      0      0      0   0.00   0.00      0   0.00    7.9  0.009    0.0  0.000      0      0      0      0      0
12/13/1990   8588     34   6877   1677      0   1872      0    741      0    439      0      0      0   0.00   0.00      0   0.00    7.9  0.009    0.0  0.000      0      0      0      0      0
12/14/1990   8753     34   6835   1884      0   1834      0    781      0    323      0      0      0   0.00   0.00      0   0.00    7.9  0.009    0.0  0.000      0      0      0      0      0
12/15/1990   8911     34   6750   2127      0   1811      0    766      0    277      0      0      0   0.00   0.00      0   0.00    7.9  0.009    0.0  0.000      0      0      0      0      0
12/16/1990   9077     34   6623   2420      0   1769      0    758      0    233      0      0      0   0.00   0.00      0   0.00    7.8  0.009    0.0  0.000      0      0      0      0      0
12/17/1990   9189     34   6413   2742      0   1783      0    682      0    274      0      0      0   0.00   0.00      0   0.00    7.8  0.009    0.0  0.000      0      0      0      0      0
12/18/1990   9293     34   6231   3028      0   1846      0    588      0    314      0      0      0   0.00   0.00      0   0.00    7.7  0.009    0.0  0.000      0      0      0      0      0
12/19/1990   9422     33   6070   3319      0   1882      0    493      0    346      0      0      0   0.00   0.00      0   0.00    7.7  0.009    0.0  0.000      0      0      0      0      0
12/20/1990   9581     32   5889   3660      0   1841      0    465      0    282      0      0      0   0.00   0.00      0   0.00    7.6  0.009    0.0  0.000      0      0      0      0      0
12/21/1990   9727     31   5672   4024      0   1809      0    463      0    156      0      0      0   0.00   0.00      0   0.00    7.6  0.009    0.0  0.000      0      0      0      0      0
12/22/1990   9841     29   5411   4401      0   1742      0    516      0     40      0      0      0   0.00   0.00      0   0.00    7.5  0.009    0.0  0.000      0      0      0      0      0
12/23/1990   9938     27   5116   4795      0   1715      0    470      0      0      0      0      0   0.00   0.00      0   0.00    7.5  0.009    0.0  0.000      0      0      0      0      0
12/24/1990  10051     24   4817   5210      0   1669      0    386      0      0      0      0      0   0.00   0.00      0   0.00    7.5  0.009    0.0  0.000      0      0      0      0      0
12/25/1990  10176     21   4518   5637      0   1631      0    282      0     28      0      0      0   0.00   0.00      0   0.00    7.4  0.009    0.0  0.000      0      0      0      0      0
12/26/1990  10272     18   4256   5998      0   1643      0    156      0    100      0      0      0   0.00   0.00      0   0.00    7.4  0.009    0.0  0.000      0      0      0      0      0
12/27/1990  10393     15   4045   6333      0   1620      0     40      0    202      0      0      0   0.00   0.00      0   0.00    7.4  0.009    0.0  0.000      0      0      0      0      0
12/28/1990  10521     11   3818   6692      0   1513      0     28      0    295      0      0      0   0.00   0.00      0   0.00    7.4  0.009    0.0  0.000      0      0      0      0      0
12/29/1990  10639      8   3579   7052      0   1377      0    100      0    276      0      0      0   0.00   0.00      0   0.00    7.3  0.009    0.0  0.000      0      0      0      0      0
12/30/1990  10760      6   3385   7369      0   1238      0    202      0    266      0      0      0   0.00   0.00      0   0.00    7.3  0.009    0.0  0.000      0      0      0      0      0
12/31/1990  10922      4   3242   7676      0   1058      0    323      0    242      0      0      0   0.00   0.00      0   0.00    7.3  0.009    0.0  0.000      0      0      0      0      0
