Varroa Population Simulation - Nov 23,2015  02:36:32 PM
VarroaPop Version 3.2.5.8  June, 2015

                                        Capped  Capped                                                                      Prop           Conc          Conc                                     
            Colony  Adult  Adult         Drone   Wkr    Drone  Wkr    Drone  Wkr  Free   DBrood WBrood DMite  WMite  Mites  Mites  Colony Pollen Colony Nectar   Dead   Dead   Dead   Dead   Dead
     Date   Size   Drones   Wkr   Forgrs Brood  Brood   Larv   Larv    Eggs  Eggs Mites  Mites  Mites  /Cell  /Cell  Dying  Dying  Pollen  Pest  Nectar  Pest    DLarv  WLarv  DAdlt  WAdlt  Forgrs
Initial     10000      0   7770   2230      0      0      0      0      0      0      0      0      0   0.00   0.00      0   0.00    0.0  0.000    0.0  0.000      0      0      0      0      0
08/01/1990   9630      0   7400   2230      0      0      0      0      0    299      0      0      0   0.00   0.00      0   0.00    0.1  0.000    0.0  0.000      0      0      0      0      0
08/02/1990   9260      0   7030   2230      0      0      0      0      0    598      0      0      0   0.00   0.00      0   0.00    0.1  0.000    0.0  0.000      0      0      0      0      0
08/03/1990   8890      0   6660   2230      0      0      0      0      0    896      0      0      0   0.00   0.00      0   0.00    0.2  0.000    0.0  0.000      0      0      0      0      0
08/04/1990   8520      0   6290   2230      0      0      0    299      0    897      0      0      0   0.00   0.00      0   0.00    0.2  0.000    0.0  0.000      0      0      0      0      0
08/05/1990   8150      0   5920   2230      0      0      0    598      0    905      0      0      0   0.00   0.00      0   0.00    0.3  0.000    0.0  0.000      0      0      0      0      0
08/06/1990   7770      0   5550   2220      0      0      0    896      0    916      0      0      0   0.00   0.00      0   0.00    0.3  0.000    0.0  0.000      0      0      0      0      0
08/07/1990   7400      0   5180   2220      0      0      0   1196      0    924      0      0      0   0.00   0.00      0   0.00    0.4  0.000    0.0  0.000      0      0      0      0      0
08/08/1990   7030      0   4810   2220      0      0      0   1503      0    925      0      0      0   0.00   0.00      0   0.00    0.5  0.000    0.0  0.000      0      0      0      0      0
08/09/1990   6660      0   4440   2220      0    299      0   1513      0    924      0      0      0   0.00   0.00      0   0.00    0.5  0.000    0.0  0.000      0      0      0      0      0
08/10/1990   6290      0   4070   2220      0    598      0   1522      0    924      0      0      0   0.00   0.00      0   0.00    0.6  0.000    0.0  0.000      0      0      0      0      0
08/11/1990   2340      0   1848    492      0    896      0    938      0    924      0      0      0   0.00   0.00      0   0.00    0.6  0.164    0.0  0.000      0    594      0   1845   1723
08/12/1990   2147      0   1680    467      0    898      0    985      0    721      0      0      0   0.00   0.00      0   0.00    0.7  0.180    0.0  0.000      0    259      0      0    111
08/13/1990   1971      0   1512    459      0    909      0   1077      0    511      0      0      0   0.00   0.00      0   0.00    0.7  0.189    0.0  0.000      0    205      0      0     94
08/14/1990   1810      0   1344    466      0    959      0   1198      0    294      0      0      0   0.00   0.00      0   0.00    0.7  0.194    0.0  0.000      0    137      0      0     79
08/15/1990   1662      0   1176    486      0   1062      0   1123      0    275      0      0      0   0.00   0.00      0   0.00    0.7  0.196    0.0  0.000      0     77      0      0     66
08/16/1990   1524      0   1008    516      0   1233      0   1011      0    268      0      0      0   0.00   0.00      0   0.00    0.7  0.196    0.0  0.000      0     39      0      0     56
08/17/1990   1396      0    840    556      0   1464      0    852      0    274      0      0      0   0.00   0.00      0   0.00    0.7  0.194    0.0  0.000      0     19      0      0     46
08/18/1990   1302      0    672    630      0   1733      0    665      0    284      0      0      0   0.00   0.00      0   0.00    0.8  0.191    0.0  0.000      0      4      0      0     37
08/19/1990   1228      0    504    724      0   2022      0    467      0    299      0      0      0   0.00   0.00      0   0.00    0.8  0.184    0.0  0.000      0      0      0      0      0
08/20/1990   1139      0    336    803      0   2123      0    463      0    326      0      0      0   0.00   0.00      0   0.00    0.8  0.176    0.0  0.000      0      0      0      0      0
08/21/1990   1037      0    168    869      0   2221      0    461      0    367      0      0      0   0.00   0.00      0   0.00    0.9  0.168    0.0  0.000      0      0      0      0      0
08/22/1990   1224      0    299    925      0   2013      0    476      0    413      0      0      0   0.00   0.00      0   0.00    0.9  0.161    0.0  0.000      0      0      0      0      0
08/23/1990   1401      0    598    803      0   1800      0    514      0    452      0      0      0   0.00   0.00      0   0.00    0.9  0.155    0.0  0.000      0      0      0      0      0
08/24/1990   1568      0    896    672      0   1593      0    560      0    447      0      0      0   0.00   0.00      0   0.00    1.0  0.151    0.0  0.000      0      0      0      0      0
08/25/1990   1402      0    898    504      0   1688      0    615      0    402      0      0      0   0.00   0.00      0   0.00    1.0  0.148    0.0  0.000      0      0      0      0      0
08/26/1990   1245      0    909    336      0   1773      0    682      0    327      0      0      0   0.00   0.00      0   0.00    1.0  0.147    0.0  0.000      0      0      0      0      0
08/27/1990   1127      0    959    168      0   1829      0    708      0    261      0      0      0   0.00   0.00      0   0.00    1.0  0.146    0.0  0.000      0      0      0      0      0
08/28/1990   1062      0   1062      0      0   1850      0    691      0    190      0      0      0   0.00   0.00      0   0.00    1.0  0.146    0.0  0.000      0      0      0      0      0
08/29/1990   1233      0   1233      0      0   1816      0    642      0    102      0      0      0   0.00   0.00      0   0.00    1.0  0.146    0.0  0.000      0      0      0      0      0
08/30/1990   1464      0   1464      0      0   1737      0    556      0     36      0      0      0   0.00   0.00      0   0.00    1.0  0.146    0.0  0.000      0      0      0      0      0
08/31/1990   1733      0   1733      0      0   1631      0    429      0      0      0      0      0   0.00   0.00      0   0.00    1.0  0.146    0.0  0.000      0      0      0      0      0
09/01/1990   2022      0   2022      0      0   1474      0    297      0      0      0      0      0   0.00   0.00      0   0.00    0.9  0.146    0.0  0.000      0      0      0      0      0
09/02/1990   2123      0   2123      0      0   1480      0    190      0      0      0      0      0   0.00   0.00      0   0.00    0.9  0.146    0.0  0.000      0      0      0      0      0
09/03/1990   2221      0   2221      0      0   1470      0    102      0      0      0      0      0   0.00   0.00      0   0.00    0.9  0.146    0.0  0.000      0      0      0      0      0
09/04/1990   2312      0   2312      0      0   1445      0     36      0      0      0      0      0   0.00   0.00      0   0.00    0.9  0.146    0.0  0.000      0      0      0      0      0
09/05/1990   2398      0   2398      0      0   1395      0      0      0      0      0      0      0   0.00   0.00      0   0.00    0.9  0.146    0.0  0.000      0      0      0      0      0
09/06/1990   2489      0   2489      0      0   1304      0      0      0      0      0      0      0   0.00   0.00      0   0.00    0.9  0.146    0.0  0.000      0      0      0      0      0
09/07/1990   2586      0   2586      0      0   1207      0      0      0      0      0      0      0   0.00   0.00      0   0.00    0.9  0.146    0.0  0.000      0      0      0      0      0
09/08/1990   2682      0   2682      0      0   1111      0      0      0      0      0      0      0   0.00   0.00      0   0.00    0.8  0.146    0.0  0.000      0      0      0      0      0
09/09/1990   2788      0   2788      0      0   1005      0      0      0      0      0      0      0   0.00   0.00      0   0.00    0.8  0.146    0.0  0.000      0      0      0      0      0
09/10/1990   2912      0   2912      0      0    881      0      0      0      0      0      0      0   0.00   0.00      0   0.00    0.8  0.146    0.0  0.000      0      0      0      0      0
09/11/1990   3049      0   3049      0      0    744      0      0      0      0      0      0      0   0.00   0.00      0   0.00    0.8  0.146    0.0  0.000      0      0      0      0      0
09/12/1990   3201      0   2902    299      0    592      0      0      0      0      0      0      0   0.00   0.00      0   0.00    0.8  0.146    0.0  0.000      0      0      0      0      0
09/13/1990   3364      0   2766    598      0    429      0      0      0     62      0      0      0   0.00   0.00      0   0.00    0.8  0.144    0.0  0.000      0      0      0      0      0
09/14/1990   3496      0   2600    896      0    297      0      0      0    167      0      0      0   0.00   0.00      0   0.00    0.8  0.140    0.0  0.000      0      0      0      0      0
09/15/1990   3603      0   2705    898      0    190      0      0      0    309      0      0      0   0.00   0.00      0   0.00    0.8  0.137    0.0  0.000      0      0      0      0      0
09/16/1990   3691      0   2782    909      0    102      0     62      0    389      0      0      0   0.00   0.00      0   0.00    0.8  0.133    0.0  0.000      0      0      0      0      0
09/17/1990   3757      0   2798    959      0     36      0    167      0    431      0      0      0   0.00   0.00      0   0.00    0.9  0.129    0.0  0.000      0      0      0      0      0
09/18/1990   3494      0   2731    763      0      0      0    309      0    439      0      0      0   0.00   0.00      0   0.00    0.9  0.127    0.0  0.000      0      0      0      0      0
09/19/1990   3195      0   2560    635      0      0      0    451      0    421      0      0      0   0.00   0.00      0   0.00    0.9  0.125    0.0  0.000      0      0      0      0      0
09/20/1990   2897      0   2329    568      0      0      0    598      0    388      0      0      0   0.00   0.00      0   0.00    0.9  0.124    0.0  0.000      0      0      0      0      0
09/21/1990   2895      0   2060    835      0     62      0    686      0    344      0      0      0   0.00   0.00      0   0.00    0.9  0.121    0.0  0.000      0      0      0      0      0
09/22/1990   2884      0   1771   1113      0    167      0    705      0    354      0      0      0   0.00   0.00      0   0.00    1.0  0.116    0.0  0.000      0      0      0      0      0
09/23/1990   2834      0   1670   1164      0    309      0    677      0    396      0      0      0   0.00   0.00      0   0.00    1.0  0.112    0.0  0.000      0      0      0      0      0
09/24/1990   2731      0   1572   1159      0    451      0    641      0    460      0      0      0   0.00   0.00      0   0.00    1.0  0.108    0.0  0.000      0      0      0      0      0
09/25/1990   2560      0   1481   1079      0    598      0    628      0    494      0      0      0   0.00   0.00      0   0.00    1.1  0.104    0.0  0.000      0      0      0      0      0
09/26/1990   2329      0   1395    934      0    748      0    634      0    497      0      0      0   0.00   0.00      0   0.00    1.1  0.101    0.0  0.000      0      0      0      0      0
09/27/1990   2060      0   1304    756      0    872      0    680      0    471      0      0      0   0.00   0.00      0   0.00    1.1  0.099    0.0  0.000      0      0      0      0      0
09/28/1990   1771      0   1207    564      0    986      0    734      0    428      0      0      0   0.00   0.00      0   0.00    1.1  0.098    0.0  0.000      0      0      0      0      0
09/29/1990   1670      0   1111    559      0   1092      0    787      0    373      0      0      0   0.00   0.00      0   0.00    1.2  0.096    0.0  0.000      0      0      0      0      0
09/30/1990   1572      0   1005    567      0   1226      0    797      0    336      0      0      0   0.00   0.00      0   0.00    1.2  0.095    0.0  0.000      0      0      0      0      0
10/01/1990   1481      0    881    600      0   1382      0    766      0    319      0      0      0   0.00   0.00      0   0.00    1.2  0.094    0.0  0.000      0      0      0      0      0
10/02/1990   1395      0    744    651      0   1552      0    700      0    321      0      0      0   0.00   0.00      0   0.00    1.2  0.092    0.0  0.000      0      0      0      0      0
10/03/1990   1304      0    592    712      0   1720      0    639      0    328      0      0      0   0.00   0.00      0   0.00    1.2  0.090    0.0  0.000      0      0      0      0      0
10/04/1990   1269      0    491    778      0   1817      0    588      0    353      0      0      0   0.00   0.00      0   0.00    1.3  0.088    0.0  0.000      0      0      0      0      0
10/05/1990   1278      0    464    814      0   1856      0    550      0    377      0      0      0   0.00   0.00      0   0.00    1.3  0.085    0.0  0.000      0      0      0      0      0
10/06/1990   1314      0    499    815      0   1839      0    539      0    387      0      0      0   0.00   0.00      0   0.00    1.3  0.083    0.0  0.000      0      0      0      0      0
10/07/1990   1332      0    553    779      0   1801      0    568      0    368      0      0      0   0.00   0.00      0   0.00    1.4  0.081    0.0  0.000      0      0      0      0      0
10/08/1990   1342      0    634    708      0   1761      0    591      0    351      0      0      0   0.00   0.00      0   0.00    1.4  0.080    0.0  0.000      0      0      0      0      0
10/09/1990   1340      0    748    592      0   1719      0    607      0    338      0      0      0   0.00   0.00      0   0.00    1.4  0.078    0.0  0.000      0      0      0      0      0
10/10/1990   1301      0    872    429      0   1701      0    615      0    318      0      0      0   0.00   0.00      0   0.00    1.4  0.078    0.0  0.000      0      0      0      0      0
10/11/1990   1283      0    986    297      0   1701      0    614      0    278      0      0      0   0.00   0.00      0   0.00    1.4  0.077    0.0  0.000      0      0      0      0      0
10/12/1990   1282      0   1092    190      0   1728      0    592      0    220      0      0      0   0.00   0.00      0   0.00    1.4  0.077    0.0  0.000      0      0      0      0      0
10/13/1990   1328      0   1226    102      0   1724      0    556      0    161      0      0      0   0.00   0.00      0   0.00    1.4  0.077    0.0  0.000      0      0      0      0      0
10/14/1990   1418      0   1382     36      0   1692      0    505      0    107      0      0      0   0.00   0.00      0   0.00    1.4  0.077    0.0  0.000      0      0      0      0      0
10/15/1990   1552      0   1552      0      0   1636      0    444      0     60      0      0      0   0.00   0.00      0   0.00    1.4  0.077    0.0  0.000      0      0      0      0      0
10/16/1990   1720      0   1720      0      0   1581      0    366      0     25      0      0      0   0.00   0.00      0   0.00    1.4  0.077    0.0  0.000      0      0      0      0      0
10/17/1990   1879      0   1879      0      0   1533      0    274      0      6      0      0      0   0.00   0.00      0   0.00    1.4  0.077    0.0  0.000      0      0      0      0      0
10/18/1990   2023      0   2023      0      0   1483      0    186      0      0      0      0      0   0.00   0.00      0   0.00    1.4  0.077    0.0  0.000      0      0      0      0      0
10/19/1990   2148      0   2148      0      0   1431      0    113      0      0      0      0      0   0.00   0.00      0   0.00    1.4  0.077    0.0  0.000      0      0      0      0      0
10/20/1990   2252      0   2252      0      0   1380      0     60      0      0      0      0      0   0.00   0.00      0   0.00    1.4  0.077    0.0  0.000      0      0      0      0      0
10/21/1990   2359      0   2359      0      0   1308      0     25      0      0      0      0      0   0.00   0.00      0   0.00    1.4  0.077    0.0  0.000      0      0      0      0      0
10/22/1990   2467      0   2467      0      0   1219      0      6      0      0      0      0      0   0.00   0.00      0   0.00    1.3  0.077    0.0  0.000      0      0      0      0      0
10/23/1990   2573      0   2573      0      0   1119      0      0      0      0      0      0      0   0.00   0.00      0   0.00    1.3  0.077    0.0  0.000      0      0      0      0      0
10/24/1990   2687      0   2687      0      0   1005      0      0      0      0      0      0      0   0.00   0.00      0   0.00    1.3  0.077    0.0  0.000      0      0      0      0      0
10/25/1990   2820      0   2758     62      0    872      0      0      0      0      0      0      0   0.00   0.00      0   0.00    1.3  0.077    0.0  0.000      0      0      0      0      0
10/26/1990   2950      0   2783    167      0    742      0      0      0     11      0      0      0   0.00   0.00      0   0.00    1.3  0.077    0.0  0.000      0      0      0      0      0
10/27/1990   3074      0   2765    309      0    618      0      0      0     41      0      0      0   0.00   0.00      0   0.00    1.3  0.077    0.0  0.000      0      0      0      0      0
10/28/1990   3188      0   2737    451      0    504      0      0      0     92      0      0      0   0.00   0.00      0   0.00    1.3  0.077    0.0  0.000      0      0      0      0      0
10/29/1990   3301      0   2703    598      0    391      0     11      0    151      0      0      0   0.00   0.00      0   0.00    1.3  0.076    0.0  0.000      0      0      0      0      0
10/30/1990   3412      0   2664    748      0    280      0     41      0    203      0      0      0   0.00   0.00      0   0.00    1.3  0.075    0.0  0.000      0      0      0      0      0
10/31/1990   3444      0   2634    810      0    186      0     92      0    245      0      0      0   0.00   0.00      0   0.00    1.3  0.074    0.0  0.000      0      0      0      0      0
11/01/1990   3406      0   2593    813      0    113      0    162      0    256      0      0      0   0.00   0.00      0   0.00    1.3  0.073    0.0  0.000      0      0      0      0      0
11/02/1990   3312      0   2540    772      0     60      0    244      0    249      0      0      0   0.00   0.00      0   0.00    1.3  0.072    0.0  0.000      0      0      0      0      0
11/03/1990   3201      0   2441    760      0     36      0    326      0    233      0      0      0   0.00   0.00      0   0.00    1.4  0.071    0.0  0.000      0      0      0      0      0
11/04/1990   3070      0   2304    766      0     47      0    377      0    236      0      0      0   0.00   0.00      0   0.00    1.4  0.071    0.0  0.000      0      0      0      0      0
11/05/1990   2924      0   2140    784      0     92      0    401      0    248      0      0      0   0.00   0.00      0   0.00    1.4  0.070    0.0  0.000      0      0      0      0      0
11/06/1990   2799      0   1972    827      0    162      0    408      0    245      0      0      0   0.00   0.00      0   0.00    1.4  0.068    0.0  0.000      0      0      0      0      0
11/07/1990   2685      0   1813    872      0    244      0    410      0    237      0      0      0   0.00   0.00      0   0.00    1.5  0.067    0.0  0.000      0      0      0      0      0
11/08/1990   2579      0   1669    910      0    337      0    404      0    240      0      0      0   0.00   0.00      0   0.00    1.5  0.066    0.0  0.000      0      0      0      0      0
11/09/1990   2445      0   1544    901      0    418      0    397      0    264      0      0      0   0.00   0.00      0   0.00    1.5  0.065    0.0  0.000      0      0      0      0      0
11/10/1990   2289      0   1440    849      0    493      0    398      0    287      0      0      0   0.00   0.00      0   0.00    1.5  0.064    0.0  0.000      0      0      0      0      0
11/11/1990   2119      0   1333    786      0    570      0    411      0    296      0      0      0   0.00   0.00      0   0.00    1.6  0.063    0.0  0.000      0      0      0      0      0
11/12/1990   1951      0   1225    726      0    654      0    425      0    296      0      0      0   0.00   0.00      0   0.00    1.6  0.062    0.0  0.000      0      0      0      0      0
11/13/1990   1792      0   1119    673      0    741      0    437      0    292      0      0      0   0.00   0.00      0   0.00    1.6  0.061    0.0  0.000      0      0      0      0      0
11/14/1990   1648      0   1005    643      0    815      0    462      0    271      0      0      0   0.00   0.00      0   0.00    1.6  0.060    0.0  0.000      0      0      0      0      0
11/15/1990   1523      0    872    651      0    891      0    484      0    244      0      0      0   0.00   0.00      0   0.00    1.6  0.059    0.0  0.000      0      0      0      0      0
11/16/1990   1430      0    753    677      0    970      0    489      0    228      0      0      0   0.00   0.00      0   0.00    1.7  0.058    0.0  0.000      0      0      0      0      0
11/17/1990   1353      0    659    694      0   1038      0    469      0    235      0      0      0   0.00   0.00      0   0.00    1.7  0.058    0.0  0.000      0      0      0      0      0
11/18/1990   1296      0    596    700      0   1086      0    441      0    245      0      0      0   0.00   0.00      0   0.00    1.7  0.057    0.0  0.000      0      0      0      0      0
11/19/1990   1260      0    553    707      0   1115      0    421      0    250      0      0      0   0.00   0.00      0   0.00    1.7  0.056    0.0  0.000      0      0      0      0      0
11/20/1990   1336      0    524    812      0   1131      0    408      0    227      0      0      0   0.00   0.00      0   0.00    1.8  0.055    0.0  0.000      0      0      0      0      0
11/21/1990   1316      0    523    793      0   1133      0    394      0    206      0      0      0   0.00   0.00      0   0.00    1.8  0.054    0.0  0.000      0      0      0      0      0
11/22/1990   1141      0    531    610      0   1130      0    400      0    185      0      0      0   0.00   0.00      0   0.00    1.8  0.053    0.0  0.000      0      0      0      0      0
11/23/1990   1092      0    553    539      0   1126      0    391      0    175      0      0      0   0.00   0.00      0   0.00    1.9  0.052    0.0  0.000      0      0      0      0      0
11/24/1990   1055      0    595    460      0   1128      0    372      0    163      0      0      0   0.00   0.00      0   0.00    1.9  0.052    0.0  0.000      0      0      0      0      0
11/25/1990   1133      0    660    473      0   1129      0    350      0    147      0      0      0   0.00   0.00      0   0.00    1.9  0.052    0.0  0.000      0      0      0      0      0
11/26/1990   1214      0    741    473      0   1123      0    321      0    127      0      0      0   0.00   0.00      0   0.00    1.9  0.052    0.0  0.000      0      0      0      0      0
11/27/1990   1282      0    815    467      0   1133      0    285      0    107      0      0      0   0.00   0.00      0   0.00    1.9  0.052    0.0  0.000      0      0      0      0      0
11/28/1990   1352      0    891    461      0   1119      0    270      0     94      0      0      0   0.00   0.00      0   0.00    1.9  0.051    0.0  0.000      0      0      0      0      0
11/29/1990   1232      0    981    251      0   1089      0    242      0    101      0      0      0   0.00   0.00      0   0.00    1.9  0.051    0.0  0.000      0      0      0      0      0
11/30/1990   1241      0   1079    162      0   1054      0    207      0     96      0      0      0   0.00   0.00      0   0.00    1.9  0.051    0.0  0.000      0      0      0      0      0
12/01/1990   1337      0   1178    159      0   1007      0    189      0     74      0      0      0   0.00   0.00      0   0.00    1.9  0.051    0.0  0.000      0      0      0      0      0
12/02/1990   1433      0   1277    156      0    956      0    180      0     46      0      0      0   0.00   0.00      0   0.00    1.9  0.051    0.0  0.000      0      0      0      0      0
12/03/1990   1467      0   1375     92      0    905      0    156      0     34      0      0      0   0.00   0.00      0   0.00    1.9  0.051    0.0  0.000      0      0      0      0      0
12/04/1990   1519      0   1470     49      0    842      0    136      0     29      0      0      0   0.00   0.00      0   0.00    1.9  0.051    0.0  0.000      0      0      0      0      0
12/05/1990   1596      0   1548     48      0    792      0    119      0     21      0      0      0   0.00   0.00      0   0.00    1.9  0.051    0.0  0.000      0      0      0      0      0
12/06/1990   1619      0   1619      0      0    755      0     96      0     14      0      0      0   0.00   0.00      0   0.00    1.8  0.051    0.0  0.000      0      0      0      0      0
12/07/1990   1697      0   1687     10      0    715      0     64      0      7      0      0      0   0.00   0.00      0   0.00    1.8  0.051    0.0  0.000      0      0      0      0      0
12/08/1990   1780      0   1742     38      0    653      0     44      0      4      0      0      0   0.00   0.00      0   0.00    1.8  0.051    0.0  0.000      0      0      0      0      0
12/09/1990   1858      0   1772     86      0    584      0     36      0      3      0      0      0   0.00   0.00      0   0.00    1.8  0.051    0.0  0.000      0      0      0      0      0
12/10/1990   1938      0   1786    152      0    511      0     25      0     14      0      0      0   0.00   0.00      0   0.00    1.8  0.051    0.0  0.000      0      0      0      0      0
12/11/1990   1995      0   1766    229      0    460      0     14      0     32      0      0      0   0.00   0.00      0   0.00    1.8  0.051    0.0  0.000      0      0      0      0      0
12/12/1990   2050      0   1733    317      0    407      0     10      0     53      0      0      0   0.00   0.00      0   0.00    1.8  0.051    0.0  0.000      0      0      0      0      0
12/13/1990   2108      0   1715    393      0    347      0     18      0     70      0      0      0   0.00   0.00      0   0.00    1.8  0.051    0.0  0.000      0      0      0      0      0
12/14/1990   2155      0   1692    463      0    299      0     32      0     67      0      0      0   0.00   0.00      0   0.00    1.8  0.051    0.0  0.000      0      0      0      0      0
12/15/1990   2198      0   1663    535      0    251      0     56      0     65      0      0      0   0.00   0.00      0   0.00    1.8  0.051    0.0  0.000      0      0      0      0      0
12/16/1990   2240      0   1626    614      0    204      0     84      0     60      0      0      0   0.00   0.00      0   0.00    1.8  0.051    0.0  0.000      0      0      0      0      0
12/17/1990   2267      0   1571    696      0    175      0     96      0     75      0      0      0   0.00   0.00      0   0.00    1.8  0.051    0.0  0.000      0      0      0      0      0
12/18/1990   2291      0   1525    766      0    158      0    107      0     90      0      0      0   0.00   0.00      0   0.00    1.7  0.051    0.0  0.000      0      0      0      0      0
12/19/1990   2321      0   1483    838      0    142      0    112      0    102      0      0      0   0.00   0.00      0   0.00    1.7  0.051    0.0  0.000      0      0      0      0      0
12/20/1990   2356      0   1432    924      0    127      0    118      0     84      0      0      0   0.00   0.00      0   0.00    1.7  0.051    0.0  0.000      0      0      0      0      0
12/21/1990   2375      0   1357   1018      0    132      0    127      0     47      0      0      0   0.00   0.00      0   0.00    1.7  0.051    0.0  0.000      0      0      0      0      0
12/22/1990   2383      0   1270   1113      0    135      0    147      0     12      0      0      0   0.00   0.00      0   0.00    1.7  0.051    0.0  0.000      0      0      0      0      0
12/23/1990   2390      0   1182   1208      0    146      0    137      0      0      0      0      0   0.00   0.00      0   0.00    1.7  0.051    0.0  0.000      0      0      0      0      0
12/24/1990   2397      0   1095   1302      0    158      0    114      0      0      0      0      0   0.00   0.00      0   0.00    1.7  0.051    0.0  0.000      0      0      0      0      0
12/25/1990   2400      0   1007   1393      0    181      0     84      0      9      0      0      0   0.00   0.00      0   0.00    1.7  0.051    0.0  0.000      0      0      0      0      0
12/26/1990   2399      0    932   1467      0    215      0     47      0     33      0      0      0   0.00   0.00      0   0.00    1.7  0.051    0.0  0.000      0      0      0      0      0
12/27/1990   2399      0    865   1534      0    246      0     12      0     68      0      0      0   0.00   0.00      0   0.00    1.7  0.051    0.0  0.000      0      0      0      0      0
12/28/1990   2395      0    786   1609      0    258      0      9      0    101      0      0      0   0.00   0.00      0   0.00    1.7  0.051    0.0  0.000      0      0      0      0      0
12/29/1990   2390      0    701   1689      0    258      0     33      0     95      0      0      0   0.00   0.00      0   0.00    1.7  0.051    0.0  0.000      0      0      0      0      0
12/30/1990   2388      0    623   1765      0    255      0     68      0     93      0      0      0   0.00   0.00      0   0.00    1.7  0.051    0.0  0.000      0      0      0      0      0
12/31/1990   2394      0    550   1844      0    244      0    110      0     85      0      0      0   0.00   0.00      0   0.00    1.6  0.051    0.0  0.000      0      0      0      0      0
