Varroa Population Simulation - Nov 23,2015  02:38:03 PM
VarroaPop Version 3.2.5.8  June, 2015

                                        Capped  Capped                                                                      Prop           Conc          Conc                                     
            Colony  Adult  Adult         Drone   Wkr    Drone  Wkr    Drone  Wkr  Free   DBrood WBrood DMite  WMite  Mites  Mites  Colony Pollen Colony Nectar   Dead   Dead   Dead   Dead   Dead
     Date   Size   Drones   Wkr   Forgrs Brood  Brood   Larv   Larv    Eggs  Eggs Mites  Mites  Mites  /Cell  /Cell  Dying  Dying  Pollen  Pest  Nectar  Pest    DLarv  WLarv  DAdlt  WAdlt  Forgrs
Initial     10000      0   6552   3448      0      0      0      0      0      0      0      0      0   0.00   0.00      0   0.00    0.0  0.000    0.0  0.000      0      0      0      0      0
08/01/1990   9688      0   6240   3448      0      0      0      0      5    249      0      0      0   0.00   0.00      0   0.00    0.1  0.000    0.0  0.000      0      0      0      0      0
08/02/1990   9376      0   5928   3448      0      0      0      0     10    498      0      0      0   0.00   0.00      0   0.00    0.2  0.000    0.0  0.000      0      0      0      0      0
08/03/1990   9064      0   5616   3448      0      0      0      0     15    746      0      0      0   0.00   0.00      0   0.00    0.3  0.000    0.0  0.000      0      0      0      0      0
08/04/1990   8752      0   5304   3448      0      0      5    249     15    746      0      0      0   0.00   0.00      0   0.00    0.5  0.000    0.0  0.000      0      0      0      0      0
08/05/1990   8440      0   4992   3448      0      0     10    498     15    753      0      0      0   0.00   0.00      0   0.00    0.6  0.000    0.0  0.000      0      0      0      0      0
08/06/1990   8128      0   4680   3448      0      0     15    746     15    762      0      0      0   0.00   0.00      0   0.00    0.7  0.000    0.0  0.000      0      0      0      0      0
08/07/1990   7816      0   4368   3448      0      0     20    995     15    770      0      0      0   0.00   0.00      0   0.00    0.8  0.000    0.0  0.000      0      0      0      0      0
08/08/1990   7504      0   4056   3448      0      0     25   1251     15    771      0      0      0   0.00   0.00      0   0.00    0.9  0.000    0.0  0.000      0      0      0      0      0
08/09/1990   7192      0   3744   3448      0    249     30   1259     15    770      0      0      0   0.00   0.00      0   0.00    1.1  0.000    0.0  0.000      0      0      0      0      0
08/10/1990   6880      0   3432   3448      0    498     35   1267     15    769      0      0      0   0.00   0.00      0   0.00    1.2  0.000    0.0  0.000      0      0      0      0      0
08/11/1990     22      0     22      0      5    746     15    859     15    769      0      0      0   0.00   0.00      0   0.00    1.3  1.926    0.0  0.000     19    417      0   3092   3431
08/12/1990     20      0     20      0      5    772     19   1082     10    513      0      0      0   0.00   0.00      0   0.00    1.3  1.926    0.0  0.000      1      7      0      0      2
08/13/1990     18      0     18      0      5    834     23   1276      5    257      0      0      0   0.00   0.00      0   0.00    1.3  1.926    0.0  0.000      1      0      0      0      2
08/14/1990     16      0     16      0      5   1084     27   1283      0      0      0      0      0   0.00   0.00      0   0.00    1.3  1.926    0.0  0.000      1      0      0      0      2
08/15/1990     14      0     14      0      5   1341     26   1026      0      0      0      0      0   0.00   0.00      0   0.00    1.3  1.926    0.0  0.000      1      0      0      0      2
08/16/1990     12      0     12      0      9   1598     21    769      0      0      0      0      0   0.00   0.00      0   0.00    1.3  1.926    0.0  0.000      1      0      0      0      2
08/17/1990     10      0     10      0     13   1854     17    513      0      0      0      0      0   0.00   0.00      0   0.00    1.3  1.926    0.0  0.000      0      0      0      0      2
08/18/1990      8      0      8      0     17   2110     13    257      0      0      0      0      0   0.00   0.00      0   0.00    1.3  1.926    0.0  0.000      0      0      0      0      2
08/19/1990      8      0      6      2     21   2367      9      0      0      0      0      0      0   0.00   0.00      0   0.00    1.3  1.926    0.0  0.000      0      0      0      0      0
08/20/1990      8      0      4      4     25   2367      5      0      0      0      0      0      0   0.00   0.00      0   0.00    1.3  1.926    0.0  0.000      0      0      0      0      0
08/21/1990      8      0      2      6     30   2367      0      0      0      0      0      0      0   0.00   0.00      0   0.00    1.3  1.926    0.0  0.000      0      0      0      0      0
08/22/1990    257      0    249      8     30   2118      0      0      0      0      0      0      0   0.00   0.00      0   0.00    1.3  1.926    0.0  0.000      0      0      0      0      0
08/23/1990    506      0    498      8     30   1869      0      0      0      0      0      0      0   0.00   0.00      0   0.00    1.3  1.926    0.0  0.000      0      0      0      0      0
08/24/1990    754      0    746      8     30   1621      0      0      0      0      0      0      0   0.00   0.00      0   0.00    1.3  1.926    0.0  0.000      0      0      0      0      0
08/25/1990    785      5    772      8     25   1595      0      0      0      0      0      0      0   0.00   0.00      0   0.00    1.3  1.926    0.0  0.000      0      0      0      0      0
08/26/1990    847      5    834      8     25   1533      0      0      0      0      0      0      0   0.00   0.00      0   0.00    1.3  1.926    0.0  0.000      0      0      0      0      0
08/27/1990   1097      5   1084      8     25   1283      0      0      0      0      0      0      0   0.00   0.00      0   0.00    1.3  1.926    0.0  0.000      0      0      0      0      0
08/28/1990   1354      5   1341      8     25   1026      0      0      0      0      0      0      0   0.00   0.00      0   0.00    1.3  1.926    0.0  0.000      0      0      0      0      0
08/29/1990   1611      5   1598      8     25    769      0      0      0      0      0      0      0   0.00   0.00      0   0.00    1.3  1.926    0.0  0.000      0      0      0      0      0
08/30/1990   1869      9   1854      6     21    513      0      0      0      0      0      0      0   0.00   0.00      0   0.00    1.3  1.925    0.0  0.000      0      0      0      0      0
08/31/1990   2127     13   2110      4     17    257      0      0      0      0      0      0      0   0.00   0.00      0   0.00    1.3  1.925    0.0  0.000      0      0      0      0      0
09/01/1990   2386     17   2367      2     13      0      0      0      0      0      0      0      0   0.00   0.00      0   0.00    1.2  1.925    0.0  0.000      0      0      0      0      0
09/02/1990   2390     21   2367      2      9      0      0      0      0      0      0      0      0   0.00   0.00      0   0.00    1.2  1.925    0.0  0.000      0      0      0      0      0
09/03/1990   2392     25   2367      0      5      0      0      0      0      0      0      0      0   0.00   0.00      0   0.00    1.2  1.925    0.0  0.000      0      0      0      0      0
09/04/1990   2397     30   2367      0      0      0      0      0      0      0      0      0      0   0.00   0.00      0   0.00    1.2  1.924    0.0  0.000      0      0      0      0      0
09/05/1990   2397     30   2367      0      0      0      0      0      0      0      0      0      0   0.00   0.00      0   0.00    1.2  1.924    0.0  0.000      0      0      0      0      0
09/06/1990   2397     30   2367      0      0      0      0      0      0      0      0      0      0   0.00   0.00      0   0.00    1.2  1.924    0.0  0.000      0      0      0      0      0
09/07/1990   2397     30   2367      0      0      0      0      0      0      0      0      0      0   0.00   0.00      0   0.00    1.2  1.923    0.0  0.000      0      0      0      0      0
09/08/1990   2397     30   2367      0      0      0      0      0      0      0      0      0      0   0.00   0.00      0   0.00    1.1  1.923    0.0  0.000      0      0      0      0      0
09/09/1990   2397     30   2367      0      0      0      0      0      0      0      0      0      0   0.00   0.00      0   0.00    1.1  1.922    0.0  0.000      0      0      0      0      0
09/10/1990   2397     30   2367      0      0      0      0      0      0      0      0      0      0   0.00   0.00      0   0.00    1.1  1.922    0.0  0.000      0      0      0      0      0
09/11/1990   2397     30   2367      0      0      0      0      0      0      0      0      0      0   0.00   0.00      0   0.00    1.1  1.921    0.0  0.000      0      0      0      0      0
09/12/1990   2397     30   2118    249      0      0      0      0      0      0      0      0      0   0.00   0.00      0   0.00    1.1  1.921    0.0  0.000      0      0      0      0      0
09/13/1990   2397     30   1869    498      0      0      0      0      0     35      0      0      0   0.00   0.00      0   0.00    1.1  1.907    0.0  0.000      0      0      0      0      0
09/14/1990   2397     30   1621    746      0      0      0      0      0     94      0      0      0   0.00   0.00      0   0.00    1.1  1.874    0.0  0.000      0      0      0      0      0
09/15/1990   2392     25   1595    772      0      0      0      0      0    176      0      0      0   0.00   0.00      0   0.00    1.1  1.839    0.0  0.000      0      0      0      0      0
09/16/1990   2392     25   1533    834      0      0      0     35      0    225      0      0      0   0.00   0.00      0   0.00    1.1  1.797    0.0  0.000      0      0      0      0      0
09/17/1990   2392     25   1283   1084      0      0      0     94      1    256      0      0      0   0.00   0.00      0   0.00    1.2  1.737    0.0  0.000      0      0      0      0      0
09/18/1990   2392     25   1026   1341      0      0      0    176      2    282      0      0      0   0.00   0.00      0   0.00    1.2  1.663    0.0  0.000      0      0      0      0      0
09/19/1990   2392     25    769   1598      0      0      0    260      3    322      0      0      0   0.00   0.00      0   0.00    1.3  1.577    0.0  0.000      0      0      0      0      0
09/20/1990   2388     21    513   1854      0      0      1    350      4    379      0      0      0   0.00   0.00      0   0.00    1.4  1.486    0.0  0.000      0      0      0      0      0
09/21/1990   2384     17    257   2110      0     35      2    423      5    434      0      0      0   0.00   0.00      0   0.00    1.5  1.391    0.0  0.000      0      0      0      0      0
09/22/1990   2380     13      0   2367      0     94      3    488      7    474      0      0      0   0.00   0.00      0   0.00    1.6  1.298    0.0  0.000      0      0      0      0      0
09/23/1990   2127      9      0   2118      0    176      5    553      8    493      0      0      0   0.00   0.00      0   0.00    1.7  1.225    0.0  0.000      0      0      0      0      0
09/24/1990   1874      5      0   1869      0    260      7    632      9    494      0      0      0   0.00   0.00      0   0.00    1.8  1.167    0.0  0.000      0      0      0      0      0
09/25/1990   1621      0      0   1621      0    350     10    706      8    482      0      0      0   0.00   0.00      0   0.00    1.8  1.121    0.0  0.000      0      0      0      0      0
09/26/1990   1595      0      0   1595      0    458     13    764      7    453      0      0      0   0.00   0.00      0   0.00    1.9  1.080    0.0  0.000      0      0      0      0      0
09/27/1990   1533      0      0   1533      1    582     15    804      6    425      0      0      0   0.00   0.00      0   0.00    2.0  1.043    0.0  0.000      0      0      0      0      0
09/28/1990   1283      0      0   1283      2    729     16    809      6    409      0      0      0   0.00   0.00      0   0.00    2.0  1.013    0.0  0.000      0      0      0      0      0
09/29/1990   1026      0      0   1026      3    892     17    783      6    398      0      0      0   0.00   0.00      0   0.00    2.1  0.991    0.0  0.000      0      0      0      0      0
09/30/1990    769      0      0    769      5   1056     17    755      5    374      0      0      0   0.00   0.00      0   0.00    2.1  0.976    0.0  0.000      0      0      0      0      0
10/01/1990    513      0      0    513      7   1222     17    725      4    328      0      0      0   0.00   0.00      0   0.00    2.1  0.966    0.0  0.000      0      0      0      0      0
10/02/1990    257      0      0    257     10   1386     16    687      2    264      0      0      0   0.00   0.00      0   0.00    2.1  0.961    0.0  0.000      0      0      0      0      0
10/03/1990      0      0      0      0     13   1538     14    647      1    152      0      0      0   0.00   0.00      0   0.00    2.1  0.961    0.0  0.000      0      0      0      0      0
10/04/1990     35      0     35      0     16   1640     12    600      0     62      0      0      0   0.00   0.00      0   0.00    2.1  0.961    0.0  0.000      0      0      0      0      0
10/05/1990     94      0     94      0     18   1717     10    526      0      0      0      0      0   0.00   0.00      0   0.00    2.1  0.961    0.0  0.000      0      0      0      0      0
10/06/1990    176      0    176      0     20   1771      8    390      0      0      0      0      0   0.00   0.00      0   0.00    2.1  0.961    0.0  0.000      0      0      0      0      0
10/07/1990    260      0    260      0     22   1813      6    264      0      0      0      0      0   0.00   0.00      0   0.00    2.1  0.961    0.0  0.000      0      0      0      0      0
10/08/1990    350      0    350      0     24   1835      4    152      0      0      0      0      0   0.00   0.00      0   0.00    2.1  0.961    0.0  0.000      0      0      0      0      0
10/09/1990    458      0    458      0     26   1817      2     62      0      0      0      0      0   0.00   0.00      0   0.00    2.1  0.961    0.0  0.000      0      0      0      0      0
10/10/1990    582      0    582      0     27   1755      1      0      0      0      0      0      0   0.00   0.00      0   0.00    2.1  0.961    0.0  0.000      0      0      0      0      0
10/11/1990    730      1    729      0     27   1608      0      0      0      0      0      0      0   0.00   0.00      0   0.00    2.1  0.961    0.0  0.000      0      0      0      0      0
10/12/1990    894      2    892      0     26   1445      0      0      0      0      0      0      0   0.00   0.00      0   0.00    2.1  0.961    0.0  0.000      0      0      0      0      0
10/13/1990   1059      3   1056      0     25   1281      0      0      0      0      0      0      0   0.00   0.00      0   0.00    2.1  0.961    0.0  0.000      0      0      0      0      0
10/14/1990   1227      5   1222      0     23   1115      0      0      0      0      0      0      0   0.00   0.00      0   0.00    2.1  0.961    0.0  0.000      0      0      0      0      0
10/15/1990   1393      7   1386      0     21    951      0      0      0      0      0      0      0   0.00   0.00      0   0.00    2.1  0.961    0.0  0.000      0      0      0      0      0
10/16/1990   1548     10   1538      0     18    799      0      0      0      0      0      0      0   0.00   0.00      0   0.00    2.1  0.961    0.0  0.000      0      0      0      0      0
10/17/1990   1688     13   1675      0     15    662      0      0      0      0      0      0      0   0.00   0.00      0   0.00    2.1  0.961    0.0  0.000      0      0      0      0      0
10/18/1990   1827     16   1811      0     12    526      0      0      0      0      0      0      0   0.00   0.00      0   0.00    2.1  0.961    0.0  0.000      0      0      0      0      0
10/19/1990   1965     18   1947      0     10    390      0      0      0      0      0      0      0   0.00   0.00      0   0.00    2.1  0.961    0.0  0.000      0      0      0      0      0
10/20/1990   2093     20   2073      0      8    264      0      0      0      0      0      0      0   0.00   0.00      0   0.00    2.1  0.961    0.0  0.000      0      0      0      0      0
10/21/1990   2207     22   2185      0      6    152      0      0      0      0      0      0      0   0.00   0.00      0   0.00    2.0  0.961    0.0  0.000      0      0      0      0      0
10/22/1990   2299     24   2275      0      4     62      0      0      0      0      0      0      0   0.00   0.00      0   0.00    2.0  0.961    0.0  0.000      0      0      0      0      0
10/23/1990   2363     26   2337      0      2      0      0      0      0      0      0      0      0   0.00   0.00      0   0.00    2.0  0.960    0.0  0.000      0      0      0      0      0
10/24/1990   2364     27   2337      0      1      0      0      0      0      0      0      0      0   0.00   0.00      0   0.00    2.0  0.960    0.0  0.000      0      0      0      0      0
10/25/1990   2365     28   2302     35      0      0      0      0      0      0      0      0      0   0.00   0.00      0   0.00    2.0  0.960    0.0  0.000      0      0      0      0      0
10/26/1990   2365     28   2243     94      0      0      0      0      0      4      0      0      0   0.00   0.00      0   0.00    2.0  0.960    0.0  0.000      0      0      0      0      0
10/27/1990   2365     28   2161    176      0      0      0      0      0     15      0      0      0   0.00   0.00      0   0.00    2.0  0.960    0.0  0.000      0      0      0      0      0
10/28/1990   2365     28   2077    260      0      0      0      0      0     35      0      0      0   0.00   0.00      0   0.00    2.0  0.960    0.0  0.000      0      0      0      0      0
10/29/1990   2365     28   1987    350      0      0      0      4      0     59      0      0      0   0.00   0.00      0   0.00    2.0  0.960    0.0  0.000      0      0      0      0      0
10/30/1990   2365     28   1879    458      0      0      0     15      0     82      0      0      0   0.00   0.00      0   0.00    2.0  0.957    0.0  0.000      0      0      0      0      0
10/31/1990   2365     28   1755    582      0      0      0     35      0    103      0      0      0   0.00   0.00      0   0.00    2.0  0.951    0.0  0.000      0      0      0      0      0
11/01/1990   2356     27   1608    721      0      0      0     63      0    115      0      0      0   0.00   0.00      0   0.00    2.0  0.942    0.0  0.000      0      0      0      0      0
11/02/1990   2346     26   1445    875      0      0      0     97      0    126      0      0      0   0.00   0.00      0   0.00    2.0  0.929    0.0  0.000      0      0      0      0      0
11/03/1990   2335     25   1281   1029      0      4      0    134      0    141      0      0      0   0.00   0.00      0   0.00    2.1  0.913    0.0  0.000      0      0      0      0      0
11/04/1990   2322     23   1115   1184      0     15      0    163      0    170      0      0      0   0.00   0.00      0   0.00    2.1  0.893    0.0  0.000      0      0      0      0      0
11/05/1990   2278     21    951   1306      0     35      0    188      1    203      0      0      0   0.00   0.00      0   0.00    2.2  0.872    0.0  0.000      0      0      0      0      0
11/06/1990   2210     18    799   1393      0     63      0    216      1    218      0      0      0   0.00   0.00      0   0.00    2.2  0.850    0.0  0.000      0      0      0      0      0
11/07/1990   2120     15    662   1443      0     97      0    251      1    222      0      0      0   0.00   0.00      0   0.00    2.3  0.827    0.0  0.000      0      0      0      0      0
11/08/1990   2029     12    526   1491      0    138      1    288      1    229      0      0      0   0.00   0.00      0   0.00    2.3  0.805    0.0  0.000      0      0      0      0      0
11/09/1990   1934     10    390   1534      0    178      1    319      2    248      0      0      0   0.00   0.00      0   0.00    2.4  0.782    0.0  0.000      0      0      0      0      0
11/10/1990   1822      8    264   1550      0    223      1    347      3    270      0      0      0   0.00   0.00      0   0.00    2.5  0.761    0.0  0.000      0      0      0      0      0
11/11/1990   1695      6    152   1537      0    279      2    376      3    284      0      0      0   0.00   0.00      0   0.00    2.5  0.740    0.0  0.000      0      0      0      0      0
11/12/1990   1546      4     62   1480      0    348      3    397      3    297      0      0      0   0.00   0.00      0   0.00    2.6  0.722    0.0  0.000      0      0      0      0      0
11/13/1990   1381      2      0   1379      0    426      4    414      3    306      0      0      0   0.00   0.00      0   0.00    2.7  0.705    0.0  0.000      0      0      0      0      0
11/14/1990   1217      1      0   1216      0    497      5    442      3    293      0      0      0   0.00   0.00      0   0.00    2.7  0.691    0.0  0.000      0      0      0      0      0
11/15/1990   1052      0      0   1052      1    570      5    472      3    264      0      0      0   0.00   0.00      0   0.00    2.8  0.679    0.0  0.000      0      0      0      0      0
11/16/1990    895      0      4    891      1    651      6    491      3    234      0      0      0   0.00   0.00      0   0.00    2.8  0.669    0.0  0.000      0      0      0      0      0
11/17/1990    758      0     15    743      1    730      7    487      2    217      0      0      0   0.00   0.00      0   0.00    2.8  0.662    0.0  0.000      0      0      0      0      0
11/18/1990    646      0     35    611      2    805      7    466      1    199      0      0      0   0.00   0.00      0   0.00    2.9  0.656    0.0  0.000      0      0      0      0      0
11/19/1990    544      0     63    481      3    876      7    441      0    174      0      0      0   0.00   0.00      0   0.00    2.9  0.651    0.0  0.000      0      0      0      0      0
11/20/1990    573      0     97    476      4    945      6    407      0    135      0      0      0   0.00   0.00      0   0.00    2.9  0.646    0.0  0.000      0      0      0      0      0
11/21/1990    486      0    138    348      5   1008      5    359      0    105      0      0      0   0.00   0.00      0   0.00    2.9  0.643    0.0  0.000      0      0      0      0      0
11/22/1990    309      0    178    131      6   1054      4    322      0     77      0      0      0   0.00   0.00      0   0.00    2.9  0.642    0.0  0.000      0      0      0      0      0
11/23/1990    274      0    223     51      7   1083      3    278      0     55      0      0      0   0.00   0.00      0   0.00    2.9  0.642    0.0  0.000      0      0      0      0      0
11/24/1990    279      0    279      0      8   1101      2    230      0     32      0      0      0   0.00   0.00      0   0.00    2.9  0.642    0.0  0.000      0      0      0      0      0
11/25/1990    348      0    348      0      9   1101      1    182      0     11      0      0      0   0.00   0.00      0   0.00    2.9  0.642    0.0  0.000      0      0      0      0      0
11/26/1990    426      0    426      0     10   1079      0    134      0      3      0      0      0   0.00   0.00      0   0.00    2.9  0.642    0.0  0.000      0      0      0      0      0
11/27/1990    497      0    497      0     10   1057      0     88      0      0      0      0      0   0.00   0.00      0   0.00    2.9  0.642    0.0  0.000      0      0      0      0      0
11/28/1990    570      0    570      0     10   1014      0     58      0      0      0      0      0   0.00   0.00      0   0.00    2.9  0.642    0.0  0.000      0      0      0      0      0
11/29/1990    656      1    655      0      9    955      0     32      0      0      0      0      0   0.00   0.00      0   0.00    2.9  0.642    0.0  0.000      0      0      0      0      0
11/30/1990    746      1    745      0      9    886      0     11      0      0      0      0      0   0.00   0.00      0   0.00    2.9  0.642    0.0  0.000      0      0      0      0      0
12/01/1990    841      1    840      0      9    799      0      3      0      0      0      0      0   0.00   0.00      0   0.00    2.9  0.642    0.0  0.000      0      0      0      0      0
12/02/1990    941      2    939      0      8    703      0      0      0      0      0      0      0   0.00   0.00      0   0.00    2.9  0.642    0.0  0.000      0      0      0      0      0
12/03/1990   1045      3   1042      0      7    600      0      0      0      0      0      0      0   0.00   0.00      0   0.00    2.9  0.642    0.0  0.000      0      0      0      0      0
12/04/1990   1150      4   1146      0      6    496      0      0      0      0      0      0      0   0.00   0.00      0   0.00    2.9  0.642    0.0  0.000      0      0      0      0      0
12/05/1990   1237      5   1232      0      5    410      0      0      0      0      0      0      0   0.00   0.00      0   0.00    2.9  0.642    0.0  0.000      0      0      0      0      0
12/06/1990   1312      6   1306      0      4    336      0      0      0      0      0      0      0   0.00   0.00      0   0.00    2.9  0.642    0.0  0.000      0      0      0      0      0
12/07/1990   1386      7   1376      3      3    262      0      0      0      0      0      0      0   0.00   0.00      0   0.00    2.9  0.642    0.0  0.000      0      0      0      0      0
12/08/1990   1454      8   1434     12      2    193      0      0      0      0      0      0      0   0.00   0.00      0   0.00    2.8  0.642    0.0  0.000      0      0      0      0      0
12/09/1990   1508      9   1470     29      1    137      0      0      0      0      0      0      0   0.00   0.00      0   0.00    2.8  0.642    0.0  0.000      0      0      0      0      0
12/10/1990   1554     10   1491     53      0     88      0      0      0      2      0      0      0   0.00   0.00      0   0.00    2.8  0.642    0.0  0.000      0      0      0      0      0
12/11/1990   1580     10   1487     83      0     58      0      0      0      6      0      0      0   0.00   0.00      0   0.00    2.8  0.642    0.0  0.000      0      0      0      0      0
12/12/1990   1602     10   1472    120      0     32      0      0      0     11      0      0      0   0.00   0.00      0   0.00    2.8  0.642    0.0  0.000      0      0      0      0      0
12/13/1990   1619     10   1453    156      0     11      0      2      0     16      0      0      0   0.00   0.00      0   0.00    2.8  0.642    0.0  0.000      0      0      0      0      0
12/14/1990   1623     10   1416    197      0      3      0      6      0     16      0      0      0   0.00   0.00      0   0.00    2.8  0.642    0.0  0.000      0      0      0      0      0
12/15/1990   1622     10   1363    249      0      0      0     11      0     17      0      0      0   0.00   0.00      0   0.00    2.8  0.642    0.0  0.000      0      0      0      0      0
12/16/1990   1618     10   1294    314      0      0      0     18      0     17      0      0      0   0.00   0.00      0   0.00    2.8  0.642    0.0  0.000      0      0      0      0      0
12/17/1990   1614     10   1216    388      0      0      0     22      0     24      0      0      0   0.00   0.00      0   0.00    2.8  0.642    0.0  0.000      0      0      0      0      0
12/18/1990   1610     10   1145    455      0      2      0     26      0     33      0      0      0   0.00   0.00      0   0.00    2.8  0.642    0.0  0.000      0      0      0      0      0
12/19/1990   1607     10   1072    525      0      6      0     29      0     41      0      0      0   0.00   0.00      0   0.00    2.8  0.642    0.0  0.000      0      0      0      0      0
12/20/1990   1603      9    987    607      0     11      0     35      0     35      0      0      0   0.00   0.00      0   0.00    2.7  0.642    0.0  0.000      0      0      0      0      0
12/21/1990   1600      9    897    694      0     18      0     43      0     20      0      0      0   0.00   0.00      0   0.00    2.7  0.642    0.0  0.000      0      0      0      0      0
12/22/1990   1597      9    802    786      0     22      0     54      0      5      0      0      0   0.00   0.00      0   0.00    2.7  0.642    0.0  0.000      0      0      0      0      0
12/23/1990   1593      8    703    882      0     28      0     53      0      0      0      0      0   0.00   0.00      0   0.00    2.7  0.642    0.0  0.000      0      0      0      0      0
12/24/1990   1589      7    600    982      0     35      0     46      0      0      0      0      0   0.00   0.00      0   0.00    2.7  0.642    0.0  0.000      0      0      0      0      0
12/25/1990   1585      6    496   1083      0     46      0     35      0      5      0      0      0   0.00   0.00      0   0.00    2.7  0.642    0.0  0.000      0      0      0      0      0
12/26/1990   1581      5    410   1166      0     61      0     20      0     18      0      0      0   0.00   0.00      0   0.00    2.7  0.642    0.0  0.000      0      0      0      0      0
12/27/1990   1577      4    336   1237      0     76      0      5      0     38      0      0      0   0.00   0.00      0   0.00    2.7  0.642    0.0  0.000      0      0      0      0      0
12/28/1990   1573      3    262   1308      0     81      0      5      0     57      0      0      0   0.00   0.00      0   0.00    2.7  0.642    0.0  0.000      0      0      0      0      0
12/29/1990   1570      2    193   1375      0     81      0     18      0     55      0      0      0   0.00   0.00      0   0.00    2.7  0.642    0.0  0.000      0      0      0      0      0
12/30/1990   1567      1    137   1429      0     81      0     38      0     53      0      0      0   0.00   0.00      0   0.00    2.7  0.642    0.0  0.000      0      0      0      0      0
12/31/1990   1566      0     90   1476      0     79      0     62      0     49      0      0      0   0.00   0.00      0   0.00    2.7  0.642    0.0  0.000      0      0      0      0      0
