Varroa Population Simulation - Nov 24,2015  04:09:52 PM
VarroaPop Version 3.2.5.8  June, 2015

                                        Capped  Capped                                                                      Prop           Conc          Conc                                     
            Colony  Adult  Adult         Drone   Wkr    Drone  Wkr    Drone  Wkr  Free   DBrood WBrood DMite  WMite  Mites  Mites  Colony Pollen Colony Nectar   Dead   Dead   Dead   Dead   Dead
     Date   Size   Drones   Wkr   Forgrs Brood  Brood   Larv   Larv    Eggs  Eggs Mites  Mites  Mites  /Cell  /Cell  Dying  Dying  Pollen  Pest  Nectar  Pest    DLarv  WLarv  DAdlt  WAdlt  Forgrs
Initial     10000      0   6363   3637      0      0      0      0      0      0      0      0      0   0.00   0.00      0   0.00    0.0  0.000    0.0  0.000      0      0      0      0      0
05/01/1990   9697      0   6060   3637      0      0      0      0      4    201      0      0      0   0.00   0.00      0   0.00    0.1  0.000    0.0  0.000      0      0      0      0      0
05/02/1990   9394      0   5757   3637      0      0      0      0      8    418      0      0      0   0.00   0.00      0   0.00    0.2  0.000    0.0  0.000      0      0      0      0      0
05/03/1990   9091      0   5454   3637      0      0      0      0     13    654      0      0      0   0.00   0.00      0   0.00    0.4  0.000    0.0  0.000      0      0      0      0      0
05/04/1990   8788      0   5151   3637      0      0      4    201     14    699      0      0      0   0.00   0.00      0   0.00    0.5  0.000    0.0  0.000      0      0      0      0      0
05/05/1990   8485      0   4848   3637      0      0      8    418     15    733      0      0      0   0.00   0.00      0   0.00    0.6  0.000    0.0  0.000      0      0      0      0      0
05/06/1990   8182      0   4545   3637      0      0     13    654     15    743      0      0      0   0.00   0.00      0   0.00    0.8  0.000    0.0  0.000      0      0      0      0      0
05/07/1990   7879      0   4242   3637      0      0     18    900     15    725      0      0      0   0.00   0.00      0   0.00    0.9  0.000    0.0  0.000      0      0      0      0      0
05/08/1990   7576      0   3939   3637      0      0     23   1151     15    699      0      0      0   0.00   0.00      0   0.00    1.0  0.000    0.0  0.000      0      0      0      0      0
05/09/1990   7273      0   3636   3637      0    201     28   1196     14    661      0      0      0   0.00   0.00      0   0.00    1.2  0.000    0.0  0.000      0      0      0      0      0
05/10/1990   6970      0   3333   3637      0    418     33   1207     13    611      0      0      0   0.00   0.00      0   0.00    1.3  0.000    0.0  0.000      0      0      0      0      0
05/11/1990   6667      0   3030   3637      4    654     34   1196     12    583      0      0      0   0.00   0.00      0   0.00    1.4  0.000    0.0  0.000      0      0      0      0      0
05/12/1990   6363      0   2727   3636      8    900     34   1158     12    579      0      0      0   0.00   0.00      0   0.00    1.6  0.000    0.0  0.000      0      0      0      0      0
05/13/1990   6060      0   2424   3636     13   1151     33   1085     13    608      0      0      0   0.00   0.00      0   0.00    1.7  0.000    0.0  0.000      0      0      0      0      0
05/14/1990   5757      0   2121   3636     18   1397     32   1036     14    617      0      0      0   0.00   0.00      0   0.00    1.9  0.000    0.0  0.000      0      0      0      0      0
05/15/1990   5454      0   1818   3636     23   1625     31   1012     14    611      0      0      0   0.00   0.00      0   0.00    2.0  0.000    0.0  0.000      0      0      0      0      0
05/16/1990   5151      0   1515   3636     28   1850     31    994     14    626      0      0      0   0.00   0.00      0   0.00    2.2  0.000    0.0  0.000      0      0      0      0      0
05/17/1990   4848      0   1212   3636     33   2058     31    992     14    628      0      0      0   0.00   0.00      0   0.00    2.3  0.000    0.0  0.000      0      0      0      0      0
05/18/1990   4545      0    909   3636     38   2236     30   1012     14    616      0      0      0   0.00   0.00      0   0.00    2.5  0.000    0.0  0.000      0      0      0      0      0
05/19/1990   4242      0    606   3636     42   2433     31   1037     13    575      0      0      0   0.00   0.00      0   0.00    2.6  0.000    0.0  0.000      0      0      0      0      0
05/20/1990   3939      0    303   3636     46   2637     32   1041     13    571      0      0      0   0.00   0.00      0   0.00    2.8  0.000    0.0  0.000      0      0      0      0      0
05/21/1990   3636      0      0   3636     50   2844     32   1020     14    600      0      0      0   0.00   0.00      0   0.00    3.0  0.000    0.0  0.000      0      0      0      0      0
05/22/1990   3534      0    201   3333     54   2849     32    995     15    638      0      0      0   0.00   0.00      0   0.00    3.1  0.000    0.0  0.000      0      0      0      0      0
05/23/1990   3751      0    418   3333     59   2830     32   1001     14    607      0      0      0   0.00   0.00      0   0.00    3.1  0.000    0.0  0.000      0      0      0      0      0
05/24/1990   3684      0    654   3030     64   2816     32    994     13    563      0      0      0   0.00   0.00      0   0.00    3.2  0.000    0.0  0.000      0      0      0      0      0
05/25/1990   3631      4    900   2727     64   2778     33   1005     12    528      0      0      0   0.00   0.00      0   0.00    3.3  0.000    0.0  0.000      0      0      0      0      0
05/26/1990   3583      8   1151   2424     65   2713     32    992     12    532      0      0      0   0.00   0.00      0   0.00    3.4  0.000    0.0  0.000      0      0      0      0      0
05/27/1990   3834     13   1397   2424     65   2648     31    982     11    507      0      0      0   0.00   0.00      0   0.00    3.4  0.000    0.0  0.000      0      0      0      0      0
05/28/1990   4067     18   1625   2424     64   2624     31    962     10    466      0      0      0   0.00   0.00      0   0.00    3.4  0.000    0.0  0.000      0      0      0      0      0
05/29/1990   3994     23   1850   2121     63   2614     31    924      9    443      0      0      0   0.00   0.00      0   0.00    3.5  0.000    0.0  0.000      0      0      0      0      0
05/30/1990   3904     28   2058   1818     63   2625     29    851      9    443      0      0      0   0.00   0.00      0   0.00    3.6  0.000    0.0  0.000      0      0      0      0      0
05/31/1990   3784     33   2236   1515     63   2620     27    821      8    426      0      0      0   0.00   0.00      0   0.00    3.6  0.000    0.0  0.000      0      0      0      0      0
06/01/1990   3683     38   2433   1212     63   2594     25    804      7    388      0      0      0   0.00   0.00      0   0.00    3.7  0.000    0.0  0.000      0      0      0      0      0
06/02/1990   3588     42   2637    909     63   2574     24    766      6    356      0      0      0   0.00   0.00      0   0.00    3.7  0.000    0.0  0.000      0      0      0      0      0
06/03/1990   3496     46   2844    606     63   2544     22    715      5    327      0      0      0   0.00   0.00      0   0.00    3.7  0.000    0.0  0.000      0      0      0      0      0
06/04/1990   3403     50   3050    303     63   2484     20    685      3    283      0      0      0   0.00   0.00      0   0.00    3.7  0.000    0.0  0.000      0      0      0      0      0
06/05/1990   3302     54   3248      0     63   2429     18    656      1    208      0      0      0   0.00   0.00      0   0.00    3.7  0.000    0.0  0.000      0      0      0      0      0
06/06/1990   3529     59   3470      0     61   2361     16    599      0    111      0      0      0   0.00   0.00      0   0.00    3.7  0.000    0.0  0.000      0      0      0      0      0
06/07/1990   3742     64   3678      0     59   2299     13    525      0     39      0      0      0   0.00   0.00      0   0.00    3.6  0.000    0.0  0.000      0      0      0      0      0
06/08/1990   3932     68   3864      0     58   2239     10    438      0      0      0      0      0   0.00   0.00      0   0.00    3.6  0.000    0.0  0.000      0      0      0      0      0
06/09/1990   4118     73   4045      0     56   2174      7    322      0      0      0      0      0   0.00   0.00      0   0.00    3.6  0.000    0.0  0.000      0      0      0      0      0
06/10/1990   4327     78   4249      0     53   2084      5    208      0      0      0      0      0   0.00   0.00      0   0.00    3.6  0.000    0.0  0.000      0      0      0      0      0
06/11/1990   4546     82   4464      0     51   1966      3    111      0      0      0      0      0   0.00   0.00      0   0.00    3.5  0.000    0.0  0.000      0      0      0      0      0
06/12/1990   4769     86   4482    201     49   1819      1     39      0      0      0      0      0   0.00   0.00      0   0.00    3.5  0.000    0.0  0.000      0      0      0      0      0
06/13/1990   4947     91   4438    418     45   1685      0      0      0     25      0      0      0   0.00   0.00      0   0.00    3.5  0.000    0.0  0.000      0      0      0      0      0
06/14/1990   5123     96   4373    654     40   1514      0      0      0     70      0      0      0   0.00   0.00      0   0.00    3.5  0.000    0.0  0.000      0      0      0      0      0
06/15/1990   5308     97   4311    900     35   1330      0      0      0    139      0      0      0   0.00   0.00      0   0.00    3.5  0.000    0.0  0.000      0      0      0      0      0
06/16/1990   5485     97   4237   1151     31   1153      0     25      1    208      0      0      0   0.00   0.00      0   0.00    3.5  0.000    0.0  0.000      0      0      0      0      0
06/17/1990   5630     96   4137   1397     27   1007      0     70      3    282      0      0      0   0.00   0.00      0   0.00    3.6  0.000    0.0  0.000      0      0      0      0      0
06/18/1990   5772     95   4052   1625     23    864      0    139      5    343      0      0      0   0.00   0.00      0   0.00    3.6  0.000    0.0  0.000      0      0      0      0      0
06/19/1990   5925     94   3981   1850     19    710      1    233      7    402      0      0      0   0.00   0.00      0   0.00    3.7  0.000    0.0  0.000      0      0      0      0      0
06/20/1990   6069     92   3919   2058     16    564      3    352      9    463      0      0      0   0.00   0.00      0   0.00    3.7  0.000    0.0  0.000      0      0      0      0      0
06/21/1990   6193     90   3867   2236     13    463      5    457     11    525      0      0      0   0.00   0.00      0   0.00    3.8  0.000    0.0  0.000      0      0      0      0      0
06/22/1990   6307     88   3786   2433     10    392      8    565     13    559      0      0      0   0.00   0.00      0   0.00    3.9  0.000    0.0  0.000      0      0      0      0      0
06/23/1990   6420     87   3696   2637      7    347     12    676     14    576      0      0      0   0.00   0.00      0   0.00    4.0  0.000    0.0  0.000      0      0      0      0      0
06/24/1990   6314     85   3586   2643      5    344     16    774     15    593      0      0      0   0.00   0.00      0   0.00    4.1  0.000    0.0  0.000      0      0      0      0      0
06/25/1990   6167     83   3452   2632      3    391     21    842     15    615      0      0      0   0.00   0.00      0   0.00    4.2  0.000    0.0  0.000      0      0      0      0      0
06/26/1990   5968     81   3293   2594      2    482     25    909     15    629      0      0      0   0.00   0.00      0   0.00    4.3  0.000    0.0  0.000      0      0      0      0      0
06/27/1990   5718     77   3071   2570      3    635     28    965     15    625      0      0      0   0.00   0.00      0   0.00    4.3  0.000    0.0  0.000      0      0      0      0      0
06/28/1990   5462     72   2863   2527      5    815     31    994     15    617      0      0      0   0.00   0.00      0   0.00    4.4  0.000    0.0  0.000      0      0      0      0      0
06/29/1990   5212     68   2677   2467      8   1007     33   1013     15    615      0      0      0   0.00   0.00      0   0.00    4.5  0.000    0.0  0.000      0      0      0      0      0
06/30/1990   4979     63   2496   2420     12   1194     34   1031     15    618      0      0      0   0.00   0.00      0   0.00    4.6  0.000    0.0  0.000      0      0      0      0      0
07/01/1990   4749     58   2292   2399     16   1391     35   1035     15    622      0      0      0   0.00   0.00      0   0.00    4.7  0.000    0.0  0.000      0      0      0      0      0
07/02/1990   4537     54   2077   2406     21   1600     35   1035     15    609      0      0      0   0.00   0.00      0   0.00    4.8  0.000    0.0  0.000      0      0      0      0      0
07/03/1990   4355     50   1858   2447     26   1809     35   1034     15    595      0      0      0   0.00   0.00      0   0.00    4.9  0.000    0.0  0.000      0      0      0      0      0
07/04/1990   4178     45   1710   2423     31   1995     35   1028     15    579      0      0      0   0.00   0.00      0   0.00    5.0  0.000    0.0  0.000      0      0      0      0      0
07/05/1990   4014     40   1584   2390     36   2155     35   1019     15    574      0      0      0   0.00   0.00      0   0.00    5.1  0.000    0.0  0.000      0      0      0      0      0
07/06/1990   3871     35   1469   2367     41   2287     35   1012     15    570      0      0      0   0.00   0.00      0   0.00    5.2  0.000    0.0  0.000      0      0      0      0      0
07/07/1990   3755     31   1386   2338     46   2402     35    992     15    576      0      0      0   0.00   0.00      0   0.00    5.3  0.000    0.0  0.000      0      0      0      0      0
07/08/1990   3672     27   1359   2286     51   2491     35    975     15    580      0      0      0   0.00   0.00      0   0.00    5.4  0.000    0.0  0.000      0      0      0      0      0
07/09/1990   3576     23   1346   2207     56   2566     35    960     15    585      0      0      0   0.00   0.00      0   0.00    5.5  0.000    0.0  0.000      0      0      0      0      0
07/10/1990   3518     20   1345   2153     60   2609     35    959     15    588      0      0      0   0.00   0.00      0   0.00    5.5  0.000    0.0  0.000      0      0      0      0      0
07/11/1990   3511     19   1379   2113     63   2623     35    960     15    591      0      0      0   0.00   0.00      0   0.00    5.6  0.000    0.0  0.000      0      0      0      0      0
07/12/1990   3521     18   1445   2058     66   2620     35    966     15    592      0      0      0   0.00   0.00      0   0.00    5.7  0.000    0.0  0.000      0      0      0      0      0
07/13/1990   3504     18   1516   1970     68   2624     35    973     15    586      0      0      0   0.00   0.00      0   0.00    5.8  0.000    0.0  0.000      0      0      0      0      0
07/14/1990   3487     19   1599   1869     69   2617     35    981     15    575      0      0      0   0.00   0.00      0   0.00    5.9  0.000    0.0  0.000      0      0      0      0      0
07/15/1990   3479     21   1711   1747     70   2603     35    982     15    560      0      0      0   0.00   0.00      0   0.00    5.9  0.000    0.0  0.000      0      0      0      0      0
07/16/1990   3518     24   1848   1646     70   2589     35    979     15    538      0      0      0   0.00   0.00      0   0.00    6.0  0.000    0.0  0.000      0      0      0      0      0
07/17/1990   3561     27   2020   1514     70   2573     35    971     15    513      0      0      0   0.00   0.00      0   0.00    6.1  0.000    0.0  0.000      0      0      0      0      0
07/18/1990   3586     31   2225   1330     70   2566     35    954     15    488      0      0      0   0.00   0.00      0   0.00    6.1  0.000    0.0  0.000      0      0      0      0      0
07/19/1990   3615     36   2426   1153     70   2563     35    926     14    463      0      0      0   0.00   0.00      0   0.00    6.1  0.000    0.0  0.000      0      0      0      0      0
07/20/1990   3683     41   2635   1007     70   2550     35    892     13    433      0      0      0   0.00   0.00      0   0.00    6.2  0.000    0.0  0.000      0      0      0      0      0
07/21/1990   3753     46   2843    864     70   2534     35    856     11    397      0      0      0   0.00   0.00      0   0.00    6.2  0.000    0.0  0.000      0      0      0      0      0
07/22/1990   3809     51   3048    710     70   2516     34    814     10    359      0      0      0   0.00   0.00      0   0.00    6.2  0.000    0.0  0.000      0      0      0      0      0
07/23/1990   3864     56   3244    564     70   2501     33    765      8    315      0      0      0   0.00   0.00      0   0.00    6.2  0.000    0.0  0.000      0      0      0      0      0
07/24/1990   3937     61   3438    438     70   2477     31    715      6    265      0      0      0   0.00   0.00      0   0.00    6.2  0.000    0.0  0.000      0      0      0      0      0
07/25/1990   4015     66   3602    347     70   2450     29    660      4    214      0      0      0   0.00   0.00      0   0.00    6.2  0.000    0.0  0.000      0      0      0      0      0
07/26/1990   4097     71   3748    278     70   2415     26    592      2    173      0      0      0   0.00   0.00      0   0.00    6.2  0.000    0.0  0.000      0      0      0      0      0
07/27/1990   4195     76   3869    250     70   2370     22    517      1    143      0      0      0   0.00   0.00      0   0.00    6.2  0.000    0.0  0.000      0      0      0      0      0
07/28/1990   4323     81   3970    272     70   2307     18    441      0    124      0      0      0   0.00   0.00      0   0.00    6.1  0.000    0.0  0.000      0      0      0      0      0
07/29/1990   4484     86   4046    352     69   2232     14    368      0    117      0      0      0   0.00   0.00      0   0.00    6.1  0.000    0.0  0.000      0      0      0      0      0
07/30/1990   4684     91   4111    482     68   2144     10    301      1    127      0      0      0   0.00   0.00      0   0.00    6.1  0.000    0.0  0.000      0      0      0      0      0
07/31/1990   4886     95   4156    635     66   2034      7    250      2    156      0      0      0   0.00   0.00      0   0.00    6.1  0.000    0.0  0.000      0      0      0      0      0
08/01/1990   5087     98   4174    815     64   1906      4    220      4    197      0      0      0   0.00   0.00      0   0.00    6.1  0.000    0.0  0.000      0      0      0      0      0
08/02/1990   5286    101   4178   1007     61   1766      3    214      6    246      0      0      0   0.00   0.00      0   0.00    6.1  0.000    0.0  0.000      0      0      0      0      0
08/03/1990   5480    103   4183   1194     57   1621      3    233      8    296      0      0      0   0.00   0.00      0   0.00    6.2  0.000    0.0  0.000      0      0      0      0      0
08/04/1990   5668    104   4173   1391     53   1474      4    274     10    346      0      0      0   0.00   0.00      0   0.00    6.2  0.000    0.0  0.000      0      0      0      0      0
08/05/1990   5850    105   4145   1600     48   1330      7    336     12    396      0      0      0   0.00   0.00      0   0.00    6.3  0.000    0.0  0.000      0      0      0      0      0
08/06/1990   5995    105   4106   1784     43   1200     10    412     14    444      0      0      0   0.00   0.00      0   0.00    6.3  0.000    0.0  0.000      0      0      0      0      0
08/07/1990   6112    105   4057   1950     38   1088     14    493     15    488      0      0      0   0.00   0.00      0   0.00    6.4  0.000    0.0  0.000      0      0      0      0      0
08/08/1990   6199    105   4008   2086     33    998     19    576     16    524      0      0      0   0.00   0.00      0   0.00    6.4  0.000    0.0  0.000      0      0      0      0      0
08/09/1990   6250    105   3952   2193     29    934     23    659     17    553      0      0      0   0.00   0.00      0   0.00    6.5  0.000    0.0  0.000      0      0      0      0      0
08/10/1990   6263    105   3875   2283     25    901     27    735     19    576      0      0      0   0.00   0.00      0   0.00    6.6  0.000    0.0  0.000      0      0      0      0      0
08/11/1990   6253    105   3787   2361     22    897     31    804     20    595      0      0      0   0.00   0.00      0   0.00    6.7  0.000    0.0  0.000      0      0      0      0      0
08/12/1990   6206    104   3689   2413     21    921     34    866     21    609      0      0      0   0.00   0.00      0   0.00    6.7  0.000    0.0  0.000      0      0      0      0      0
08/13/1990   6113    103   3581   2429     20    982     38    915     21    615      0      0      0   0.00   0.00      0   0.00    6.8  0.000    0.0  0.000      0      0      0      0      0
08/14/1990   5989    101   3457   2431     21   1076     41    955     21    605      0      0      0   0.00   0.00      0   0.00    6.9  0.000    0.0  0.000      0      0      0      0      0
08/15/1990   5856     99   3324   2433     23   1195     43    987     20    579      0      0      0   0.00   0.00      0   0.00    7.0  0.000    0.0  0.000      0      0      0      0      0
08/16/1990   5703     96   3180   2427     26   1333     45   1006     20    559      0      0      0   0.00   0.00      0   0.00    7.1  0.000    0.0  0.000      0      0      0      0      0
08/17/1990   5530     92   3030   2408     30   1486     47   1007     20    552      0      0      0   0.00   0.00      0   0.00    7.2  0.000    0.0  0.000      0      0      0      0      0
08/18/1990   5354     88   2872   2394     35   1647     47    990     20    544      0      0      0   0.00   0.00      0   0.00    7.2  0.000    0.0  0.000      0      0      0      0      0
08/19/1990   4410     80   2700   1630     41   1811     44    959     19    532      0      0      0   0.00   0.00      0   0.00    7.3  0.009    0.0  0.000      2     11      2     11    736
08/20/1990   4281     76   2570   1635     47   1960     44    945     17    488      0      0      0   0.00   0.00      0   0.00    7.4  0.013    0.0  0.000      1      2      0      1     38
08/21/1990   4182     72   2457   1653     53   2095     43    917     16    460      0      0      0   0.00   0.00      0   0.00    7.4  0.016    0.0  0.000      1      0      0      0     25
08/22/1990   4106     68   2359   1679     59   2206     42    897     15    441      0      0      0   0.00   0.00      0   0.00    7.5  0.019    0.0  0.000      1      0      0      0     17
08/23/1990   4054     64   2279   1711     64   2288     40    859     15    456      0      0      0   0.00   0.00      0   0.00    7.6  0.022    0.0  0.000      1      0      1      0     11
08/24/1990   4022     60   2216   1746     69   2356     39    820     15    455      0      0      0   0.00   0.00      0   0.00    7.6  0.023    0.0  0.000      0      0      1      0      8
08/25/1990   4009     57   2168   1784     72   2412     39    786     15    437      0      0      0   0.00   0.00      0   0.00    7.7  0.025    0.0  0.000      0      0      1      0      5
08/26/1990   4016     55   2138   1823     75   2436     38    771     15    421      0      0      0   0.00   0.00      0   0.00    7.8  0.026    0.0  0.000      0      0      1      0      4
08/27/1990   4043     54   2123   1866     78   2444     37    743     15    430      0      0      0   0.00   0.00      0   0.00    7.8  0.026    0.0  0.000      0      0      0      0      0
08/28/1990   4082     54   2119   1909     80   2412     36    735     16    454      0      0      0   0.00   0.00      0   0.00    7.9  0.026    0.0  0.000      0      0      0      0      0
08/29/1990   4132     55   2125   1952     81   2372     35    732     17    480      0      0      0   0.00   0.00      0   0.00    8.0  0.025    0.0  0.000      0      0      0      0      0
08/30/1990   4190     56   2139   1995     81   2332     35    732     18    490      0      0      0   0.00   0.00      0   0.00    8.0  0.025    0.0  0.000      0      0      0      0      0
08/31/1990   4255     57   2249   1949     81   2292     36    733     18    495      0      0      0   0.00   0.00      0   0.00    8.1  0.025    0.0  0.000      0      0      0      0      0
09/01/1990   4320     59   2365   1896     80   2232     37    757     18    494      0      0      0   0.00   0.00      0   0.00    8.2  0.025    0.0  0.000      0      0      0      0      0
09/02/1990   4521     61   2476   1984     79   2168     38    785     18    495      0      0      0   0.00   0.00      0   0.00    8.2  0.025    0.0  0.000      0      0      0      0      0
09/03/1990   4570     63   2589   1918     78   2109     39    807     19    498      0      0      0   0.00   0.00      0   0.00    8.2  0.025    0.0  0.000      0      0      0      0      0
09/04/1990   4602     65   2693   1844     77   2070     40    821     19    495      0      0      0   0.00   0.00      0   0.00    8.3  0.024    0.0  0.000      0      0      0      0      0
09/05/1990   4617     67   2786   1764     76   2048     41    826     19    494      0      0      0   0.00   0.00      0   0.00    8.4  0.024    0.0  0.000      0      0      0      0      0
09/06/1990   4632     69   2882   1681     75   2032     43    825     18    485      0      0      0   0.00   0.00      0   0.00    8.4  0.024    0.0  0.000      0      0      0      0      0
09/07/1990   4647     71   3031   1545     75   2008     43    826     18    474      0      0      0   0.00   0.00      0   0.00    8.5  0.024    0.0  0.000      0      0      0      0      0
09/08/1990   4646     72   3166   1408     76   1999     43    825     17    454      0      0      0   0.00   0.00      0   0.00    8.5  0.024    0.0  0.000      0      0      0      0      0
09/09/1990   4645     78   3299   1268     76   1994     43    816     16    432      0      0      0   0.00   0.00      0   0.00    8.6  0.024    0.0  0.000      0      0      0      0      0
09/10/1990   4615     84   3393   1138     76   2015     43    805     15    410      0      0      0   0.00   0.00      0   0.00    8.6  0.024    0.0  0.000      0      0      0      0      0
09/11/1990   4587     90   3472   1025     76   2037     42    781     15    386      0      0      0   0.00   0.00      0   0.00    8.6  0.024    0.0  0.000      0      0      0      0      0
09/12/1990   4567     96   3544    927     76   2048     41    753     15    358      0      0      0   0.00   0.00      0   0.00    8.6  0.024    0.0  0.000      0      0      0      0      0
09/13/1990   4642    101   3603    938     78   2053     39    721     14    328      0      0      0   0.00   0.00      0   0.00    8.6  0.023    0.0  0.000      0      0      0      0      0
09/14/1990   4615    106   3631    878     79   2067     38    682     13    303      0      0      0   0.00   0.00      0   0.00    8.7  0.023    0.0  0.000      0      0      0      0      0
09/15/1990   4666    110   3635    921     80   2085     37    637     12    284      0      0      0   0.00   0.00      0   0.00    8.7  0.023    0.0  0.000      0      0      0      0      0
09/16/1990   4723    113   3628    982     81   2086     35    595     12    275      0      0      0   0.00   0.00      0   0.00    8.7  0.023    0.0  0.000      0      0      0      0      0
09/17/1990   4790    115   3617   1058     82   2069     33    553     12    280      0      0      0   0.00   0.00      0   0.00    8.7  0.023    0.0  0.000      0      0      0      0      0
09/18/1990   4862    116   3601   1145     82   2041     32    511     12    293      0      0      0   0.00   0.00      0   0.00    8.7  0.023    0.0  0.000      0      0      0      0      0
09/19/1990   4992    116   3584   1292     82   1992     31    484     13    307      0      0      0   0.00   0.00      0   0.00    8.8  0.023    0.0  0.000      0      0      0      0      0
09/20/1990   5117    116   3554   1447     82   1937     30    475     14    330      0      0      0   0.00   0.00      0   0.00    8.8  0.023    0.0  0.000      0      0      0      0      0
09/21/1990   5243    117   3520   1606     81   1874     29    476     15    361      0      0      0   0.00   0.00      0   0.00    8.9  0.023    0.0  0.000      0      0      0      0      0
09/22/1990   5361    117   3483   1761     80   1801     29    488     15    389      0      0      0   0.00   0.00      0   0.00    8.9  0.023    0.0  0.000      0      0      0      0      0
09/23/1990   5459    117   3448   1894     78   1726     30    521     15    401      0      0      0   0.00   0.00      0   0.00    9.0  0.023    0.0  0.000      0      0      0      0      0
09/24/1990   5545    117   3414   2014     76   1651     31    562     16    415      0      0      0   0.00   0.00      0   0.00    9.0  0.022    0.0  0.000      0      0      0      0      0
09/25/1990   5610    117   3386   2107     74   1586     32    597     18    433      0      0      0   0.00   0.00      0   0.00    9.1  0.022    0.0  0.000      0      0      0      0      0
09/26/1990   5657    117   3368   2172     72   1525     33    629     20    454      0      0      0   0.00   0.00      0   0.00    9.2  0.022    0.0  0.000      0      0      0      0      0
09/27/1990   5685    118   3342   2225     69   1473     35    670     22    465      0      0      0   0.00   0.00      0   0.00    9.3  0.022    0.0  0.000      0      0      0      0      0
09/28/1990   5689    118   3308   2263     67   1442     38    700     23    477      0      0      0   0.00   0.00      0   0.00    9.3  0.022    0.0  0.000      0      0      0      0      0
09/29/1990   5669    119   3278   2272     66   1432     40    722     25    495      0      0      0   0.00   0.00      0   0.00    9.4  0.022    0.0  0.000      0      0      0      0      0
09/30/1990   5630    119   3242   2269     65   1430     43    746     26    515      0      0      0   0.00   0.00      0   0.00    9.5  0.021    0.0  0.000      0      0      0      0      0
10/01/1990   5576    119   3230   2227     64   1433     46    776     27    531      0      0      0   0.00   0.00      0   0.00    9.6  0.021    0.0  0.000      0      0      0      0      0
10/02/1990   5501    118   3204   2179     64   1461     50    802     26    524      0      0      0   0.00   0.00      0   0.00    9.7  0.021    0.0  0.000      0      0      0      0      0
10/03/1990   5410    117   3159   2134     64   1505     54    828     25    511      0      0      0   0.00   0.00      0   0.00    9.7  0.021    0.0  0.000      0      0      0      0      0
10/04/1990   5307    117   3102   2088     65   1559     57    853     25    507      0      0      0   0.00   0.00      0   0.00    9.8  0.021    0.0  0.000      0      0      0      0      0
10/05/1990   5202    117   3052   2033     67   1623     58    861     25    501      0      0      0   0.00   0.00      0   0.00    9.9  0.021    0.0  0.000      0      0      0      0      0
10/06/1990   5090    117   3006   1967     69   1698     59    862     24    480      0      0      0   0.00   0.00      0   0.00    9.9  0.020    0.0  0.000      0      0      0      0      0
10/07/1990   4989    116   2956   1917     73   1779     60    865     21    434      0      0      0   0.00   0.00      0   0.00   10.0  0.020    0.0  0.000      0      0      0      0      0
10/08/1990   4906    115   2902   1889     77   1858     60    847     19    404      0      0      0   0.00   0.00      0   0.00   10.1  0.020    0.0  0.000      0      0      0      0      0
10/09/1990   4823    114   2845   1864     82   1936     58    811     19    397      0      0      0   0.00   0.00      0   0.00   10.1  0.020    0.0  0.000      0      0      0      0      0
10/10/1990   4741    113   2783   1845     87   1996     55    775     19    401      0      0      0   0.00   0.00      0   0.00   10.2  0.020    0.0  0.000      0      0      0      0      0
10/11/1990   4689    112   2742   1835     92   2039     52    740     19    404      0      0      0   0.00   0.00      0   0.00   10.3  0.020    0.0  0.000      0      0      0      0      0
10/12/1990   4648    110   2711   1827     96   2082     51    701     19    401      0      0      0   0.00   0.00      0   0.00   10.3  0.020    0.0  0.000      0      0      0      0      0
10/13/1990   4638    109   2678   1851     99   2108     49    675     19    399      0      0      0   0.00   0.00      0   0.00   10.4  0.020    0.0  0.000      0      0      0      0      0
10/14/1990   4626    108   2648   1870    103   2118     46    664     20    400      0      0      0   0.00   0.00      0   0.00   10.4  0.019    0.0  0.000      0      0      0      0      0
10/15/1990   4619    107   2628   1884    106   2101     45    668     20    403      0      0      0   0.00   0.00      0   0.00   10.5  0.019    0.0  0.000      0      0      0      0      0
10/16/1990   4612    106   2616   1890    108   2079     44    670     21    406      0      0      0   0.00   0.00      0   0.00   10.6  0.019    0.0  0.000      0      0      0      0      0
10/17/1990   4622    105   2608   1909    109   2061     45    667     21    407      0      0      0   0.00   0.00      0   0.00   10.6  0.019    0.0  0.000      0      0      0      0      0
10/18/1990   4644    104   2608   1932    109   2037     46    670     21    408      0      0      0   0.00   0.00      0   0.00   10.7  0.019    0.0  0.000      0      0      0      0      0
10/19/1990   4667    105   2619   1943    109   2006     46    672     20    397      0      0      0   0.00   0.00      0   0.00   10.8  0.019    0.0  0.000      0      0      0      0      0
10/20/1990   4688    106   2649   1933    108   1967     47    673     19    375      0      0      0   0.00   0.00      0   0.00   10.9  0.019    0.0  0.000      0      0      0      0      0
10/21/1990   4709    108   2691   1910    106   1921     48    679     18    362      0      0      0   0.00   0.00      0   0.00   10.9  0.019    0.0  0.000      0      0      0      0      0
10/22/1990   4723    110   2740   1873    105   1875     47    669     18    363      0      0      0   0.00   0.00      0   0.00   11.0  0.018    0.0  0.000      0      0      0      0      0
10/23/1990   4730    114   2787   1829    102   1846     47    645     19    375      0      0      0   0.00   0.00      0   0.00   11.0  0.018    0.0  0.000      0      0      0      0      0
10/24/1990   4735    118   2844   1773    100   1816     46    635     20    380      0      0      0   0.00   0.00      0   0.00   11.1  0.018    0.0  0.000      0      0      0      0      0
10/25/1990   4748    122   2919   1707     98   1775     45    625     21    385      0      0      0   0.00   0.00      0   0.00   11.2  0.018    0.0  0.000      0      0      0      0      0
10/26/1990   4747    125   2985   1637     97   1753     45    612     20    377      0      0      0   0.00   0.00      0   0.00   11.2  0.018    0.0  0.000      0      0      0      0      0
10/27/1990   4727    128   3040   1559     96   1733     45    618     19    366      0      0      0   0.00   0.00      0   0.00   11.3  0.018    0.0  0.000      0      0      0      0      0
10/28/1990   4698    133   3078   1487     94   1716     45    635     18    347      0      0      0   0.00   0.00      0   0.00   11.3  0.018    0.0  0.000      0      0      0      0      0
10/29/1990   4669    137   3109   1423     92   1711     45    627     17    336      0      0      0   0.00   0.00      0   0.00   11.4  0.018    0.0  0.000      0      0      0      0      0
10/30/1990   4651    140   3144   1367     91   1699     45    621     16    313      0      0      0   0.00   0.00      0   0.00   11.4  0.018    0.0  0.000      0      0      0      0      0
10/31/1990   4634    142   3172   1320     91   1690     45    607     15    290      0      0      0   0.00   0.00      0   0.00   11.4  0.018    0.0  0.000      0      0      0      0      0
11/01/1990   4614    144   3183   1287     91   1687     44    583     14    254      0      0      0   0.00   0.00      0   0.00   11.5  0.018    0.0  0.000      0      0      0      0      0
11/02/1990   4604    147   3184   1273     91   1683     42    549     12    222      0      0      0   0.00   0.00      0   0.00   11.5  0.018    0.0  0.000      0      0      0      0      0
11/03/1990   4596    148   3182   1266     92   1668     40    520     11    201      0      0      0   0.00   0.00      0   0.00   11.5  0.018    0.0  0.000      0      0      0      0      0
11/04/1990   4603    149   3182   1272     93   1653     37    471     11    205      0      0      0   0.00   0.00      0   0.00   11.6  0.018    0.0  0.000      0      0      0      0      0
11/05/1990   4626    151   3172   1303     92   1627     34    424     12    218      0      0      0   0.00   0.00      0   0.00   11.6  0.017    0.0  0.000      0      0      0      0      0
11/06/1990   4654    152   3155   1347     92   1598     32    385     11    217      0      0      0   0.00   0.00      0   0.00   11.6  0.017    0.0  0.000      0      0      0      0      0
11/07/1990   4691    154   3135   1402     91   1559     30    363     10    209      0      0      0   0.00   0.00      0   0.00   11.7  0.017    0.0  0.000      0      0      0      0      0
11/08/1990   4736    155   3115   1466     89   1509     29    352     10    209      0      0      0   0.00   0.00      0   0.00   11.7  0.017    0.0  0.000      0      0      0      0      0
11/09/1990   4764    155   3075   1534     87   1455     27    348     12    226      0      0      0   0.00   0.00      0   0.00   11.8  0.017    0.0  0.000      0      0      0      0      0
11/10/1990   4775    155   3015   1605     85   1406     25    350     14    248      0      0      0   0.00   0.00      0   0.00   11.8  0.017    0.0  0.000      0      0      0      0      0
11/11/1990   4795    154   2962   1679     82   1348     25    360     15    264      0      0      0   0.00   0.00      0   0.00   11.9  0.017    0.0  0.000      0      0      0      0      0
11/12/1990   4811    152   2907   1752     79   1297     27    369     15    283      0      0      0   0.00   0.00      0   0.00   11.9  0.017    0.0  0.000      0      0      0      0      0
11/13/1990   4811    149   2866   1796     77   1249     28    380     16    302      0      0      0   0.00   0.00      0   0.00   12.0  0.017    0.0  0.000      0      0      0      0      0
11/14/1990   4805    146   2831   1828     75   1185     29    407     16    303      0      0      0   0.00   0.00      0   0.00   12.1  0.017    0.0  0.000      0      0      0      0      0
11/15/1990   4798    143   2785   1870     73   1121     30    443     16    291      0      0      0   0.00   0.00      0   0.00   12.1  0.017    0.0  0.000      0      0      0      0      0
11/16/1990   4780    142   2742   1896     69   1081     33    473     15    286      0      0      0   0.00   0.00      0   0.00   12.2  0.017    0.0  0.000      0      0      0      0      0
11/17/1990   4751    141   2717   1893     65   1045     35    484     16    299      0      0      0   0.00   0.00      0   0.00   12.3  0.017    0.0  0.000      0      0      0      0      0
11/18/1990   4708    139   2698   1871     62   1022     36    486     16    309      0      0      0   0.00   0.00      0   0.00   12.3  0.016    0.0  0.000      0      0      0      0      0
11/19/1990   4657    137   2674   1846     61   1009     36    495     16    309      0      0      0   0.00   0.00      0   0.00   12.4  0.016    0.0  0.000      0      0      0      0      0
11/20/1990   4740    136   2633   1971     60   1015     37    500     14    275      0      0      0   0.00   0.00      0   0.00   12.5  0.016    0.0  0.000      0      0      0      0      0
11/21/1990   4671    136   2587   1948     59   1034     37    493     13    242      0      0      0   0.00   0.00      0   0.00   12.5  0.016    0.0  0.000      0      0      0      0      0
11/22/1990   4416    135   2524   1757     59   1058     37    501     12    211      0      0      0   0.00   0.00      0   0.00   12.6  0.016    0.0  0.000      0      0      0      0      0
11/23/1990   4300    133   2454   1713     60   1084     35    484     12    205      0      0      0   0.00   0.00      0   0.00   12.7  0.016    0.0  0.000      0      0      0      0      0
11/24/1990   4186    132   2389   1665     60   1119     34    449     12    206      0      0      0   0.00   0.00      0   0.00   12.7  0.016    0.0  0.000      0      0      0      0      0
11/25/1990   4246    130   2329   1787     61   1152     33    413     12    209      0      0      0   0.00   0.00      0   0.00   12.7  0.016    0.0  0.000      0      0      0      0      0
11/26/1990   4307    126   2269   1912     63   1175     32    380     11    193      0      0      0   0.00   0.00      0   0.00   12.7  0.016    0.0  0.000      0      0      0      0      0
11/27/1990   4359    124   2200   2035     65   1211     30    346      9    174      0      0      0   0.00   0.00      0   0.00   12.7  0.016    0.0  0.000      0      0      0      0      0
11/28/1990   4410    121   2131   2158     66   1218     29    347      8    159      0      0      0   0.00   0.00      0   0.00   12.8  0.016    0.0  0.000      0      0      0      0      0
11/29/1990   4172    118   2070   1984     67   1208     27    331      9    180      0      0      0   0.00   0.00      0   0.00   12.8  0.016    0.0  0.000      0      0      0      0      0
11/30/1990   4078    114   2029   1935     68   1196     25    309     11    201      0      0      0   0.00   0.00      0   0.00   12.9  0.016    0.0  0.000      0      0      0      0      0
12/01/1990   4150    110   2004   2036     69   1175     24    301     11    199      0      0      0   0.00   0.00      0   0.00   13.0  0.016    0.0  0.000      0      0      0      0      0
12/02/1990   4228    107   1972   2149     69   1150     24    305     10    177      0      0      0   0.00   0.00      0   0.00   13.0  0.016    0.0  0.000      0      0      0      0      0
12/03/1990   4174    106   1949   2119     68   1122     24    301      9    166      0      0      0   0.00   0.00      0   0.00   13.0  0.015    0.0  0.000      0      0      0      0      0
12/04/1990   4141    105   1931   2105     67   1066     23    307     10    172      0      0      0   0.00   0.00      0   0.00   13.1  0.015    0.0  0.000      0      0      0      0      0
12/05/1990   4222    104   1895   2223     66   1021     22    308     10    173      0      0      0   0.00   0.00      0   0.00   13.1  0.015    0.0  0.000      0      0      0      0      0
12/06/1990   4187    103   1855   2229     64    990     22    308     11    178      0      0      0   0.00   0.00      0   0.00   13.2  0.015    0.0  0.000      0      0      0      0      0
12/07/1990   4043    102   1840   2101     60    960     24    299     11    184      0      0      0   0.00   0.00      0   0.00   13.3  0.015    0.0  0.000      0      0      0      0      0
12/08/1990   4018    100   1828   2090     58    923     24    280     12    199      0      0      0   0.00   0.00      0   0.00   13.4  0.015    0.0  0.000      0      0      0      0      0
12/09/1990   3988     98   1817   2073     57    880     24    287     12    204      0      0      0   0.00   0.00      0   0.00   13.4  0.015    0.0  0.000      0      0      0      0      0
12/10/1990   3960     97   1813   2050     56    828     24    306     13    224      0      0      0   0.00   0.00      0   0.00   13.5  0.015    0.0  0.000      0      0      0      0      0
12/11/1990   3500     97   1790   1613     53    814     25    313     14    246      0      0      0   0.00   0.00      0   0.00   13.6  0.015    0.0  0.000      0      0      0      0      0
12/12/1990   3554     96   1769   1689     51    810     26    319     14    246      0      0      0   0.00   0.00      0   0.00   13.6  0.015    0.0  0.000      0      0      0      0      0
12/13/1990   3613     96   1770   1747     49    790     28    357     13    219      0      0      0   0.00   0.00      0   0.00   13.6  0.015    0.0  0.000      0      0      0      0      0
12/14/1990   3667     95   1773   1799     49    787     29    381      9    159      0      0      0   0.00   0.00      0   0.00   13.6  0.015    0.0  0.000      0      0      0      0      0
12/15/1990   3722     94   1774   1854     48    788     30    381      7    127      0      0      0   0.00   0.00      0   0.00   13.6  0.015    0.0  0.000      0      0      0      0      0
12/16/1990   3784     94   1774   1916     48    780     30    377      4     99      0      0      0   0.00   0.00      0   0.00   13.6  0.015    0.0  0.000      0      0      0      0      0
12/17/1990   3824     95   1748   1981     48    798     27    336      5    110      0      0      0   0.00   0.00      0   0.00   13.6  0.015    0.0  0.000      0      0      0      0      0
12/18/1990   3861     95   1731   2035     48    838     25    284      5    119      0      0      0   0.00   0.00      0   0.00   13.6  0.015    0.0  0.000      0      0      0      0      0
12/19/1990   3908     95   1724   2089     48    867     22    230      6    125      0      0      0   0.00   0.00      0   0.00   13.6  0.015    0.0  0.000      0      0      0      0      0
12/20/1990   3967     94   1719   2154     50    864     19    200      4     99      0      0      0   0.00   0.00      0   0.00   13.6  0.015    0.0  0.000      0      0      0      0      0
12/21/1990   4024     93   1706   2225     53    856     16    184      2     53      0      0      0   0.00   0.00      0   0.00   13.5  0.015    0.0  0.000      0      0      0      0      0
12/22/1990   4069     93   1675   2301     54    827     14    196      0     13      0      0      0   0.00   0.00      0   0.00   13.5  0.015    0.0  0.000      0      0      0      0      0
12/23/1990   4107     93   1632   2382     54    814     10    172      0      0      0      0      0   0.00   0.00      0   0.00   13.5  0.015    0.0  0.000      0      0      0      0      0
12/24/1990   4153     92   1589   2472     51    789      9    138      0      0      0      0      0   0.00   0.00      0   0.00   13.5  0.015    0.0  0.000      0      0      0      0      0
12/25/1990   4202     90   1545   2567     50    765      7     99      0      9      0      0      0   0.00   0.00      0   0.00   13.5  0.015    0.0  0.000      0      0      0      0      0
12/26/1990   4239     88   1502   2649     48    760      6     53      0     30      0      0      0   0.00   0.00      0   0.00   13.5  0.015    0.0  0.000      0      0      0      0      0
12/27/1990   4289     86   1476   2727     47    736      4     13      1     60      0      0      0   0.00   0.00      0   0.00   13.5  0.015    0.0  0.000      0      0      0      0      0
12/28/1990   4344     84   1443   2817     45    680      2      9      3     85      0      0      0   0.00   0.00      0   0.00   13.5  0.015    0.0  0.000      0      0      0      0      0
12/29/1990   4395     82   1402   2911     44    614      0     30      3     79      0      0      0   0.00   0.00      0   0.00   13.5  0.015    0.0  0.000      0      0      0      0      0
12/30/1990   4450     81   1371   2998     40    545      1     60      3     75      0      0      0   0.00   0.00      0   0.00   13.4  0.015    0.0  0.000      0      0      0      0      0
12/31/1990   4525     80   1358   3087     36    456      3     94      2     69      0      0      0   0.00   0.00      0   0.00   13.4  0.015    0.0  0.000      0      0      0      0      0
