Varroa Population Simulation - Nov 24,2015  04:08:59 PM
VarroaPop Version 3.2.5.8  June, 2015

                                        Capped  Capped                                                                      Prop           Conc          Conc                                     
            Colony  Adult  Adult         Drone   Wkr    Drone  Wkr    Drone  Wkr  Free   DBrood WBrood DMite  WMite  Mites  Mites  Colony Pollen Colony Nectar   Dead   Dead   Dead   Dead   Dead
     Date   Size   Drones   Wkr   Forgrs Brood  Brood   Larv   Larv    Eggs  Eggs Mites  Mites  Mites  /Cell  /Cell  Dying  Dying  Pollen  Pest  Nectar  Pest    DLarv  WLarv  DAdlt  WAdlt  Forgrs
Initial     10000      0   6174   3826      0      0      0      0      0      0      0      0      0   0.00   0.00      0   0.00    0.0  0.000    0.0  0.000      0      0      0      0      0
05/01/1990   9706      0   5880   3826      0      0      0      0      4    207      0      0      0   0.00   0.00      0   0.00    0.1  0.000    0.0  0.000      0      0      0      0      0
05/02/1990   9412      0   5586   3826      0      0      0      0      8    430      0      0      0   0.00   0.00      0   0.00    0.3  0.000    0.0  0.000      0      0      0      0      0
05/03/1990   9118      0   5292   3826      0      0      0      0     13    673      0      0      0   0.00   0.00      0   0.00    0.4  0.000    0.0  0.000      0      0      0      0      0
05/04/1990   8824      0   4998   3826      0      0      4    207     14    718      0      0      0   0.00   0.00      0   0.00    0.5  0.000    0.0  0.000      0      0      0      0      0
05/05/1990   8530      0   4704   3826      0      0      8    430     15    753      0      0      0   0.00   0.00      0   0.00    0.7  0.000    0.0  0.000      0      0      0      0      0
05/06/1990   8236      0   4410   3826      0      0     13    673     15    763      0      0      0   0.00   0.00      0   0.00    0.8  0.000    0.0  0.000      0      0      0      0      0
05/07/1990   7942      0   4116   3826      0      0     18    925     15    745      0      0      0   0.00   0.00      0   0.00    1.0  0.000    0.0  0.000      0      0      0      0      0
05/08/1990   7648      0   3822   3826      0      0     23   1183     15    718      0      0      0   0.00   0.00      0   0.00    1.1  0.000    0.0  0.000      0      0      0      0      0
05/09/1990   7354      0   3528   3826      0    207     28   1229     15    677      0      0      0   0.00   0.00      0   0.00    1.2  0.000    0.0  0.000      0      0      0      0      0
05/10/1990   7060      0   3234   3826      0    430     33   1240     14    626      0      0      0   0.00   0.00      0   0.00    1.4  0.000    0.0  0.000      0      0      0      0      0
05/11/1990   6766      0   2940   3826      4    673     34   1228     13    598      0      0      0   0.00   0.00      0   0.00    1.5  0.000    0.0  0.000      0      0      0      0      0
05/12/1990   6472      0   2646   3826      8    925     35   1188     13    595      0      0      0   0.00   0.00      0   0.00    1.7  0.000    0.0  0.000      0      0      0      0      0
05/13/1990   6174      0   2352   3822     13   1183     34   1113     14    625      0      0      0   0.00   0.00      0   0.00    1.8  0.000    0.0  0.000      0      0      0      0      0
05/14/1990   5880      0   2058   3822     18   1436     33   1063     15    634      0      0      0   0.00   0.00      0   0.00    2.0  0.000    0.0  0.000      0      0      0      0      0
05/15/1990   5586      0   1764   3822     23   1670     33   1038     15    629      0      0      0   0.00   0.00      0   0.00    2.1  0.000    0.0  0.000      0      0      0      0      0
05/16/1990   5292      0   1470   3822     28   1901     33   1020     15    644      0      0      0   0.00   0.00      0   0.00    2.3  0.000    0.0  0.000      0      0      0      0      0
05/17/1990   4998      0   1176   3822     33   2113     33   1020     15    645      0      0      0   0.00   0.00      0   0.00    2.5  0.000    0.0  0.000      0      0      0      0      0
05/18/1990   4704      0    882   3822     38   2296     33   1041     14    632      0      0      0   0.00   0.00      0   0.00    2.6  0.000    0.0  0.000      0      0      0      0      0
05/19/1990   4410      0    588   3822     43   2499     33   1066     13    589      0      0      0   0.00   0.00      0   0.00    2.8  0.000    0.0  0.000      0      0      0      0      0
05/20/1990   4116      0    294   3822     47   2708     34   1070     13    586      0      0      0   0.00   0.00      0   0.00    3.0  0.000    0.0  0.000      0      0      0      0      0
05/21/1990   3822      0      0   3822     51   2921     34   1048     14    615      0      0      0   0.00   0.00      0   0.00    3.1  0.000    0.0  0.000      0      0      0      0      0
05/22/1990   3735      0    207   3528     56   2926     33   1021     15    654      0      0      0   0.00   0.00      0   0.00    3.3  0.000    0.0  0.000      0      0      0      0      0
05/23/1990   3958      0    430   3528     61   2907     33   1027     14    622      0      0      0   0.00   0.00      0   0.00    3.3  0.000    0.0  0.000      0      0      0      0      0
05/24/1990   3907      0    673   3234     66   2892     33   1019     13    579      0      0      0   0.00   0.00      0   0.00    3.4  0.000    0.0  0.000      0      0      0      0      0
05/25/1990   3869      4    925   2940     67   2853     33   1030     13    545      0      0      0   0.00   0.00      0   0.00    3.6  0.000    0.0  0.000      0      0      0      0      0
05/26/1990   3837      8   1183   2646     68   2786     32   1017     13    552      0      0      0   0.00   0.00      0   0.00    3.7  0.000    0.0  0.000      0      0      0      0      0
05/27/1990   4095     13   1436   2646     68   2718     31   1009     12    528      0      0      0   0.00   0.00      0   0.00    3.7  0.000    0.0  0.000      0      0      0      0      0
05/28/1990   4334     18   1670   2646     67   2694     32    989     10    489      0      0      0   0.00   0.00      0   0.00    3.7  0.000    0.0  0.000      0      0      0      0      0
05/29/1990   4276     23   1901   2352     66   2683     32    954     10    466      0      0      0   0.00   0.00      0   0.00    3.8  0.000    0.0  0.000      0      0      0      0      0
05/30/1990   4199     28   2113   2058     66   2695     30    883     10    468      0      0      0   0.00   0.00      0   0.00    3.8  0.000    0.0  0.000      0      0      0      0      0
05/31/1990   4093     33   2296   1764     66   2690     28    856      9    453      0      0      0   0.00   0.00      0   0.00    3.9  0.000    0.0  0.000      0      0      0      0      0
06/01/1990   4007     38   2499   1470     66   2664     27    841      7    419      0      0      0   0.00   0.00      0   0.00    4.0  0.000    0.0  0.000      0      0      0      0      0
06/02/1990   3927     43   2708   1176     65   2645     26    806      6    394      0      0      0   0.00   0.00      0   0.00    4.0  0.000    0.0  0.000      0      0      0      0      0
06/03/1990   3850     47   2921    882     65   2617     24    757      6    374      0      0      0   0.00   0.00      0   0.00    4.0  0.000    0.0  0.000      0      0      0      0      0
06/04/1990   3772     51   3133    588     66   2558     21    732      5    342      0      0      0   0.00   0.00      0   0.00    4.0  0.000    0.0  0.000      0      0      0      0      0
06/05/1990   3687     56   3337    294     65   2505     19    711      3    282      0      0      0   0.00   0.00      0   0.00    4.0  0.000    0.0  0.000      0      0      0      0      0
06/06/1990   3626     61   3565      0     63   2439     18    665      1    205      0      0      0   0.00   0.00      0   0.00    4.0  0.000    0.0  0.000      0      0      0      0      0
06/07/1990   3844     66   3778      0     61   2381     16    606      0    109      0      0      0   0.00   0.00      0   0.00    4.0  0.000    0.0  0.000      0      0      0      0      0
06/08/1990   4040     71   3969      0     60   2326     12    540      0     39      0      0      0   0.00   0.00      0   0.00    3.9  0.000    0.0  0.000      0      0      0      0      0
06/09/1990   4230     76   4154      0     58   2269      9    451      0      0      0      0      0   0.00   0.00      0   0.00    3.9  0.000    0.0  0.000      0      0      0      0      0
06/10/1990   4445     81   4364      0     55   2189      7    321      0      0      0      0      0   0.00   0.00      0   0.00    3.9  0.000    0.0  0.000      0      0      0      0      0
06/11/1990   4669     85   4584      0     53   2085      5    205      0      0      0      0      0   0.00   0.00      0   0.00    3.8  0.000    0.0  0.000      0      0      0      0      0
06/12/1990   4897     89   4601    207     51   1957      3    109      0      0      0      0      0   0.00   0.00      0   0.00    3.8  0.000    0.0  0.000      0      0      0      0      0
06/13/1990   5080     94   4556    430     48   1849      1     39      0     26      0      0      0   0.00   0.00      0   0.00    3.8  0.000    0.0  0.000      0      0      0      0      0
06/14/1990   5262     99   4490    673     44   1711      0      0      0     73      0      0      0   0.00   0.00      0   0.00    3.8  0.000    0.0  0.000      0      0      0      0      0
06/15/1990   5453    100   4428    925     39   1521      0      0      1    143      0      0      0   0.00   0.00      0   0.00    3.8  0.000    0.0  0.000      0      0      0      0      0
06/16/1990   5638    100   4355   1183     35   1336      0     26      2    213      0      0      0   0.00   0.00      0   0.00    3.8  0.000    0.0  0.000      0      0      0      0      0
06/17/1990   5790     99   4255   1436     31   1183      0     73      4    286      0      0      0   0.00   0.00      0   0.00    3.9  0.000    0.0  0.000      0      0      0      0      0
06/18/1990   5941     99   4172   1670     26   1032      1    143      5    347      0      0      0   0.00   0.00      0   0.00    3.9  0.000    0.0  0.000      0      0      0      0      0
06/19/1990   6102     98   4103   1901     22    870      2    239      7    407      0      0      0   0.00   0.00      0   0.00    4.0  0.000    0.0  0.000      0      0      0      0      0
06/20/1990   6255     96   4046   2113     19    715      4    359      9    469      0      0      0   0.00   0.00      0   0.00    4.0  0.000    0.0  0.000      0      0      0      0      0
06/21/1990   6389     94   3999   2296     16    605      6    464     12    532      0      0      0   0.00   0.00      0   0.00    4.1  0.000    0.0  0.000      0      0      0      0      0
06/22/1990   6516     93   3924   2499     12    524      9    573     14    567      0      0      0   0.00   0.00      0   0.00    4.2  0.000    0.0  0.000      0      0      0      0      0
06/23/1990   6644     91   3845   2708      9    464     13    685     15    584      0      0      0   0.00   0.00      0   0.00    4.3  0.000    0.0  0.000      0      0      0      0      0
06/24/1990   6758     89   3748   2921      7    444     18    783     15    603      0      0      0   0.00   0.00      0   0.00    4.4  0.000    0.0  0.000      0      0      0      0      0
06/25/1990   6645     87   3632   2926      6    468     22    854     16    633      0      0      0   0.00   0.00      0   0.00    4.5  0.000    0.0  0.000      0      0      0      0      0
06/26/1990   6489     84   3498   2907      5    529     26    922     17    657      0      0      0   0.00   0.00      0   0.00    4.6  0.000    0.0  0.000      0      0      0      0      0
06/27/1990   6282     81   3309   2892      5    646     29    979     18    662      0      0      0   0.00   0.00      0   0.00    4.7  0.000    0.0  0.000      0      0      0      0      0
06/28/1990   6026     77   3096   2853      6    828     33   1018     18    656      0      0      0   0.00   0.00      0   0.00    4.8  0.000    0.0  0.000      0      0      0      0      0
06/29/1990   5763     72   2905   2786      9   1022     36   1047     18    657      0      0      0   0.00   0.00      0   0.00    4.9  0.000    0.0  0.000      0      0      0      0      0
06/30/1990   5505     67   2720   2718     13   1213     38   1074     18    661      0      0      0   0.00   0.00      0   0.00    5.0  0.000    0.0  0.000      0      0      0      0      0
07/01/1990   5266     62   2510   2694     18   1412     39   1090     18    665      0      0      0   0.00   0.00      0   0.00    5.1  0.000    0.0  0.000      0      0      0      0      0
07/02/1990   5031     58   2290   2683     23   1625     40   1101     18    650      0      0      0   0.00   0.00      0   0.00    5.2  0.000    0.0  0.000      0      0      0      0      0
07/03/1990   4815     54   2066   2695     28   1846     41   1102     18    635      0      0      0   0.00   0.00      0   0.00    5.3  0.000    0.0  0.000      0      0      0      0      0
07/04/1990   4653     49   1914   2690     33   2043     42   1098     17    616      0      0      0   0.00   0.00      0   0.00    5.4  0.000    0.0  0.000      0      0      0      0      0
07/05/1990   4492     44   1784   2664     39   2214     42   1089     17    609      0      0      0   0.00   0.00      0   0.00    5.5  0.000    0.0  0.000      0      0      0      0      0
07/06/1990   4348     39   1664   2645     45   2359     42   1081     17    603      0      0      0   0.00   0.00      0   0.00    5.7  0.000    0.0  0.000      0      0      0      0      0
07/07/1990   4227     35   1575   2617     51   2487     41   1057     18    610      0      0      0   0.00   0.00      0   0.00    5.8  0.000    0.0  0.000      0      0      0      0      0
07/08/1990   4131     31   1542   2558     57   2589     41   1037     18    616      0      0      0   0.00   0.00      0   0.00    5.9  0.000    0.0  0.000      0      0      0      0      0
07/09/1990   4054     27   1522   2505     62   2677     41   1019     18    623      0      0      0   0.00   0.00      0   0.00    6.0  0.000    0.0  0.000      0      0      0      0      0
07/10/1990   3979     24   1516   2439     67   2730     41   1017     18    629      0      0      0   0.00   0.00      0   0.00    6.1  0.000    0.0  0.000      0      0      0      0      0
07/11/1990   3947     23   1543   2381     71   2755     41   1018     18    633      0      0      0   0.00   0.00      0   0.00    6.2  0.000    0.0  0.000      0      0      0      0      0
07/12/1990   3949     22   1601   2326     75   2761     41   1026     18    634      0      0      0   0.00   0.00      0   0.00    6.3  0.000    0.0  0.000      0      0      0      0      0
07/13/1990   3954     21   1664   2269     78   2772     41   1037     18    628      0      0      0   0.00   0.00      0   0.00    6.3  0.000    0.0  0.000      0      0      0      0      0
07/14/1990   3944     22   1733   2189     79   2774     42   1048     18    620      0      0      0   0.00   0.00      0   0.00    6.4  0.000    0.0  0.000      0      0      0      0      0
07/15/1990   3940     25   1830   2085     80   2768     42   1050     18    610      0      0      0   0.00   0.00      0   0.00    6.5  0.000    0.0  0.000      0      0      0      0      0
07/16/1990   3940     28   1955   1957     81   2755     42   1049     17    592      0      0      0   0.00   0.00      0   0.00    6.6  0.000    0.0  0.000      0      0      0      0      0
07/17/1990   3988     31   2108   1849     82   2740     42   1045     16    568      0      0      0   0.00   0.00      0   0.00    6.7  0.000    0.0  0.000      0      0      0      0      0
07/18/1990   4032     34   2287   1711     83   2735     42   1031     15    546      0      0      0   0.00   0.00      0   0.00    6.7  0.000    0.0  0.000      0      0      0      0      0
07/19/1990   4062     39   2502   1521     83   2732     41   1008     15    528      0      0      0   0.00   0.00      0   0.00    6.8  0.000    0.0  0.000      0      0      0      0      0
07/20/1990   4107     45   2726   1336     83   2717     40    979     15    507      0      0      0   0.00   0.00      0   0.00    6.8  0.000    0.0  0.000      0      0      0      0      0
07/21/1990   4182     51   2948   1183     83   2702     39    949     15    476      0      0      0   0.00   0.00      0   0.00    6.9  0.000    0.0  0.000      0      0      0      0      0
07/22/1990   4256     57   3167   1032     83   2687     38    916     14    439      0      0      0   0.00   0.00      0   0.00    6.9  0.000    0.0  0.000      0      0      0      0      0
07/23/1990   4309     63   3376    870     83   2677     37    876     12    397      0      0      0   0.00   0.00      0   0.00    6.9  0.000    0.0  0.000      0      0      0      0      0
07/24/1990   4367     69   3583    715     83   2659     36    833     10    348      0      0      0   0.00   0.00      0   0.00    6.9  0.000    0.0  0.000      0      0      0      0      0
07/25/1990   4437     75   3757    605     83   2639     34    787      8    297      0      0      0   0.00   0.00      0   0.00    6.9  0.000    0.0  0.000      0      0      0      0      0
07/26/1990   4517     81   3912    524     82   2614     32    727      7    254      0      0      0   0.00   0.00      0   0.00    6.9  0.000    0.0  0.000      0      0      0      0      0
07/27/1990   4594     87   4043    464     81   2584     30    653      5    226      0      0      0   0.00   0.00      0   0.00    6.9  0.000    0.0  0.000      0      0      0      0      0
07/28/1990   4690     92   4154    444     81   2536     27    577      4    207      0      0      0   0.00   0.00      0   0.00    6.9  0.000    0.0  0.000      0      0      0      0      0
07/29/1990   4808     98   4242    468     80   2474     24    505      3    195      0      0      0   0.00   0.00      0   0.00    6.9  0.000    0.0  0.000      0      0      0      0      0
07/30/1990   4951    103   4319    529     79   2400     20    440      3    190      0      0      0   0.00   0.00      0   0.00    6.9  0.000    0.0  0.000      0      0      0      0      0
07/31/1990   5130    108   4376    646     78   2304     16    387      4    196      0      0      0   0.00   0.00      0   0.00    6.9  0.000    0.0  0.000      0      0      0      0      0
08/01/1990   5346    112   4406    828     76   2189     13    352      5    217      0      0      0   0.00   0.00      0   0.00    6.9  0.000    0.0  0.000      0      0      0      0      0
08/02/1990   5559    116   4421   1022     73   2063     11    333      7    253      0      0      0   0.00   0.00      0   0.00    6.9  0.000    0.0  0.000      0      0      0      0      0
08/03/1990   5769    119   4437   1213     70   1930     10    329      9    299      0      0      0   0.00   0.00      0   0.00    6.9  0.000    0.0  0.000      0      0      0      0      0
08/04/1990   5975    121   4442   1412     66   1795     10    343     11    348      0      0      0   0.00   0.00      0   0.00    7.0  0.000    0.0  0.000      0      0      0      0      0
08/05/1990   6175    122   4428   1625     62   1660     11    379     13    398      0      0      0   0.00   0.00      0   0.00    7.0  0.000    0.0  0.000      0      0      0      0      0
08/06/1990   6365    123   4396   1846     57   1533     14    433     14    447      0      0      0   0.00   0.00      0   0.00    7.0  0.000    0.0  0.000      0      0      0      0      0
08/07/1990   6520    124   4353   2043     52   1417     17    501     16    494      0      0      0   0.00   0.00      0   0.00    7.1  0.000    0.0  0.000      0      0      0      0      0
08/08/1990   6651    125   4312   2214     47   1310     21    581     18    534      0      0      0   0.00   0.00      0   0.00    7.2  0.000    0.0  0.000      0      0      0      0      0
08/09/1990   6751    124   4268   2359     43   1222     25    663     20    568      0      0      0   0.00   0.00      0   0.00    7.3  0.000    0.0  0.000      0      0      0      0      0
08/10/1990   6813    123   4203   2487     40   1163     29    742     22    595      0      0      0   0.00   0.00      0   0.00    7.3  0.000    0.0  0.000      0      0      0      0      0
08/11/1990   6838    122   4127   2589     37   1133     34    816     23    618      0      0      0   0.00   0.00      0   0.00    7.4  0.000    0.0  0.000      0      0      0      0      0
08/12/1990   6840    121   4042   2677     35   1131     38    883     25    636      0      0      0   0.00   0.00      0   0.00    7.5  0.000    0.0  0.000      0      0      0      0      0
08/13/1990   6800    120   3950   2730     34   1164     42    939     26    645      0      0      0   0.00   0.00      0   0.00    7.6  0.000    0.0  0.000      0      0      0      0      0
08/14/1990   6714    119   3840   2755     33   1232     46    987     26    639      0      0      0   0.00   0.00      0   0.00    7.7  0.000    0.0  0.000      0      0      0      0      0
08/15/1990   6601    117   3723   2761     34   1328     50   1025     25    614      0      0      0   0.00   0.00      0   0.00    7.8  0.000    0.0  0.000      0      0      0      0      0
08/16/1990   6481    114   3595   2772     36   1444     54   1050     24    596      0      0      0   0.00   0.00      0   0.00    7.9  0.000    0.0  0.000      0      0      0      0      0
08/17/1990   6348    111   3463   2774     39   1574     56   1058     24    590      0      0      0   0.00   0.00      0   0.00    8.0  0.000    0.0  0.000      0      0      0      0      0
08/18/1990   6196    108   3320   2768     44   1716     57   1044     24    585      0      0      0   0.00   0.00      0   0.00    8.1  0.000    0.0  0.000      0      0      0      0      0
08/19/1990   3034     41   2708    285     49   1867     53   1003     24    574      0      0      0   0.00   0.00      0   0.00    8.2  0.017    0.0  0.000      3     25     50    453   2459
08/20/1990   2981     39   2614    328     55   1999     53   1007     16    410      0      0      0   0.00   0.00      0   0.00    8.2  0.017    0.0  0.000      1      1      1      1     92
08/21/1990   2959     37   2526    396     61   2140     53    982      9    265      0      0      0   0.00   0.00      0   0.00    8.2  0.017    0.0  0.000      1      1      1      1     67
08/22/1990   2971     35   2451    485     67   2263     53    962      2    131      0      0      0   0.00   0.00      0   0.00    8.2  0.017    0.0  0.000      1      0      1      1     46
08/23/1990   3019     33   2394    592     74   2354     44    808      4    156      0      0      0   0.00   0.00      0   0.00    8.2  0.018    0.0  0.000      1      0      1      0     28
08/24/1990   3095     32   2353    710     79   2435     38    653      5    181      0      0      0   0.00   0.00      0   0.00    8.2  0.018    0.0  0.000      0      0      1      0     17
08/25/1990   3193     31   2328    834     84   2504     32    504      6    201      0      0      0   0.00   0.00      0   0.00    8.3  0.019    0.0  0.000      0      0      1      0     11
08/26/1990   3314     31   2321    962     88   2541     27    379      7    223      0      0      0   0.00   0.00      0   0.00    8.3  0.019    0.0  0.000      0      0      1      0      7
08/27/1990   3459     33   2329   1097     91   2562     22    260      9    254      0      0      0   0.00   0.00      0   0.00    8.3  0.019    0.0  0.000      0      0      0      0      0
08/28/1990   3618     35   2351   1232     95   2420     16    295     11    295      0      0      0   0.00   0.00      0   0.00    8.4  0.019    0.0  0.000      0      0      0      0      0
08/29/1990   3789     38   2384   1367     98   2272     11    337     13    336      0      0      0   0.00   0.00      0   0.00    8.4  0.019    0.0  0.000      0      0      0      0      0
08/30/1990   3969     41   2426   1502     93   2125     15    383     14    368      0      0      0   0.00   0.00      0   0.00    8.5  0.019    0.0  0.000      0      0      0      0      0
08/31/1990   4157     45   2519   1593     88   1981     18    434     15    391      0      0      0   0.00   0.00      0   0.00    8.5  0.018    0.0  0.000      0      0      0      0      0
09/01/1990   4354     50   2619   1685     82   1835     22    492     15    413      0      0      0   0.00   0.00      0   0.00    8.6  0.018    0.0  0.000      0      0      0      0      0
09/02/1990   4555     55   2702   1798     77   1711     25    550     16    436      0      0      0   0.00   0.00      0   0.00    8.6  0.018    0.0  0.000      0      0      0      0      0
09/03/1990   4706     60   2800   1846     72   1584     28    602     17    458      0      0      0   0.00   0.00      0   0.00    8.6  0.018    0.0  0.000      0      0      0      0      0
09/04/1990   4827     65   2893   1869     67   1476     31    651     18    470      0      0      0   0.00   0.00      0   0.00    8.7  0.018    0.0  0.000      0      0      0      0      0
09/05/1990   4912     70   2971   1871     63   1398     34    691     19    480      0      0      0   0.00   0.00      0   0.00    8.7  0.018    0.0  0.000      0      0      0      0      0
09/06/1990   4986     76   3055   1855     59   1326     36    724     20    486      0      0      0   0.00   0.00      0   0.00    8.8  0.018    0.0  0.000      0      0      0      0      0
09/07/1990   5052     81   3191   1780     56   1255     38    753     21    489      0      0      0   0.00   0.00      0   0.00    8.9  0.018    0.0  0.000      0      0      0      0      0
09/08/1990   5098     86   3313   1699     54   1204     40    780     20    482      0      0      0   0.00   0.00      0   0.00    8.9  0.018    0.0  0.000      0      0      0      0      0
09/09/1990   5140     92   3439   1609     52   1165     42    797     19    471      0      0      0   0.00   0.00      0   0.00    9.0  0.017    0.0  0.000      0      0      0      0      0
09/10/1990   5027     99   3413   1515     50   1281     44    806     18    463      0      0      0   0.00   0.00      0   0.00    9.0  0.017    0.0  0.000      0      0      0      0      0
09/11/1990   4920    107   3386   1427     47   1397     45    804     18    450      0      0      0   0.00   0.00      0   0.00    9.1  0.017    0.0  0.000      0      0      0      0      0
09/12/1990   4823    115   3356   1352     45   1504     45    798     17    434      0      0      0   0.00   0.00      0   0.00    9.1  0.017    0.0  0.000      0      0      0      0      0
09/13/1990   4728    115   3318   1295     51   1605     45    789     16    411      0      0      0   0.00   0.00      0   0.00    9.1  0.017    0.0  0.000      0      0      0      0      0
09/14/1990   4682    115   3269   1298     56   1702     45    768     15    387      0      0      0   0.00   0.00      0   0.00    9.2  0.017    0.0  0.000      0      0      0      0      0
09/15/1990   4528    115   3209   1204     62   1792     43    743     15    368      0      0      0   0.00   0.00      0   0.00    9.2  0.017    0.0  0.000      0      0      0      0      0
09/16/1990   4499    115   3143   1241     67   1864     41    718     15    349      0      0      0   0.00   0.00      0   0.00    9.2  0.017    0.0  0.000      0      0      0      0      0
09/17/1990   4482    113   3076   1293     72   1919     39    684     15    347      0      0      0   0.00   0.00      0   0.00    9.3  0.017    0.0  0.000      0      0      0      0      0
09/18/1990   4480    111   3010   1359     76   1960     38    648     15    347      0      0      0   0.00   0.00      0   0.00    9.3  0.017    0.0  0.000      0      0      0      0      0
09/19/1990   4490    109   2945   1436     79   1978     37    617     15    354      0      0      0   0.00   0.00      0   0.00    9.3  0.017    0.0  0.000      0      0      0      0      0
09/20/1990   4554    108   2876   1570     81   1985     36    597     15    368      0      0      0   0.00   0.00      0   0.00    9.4  0.017    0.0  0.000      0      0      0      0      0
09/21/1990   4623    106   2806   1711     83   1980     35    584     16    390      0      0      0   0.00   0.00      0   0.00    9.4  0.017    0.0  0.000      0      0      0      0      0
09/22/1990   4708    104   2740   1864     83   1952     35    584     17    410      0      0      0   0.00   0.00      0   0.00    9.5  0.016    0.0  0.000      0      0      0      0      0
09/23/1990   4796    102   2697   1997     83   1917     35    597     18    417      0      0      0   0.00   0.00      0   0.00    9.6  0.016    0.0  0.000      0      0      0      0      0
09/24/1990   4883    100   2644   2139     83   1871     36    625     19    429      0      0      0   0.00   0.00      0   0.00    9.7  0.016    0.0  0.000      0      0      0      0      0
09/25/1990   4958     98   2597   2263     83   1829     37    647     21    446      0      0      0   0.00   0.00      0   0.00    9.7  0.016    0.0  0.000      0      0      0      0      0
09/26/1990   5020     97   2569   2354     82   1784     38    667     23    469      0      0      0   0.00   0.00      0   0.00    9.8  0.016    0.0  0.000      0      0      0      0      0
09/27/1990   5066     95   2536   2435     81   1739     40    700     24    483      0      0      0   0.00   0.00      0   0.00    9.9  0.016    0.0  0.000      0      0      0      0      0
09/28/1990   5095     94   2497   2504     80   1708     43    725     25    499      0      0      0   0.00   0.00      0   0.00   10.0  0.016    0.0  0.000      0      0      0      0      0
09/29/1990   5101     94   2466   2541     78   1692     46    746     27    521      0      0      0   0.00   0.00      0   0.00   10.1  0.016    0.0  0.000      0      0      0      0      0
09/30/1990   5089     94   2433   2562     76   1678     49    773     29    545      0      0      0   0.00   0.00      0   0.00   10.2  0.015    0.0  0.000      0      0      0      0      0
10/01/1990   5064     94   2550   2420     75   1662     52    807     31    565      0      0      0   0.00   0.00      0   0.00   10.3  0.015    0.0  0.000      0      0      0      0      0
10/02/1990   5015     92   2651   2272     75   1671     56    838     30    556      0      0      0   0.00   0.00      0   0.00   10.4  0.015    0.0  0.000      0      0      0      0      0
10/03/1990   4951     90   2736   2125     75   1690     60    872     29    535      0      0      0   0.00   0.00      0   0.00   10.5  0.015    0.0  0.000      0      0      0      0      0
10/04/1990   4882     96   2805   1981     76   1720     64    903     27    518      0      0      0   0.00   0.00      0   0.00   10.5  0.015    0.0  0.000      0      0      0      0      0
10/05/1990   4793    101   2857   1835     78   1767     65    911     26    499      0      0      0   0.00   0.00      0   0.00   10.6  0.015    0.0  0.000      0      0      0      0      0
10/06/1990   4719    105   2903   1711     81   1821     66    908     24    465      0      0      0   0.00   0.00      0   0.00   10.7  0.015    0.0  0.000      0      0      0      0      0
10/07/1990   4623    108   2931   1584     84   1892     67    900     20    409      0      0      0   0.00   0.00      0   0.00   10.7  0.015    0.0  0.000      0      0      0      0      0
10/08/1990   4537    111   2950   1476     88   1965     66    865     17    370      0      0      0   0.00   0.00      0   0.00   10.8  0.015    0.0  0.000      0      0      0      0      0
10/09/1990   4467    114   2955   1398     93   2039     63    808     15    353      0      0      0   0.00   0.00      0   0.00   10.8  0.015    0.0  0.000      0      0      0      0      0
10/10/1990   4391    116   2949   1326     98   2094     58    753     15    345      0      0      0   0.00   0.00      0   0.00   10.8  0.014    0.0  0.000      0      0      0      0      0
10/11/1990   4322    117   2950   1255    104   2132     52    700     15    336      0      0      0   0.00   0.00      0   0.00   10.9  0.014    0.0  0.000      0      0      0      0      0
10/12/1990   4276    118   2954   1204    108   2167     48    643     15    322      0      0      0   0.00   0.00      0   0.00   10.9  0.014    0.0  0.000      0      0      0      0      0
10/13/1990   4229    118   2946   1165    112   2183     44    599     15    311      0      0      0   0.00   0.00      0   0.00   10.9  0.014    0.0  0.000      0      0      0      0      0
10/14/1990   4330    118   2931   1281    116   2180     40    571     15    303      0      0      0   0.00   0.00      0   0.00   11.0  0.014    0.0  0.000      0      0      0      0      0
10/15/1990   4441    119   2925   1397    118   2147     37    556     15    306      0      0      0   0.00   0.00      0   0.00   11.0  0.014    0.0  0.000      0      0      0      0      0
10/16/1990   4546    120   2922   1504    119   2107     35    540     15    318      0      0      0   0.00   0.00      0   0.00   11.1  0.014    0.0  0.000      0      0      0      0      0
10/17/1990   4645    120   2920   1605    118   2064     35    521     16    335      0      0      0   0.00   0.00      0   0.00   11.1  0.014    0.0  0.000      0      0      0      0      0
10/18/1990   4745    121   2922   1702    116   2009     35    517     17    352      0      0      0   0.00   0.00      0   0.00   11.2  0.014    0.0  0.000      0      0      0      0      0
10/19/1990   4847    123   2932   1792    113   1944     35    522     18    353      0      0      0   0.00   0.00      0   0.00   11.2  0.014    0.0  0.000      0      0      0      0      0
10/20/1990   4947    124   2959   1864    110   1865     36    534     17    345      0      0      0   0.00   0.00      0   0.00   11.3  0.014    0.0  0.000      0      0      0      0      0
10/21/1990   5040    125   2996   1919    107   1775     37    558     17    343      0      0      0   0.00   0.00      0   0.00   11.4  0.014    0.0  0.000      0      0      0      0      0
10/22/1990   5121    127   3034   1960    103   1682     38    572     18    354      0      0      0   0.00   0.00      0   0.00   11.4  0.014    0.0  0.000      0      0      0      0      0
10/23/1990   5174    131   3065   1978     98   1615     38    573     20    376      0      0      0   0.00   0.00      0   0.00   11.5  0.014    0.0  0.000      0      0      0      0      0
10/24/1990   5217    135   3097   1985     93   1558     39    583     22    390      0      0      0   0.00   0.00      0   0.00   11.6  0.014    0.0  0.000      0      0      0      0      0
10/25/1990   5261    140   3141   1980     87   1499     41    591     23    405      0      0      0   0.00   0.00      0   0.00   11.6  0.013    0.0  0.000      0      0      0      0      0
10/26/1990   5272    143   3177   1952     83   1468     43    597     23    404      0      0      0   0.00   0.00      0   0.00   11.7  0.013    0.0  0.000      0      0      0      0      0
10/27/1990   5258    147   3194   1917     80   1446     45    620     22    401      0      0      0   0.00   0.00      0   0.00   11.8  0.013    0.0  0.000      0      0      0      0      0
10/28/1990   5223    151   3201   1871     77   1435     47    651     21    388      0      0      0   0.00   0.00      0   0.00   11.8  0.013    0.0  0.000      0      0      0      0      0
10/29/1990   5183    154   3200   1829     75   1441     48    658     21    381      0      0      0   0.00   0.00      0   0.00   11.9  0.013    0.0  0.000      0      0      0      0      0
10/30/1990   5140    156   3200   1784     73   1447     50    667     20    359      0      0      0   0.00   0.00      0   0.00   11.9  0.013    0.0  0.000      0      0      0      0      0
10/31/1990   5087    156   3192   1739     74   1466     51    663     18    338      0      0      0   0.00   0.00      0   0.00   12.0  0.013    0.0  0.000      0      0      0      0      0
11/01/1990   5019    156   3168   1695     76   1495     51    649     16    300      0      0      0   0.00   0.00      0   0.00   12.1  0.013    0.0  0.000      0      0      0      0      0
11/02/1990   4955    156   3132   1667     78   1530     50    621     14    266      0      0      0   0.00   0.00      0   0.00   12.1  0.013    0.0  0.000      0      0      0      0      0
11/03/1990   4891    156   3093   1642     81   1559     47    597     14    241      0      0      0   0.00   0.00      0   0.00   12.2  0.013    0.0  0.000      0      0      0      0      0
11/04/1990   4826    156   3054   1616     84   1593     44    548     14    245      0      0      0   0.00   0.00      0   0.00   12.2  0.013    0.0  0.000      0      0      0      0      0
11/05/1990   4780    155   3009   1616     86   1612     41    499     15    258      0      0      0   0.00   0.00      0   0.00   12.3  0.013    0.0  0.000      0      0      0      0      0
11/06/1990   4746    154   2965   1627     88   1622     39    457     14    253      0      0      0   0.00   0.00      0   0.00   12.3  0.013    0.0  0.000      0      0      0      0      0
11/07/1990   4723    153   2920   1650     90   1617     37    434     13    239      0      0      0   0.00   0.00      0   0.00   12.4  0.013    0.0  0.000      0      0      0      0      0
11/08/1990   4720    151   2878   1691     92   1598     35    419     13    234      0      0      0   0.00   0.00      0   0.00   12.4  0.013    0.0  0.000      0      0      0      0      0
11/09/1990   4707    148   2819   1740     93   1569     33    410     14    249      0      0      0   0.00   0.00      0   0.00   12.5  0.013    0.0  0.000      0      0      0      0      0
11/10/1990   4697    146   2744   1807     92   1538     32    407     15    270      0      0      0   0.00   0.00      0   0.00   12.5  0.013    0.0  0.000      0      0      0      0      0
11/11/1990   4697    144   2676   1877     91   1496     32    412     15    287      0      0      0   0.00   0.00      0   0.00   12.6  0.012    0.0  0.000      0      0      0      0      0
11/12/1990   4698    141   2608   1949     89   1460     33    414     16    305      0      0      0   0.00   0.00      0   0.00   12.7  0.012    0.0  0.000      0      0      0      0      0
11/13/1990   4703    136   2564   2003     89   1420     33    419     18    324      0      0      0   0.00   0.00      0   0.00   12.7  0.012    0.0  0.000      0      0      0      0      0
11/14/1990   4704    132   2531   2041     88   1359     33    446     19    322      0      0      0   0.00   0.00      0   0.00   12.8  0.012    0.0  0.000      0      0      0      0      0
11/15/1990   4699    128   2495   2076     86   1294     34    480     18    311      0      0      0   0.00   0.00      0   0.00   12.9  0.012    0.0  0.000      0      0      0      0      0
11/16/1990   4687    126   2469   2092     83   1250     37    509     17    304      0      0      0   0.00   0.00      0   0.00   13.0  0.012    0.0  0.000      0      0      0      0      0
11/17/1990   4681    125   2467   2089     79   1207     39    519     18    317      0      0      0   0.00   0.00      0   0.00   13.1  0.012    0.0  0.000      0      0      0      0      0
11/18/1990   4654    124   2474   2056     76   1176     39    521     19    325      0      0      0   0.00   0.00      0   0.00   13.1  0.012    0.0  0.000      0      0      0      0      0
11/19/1990   4619    123   2480   2016     74   1156     40    526     19    325      0      0      0   0.00   0.00      0   0.00   13.2  0.012    0.0  0.000      0      0      0      0      0
11/20/1990   4717    123   2473   2121     72   1153     42    531     17    289      0      0      0   0.00   0.00      0   0.00   13.3  0.012    0.0  0.000      0      0      0      0      0
11/21/1990   4664    125   2467   2072     70   1162     43    522     15    254      0      0      0   0.00   0.00      0   0.00   13.4  0.012    0.0  0.000      0      0      0      0      0
11/22/1990   4426    127   2444   1855     69   1178     43    529     14    220      0      0      0   0.00   0.00      0   0.00   13.4  0.012    0.0  0.000      0      0      0      0      0
11/23/1990   4321    128   2417   1776     70   1198     41    509     13    212      0      0      0   0.00   0.00      0   0.00   13.5  0.012    0.0  0.000      0      0      0      0      0
11/24/1990   4211    128   2397   1686     71   1225     39    472     13    211      0      0      0   0.00   0.00      0   0.00   13.5  0.012    0.0  0.000      0      0      0      0      0
11/25/1990   4286    128   2386   1772     71   1250     39    432     13    211      0      0      0   0.00   0.00      0   0.00   13.5  0.012    0.0  0.000      0      0      0      0      0
11/26/1990   4362    127   2369   1866     73   1265     37    396     12    193      0      0      0   0.00   0.00      0   0.00   13.5  0.012    0.0  0.000      0      0      0      0      0
11/27/1990   4424    127   2332   1965     75   1297     34    358     10    172      0      0      0   0.00   0.00      0   0.00   13.5  0.012    0.0  0.000      0      0      0      0      0
11/28/1990   4485    127   2290   2068     76   1300     33    354      8    157      0      0      0   0.00   0.00      0   0.00   13.6  0.012    0.0  0.000      0      0      0      0      0
11/29/1990   4224    127   2251   1846     77   1285     30    335      9    176      0      0      0   0.00   0.00      0   0.00   13.6  0.011    0.0  0.000      0      0      0      0      0
11/30/1990   4147    126   2228   1793     78   1268     27    310     11    195      0      0      0   0.00   0.00      0   0.00   13.7  0.011    0.0  0.000      0      0      0      0      0
12/01/1990   4227    124   2215   1888     78   1242     26    299     11    191      0      0      0   0.00   0.00      0   0.00   13.8  0.011    0.0  0.000      0      0      0      0      0
12/02/1990   4315    123   2195   1997     78   1209     25    300     10    168      0      0      0   0.00   0.00      0   0.00   13.8  0.011    0.0  0.000      0      0      0      0      0
12/03/1990   4252    122   2179   1951     77   1174     25    294      9    157      0      0      0   0.00   0.00      0   0.00   13.8  0.011    0.0  0.000      0      0      0      0      0
12/04/1990   4216    122   2163   1931     76   1111     24    297     10    163      0      0      0   0.00   0.00      0   0.00   13.9  0.011    0.0  0.000      0      0      0      0      0
12/05/1990   4302    121   2127   2054     76   1059     22    296     10    165      0      0      0   0.00   0.00      0   0.00   13.9  0.011    0.0  0.000      0      0      0      0      0
12/06/1990   4269    120   2085   2064     73   1020     22    294     11    170      0      0      0   0.00   0.00      0   0.00   14.0  0.011    0.0  0.000      0      0      0      0      0
12/07/1990   4165    120   2063   1982     68    983     24    284     11    176      0      0      0   0.00   0.00      0   0.00   14.0  0.011    0.0  0.000      0      0      0      0      0
12/08/1990   4162    118   2043   2001     65    937     24    266     12    190      0      0      0   0.00   0.00      0   0.00   14.1  0.011    0.0  0.000      0      0      0      0      0
12/09/1990   4157    115   2022   2020     64    886     24    273     12    196      0      0      0   0.00   0.00      0   0.00   14.2  0.011    0.0  0.000      0      0      0      0      0
12/10/1990   4161    114   2007   2040     62    826     24    292     13    218      0      0      0   0.00   0.00      0   0.00   14.3  0.011    0.0  0.000      0      0      0      0      0
12/11/1990   4139    114   1973   2052     58    805     25    299     14    242      0      0      0   0.00   0.00      0   0.00   14.4  0.011    0.0  0.000      0      0      0      0      0
12/12/1990   4195    113   1938   2144     55    795     26    306     15    255      0      0      0   0.00   0.00      0   0.00   14.3  0.011    0.0  0.000      0      0      0      0      0
12/13/1990   4254    112   1927   2215     52    771     28    345     15    238      0      0      0   0.00   0.00      0   0.00   14.4  0.011    0.0  0.000      0      0      0      0      0
12/14/1990   4309    111   1919   2279     51    763     29    371     11    185      0      0      0   0.00   0.00      0   0.00   14.4  0.011    0.0  0.000      0      0      0      0      0
12/15/1990   4364    110   1908   2346     50    760     31    385      8    148      0      0      0   0.00   0.00      0   0.00   14.4  0.011    0.0  0.000      0      0      0      0      0
12/16/1990   4424    110   1893   2421     49    750     32    393      5    116      0      0      0   0.00   0.00      0   0.00   14.4  0.011    0.0  0.000      0      0      0      0      0
12/17/1990   4462    110   1854   2498     49    766     29    360      7    127      0      0      0   0.00   0.00      0   0.00   14.4  0.011    0.0  0.000      0      0      0      0      0
12/18/1990   4496    109   1827   2560     49    806     27    315      8    137      0      0      0   0.00   0.00      0   0.00   14.4  0.011    0.0  0.000      0      0      0      0      0
12/19/1990   4541    109   1811   2621     48    835     25    267      9    144      0      0      0   0.00   0.00      0   0.00   14.3  0.011    0.0  0.000      0      0      0      0      0
12/20/1990   4596    107   1796   2693     50    845     23    232      6    115      0      0      0   0.00   0.00      0   0.00   14.3  0.011    0.0  0.000      0      0      0      0      0
12/21/1990   4648    105   1773   2770     53    849     21    214      3     62      0      0      0   0.00   0.00      0   0.00   14.3  0.011    0.0  0.000      0      0      0      0      0
12/22/1990   4688    104   1732   2852     55    829     19    226      0     16      0      0      0   0.00   0.00      0   0.00   14.3  0.011    0.0  0.000      0      0      0      0      0
12/23/1990   4721    103   1677   2941     56    825     14    199      0      0      0      0      0   0.00   0.00      0   0.00   14.3  0.011    0.0  0.000      0      0      0      0      0
12/24/1990   4763    102   1625   3036     53    808     13    160      0      0      0      0      0   0.00   0.00      0   0.00   14.3  0.011    0.0  0.000      0      0      0      0      0
12/25/1990   4808    100   1571   3137     52    793     11    115      0     10      0      0      0   0.00   0.00      0   0.00   14.3  0.011    0.0  0.000      0      0      0      0      0
12/26/1990   4842     98   1520   3224     51    797      9     62      1     33      0      0      0   0.00   0.00      0   0.00   14.3  0.011    0.0  0.000      0      0      0      0      0
12/27/1990   4887     95   1484   3308     51    782      6     16      3     66      0      0      0   0.00   0.00      0   0.00   14.3  0.011    0.0  0.000      0      0      0      0      0
12/28/1990   4936     92   1443   3401     50    732      3     10      5     95      0      0      0   0.00   0.00      0   0.00   14.2  0.011    0.0  0.000      0      0      0      0      0
12/29/1990   4982     89   1393   3500     50    669      1     33      4     89      0      0      0   0.00   0.00      0   0.00   14.2  0.011    0.0  0.000      0      0      0      0      0
12/30/1990   5034     88   1355   3591     46    602      3     66      3     85      0      0      0   0.00   0.00      0   0.00   14.2  0.011    0.0  0.000      0      0      0      0      0
12/31/1990   5106     86   1336   3684     42    514      5    105      2     77      0      0      0   0.00   0.00      0   0.00   14.2  0.011    0.0  0.000      0      0      0      0      0
