Varroa Population Simulation - Nov 24,2015  04:11:32 PM
VarroaPop Version 3.2.5.8  June, 2015

                                        Capped  Capped                                                                      Prop           Conc          Conc                                     
            Colony  Adult  Adult         Drone   Wkr    Drone  Wkr    Drone  Wkr  Free   DBrood WBrood DMite  WMite  Mites  Mites  Colony Pollen Colony Nectar   Dead   Dead   Dead   Dead   Dead
     Date   Size   Drones   Wkr   Forgrs Brood  Brood   Larv   Larv    Eggs  Eggs Mites  Mites  Mites  /Cell  /Cell  Dying  Dying  Pollen  Pest  Nectar  Pest    DLarv  WLarv  DAdlt  WAdlt  Forgrs
Initial     10000      0   7770   2230      0      0      0      0      0      0      0      0      0   0.00   0.00      0   0.00    0.0  0.000    0.0  0.000      0      0      0      0      0
05/01/1990   9630      0   7400   2230      0      0      0      0      0    393      0      0      0   0.00   0.00      0   0.00    0.1  0.000    0.0  0.000      0      0      0      0      0
05/02/1990   9260      0   7030   2230      0      0      0      0      0    816      0      0      0   0.00   0.00      0   0.00    0.1  0.000    0.0  0.000      0      0      0      0      0
05/03/1990   8890      0   6660   2230      0      0      0      0      0   1276      0      0      0   0.00   0.00      0   0.00    0.2  0.000    0.0  0.000      0      0      0      0      0
05/04/1990   8520      0   6290   2230      0      0      0    393      0   1362      0      0      0   0.00   0.00      0   0.00    0.2  0.000    0.0  0.000      0      0      0      0      0
05/05/1990   8150      0   5920   2230      0      0      0    816      0   1428      0      0      0   0.00   0.00      0   0.00    0.3  0.000    0.0  0.000      0      0      0      0      0
05/06/1990   7770      0   5550   2220      0      0      0   1276      0   1447      0      0      0   0.00   0.00      0   0.00    0.3  0.000    0.0  0.000      0      0      0      0      0
05/07/1990   7400      0   5180   2220      0      0      0   1755      0   1411      0      0      0   0.00   0.00      0   0.00    0.4  0.000    0.0  0.000      0      0      0      0      0
05/08/1990   7030      0   4810   2220      0      0      0   2244      0   1358      0      0      0   0.00   0.00      0   0.00    0.5  0.000    0.0  0.000      0      0      0      0      0
05/09/1990   6660      0   4440   2220      0    393      0   2330      0   1282      0      0      0   0.00   0.00      0   0.00    0.5  0.000    0.0  0.000      0      0      0      0      0
05/10/1990   6290      0   4070   2220      0    816      0   2350      0   1186      0      0      0   0.00   0.00      0   0.00    0.6  0.000    0.0  0.000      0      0      0      0      0
05/11/1990   5920      0   3700   2220      0   1276      0   2326      0   1133      0      0      0   0.00   0.00      0   0.00    0.6  0.000    0.0  0.000      0      0      0      0      0
05/12/1990   5550      0   3330   2220      0   1755      0   2250      0   1126      0      0      0   0.00   0.00      0   0.00    0.7  0.000    0.0  0.000      0      0      0      0      0
05/13/1990   5180      0   2960   2220      0   2244      0   2108      0   1182      0      0      0   0.00   0.00      0   0.00    0.8  0.000    0.0  0.000      0      0      0      0      0
05/14/1990   4810      0   2590   2220      0   2723      0   2012      0   1201      0      0      0   0.00   0.00      0   0.00    0.9  0.000    0.0  0.000      0      0      0      0      0
05/15/1990   4440      0   2220   2220      0   3166      0   1965      0   1190      0      0      0   0.00   0.00      0   0.00    0.9  0.000    0.0  0.000      0      0      0      0      0
05/16/1990   4070      0   1850   2220      0   3602      0   1932      0   1219      0      0      0   0.00   0.00      0   0.00    1.0  0.000    0.0  0.000      0      0      0      0      0
05/17/1990   3700      0   1480   2220      0   4005      0   1931      0   1220      0      0      0   0.00   0.00      0   0.00    1.1  0.000    0.0  0.000      0      0      0      0      0
05/18/1990   3330      0   1110   2220      0   4352      0   1969      0   1197      0      0      0   0.00   0.00      0   0.00    1.2  0.000    0.0  0.000      0      0      0      0      0
05/19/1990   2960      0    740   2220      0   4735      0   2018      0   1116      0      0      0   0.00   0.00      0   0.00    1.3  0.000    0.0  0.000      0      0      0      0      0
05/20/1990   2590      0    370   2220      0   5131      0   2025      0   1111      0      0      0   0.00   0.00      0   0.00    1.4  0.000    0.0  0.000      0      0      0      0      0
05/21/1990   2220      0      0   2220      0   5534      0   1984      0   1166      0      0      0   0.00   0.00      0   0.00    1.5  0.000    0.0  0.000      0      0      0      0      0
05/22/1990   2243      0    393   1850      0   5543      0   1933      0   1240      0      0      0   0.00   0.00      0   0.00    1.6  0.000    0.0  0.000      0      0      0      0      0
05/23/1990   2666      0    816   1850      0   5505      0   1946      0   1158      0      0      0   0.00   0.00      0   0.00    1.6  0.000    0.0  0.000      0      0      0      0      0
05/24/1990   2756      0   1276   1480      0   5477      0   1931      0   1054      0      0      0   0.00   0.00      0   0.00    1.6  0.000    0.0  0.000      0      0      0      0      0
05/25/1990   2865      0   1755   1110      0   5401      0   1953      0    935      0      0      0   0.00   0.00      0   0.00    1.7  0.000    0.0  0.000      0      0      0      0      0
05/26/1990   2984      0   2244    740      0   5274      0   1907      0    875      0      0      0   0.00   0.00      0   0.00    1.7  0.000    0.0  0.000      0      0      0      0      0
05/27/1990   3463      0   2723    740      0   5146      0   1869      0    729      0      0      0   0.00   0.00      0   0.00    1.7  0.000    0.0  0.000      0      0      0      0      0
05/28/1990   3906      0   3166    740      0   5101      0   1777      0    587      0      0      0   0.00   0.00      0   0.00    1.7  0.000    0.0  0.000      0      0      0      0      0
05/29/1990   3972      0   3602    370      0   5082      0   1616      0    508      0      0      0   0.00   0.00      0   0.00    1.7  0.000    0.0  0.000      0      0      0      0      0
05/30/1990   4005      0   4005      0      0   5104      0   1358      0    443      0      0      0   0.00   0.00      0   0.00    1.6  0.000    0.0  0.000      0      0      0      0      0
05/31/1990   4352      0   4352      0      0   5073      0   1206      0    279      0      0      0   0.00   0.00      0   0.00    1.6  0.000    0.0  0.000      0      0      0      0      0
06/01/1990   4735      0   4735      0      0   5003      0   1070      0    102      0      0      0   0.00   0.00      0   0.00    1.6  0.000    0.0  0.000      0      0      0      0      0
06/02/1990   5131      0   5131      0      0   4913      0    866      0      0      0      0      0   0.00   0.00      0   0.00    1.5  0.000    0.0  0.000      0      0      0      0      0
06/03/1990   5534      0   5534      0      0   4766      0    610      0      0      0      0      0   0.00   0.00      0   0.00    1.5  0.000    0.0  0.000      0      0      0      0      0
06/04/1990   5936      0   5936      0      0   4531      0    443      0      0      0      0      0   0.00   0.00      0   0.00    1.5  0.000    0.0  0.000      0      0      0      0      0
06/05/1990   6321      0   6321      0      0   4310      0    279      0      0      0      0      0   0.00   0.00      0   0.00    1.4  0.000    0.0  0.000      0      0      0      0      0
06/06/1990   6753      0   6753      0      0   4055      0    102      0      0      0      0      0   0.00   0.00      0   0.00    1.4  0.000    0.0  0.000      0      0      0      0      0
06/07/1990   7156      0   7156      0      0   3754      0      0      0      0      0      0      0   0.00   0.00      0   0.00    1.3  0.000    0.0  0.000      0      0      0      0      0
06/08/1990   7518      0   7518      0      0   3392      0      0      0      0      0      0      0   0.00   0.00      0   0.00    1.3  0.000    0.0  0.000      0      0      0      0      0
06/09/1990   7869      0   7869      0      0   3041      0      0      0      0      0      0      0   0.00   0.00      0   0.00    1.2  0.000    0.0  0.000      0      0      0      0      0
06/10/1990   8267      0   8267      0      0   2643      0      0      0      0      0      0      0   0.00   0.00      0   0.00    1.2  0.000    0.0  0.000      0      0      0      0      0
06/11/1990   8684      0   8684      0      0   2226      0      0      0      0      0      0      0   0.00   0.00      0   0.00    1.1  0.000    0.0  0.000      0      0      0      0      0
06/12/1990   9109      0   8716    393      0   1801      0      0      0      0      0      0      0   0.00   0.00      0   0.00    1.1  0.000    0.0  0.000      0      0      0      0      0
06/13/1990   9425      0   8609    816      0   1485      0      0      0    115      0      0      0   0.00   0.00      0   0.00    1.1  0.000    0.0  0.000      0      0      0      0      0
06/14/1990   9738      0   8462   1276      0   1172      0      0      0    315      0      0      0   0.00   0.00      0   0.00    1.1  0.000    0.0  0.000      0      0      0      0      0
06/15/1990  10044      0   8289   1755      0    866      0      0      0    601      0      0      0   0.00   0.00      0   0.00    1.1  0.000    0.0  0.000      0      0      0      0      0
06/16/1990  10300      0   8056   2244      0    610      0    115      0    865      0      0      0   0.00   0.00      0   0.00    1.1  0.000    0.0  0.000      0      0      0      0      0
06/17/1990  10467      0   7744   2723      0    443      0    315      0   1127      0      0      0   0.00   0.00      0   0.00    1.2  0.000    0.0  0.000      0      0      0      0      0
06/18/1990  10238      0   7465   2773      0    279      0    601      1   1334      0      0      0   0.00   0.00      0   0.00    1.3  0.000    0.0  0.000      0      0      0      0      0
06/19/1990   9992      0   7206   2786      0    102      0    980      2   1490      0      0      0   0.00   0.00      0   0.00    1.3  0.000    0.0  0.000      0      0      0      0      0
06/20/1990   9634      0   6905   2729      0      0      0   1442      3   1608      0      0      0   0.00   0.00      0   0.00    1.4  0.000    0.0  0.000      0      0      0      0      0
06/21/1990   9155      0   6558   2597      0    115      1   1820      3   1689      0      0      0   0.00   0.00      0   0.00    1.5  0.000    0.0  0.000      0      0      0      0      0
06/22/1990   8666      0   6175   2491      0    315      2   2155      3   1675      0      0      0   0.00   0.00      0   0.00    1.6  0.000    0.0  0.000      0      0      0      0      0
06/23/1990   8187      0   5779   2408      0    601      3   2449      2   1603      0      0      0   0.00   0.00      0   0.00    1.6  0.000    0.0  0.000      0      0      0      0      0
06/24/1990   7744      0   5376   2368      0    980      4   2644      1   1536      0      0      0   0.00   0.00      0   0.00    1.7  0.000    0.0  0.000      0      0      0      0      0
06/25/1990   7308      0   4974   2334      0   1442      5   2703      0   1517      0      0      0   0.00   0.00      0   0.00    1.7  0.000    0.0  0.000      0      0      0      0      0
06/26/1990   6905      0   4589   2316      0   1935      5   2718      0   1512      0      0      0   0.00   0.00      0   0.00    1.8  0.000    0.0  0.000      0      0      0      0      0
06/27/1990   6558      0   4157   2401      0   2470      5   2690      0   1497      0      0      0   0.00   0.00      0   0.00    1.9  0.000    0.0  0.000      0      0      0      0      0
06/28/1990   6175      0   3754   2421      1   3050      4   2612      0   1489      0      0      0   0.00   0.00      0   0.00    2.0  0.000    0.0  0.000      0      0      0      0      0
06/29/1990   5779      0   3392   2387      2   3624      3   2541      0   1508      0      0      0   0.00   0.00      0   0.00    2.0  0.000    0.0  0.000      0      0      0      0      0
06/30/1990   5376      0   3041   2335      3   4145      2   2512      0   1537      0      0      0   0.00   0.00      0   0.00    2.1  0.000    0.0  0.000      0      0      0      0      0
07/01/1990   4974      0   2643   2331      4   4653      1   2498      0   1556      0      0      0   0.00   0.00      0   0.00    2.2  0.000    0.0  0.000      0      0      0      0      0
07/02/1990   4589      0   2226   2363      5   5160      0   2513      0   1527      0      0      0   0.00   0.00      0   0.00    2.3  0.000    0.0  0.000      0      0      0      0      0
07/03/1990   4157      0   1801   2356      5   5662      0   2532      0   1499      0      0      0   0.00   0.00      0   0.00    2.4  0.000    0.0  0.000      0      0      0      0      0
07/04/1990   3869      0   1600   2269      5   6050      0   2542      0   1460      0      0      0   0.00   0.00      0   0.00    2.5  0.000    0.0  0.000      0      0      0      0      0
07/05/1990   3707      0   1487   2220      5   6342      0   2543      0   1437      0      0      0   0.00   0.00      0   0.00    2.6  0.000    0.0  0.000      0      0      0      0      0
07/06/1990   3642      0   1467   2175      5   6550      0   2542      0   1408      0      0      0   0.00   0.00      0   0.00    2.6  0.000    0.0  0.000      0      0      0      0      0
07/07/1990   3623      0   1590   2033      5   6693      0   2494      0   1408      0      0      0   0.00   0.00      0   0.00    2.7  0.000    0.0  0.000      0      0      0      0      0
07/08/1990   3668      0   1885   1783      5   6752      0   2443      0   1398      0      0      0   0.00   0.00      0   0.00    2.8  0.000    0.0  0.000      0      0      0      0      0
07/09/1990   3736      0   2214   1522      5   6772      0   2394      0   1364      0      0      0   0.00   0.00      0   0.00    2.8  0.000    0.0  0.000      0      0      0      0      0
07/10/1990   3955      0   2572   1383      5   6730      0   2375      0   1292      0      0      0   0.00   0.00      0   0.00    2.9  0.000    0.0  0.000      0      0      0      0      0
07/11/1990   4222      0   3050   1172      5   6643      0   2342      0   1215      0      0      0   0.00   0.00      0   0.00    2.9  0.000    0.0  0.000      0      0      0      0      0
07/12/1990   4491      1   3624    866      4   6543      0   2298      0   1127      0      0      0   0.00   0.00      0   0.00    2.9  0.000    0.0  0.000      0      0      0      0      0
07/13/1990   4757      2   4145    610      3   6492      0   2230      0   1000      0      0      0   0.00   0.00      0   0.00    2.9  0.000    0.0  0.000      0      0      0      0      0
07/14/1990   5099      3   4653    443      2   6448      0   2149      0    826      0      0      0   0.00   0.00      0   0.00    2.9  0.000    0.0  0.000      0      0      0      0      0
07/15/1990   5443      4   5160    279      1   6415      0   2017      0    645      0      0      0   0.00   0.00      0   0.00    2.9  0.000    0.0  0.000      0      0      0      0      0
07/16/1990   5769      5   5662    102      0   6373      0   1832      0    475      0      0      0   0.00   0.00      0   0.00    2.9  0.000    0.0  0.000      0      0      0      0      0
07/17/1990   6170      5   6165      0      0   6300      0   1611      0    306      0      0      0   0.00   0.00      0   0.00    2.9  0.000    0.0  0.000      0      0      0      0      0
07/18/1990   6662      5   6657      0      0   6210      0   1370      0    145      0      0      0   0.00   0.00      0   0.00    2.8  0.000    0.0  0.000      0      0      0      0      0
07/19/1990   7156      5   7151      0      0   6099      0   1092      0     40      0      0      0   0.00   0.00      0   0.00    2.8  0.000    0.0  0.000      0      0      0      0      0
07/20/1990   7678      5   7673      0      0   5919      0    790      0      0      0      0      0   0.00   0.00      0   0.00    2.7  0.000    0.0  0.000      0      0      0      0      0
07/21/1990   8199      5   8194      0      0   5673      0    515      0      0      0      0      0   0.00   0.00      0   0.00    2.7  0.000    0.0  0.000      0      0      0      0      0
07/22/1990   8712      5   8707      0      0   5369      0    306      0      0      0      0      0   0.00   0.00      0   0.00    2.6  0.000    0.0  0.000      0      0      0      0      0
07/23/1990   9205      5   9200      0      0   5037      0    145      0      0      0      0      0   0.00   0.00      0   0.00    2.5  0.000    0.0  0.000      0      0      0      0      0
07/24/1990   9698      5   9693      0      0   4649      0     40      0      0      0      0      0   0.00   0.00      0   0.00    2.5  0.000    0.0  0.000      0      0      0      0      0
07/25/1990  10172      5  10052    115      0   4215      0      0      0      0      0      0      0   0.00   0.00      0   0.00    2.4  0.000    0.0  0.000      0      0      0      0      0
07/26/1990  10642      5  10322    315      0   3745      0      0      0     44      0      0      0   0.00   0.00      0   0.00    2.4  0.000    0.0  0.000      0      0      0      0      0
07/27/1990  11106      5  10500    601      0   3281      0      0      0    159      0      0      0   0.00   0.00      0   0.00    2.3  0.000    0.0  0.000      0      0      0      0      0
07/28/1990  11580      5  10595    980      0   2807      0      0      0    362      0      0      0   0.00   0.00      0   0.00    2.3  0.000    0.0  0.000      0      0      0      0      0
07/29/1990  12040      5  10593   1442      0   2347      0     44      0    612      0      0      0   0.00   0.00      0   0.00    2.3  0.000    0.0  0.000      0      0      0      0      0
07/30/1990  12470      5  10530   1935      0   1917      0    159      0    882      0      0      0   0.00   0.00      0   0.00    2.3  0.000    0.0  0.000      0      0      0      0      0
07/31/1990  12757      5  10397   2355      0   1515      0    362      0   1141      0      0      0   0.00   0.00      0   0.00    2.3  0.000    0.0  0.000      0      0      0      0      0
08/01/1990  12940      5  10200   2735      0   1132      0    656      0   1364      0      0      0   0.00   0.00      0   0.00    2.4  0.000    0.0  0.000      0      0      0      0      0
08/02/1990  12995      4   9968   3023      0    790      0   1041      1   1540      0      0      0   0.00   0.00      0   0.00    2.5  0.000    0.0  0.000      0      0      0      0      0
08/03/1990  12890      3   9722   3165      0    559      0   1459      3   1669      0      0      0   0.00   0.00      0   0.00    2.5  0.000    0.0  0.000      0      0      0      0      0
08/04/1990  12636      2   9423   3211      0    465      0   1861      5   1762      0      0      0   0.00   0.00      0   0.00    2.6  0.000    0.0  0.000      0      0      0      0      0
08/05/1990  12303      1   9077   3225      0    507      1   2219      6   1830      0      0      0   0.00   0.00      0   0.00    2.7  0.000    0.0  0.000      0      0      0      0      0
08/06/1990  11872      0   8680   3192      0    696      3   2516      6   1873      0      0      0   0.00   0.00      0   0.00    2.8  0.000    0.0  0.000      0      0      0      0      0
08/07/1990  11332      0   8217   3115      0   1041      5   2741      6   1893      0      0      0   0.00   0.00      0   0.00    2.9  0.000    0.0  0.000      0      0      0      0      0
08/08/1990  10758      0   7725   3033      0   1503      7   2908      6   1886      0      0      0   0.00   0.00      0   0.00    2.9  0.000    0.0  0.000      0      0      0      0      0
08/09/1990  10237      0   7231   3006      0   2020      9   3025      6   1865      0      0      0   0.00   0.00      0   0.00    3.0  0.000    0.0  0.000      0      0      0      0      0
08/10/1990   9729      0   6709   3020      0   2581     11   3094      6   1845      0      0      0   0.00   0.00      0   0.00    3.1  0.000    0.0  0.000      0      0      0      0      0
08/11/1990   9222      0   6188   3034      0   3172     13   3125      6   1835      0      0      0   0.00   0.00      0   0.00    3.2  0.000    0.0  0.000      0      0      0      0      0
08/12/1990   8720      0   5675   3045      1   3782     14   3128      6   1834      0      0      0   0.00   0.00      0   0.00    3.3  0.000    0.0  0.000      0      0      0      0      0
08/13/1990   8217      0   5182   3035      3   4411     14   3109      6   1822      0      0      0   0.00   0.00      0   0.00    3.4  0.000    0.0  0.000      0      0      0      0      0
08/14/1990   7725      0   4689   3036      5   5045     14   3087      6   1776      0      0      0   0.00   0.00      0   0.00    3.5  0.000    0.0  0.000      0      0      0      0      0
08/15/1990   7231      0   4215   3016      7   5675     14   3069      5   1691      0      0      0   0.00   0.00      0   0.00    3.6  0.000    0.0  0.000      0      0      0      0      0
08/16/1990   6753      0   3789   2964      9   6253     14   3045      4   1628      0      0      0   0.00   0.00      0   0.00    3.7  0.000    0.0  0.000      0      0      0      0      0
08/17/1990   6347      0   3440   2907     11   6751     14   2998      3   1602      0      0      0   0.00   0.00      0   0.00    3.8  0.000    0.0  0.000      0      0      0      0      0
08/18/1990   6037      0   3169   2868     13   7158     13   2915      3   1571      0      0      0   0.00   0.00      0   0.00    3.9  0.000    0.0  0.000      0      0      0      0      0
08/19/1990    600      0    600      0     15   7476      4   1628      3   1527      0      0      0   0.00   0.00      0   0.00    4.0  0.479    0.0  0.000      8   1210      0   2393   2835
08/20/1990    885      0    885      0     15   7091      3   1603      2    987      0      0      0   0.00   0.00      0   0.00    4.0  0.479    0.0  0.000      2    565      0     65     35
08/21/1990   1252      0   1252      0     15   6629      3   1574      1    491      0      0      0   0.00   0.00      0   0.00    4.0  0.479    0.0  0.000      1    525      0     60     35
08/22/1990   1684      0   1684      0     15   6113      3   1533      0      0      0      0      0   0.00   0.00      0   0.00    3.9  0.479    0.0  0.000      1    531      0     50     35
08/23/1990   2169      0   2169      0     15   5554      2    998      0      0      0      0      0   0.00   0.00      0   0.00    3.9  0.479    0.0  0.000      1    533      0     41     35
08/24/1990   2692      0   2692      0     15   4967      1    509      0      0      0      0      0   0.00   0.00      0   0.00    3.9  0.479    0.0  0.000      1    485      0     33     35
08/25/1990   3241      0   3241      0     15   4364      0     29      0      0      0      0      0   0.00   0.00      0   0.00    3.9  0.479    0.0  0.000      1    473      0     26     35
08/26/1990   3835      0   3835      0     14   3746      0     18      0      0      0      0      0   0.00   0.00      0   0.00    3.9  0.479    0.0  0.000      0      0      1      0     35
08/27/1990   4471      2   4434     35     12   3130      0      0      0      0      0      0      0   0.00   0.00      0   0.00    3.9  0.479    0.0  0.000      0      0      0      0      0
08/28/1990   5103      4   5029     70     10   2500      0      0      0     13      0      0      0   0.00   0.00      0   0.00    3.8  0.479    0.0  0.000      0      0      0      0      0
08/29/1990   5727      6   5616    105      8   1878      0      0      0     40      0      0      0   0.00   0.00      0   0.00    3.8  0.479    0.0  0.000      0      0      0      0      0
08/30/1990   6342      8   6194    140      6   1265      0      0      0     79      0      0      0   0.00   0.00      0   0.00    3.8  0.479    0.0  0.000      0      0      0      0      0
08/31/1990   6954     10   6802    142      4    655      0     13      0    116      0      0      0   0.00   0.00      0   0.00    3.8  0.479    0.0  0.000      0      0      0      0      0
09/01/1990   7568     12   7412    144      2     43      0     40      0    141      0      0      0   0.00   0.00      0   0.00    3.7  0.479    0.0  0.000      0      0      0      0      0
09/02/1990   7570     14   7410    146      0     43      0     79      0    155      0      0      0   0.00   0.00      0   0.00    3.7  0.479    0.0  0.000      0      0      0      0      0
09/03/1990   7535     14   7408    113      0     43      0    128      0    159      0      0      0   0.00   0.00      0   0.00    3.6  0.479    0.0  0.000      0      1      0      0      0
09/04/1990   7501     14   7407     80      0     42      0    177      0    149      0      0      0   0.00   0.00      0   0.00    3.6  0.479    0.0  0.000      0      3      0      0      0
09/05/1990   7468     14   7407     47      0     52      0    214      0    126      0      0      0   0.00   0.00      0   0.00    3.5  0.479    0.0  0.000      0      4      0      0      0
09/06/1990   7437     14   7409     14      0     72      0    239      0     90      0      0      0   0.00   0.00      0   0.00    3.5  0.478    0.0  0.000      0      5      0      0      0
09/07/1990   7442     14   7364     64      0    100      0    241      0     53      0      0      0   0.00   0.00      0   0.00    3.4  0.478    0.0  0.000      0      5      0      0      0
09/08/1990   7449     14   7323    112      0    134      0    222      0     47      0      0      0   0.00   0.00      0   0.00    3.4  0.478    0.0  0.000      0      4      0      0      0
09/09/1990   7465     14   7244    207      0    163      0    189      0     71      0      0      0   0.00   0.00      0   0.00    3.3  0.478    0.0  0.000      0      4      0      0      0
09/10/1990   7463     14   6924    525      0    212      0    143      0    145      0      0      0   0.00   0.00      0   0.00    3.3  0.478    0.0  0.000      0      2      0      0      0
09/11/1990   7461     14   6522    925      0    262      0    116      0    292      0      0      0   0.00   0.00      0   0.00    3.3  0.478    0.0  0.000      0      1      0      0      0
09/12/1990   7459     14   6055   1390      0    302      0    118      0    514      0      0      0   0.00   0.00      0   0.00    3.3  0.476    0.0  0.000      0      0      0      0      0
09/13/1990   7407     14   5535   1858      0    331      0    168      0    786      0      0      0   0.00   0.00      0   0.00    3.3  0.471    0.0  0.000      0      0      0      0      0
09/14/1990   7355     14   4977   2364      0    349      0    321      0   1007      0      0      0   0.00   0.00      0   0.00    3.4  0.461    0.0  0.000      0      0      0      0      0
09/15/1990   7258     14   4393   2851      0    354      0    580      0   1191      0      0      0   0.00   0.00      0   0.00    3.5  0.449    0.0  0.000      0      0      0      0      0
09/16/1990   6938     14   3764   3160      0    378      0    907      1   1338      0      0      0   0.00   0.00      0   0.00    3.6  0.435    0.0  0.000      0      0      0      0      0
09/17/1990   6534     12   3130   3392      0    420      0   1257      3   1483      0      0      0   0.00   0.00      0   0.00    3.7  0.420    0.0  0.000      0      0      0      0      0
09/18/1990   6077     10   2512   3555      0    487      0   1626      5   1582      0      0      0   0.00   0.00      0   0.00    3.9  0.404    0.0  0.000      0      0      0      0      0
09/19/1990   5579      8   1914   3657      0    634      1   1953      6   1637      0      0      0   0.00   0.00      0   0.00    4.0  0.389    0.0  0.000      0      0      0      0      0
09/20/1990   5054      6   1336   3712      0    863      3   2226      7   1693      0      0      0   0.00   0.00      0   0.00    4.2  0.375    0.0  0.000      0      0      0      0      0
09/21/1990   4513      4    771   3738      0   1169      5   2422      8   1747      0      0      0   0.00   0.00      0   0.00    4.4  0.360    0.0  0.000      0      0      0      0      0
09/22/1990   3929      2    206   3721      0   1514      7   2583      9   1761      0      0      0   0.00   0.00      0   0.00    4.5  0.347    0.0  0.000      0      0      0      0      0
09/23/1990   3342      0    255   3087      0   1913     10   2728      8   1701      0      0      0   0.00   0.00      0   0.00    4.7  0.337    0.0  0.000      0      0      0      0      0
09/24/1990   2762      0    305   2457      0   2361     13   2831      6   1612      0      0      0   0.00   0.00      0   0.00    4.8  0.330    0.0  0.000      0      0      0      0      0
09/25/1990   2180      0    344   1836      0   2858     16   2861      3   1492      0      0      0   0.00   0.00      0   0.00    4.8  0.325    0.0  0.000      0      0      0      0      0
09/26/1990   1596      0    371   1225      1   3376     17   2847      1   1334      0      0      0   0.00   0.00      0   0.00    4.9  0.321    0.0  0.000      0      0      0      0      0
09/27/1990   1004      0    385    619      3   3911     16   2806      0   1111      0      0      0   0.00   0.00      0   0.00    4.9  0.320    0.0  0.000      0      0      0      0      0
09/28/1990    397      0    383     14      5   4499     13   2641      0    664      0      0      0   0.00   0.00      0   0.00    4.9  0.320    0.0  0.000      1     19      0      0      0
09/29/1990    421      0    396     25      7   5076     10   2400      0    289      0      0      0   0.00   0.00      0   0.00    4.9  0.320    0.0  0.000      1     15      0      0      0
09/30/1990    463      0    420     43     10   5582      6   2131      0      0      0      0      0   0.00   0.00      0   0.00    4.9  0.320    0.0  0.000      1     10      0      0      0
10/01/1990    541      0    499     42     13   6021      3   1604      0      0      0      0      0   0.00   0.00      0   0.00    4.9  0.320    0.0  0.000      0      9      0      0      0
10/02/1990    710      0    670     40     15   6352      1   1093      0      0      0      0      0   0.00   0.00      0   0.00    4.9  0.320    0.0  0.000      0      9      0      0      0
10/03/1990    970      0    934     36     16   6526      0    647      0     14      0      0      0   0.00   0.00      0   0.00    4.9  0.320    0.0  0.000      0      8      0      0      0
10/04/1990   1314      0   1285     29     16   6541      0    281      0     28      0      0      0   0.00   0.00      0   0.00    4.9  0.320    0.0  0.000      0      0      0      0      0
10/05/1990   1695      0   1677     18     16   6430      0      0      0     38      0      0      0   0.00   0.00      0   0.00    4.9  0.320    0.0  0.000      0      0      0      0      0
10/06/1990   2125      0   2125      0     16   5982      0     14      0     29      0      0      0   0.00   0.00      0   0.00    4.9  0.320    0.0  0.000      0      0      0      0      0
10/07/1990   2623      0   2623      0     16   5484      0     28      0     15      0      0      0   0.00   0.00      0   0.00    4.8  0.320    0.0  0.000      0      0      0      0      0
10/08/1990   3160      0   3160      0     16   4947      0     38      0      5      0      0      0   0.00   0.00      0   0.00    4.8  0.320    0.0  0.000      0      0      0      0      0
10/09/1990   3707      0   3695     12     16   4400      0     42      0      0      0      0      0   0.00   0.00      0   0.00    4.8  0.320    0.0  0.000      0      1      0      0      0
10/10/1990   4261      1   4224     36     15   3847      0     41      0      3      0      0      0   0.00   0.00      0   0.00    4.8  0.320    0.0  0.000      0      1      0      0      0
10/11/1990   4856      3   4782     71     13   3267      0     27      0     14      0      0      0   0.00   0.00      0   0.00    4.8  0.320    0.0  0.000      0      1      0      0      0
10/12/1990   5459      5   5338    116     11   2679      0     13      0     36      0      0      0   0.00   0.00      0   0.00    4.7  0.320    0.0  0.000      0      1      0      0      0
10/13/1990   6009      7   5839    163      9   2140      0      7      0     69      0      0      0   0.00   0.00      0   0.00    4.7  0.320    0.0  0.000      0      0      0      0      0
10/14/1990   6530     10   6308    212      6   1626      0     14      0    109      0      0      0   0.00   0.00      0   0.00    4.7  0.320    0.0  0.000      0      0      0      0      0
10/15/1990   7023     13   6760    250      3   1124      0     36      0    153      0      0      0   0.00   0.00      0   0.00    4.7  0.320    0.0  0.000      0      0      0      0      0
10/16/1990   7439     15   7158    266      1    686      0     71      0    192      0      0      0   0.00   0.00      0   0.00    4.6  0.320    0.0  0.000      0      1      0      0      0
10/17/1990   7771     16   7495    260      0    320      0    121      0    220      0      0      0   0.00   0.00      0   0.00    4.6  0.320    0.0  0.000      0      1      0      0      0
10/18/1990   8007     16   7758    233      0     41      0    184      0    233      0      0      0   0.00   0.00      0   0.00    4.6  0.320    0.0  0.000      0      1      0      0      0
10/19/1990   7960     16   7753    191      0     51      0    247      0    221      0      0      0   0.00   0.00      0   0.00    4.5  0.320    0.0  0.000      0      2      0      0      0
10/20/1990   7911     16   7729    166      0     72      0    303      0    191      0      0      0   0.00   0.00      0   0.00    4.5  0.320    0.0  0.000      0      2      0      0      0
10/21/1990   7861     16   7687    158      0    106      0    345      0    159      0      0      0   0.00   0.00      0   0.00    4.4  0.320    0.0  0.000      0      3      0      0      0
10/22/1990   7821     16   7608    197      0    155      0    356      0    141      0      0      0   0.00   0.00      0   0.00    4.4  0.320    0.0  0.000      0      3      0      0      0
10/23/1990   7792     16   7437    339      0    218      0    340      0    148      0      0      0   0.00   0.00      0   0.00    4.3  0.319    0.0  0.000      0      2      0      0      0
10/24/1990   7787     16   7186    585      0    277      0    313      0    198      0      0      0   0.00   0.00      0   0.00    4.3  0.319    0.0  0.000      0      2      0      0      0
10/25/1990   7795     16   6848    931      0    341      0    281      0    310      0      0      0   0.00   0.00      0   0.00    4.3  0.319    0.0  0.000      0      0      0      0      0
10/26/1990   7780     16   6465   1299      0    409      0    260      0    461      0      0      0   0.00   0.00      0   0.00    4.3  0.319    0.0  0.000      0      0      0      0      0
10/27/1990   7742     16   6021   1705      0    468      0    294      0    637      0      0      0   0.00   0.00      0   0.00    4.3  0.317    0.0  0.000      0      0      0      0      0
10/28/1990   7663     16   5523   2124      0    517      0    402      0    795      0      0      0   0.00   0.00      0   0.00    4.4  0.313    0.0  0.000      0      0      0      0      0
10/29/1990   7492     16   4986   2490      0    564      0    562      0    943      0      0      0   0.00   0.00      0   0.00    4.4  0.308    0.0  0.000      0      0      0      0      0
10/30/1990   7228     16   4439   2773      0    609      0    790      0   1029      0      0      0   0.00   0.00      0   0.00    4.5  0.302    0.0  0.000      0      0      0      0      0
10/31/1990   6878     15   3888   2975      0    663      0   1049      0   1079      0      0      0   0.00   0.00      0   0.00    4.6  0.295    0.0  0.000      0      0      0      0      0
11/01/1990   6488     13   3305   3170      0    750      0   1307      0   1034      0      0      0   0.00   0.00      0   0.00    4.8  0.288    0.0  0.000      0      0      0      0      0
11/02/1990   6054     11   2725   3318      0    886      0   1509      0    972      0      0      0   0.00   0.00      0   0.00    4.9  0.280    0.0  0.000      0      0      0      0      0
11/03/1990   5584      9   2211   3364      0   1059      0   1667      1    930      0      0      0   0.00   0.00      0   0.00    5.0  0.273    0.0  0.000      0      0      0      0      0
11/04/1990   5090      6   1742   3342      0   1283      0   1704      2    979      0      0      0   0.00   0.00      0   0.00    5.2  0.266    0.0  0.000      0      0      0      0      0
11/05/1990   4601      3   1303   3295      0   1535      0   1686      3   1050      0      0      0   0.00   0.00      0   0.00    5.3  0.259    0.0  0.000      0      0      0      0      0
11/06/1990   4117      1    937   3179      0   1818      1   1654      2   1035      0      0      0   0.00   0.00      0   0.00    5.4  0.252    0.0  0.000      0      0      0      0      0
11/07/1990   3600      0    648   2952      0   2100      2   1654      1    973      0      0      0   0.00   0.00      0   0.00    5.6  0.246    0.0  0.000      0      0      0      0      0
11/08/1990   3076      0    444   2632      0   2388      3   1657      0    930      0      0      0   0.00   0.00      0   0.00    5.7  0.241    0.0  0.000      0      0      0      0      0
11/09/1990   2592      0    507   2085      0   2635      3   1655      0    942      0      0      0   0.00   0.00      0   0.00    5.8  0.238    0.0  0.000      0      0      0      0      0
11/10/1990   2125      0    556   1569      0   2883      3   1655      0    932      0      0      0   0.00   0.00      0   0.00    5.8  0.235    0.0  0.000      0      0      0      0      0
11/11/1990   1673      0    603   1070      0   3159      3   1657      0    856      0      0      0   0.00   0.00      0   0.00    5.9  0.233    0.0  0.000      0      0      0      0      0
11/12/1990   1284      0    648    636      0   3473      3   1618      0    738      0      0      0   0.00   0.00      0   0.00    5.9  0.232    0.0  0.000      0      0      0      0      0
11/13/1990    979      0    704    275      1   3785      2   1537      0    592      0      0      0   0.00   0.00      0   0.00    5.9  0.232    0.0  0.000      0      0      0      0      0
11/14/1990    800      0    788     12      2   3996      1   1471      0    403      0      0      0   0.00   0.00      0   0.00    5.9  0.232    0.0  0.000      0      7      0      0      0
11/15/1990    955      0    932     23      3   4136      0   1370      0    203      0      0      0   0.00   0.00      0   0.00    5.9  0.232    0.0  0.000      0      6      0      0      0
11/16/1990   1159      0   1130     29      3   4247      0   1188      0     67      0      0      0   0.00   0.00      0   0.00    5.9  0.232    0.0  0.000      0      5      0      0      0
11/17/1990   1428      0   1399     29      3   4288      0    929      0     14      0      0      0   0.00   0.00      0   0.00    5.9  0.232    0.0  0.000      0      5      0      0      0
11/18/1990   1739      0   1714     25      3   4255      0    645      0     18      0      0      0   0.00   0.00      0   0.00    5.9  0.232    0.0  0.000      0      4      0      0      0
11/19/1990   2090      0   2069     21      3   4144      0    403      0     18      0      0      0   0.00   0.00      0   0.00    5.9  0.232    0.0  0.000      0      3      0      0      0
11/20/1990   2445      0   2428     17      3   3983      0    210      0     14      0      0      0   0.00   0.00      0   0.00    5.8  0.232    0.0  0.000      0      2      0      0      0
11/21/1990   2802      0   2791     11      3   3756      0     77      0     10      0      0      0   0.00   0.00      0   0.00    5.8  0.232    0.0  0.000      0      1      0      0      0
11/22/1990   3101      0   3091     10      3   3504      0     23      0      6      0      0      0   0.00   0.00      0   0.00    5.8  0.232    0.0  0.000      0      1      0      0      0
11/23/1990   3395      0   3367     28      3   3208      0     24      0      4      0      0      0   0.00   0.00      0   0.00    5.8  0.232    0.0  0.000      0      1      0      0      0
11/24/1990   3715      0   3656     59      3   2889      0     21      0      7      0      0      0   0.00   0.00      0   0.00    5.8  0.232    0.0  0.000      0      1      0      0      0
11/25/1990   4071      0   3966    105      3   2536      0     15      0     17      0      0      0   0.00   0.00      0   0.00    5.8  0.232    0.0  0.000      0      1      0      0      0
11/26/1990   4436      0   4271    165      3   2173      0     10      0     29      0      0      0   0.00   0.00      0   0.00    5.7  0.232    0.0  0.000      0      1      0      0      0
11/27/1990   4742      1   4507    234      2   1869      0     10      0     42      0      0      0   0.00   0.00      0   0.00    5.7  0.232    0.0  0.000      0      1      0      0      0
11/28/1990   5037      2   4727    308      1   1574      0     18      0     61      0      0      0   0.00   0.00      0   0.00    5.7  0.232    0.0  0.000      0      1      0      0      0
11/29/1990   5351      3   4968    380      0   1257      0     29      0     93      0      0      0   0.00   0.00      0   0.00    5.7  0.232    0.0  0.000      0      1      0      0      0
11/30/1990   5659      3   5219    437      0    943      0     46      0    131      0      0      0   0.00   0.00      0   0.00    5.7  0.232    0.0  0.000      0      1      0      0      0
12/01/1990   5935      3   5452    480      0    661      0     75      0    153      0      0      0   0.00   0.00      0   0.00    5.6  0.232    0.0  0.000      0      1      0      0      0
12/02/1990   6174      3   5649    522      0    421      0    115      0    156      0      0      0   0.00   0.00      0   0.00    5.6  0.232    0.0  0.000      0      1      0      0      0
12/03/1990   6366      3   5802    561      0    233      0    160      0    158      0      0      0   0.00   0.00      0   0.00    5.6  0.232    0.0  0.000      0      1      0      0      0
12/04/1990   6488      3   5884    601      0    107      0    200      0    174      0      0      0   0.00   0.00      0   0.00    5.6  0.232    0.0  0.000      0      0      0      0      0
12/05/1990   6540      3   5845    692      0     66      0    229      0    184      0      0      0   0.00   0.00      0   0.00    5.5  0.232    0.0  0.000      0      2      0      0      0
12/06/1990   6329      3   5689    637      0     95      0    257      0    205      0      0      0   0.00   0.00      0   0.00    5.5  0.232    0.0  0.000      0      0      0      0      0
12/07/1990   6189      3   5486    700      0    134      0    282      0    216      0      0      0   0.00   0.00      0   0.00    5.5  0.232    0.0  0.000      0      0      0      0      0
12/08/1990   6087      3   5219    865      0    184      0    284      0    243      0      0      0   0.00   0.00      0   0.00    5.5  0.232    0.0  0.000      0      0      0      0      0
12/09/1990   6043      3   4909   1131      0    231      0    311      0    268      0      0      0   0.00   0.00      0   0.00    5.5  0.231    0.0  0.000      0      0      0      0      0
12/10/1990   5905      3   4558   1344      0    275      0    342      0    354      0      0      0   0.00   0.00      0   0.00    5.6  0.230    0.0  0.000      0      0      0      0      0
12/11/1990   5850      3   4201   1646      0    331      0    369      0    454      0      0      0   0.00   0.00      0   0.00    5.6  0.229    0.0  0.000      0      0      0      0      0
12/12/1990   5845      3   3837   2005      0    398      0    403      0    542      0      0      0   0.00   0.00      0   0.00    5.6  0.229    0.0  0.000      0      2      0      0      0
12/13/1990   5839      3   3527   2309      0    456      0    510      0    567      0      0      0   0.00   0.00      0   0.00    5.6  0.225    0.0  0.000      0      0      0      0      0
12/14/1990   5833      3   3230   2600      0    533      0    616      0    476      0      0      0   0.00   0.00      0   0.00    5.6  0.225    0.0  0.000      0      2      0      0      0
12/15/1990   5831      3   2911   2917      0    608      0    726      0    412      0      0      0   0.00   0.00      0   0.00    5.6  0.225    0.0  0.000      0      3      0      0      0
12/16/1990   5834      3   2562   3269      0    681      0    829      0    346      0      0      0   0.00   0.00      0   0.00    5.6  0.225    0.0  0.000      0      4      0      0      0
12/17/1990   5839      3   2206   3630      0    770      0    817      0    403      0      0      0   0.00   0.00      0   0.00    5.6  0.225    0.0  0.000      0      5      0      0      0
12/18/1990   5848      2   1915   3931      0    914      0    779      0    454      0      0      0   0.00   0.00      0   0.00    5.5  0.225    0.0  0.000      0      5      0      0      0
12/19/1990   5870      1   1648   4221      0   1064      0    718      0    492      0      0      0   0.00   0.00      0   0.00    5.5  0.225    0.0  0.000      0      5      0      0      0
12/20/1990   5905      0   1373   4532      0   1208      0    679      0    397      0      0      0   0.00   0.00      0   0.00    5.5  0.225    0.0  0.000      0      3      0      0      0
12/21/1990   5953      0   1115   4838      0   1337      0    670      0    218      0      0      0   0.00   0.00      0   0.00    5.5  0.225    0.0  0.000      0      3      0      0      0
12/22/1990   5997      0    885   5112      0   1376      0    738      0     56      0      0      0   0.00   0.00      0   0.00    5.5  0.225    0.0  0.000      0      3      0      0      0
12/23/1990   6037      0    689   5348      0   1453      0    665      0      0      0      0      0   0.00   0.00      0   0.00    5.5  0.225    0.0  0.000      0      4      0      0      0
12/24/1990   6087      0    549   5538      0   1516      0    540      0      0      0      0      0   0.00   0.00      0   0.00    5.5  0.225    0.0  0.000      0      4      0      0      0
12/25/1990   6147      0    479   5668      0   1595      0    389      0     36      0      0      0   0.00   0.00      0   0.00    5.5  0.225    0.0  0.000      0      4      0      0      0
12/26/1990   6197      0    479   5718      0   1712      0    212      0    124      0      0      0   0.00   0.00      0   0.00    5.5  0.225    0.0  0.000      0      2      0      0      0
12/27/1990   6266      0    555   5711      0   1793      0     54      0    246      0      0      0   0.00   0.00      0   0.00    5.5  0.225    0.0  0.000      0      0      0      0      0
12/28/1990   6337      0    630   5707      0   1768      0     36      0    351      0      0      0   0.00   0.00      0   0.00    5.5  0.225    0.0  0.000      0      0      0      0      0
12/29/1990   6412      0    707   5705      0   1685      0    124      0    324      0      0      0   0.00   0.00      0   0.00    5.5  0.225    0.0  0.000      0      0      0      0      0
12/30/1990   6505      0    803   5702      0   1584      0    246      0    304      0      0      0   0.00   0.00      0   0.00    5.5  0.225    0.0  0.000      0      0      0      0      0
12/31/1990   6658      0    960   5698      0   1423      0    386      0    270      0      0      0   0.00   0.00      0   0.00    5.5  0.225    0.0  0.000      0      1      0      0      0
