Varroa Population Simulation - Nov 24,2015  04:11:52 PM
VarroaPop Version 3.2.5.8  June, 2015

                                        Capped  Capped                                                                      Prop           Conc          Conc                                     
            Colony  Adult  Adult         Drone   Wkr    Drone  Wkr    Drone  Wkr  Free   DBrood WBrood DMite  WMite  Mites  Mites  Colony Pollen Colony Nectar   Dead   Dead   Dead   Dead   Dead
     Date   Size   Drones   Wkr   Forgrs Brood  Brood   Larv   Larv    Eggs  Eggs Mites  Mites  Mites  /Cell  /Cell  Dying  Dying  Pollen  Pest  Nectar  Pest    DLarv  WLarv  DAdlt  WAdlt  Forgrs
Initial     10000      0   6363   3637      0      0      0      0      0      0      0      0      0   0.00   0.00      0   0.00    0.0  0.000    0.0  0.000      0      0      0      0      0
05/01/1990   9697      0   6060   3637      0      0      0      0      1    307      0      0      0   0.00   0.00      0   0.00    0.1  0.000    0.0  0.000      0      0      0      0      0
05/02/1990   9394      0   5757   3637      0      0      0      0      2    638      0      0      0   0.00   0.00      0   0.00    0.2  0.000    0.0  0.000      0      0      0      0      0
05/03/1990   9091      0   5454   3637      0      0      0      0      3    999      0      0      0   0.00   0.00      0   0.00    0.4  0.000    0.0  0.000      0      0      0      0      0
05/04/1990   8788      0   5151   3637      0      0      1    307      3   1067      0      0      0   0.00   0.00      0   0.00    0.5  0.000    0.0  0.000      0      0      0      0      0
05/05/1990   8485      0   4848   3637      0      0      2    638      3   1119      0      0      0   0.00   0.00      0   0.00    0.6  0.000    0.0  0.000      0      0      0      0      0
05/06/1990   8182      0   4545   3637      0      0      3    999      3   1133      0      0      0   0.00   0.00      0   0.00    0.8  0.000    0.0  0.000      0      0      0      0      0
05/07/1990   7879      0   4242   3637      0      0      4   1374      3   1106      0      0      0   0.00   0.00      0   0.00    0.9  0.000    0.0  0.000      0      0      0      0      0
05/08/1990   7576      0   3939   3637      0      0      5   1757      3   1066      0      0      0   0.00   0.00      0   0.00    1.0  0.000    0.0  0.000      0      0      0      0      0
05/09/1990   7273      0   3636   3637      0    307      6   1825      3   1008      0      0      0   0.00   0.00      0   0.00    1.2  0.000    0.0  0.000      0      0      0      0      0
05/10/1990   6970      0   3333   3637      0    638      7   1842      2    932      0      0      0   0.00   0.00      0   0.00    1.3  0.000    0.0  0.000      0      0      0      0      0
05/11/1990   6667      0   3030   3637      1    999      7   1824      2    889      0      0      0   0.00   0.00      0   0.00    1.4  0.000    0.0  0.000      0      0      0      0      0
05/12/1990   6363      0   2727   3636      2   1374      7   1766      2    883      0      0      0   0.00   0.00      0   0.00    1.6  0.000    0.0  0.000      0      0      0      0      0
05/13/1990   6060      0   2424   3636      3   1757      6   1655      3    928      0      0      0   0.00   0.00      0   0.00    1.7  0.000    0.0  0.000      0      0      0      0      0
05/14/1990   5757      0   2121   3636      4   2132      6   1580      3    944      0      0      0   0.00   0.00      0   0.00    1.9  0.000    0.0  0.000      0      0      0      0      0
05/15/1990   5454      0   1818   3636      5   2480      6   1543      3    936      0      0      0   0.00   0.00      0   0.00    2.0  0.000    0.0  0.000      0      0      0      0      0
05/16/1990   5151      0   1515   3636      6   2823      6   1517      3    959      0      0      0   0.00   0.00      0   0.00    2.2  0.000    0.0  0.000      0      0      0      0      0
05/17/1990   4848      0   1212   3636      7   3140      6   1516      3    960      0      0      0   0.00   0.00      0   0.00    2.3  0.000    0.0  0.000      0      0      0      0      0
05/18/1990   4545      0    909   3636      8   3412      6   1547      3    940      0      0      0   0.00   0.00      0   0.00    2.5  0.000    0.0  0.000      0      0      0      0      0
05/19/1990   4242      0    606   3636      9   3712      6   1587      2    876      0      0      0   0.00   0.00      0   0.00    2.6  0.000    0.0  0.000      0      0      0      0      0
05/20/1990   3939      0    303   3636      9   4023      7   1593      2    872      0      0      0   0.00   0.00      0   0.00    2.8  0.000    0.0  0.000      0      0      0      0      0
05/21/1990   3636      0      0   3636     10   4340      7   1559      2    917      0      0      0   0.00   0.00      0   0.00    2.9  0.000    0.0  0.000      0      0      0      0      0
05/22/1990   3640      0    307   3333     11   4349      6   1519      3    975      0      0      0   0.00   0.00      0   0.00    3.1  0.000    0.0  0.000      0      0      0      0      0
05/23/1990   3971      0    638   3333     12   4321      6   1529      2    927      0      0      0   0.00   0.00      0   0.00    3.1  0.000    0.0  0.000      0      0      0      0      0
05/24/1990   4029      0    999   3030     13   4300      6   1517      1    861      0      0      0   0.00   0.00      0   0.00    3.2  0.000    0.0  0.000      0      0      0      0      0
05/25/1990   4102      1   1374   2727     13   4242      6   1534      0    808      0      0      0   0.00   0.00      0   0.00    3.3  0.000    0.0  0.000      0      0      0      0      0
05/26/1990   4183      2   1757   2424     13   4142      5   1516      0    814      0      0      0   0.00   0.00      0   0.00    3.4  0.000    0.0  0.000      0      0      0      0      0
05/27/1990   4559      3   2132   2424     13   4043      4   1502      0    775      0      0      0   0.00   0.00      0   0.00    3.4  0.000    0.0  0.000      0      0      0      0      0
05/28/1990   4908      4   2480   2424     13   4008      3   1470      0    715      0      0      0   0.00   0.00      0   0.00    3.4  0.000    0.0  0.000      0      0      0      0      0
05/29/1990   4949      5   2823   2121     12   3993      3   1413      0    681      0      0      0   0.00   0.00      0   0.00    3.5  0.000    0.0  0.000      0      0      0      0      0
05/30/1990   4964      6   3140   1818     12   4010      2   1302      0    681      0      0      0   0.00   0.00      0   0.00    3.5  0.000    0.0  0.000      0      0      0      0      0
05/31/1990   4934      7   3412   1515     12   4003      1   1258      0    653      0      0      0   0.00   0.00      0   0.00    3.6  0.000    0.0  0.000      0      0      0      0      0
06/01/1990   4932      8   3712   1212     12   3965      0   1233      0    593      0      0      0   0.00   0.00      0   0.00    3.6  0.000    0.0  0.000      0      0      0      0      0
06/02/1990   4941      9   4023    909     11   3935      0   1175      0    545      0      0      0   0.00   0.00      0   0.00    3.6  0.000    0.0  0.000      0      0      0      0      0
06/03/1990   4955      9   4340    606     11   3889      0   1097      0    500      0      0      0   0.00   0.00      0   0.00    3.6  0.000    0.0  0.000      0      0      0      0      0
06/04/1990   4969     10   4656    303     10   3796      0   1051      0    432      0      0      0   0.00   0.00      0   0.00    3.6  0.000    0.0  0.000      0      0      0      0      0
06/05/1990   4970     11   4959      0      9   3714      0   1005      0    318      0      0      0   0.00   0.00      0   0.00    3.6  0.000    0.0  0.000      0      0      0      0      0
06/06/1990   5311     12   5299      0      8   3611      0    916      0    170      0      0      0   0.00   0.00      0   0.00    3.6  0.000    0.0  0.000      0      0      0      0      0
06/07/1990   5629     13   5616      0      7   3517      0    802      0     61      0      0      0   0.00   0.00      0   0.00    3.5  0.000    0.0  0.000      0      0      0      0      0
06/08/1990   5913     14   5899      0      6   3427      0    670      0      0      0      0      0   0.00   0.00      0   0.00    3.5  0.000    0.0  0.000      0      0      0      0      0
06/09/1990   6190     15   6175      0      5   3328      0    493      0      0      0      0      0   0.00   0.00      0   0.00    3.4  0.000    0.0  0.000      0      0      0      0      0
06/10/1990   6504     16   6488      0      4   3190      0    318      0      0      0      0      0   0.00   0.00      0   0.00    3.4  0.000    0.0  0.000      0      0      0      0      0
06/11/1990   6833     17   6816      0      3   3010      0    170      0      0      0      0      0   0.00   0.00      0   0.00    3.3  0.000    0.0  0.000      0      0      0      0      0
06/12/1990   7167     17   6843    307      3   2785      0     61      0      0      0      0      0   0.00   0.00      0   0.00    3.3  0.000    0.0  0.000      0      0      0      0      0
06/13/1990   7433     18   6777    638      2   2581      0      0      0     56      0      0      0   0.00   0.00      0   0.00    3.3  0.000    0.0  0.000      0      0      0      0      0
06/14/1990   7696     19   6678    999      1   2319      0      0      0    155      0      0      0   0.00   0.00      0   0.00    3.3  0.000    0.0  0.000      0      0      0      0      0
06/15/1990   7977     19   6584   1374      0   2038      0      0      0    300      0      0      0   0.00   0.00      0   0.00    3.3  0.000    0.0  0.000      0      0      0      0      0
06/16/1990   8247     18   6472   1757      0   1767      0     56      0    438      0      0      0   0.00   0.00      0   0.00    3.3  0.000    0.0  0.000      0      0      0      0      0
06/17/1990   8469     17   6320   2132      0   1544      0    155      0    579      0      0      0   0.00   0.00      0   0.00    3.4  0.000    0.0  0.000      0      0      0      0      0
06/18/1990   8689     16   6193   2480      0   1323      0    300      0    692      0      0      0   0.00   0.00      0   0.00    3.5  0.000    0.0  0.000      0      0      0      0      0
06/19/1990   8925     15   6087   2823      0   1086      0    494      0    800      0      0      0   0.00   0.00      0   0.00    3.6  0.000    0.0  0.000      0      0      0      0      0
06/20/1990   9147     14   5993   3140      0    863      0    734      0    911      0      0      0   0.00   0.00      0   0.00    3.7  0.000    0.0  0.000      0      0      0      0      0
06/21/1990   9339     13   5914   3412      0    726      0    936      1   1025      0      0      0   0.00   0.00      0   0.00    3.8  0.000    0.0  0.000      0      0      0      0      0
06/22/1990   9515     12   5791   3712      0    648      0   1139      2   1085      0      0      0   0.00   0.00      0   0.00    3.9  0.000    0.0  0.000      0      0      0      0      0
06/23/1990   9689     11   5655   4023      0    618      0   1345      3   1112      0      0      0   0.00   0.00      0   0.00    4.0  0.000    0.0  0.000      0      0      0      0      0
06/24/1990   9530     11   5486   4033      0    664      1   1523      4   1140      0      0      0   0.00   0.00      0   0.00    4.2  0.000    0.0  0.000      0      0      0      0      0
06/25/1990   9307     10   5279   4018      0    795      2   1645      5   1178      0      0      0   0.00   0.00      0   0.00    4.3  0.000    0.0  0.000      0      0      0      0      0
06/26/1990   9006      9   5037   3960      0    992      3   1765      6   1203      0      0      0   0.00   0.00      0   0.00    4.5  0.000    0.0  0.000      0      0      0      0      0
06/27/1990   8630      8   4697   3925      0   1294      5   1863      6   1196      0      0      0   0.00   0.00      0   0.00    4.6  0.000    0.0  0.000      0      0      0      0      0
06/28/1990   8246      7   4380   3859      0   1645      7   1912      6   1181      0      0      0   0.00   0.00      0   0.00    4.7  0.000    0.0  0.000      0      0      0      0      0
06/29/1990   7870      6   4097   3767      0   2017      9   1943      6   1180      0      0      0   0.00   0.00      0   0.00    4.9  0.000    0.0  0.000      0      0      0      0      0
06/30/1990   7521      5   3821   3695      0   2379     11   1974      6   1187      0      0      0   0.00   0.00      0   0.00    5.0  0.000    0.0  0.000      0      0      0      0      0
07/01/1990   7177      4   3508   3665      1   2757     12   1981      5   1198      0      0      0   0.00   0.00      0   0.00    5.2  0.000    0.0  0.000      0      0      0      0      0
07/02/1990   6859      3   3180   3676      2   3157     13   1983      4   1175      0      0      0   0.00   0.00      0   0.00    5.3  0.000    0.0  0.000      0      0      0      0      0
07/03/1990   6587      3   2846   3738      3   3557     14   1983      3   1151      0      0      0   0.00   0.00      0   0.00    5.4  0.000    0.0  0.000      0      0      0      0      0
07/04/1990   6342      2   2637   3703      5   3904     13   1976      3   1120      0      0      0   0.00   0.00      0   0.00    5.6  0.000    0.0  0.000      0      0      0      0      0
07/05/1990   6129      1   2474   3654      7   4198     12   1962      3   1109      0      0      0   0.00   0.00      0   0.00    5.7  0.000    0.0  0.000      0      0      0      0      0
07/06/1990   5956      0   2338   3618      9   4438     11   1953      3   1100      0      0      0   0.00   0.00      0   0.00    5.9  0.000    0.0  0.000      0      0      0      0      0
07/07/1990   5834      0   2261   3573     11   4646     10   1916      3   1112      0      0      0   0.00   0.00      0   0.00    6.0  0.000    0.0  0.000      0      0      0      0      0
07/08/1990   5771      0   2278   3493     13   4806      9   1884      3   1122      0      0      0   0.00   0.00      0   0.00    6.1  0.000    0.0  0.000      0      0      0      0      0
07/09/1990   5689      0   2315   3374     15   4944      8   1855      3   1133      0      0      0   0.00   0.00      0   0.00    6.3  0.000    0.0  0.000      0      0      0      0      0
07/10/1990   5674      0   2380   3294     17   5021      7   1853      3   1141      0      0      0   0.00   0.00      0   0.00    6.4  0.000    0.0  0.000      0      0      0      0      0
07/11/1990   5742      0   2508   3234     18   5046      7   1855      3   1148      0      0      0   0.00   0.00      0   0.00    6.5  0.000    0.0  0.000      0      0      0      0      0
07/12/1990   5838      0   2687   3151     19   5039      7   1868      3   1152      0      0      0   0.00   0.00      0   0.00    6.7  0.000    0.0  0.000      0      0      0      0      0
07/13/1990   5887      0   2872   3015     20   5045      7   1885      3   1144      0      0      0   0.00   0.00      0   0.00    6.8  0.000    0.0  0.000      0      0      0      0      0
07/14/1990   5937      0   3075   2862     21   5034      7   1903      3   1127      0      0      0   0.00   0.00      0   0.00    6.9  0.000    0.0  0.000      0      0      0      0      0
07/15/1990   6004      1   3327   2676     21   5011      7   1908      2   1103      0      0      0   0.00   0.00      0   0.00    7.0  0.000    0.0  0.000      0      0      0      0      0
07/16/1990   6140      2   3618   2520     21   4989      7   1907      1   1061      0      0      0   0.00   0.00      0   0.00    7.1  0.000    0.0  0.000      0      0      0      0      0
07/17/1990   6282      3   3960   2319     21   4964      7   1897      0   1015      0      0      0   0.00   0.00      0   0.00    7.2  0.000    0.0  0.000      0      0      0      0      0
07/18/1990   6396      5   4353   2038     20   4956      6   1870      0    970      0      0      0   0.00   0.00      0   0.00    7.2  0.000    0.0  0.000      0      0      0      0      0
07/19/1990   6512      7   4738   1767     19   4956      5   1820      0    929      0      0      0   0.00   0.00      0   0.00    7.3  0.000    0.0  0.000      0      0      0      0      0
07/20/1990   6693      9   5140   1544     18   4936      4   1760      0    878      0      0      0   0.00   0.00      0   0.00    7.3  0.000    0.0  0.000      0      0      0      0      0
07/21/1990   6874     11   5540   1323     17   4913      3   1696      0    813      0      0      0   0.00   0.00      0   0.00    7.3  0.000    0.0  0.000      0      0      0      0      0
07/22/1990   7035     13   5936   1086     16   4885      2   1622      0    742      0      0      0   0.00   0.00      0   0.00    7.4  0.000    0.0  0.000      0      0      0      0      0
07/23/1990   7193     15   6315    863     15   4864      1   1535      0    658      0      0      0   0.00   0.00      0   0.00    7.3  0.000    0.0  0.000      0      0      0      0      0
07/24/1990   7378     17   6691    670     14   4823      0   1448      0    560      0      0      0   0.00   0.00      0   0.00    7.3  0.000    0.0  0.000      0      0      0      0      0
07/25/1990   7567     18   7000    549     13   4780      0   1349      0    458      0      0      0   0.00   0.00      0   0.00    7.3  0.000    0.0  0.000      0      0      0      0      0
07/26/1990   7761     19   7269    473     12   4725      0   1223      0    378      0      0      0   0.00   0.00      0   0.00    7.3  0.000    0.0  0.000      0      0      0      0      0
07/27/1990   7981     20   7491    470     11   4652      0   1079      0    326      0      0      0   0.00   0.00      0   0.00    7.3  0.000    0.0  0.000      0      0      0      0      0
07/28/1990   8250     21   7674    555     10   4546      0    929      0    304      0      0      0   0.00   0.00      0   0.00    7.2  0.000    0.0  0.000      0      0      0      0      0
07/29/1990   8568     22   7812    734      9   4416      0    788      0    311      0      0      0   0.00   0.00      0   0.00    7.2  0.000    0.0  0.000      0      0      0      0      0
07/30/1990   8947     23   7932    992      8   4261      0    663      0    355      0      0      0   0.00   0.00      0   0.00    7.2  0.000    0.0  0.000      0      0      0      0      0
07/31/1990   9333     24   8015   1294      7   4063      0    575      0    433      0      0      0   0.00   0.00      0   0.00    7.2  0.000    0.0  0.000      0      0      0      0      0
08/01/1990   9719     25   8049   1645      6   3828      0    539      0    533      0      0      0   0.00   0.00      0   0.00    7.2  0.000    0.0  0.000      0      0      0      0      0
08/02/1990  10102     26   8059   2017      5   3567      0    560      0    640      0      0      0   0.00   0.00      0   0.00    7.3  0.000    0.0  0.000      0      0      0      0      0
08/03/1990  10480     27   8074   2379      4   3297      0    630      0    746      0      0      0   0.00   0.00      0   0.00    7.3  0.000    0.0  0.000      0      0      0      0      0
08/04/1990  10849     28   8064   2757      3   3027      0    746      0    845      0      0      0   0.00   0.00      0   0.00    7.4  0.000    0.0  0.000      0      0      0      0      0
08/05/1990  11207     28   8022   3157      2   2768      0    896      0    945      0      0      0   0.00   0.00      0   0.00    7.5  0.000    0.0  0.000      0      0      0      0      0
08/06/1990  11486     28   7957   3501      1   2547      0   1065      1   1039      0      0      0   0.00   0.00      0   0.00    7.6  0.000    0.0  0.000      0      0      0      0      0
08/07/1990  11709     28   7876   3805      0   2367      0   1236      2   1124      0      0      0   0.00   0.00      0   0.00    7.7  0.000    0.0  0.000      0      0      0      0      0
08/08/1990  11875     26   7796   4053      0   2231      0   1408      4   1189      0      0      0   0.00   0.00      0   0.00    7.8  0.000    0.0  0.000      0      0      0      0      0
08/09/1990  11973     24   7705   4244      0   2151      1   1571      5   1240      0      0      0   0.00   0.00      0   0.00    7.9  0.000    0.0  0.000      0      0      0      0      0
08/10/1990  12002     22   7574   4406      0   2129      2   1720      6   1279      0      0      0   0.00   0.00      0   0.00    8.1  0.000    0.0  0.000      0      0      0      0      0
08/11/1990  11990     20   7422   4548      0   2164      4   1851      6   1311      0      0      0   0.00   0.00      0   0.00    8.2  0.000    0.0  0.000      0      0      0      0      0
08/12/1990  11909     18   7249   4642      0   2254      6   1966      7   1334      0      0      0   0.00   0.00      0   0.00    8.4  0.000    0.0  0.000      0      0      0      0      0
08/13/1990  11743     16   7057   4670      0   2416      8   2054      8   1341      0      0      0   0.00   0.00      0   0.00    8.6  0.000    0.0  0.000      0      0      0      0      0
08/14/1990  11519     14   6831   4674      0   2643     10   2123      9   1317      0      0      0   0.00   0.00      0   0.00    8.7  0.000    0.0  0.000      0      0      0      0      0
08/15/1990  11277     13   6587   4677      0   2920     13   2176      8   1259      0      0      0   0.00   0.00      0   0.00    8.9  0.000    0.0  0.000      0      0      0      0      0
08/16/1990  11005     12   6326   4667      1   3227     15   2206      7   1216      0      0      0   0.00   0.00      0   0.00    9.0  0.000    0.0  0.000      0      0      0      0      0
08/17/1990  10702     11   6057   4634      2   3557     17   2200      6   1202      0      0      0   0.00   0.00      0   0.00    9.2  0.000    0.0  0.000      0      0      0      0      0
08/18/1990  10400     10   5779   4611      4   3895     17   2156      6   1186      0      0      0   0.00   0.00      0   0.00    9.4  0.000    0.0  0.000      0      0      0      0      0
08/19/1990   8575      0   5494   3081      6   4227     17   2111      6   1160      0      0      0   0.00   0.00      0   0.00    9.5  0.006    0.0  0.000      0      0      1      7   1492
08/20/1990   8368      0   5283   3085      8   4536     17   2068      4   1075      0      0      0   0.00   0.00      0   0.00    9.6  0.009    0.0  0.000      0      0      0      0     92
08/21/1990   8216      0   5107   3109     10   4803     17   2001      2   1026      0      0      0   0.00   0.00      0   0.00    9.7  0.011    0.0  0.000      0      0      0      0     72
08/22/1990   8117      0   4968   3149     13   5011     16   1954      0    995      0      0      0   0.00   0.00      0   0.00    9.9  0.012    0.0  0.000      0      0      0      0     56
08/23/1990   8066      0   4864   3202     16   5155     13   1884      1   1025      0      0      0   0.00   0.00      0   0.00   10.0  0.013    0.0  0.000      0      0      0      0     43
08/24/1990   8059      0   4794   3265     19   5273     10   1811      1   1020      0      0      0   0.00   0.00      0   0.00   10.1  0.014    0.0  0.000      0      0      0      0     33
08/25/1990   8091      0   4754   3337     21   5368      8   1747      1    977      0      0      0   0.00   0.00      0   0.00   10.2  0.015    0.0  0.000      0      0      0      0     24
08/26/1990   8165      0   4750   3415     23   5396      7   1723      1    941      0      0      0   0.00   0.00      0   0.00   10.3  0.015    0.0  0.000      0      0      0      0     18
08/27/1990   8285      0   4774   3511     25   5394      5   1671      2    957      0      0      0   0.00   0.00      0   0.00   10.4  0.015    0.0  0.000      0      0      0      0      0
08/28/1990   8426      0   4819   3607     27   5319      3   1649      3   1012      0      0      0   0.00   0.00      0   0.00   10.6  0.015    0.0  0.000      0      0      0      0      0
08/29/1990   8583      0   4880   3703     29   5233      2   1638      3   1068      0      0      0   0.00   0.00      0   0.00   10.7  0.015    0.0  0.000      0      0      0      0      0
08/30/1990   8755      1   4955   3799     28   5149      3   1633      3   1091      0      0      0   0.00   0.00      0   0.00   10.8  0.014    0.0  0.000      0      0      0      0      0
08/31/1990   8939      2   5206   3731     27   5065      4   1636      3   1098      0      0      0   0.00   0.00      0   0.00   11.0  0.014    0.0  0.000      0      0      0      0      0
09/01/1990   9126      4   5466   3656     25   4942      5   1686      3   1098      0      0      0   0.00   0.00      0   0.00   11.1  0.014    0.0  0.000      0      0      0      0      0
09/02/1990   9579      6   5731   3842     24   4792      5   1747      3   1107      0      0      0   0.00   0.00      0   0.00   11.1  0.014    0.0  0.000      0      0      0      0      0
09/03/1990   9744      8   5989   3747     22   4665      6   1793      3   1120      0      0      0   0.00   0.00      0   0.00   11.2  0.014    0.0  0.000      0      0      0      0      0
09/04/1990   9871     10   6225   3636     20   4582      7   1827      3   1117      0      0      0   0.00   0.00      0   0.00   11.3  0.014    0.0  0.000      0      0      0      0      0
09/05/1990   9957     13   6432   3512     18   4545      7   1842      3   1117      0      0      0   0.00   0.00      0   0.00   11.4  0.014    0.0  0.000      0      0      0      0      0
09/06/1990  10041     16   6647   3378     16   4517      7   1845      3   1108      0      0      0   0.00   0.00      0   0.00   11.5  0.013    0.0  0.000      0      0      0      0      0
09/07/1990  10123     19   6957   3147     14   4471      7   1853      3   1095      0      0      0   0.00   0.00      0   0.00   11.6  0.013    0.0  0.000      0      0      0      0      0
09/08/1990  10167     21   7236   2910     13   4457      7   1861      2   1064      0      0      0   0.00   0.00      0   0.00   11.7  0.013    0.0  0.000      0      0      0      0      0
09/09/1990  10191     23   7498   2670     12   4455      7   1855      1   1027      0      0      0   0.00   0.00      0   0.00   11.8  0.013    0.0  0.000      0      0      0      0      0
09/10/1990  10163     25   7679   2459     11   4503      7   1841      0    997      0      0      0   0.00   0.00      0   0.00   11.9  0.013    0.0  0.000      0      0      0      0      0
09/11/1990  10140     27   7830   2283     10   4551      6   1805      0    960      0      0      0   0.00   0.00      0   0.00   11.9  0.013    0.0  0.000      0      0      0      0      0
09/12/1990  10133     29   7960   2144      9   4577      5   1765      0    918      0      0      0   0.00   0.00      0   0.00   11.9  0.013    0.0  0.000      0      0      0      0      0
09/13/1990  10300     29   8064   2207     10   4595      4   1721      0    868      0      0      0   0.00   0.00      0   0.00   12.0  0.013    0.0  0.000      0      0      0      0      0
09/14/1990  10251     29   8104   2118     11   4639      3   1657      0    826      0      0      0   0.00   0.00      0   0.00   12.0  0.013    0.0  0.000      0      0      0      0      0
09/15/1990  10366     29   8092   2245     12   4695      2   1588      0    791      0      0      0   0.00   0.00      0   0.00   12.1  0.013    0.0  0.000      0      0      0      0      0
09/16/1990  10498     30   8060   2408     12   4718      1   1525      0    775      0      0      0   0.00   0.00      0   0.00   12.1  0.013    0.0  0.000      0      0      0      0      0
09/17/1990  10651     30   8022   2599     13   4709      0   1456      0    792      0      0      0   0.00   0.00      0   0.00   12.2  0.013    0.0  0.000      0      0      0      0      0
09/18/1990  10821     30   7980   2811     13   4680      0   1382      0    823      0      0      0   0.00   0.00      0   0.00   12.2  0.013    0.0  0.000      0      0      0      0      0
09/19/1990  11097     31   7939   3127     12   4610      0   1340      0    855      0      0      0   0.00   0.00      0   0.00   12.3  0.013    0.0  0.000      0      0      0      0      0
09/20/1990  11361     31   7873   3457     11   4536      0   1330      0    905      0      0      0   0.00   0.00      0   0.00   12.4  0.012    0.0  0.000      0      0      0      0      0
09/21/1990  11611     31   7799   3781     10   4450      0   1337      1    969      0      0      0   0.00   0.00      0   0.00   12.5  0.012    0.0  0.000      0      0      0      0      0
09/22/1990  11841     30   7726   4085      9   4338      0   1369      2   1019      0      0      0   0.00   0.00      0   0.00   12.7  0.012    0.0  0.000      0      0      0      0      0
09/23/1990  12034     29   7646   4359      8   4220      0   1444      3   1026      0      0      0   0.00   0.00      0   0.00   12.8  0.012    0.0  0.000      0      0      0      0      0
09/24/1990  12195     28   7578   4589      7   4105      1   1531      4   1042      0      0      0   0.00   0.00      0   0.00   13.0  0.012    0.0  0.000      0      0      0      0      0
09/25/1990  12315     27   7526   4762      6   4013      2   1596      5   1069      0      0      0   0.00   0.00      0   0.00   13.1  0.012    0.0  0.000      0      0      0      0      0
09/26/1990  12401     25   7504   4872      5   3926      3   1647      6   1110      0      0      0   0.00   0.00      0   0.00   13.3  0.012    0.0  0.000      0      0      0      0      0
09/27/1990  12453     23   7470   4960      4   3852      5   1718      6   1127      0      0      0   0.00   0.00      0   0.00   13.5  0.012    0.0  0.000      0      0      0      0      0
09/28/1990  12459     21   7419   5019      3   3823      7   1760      6   1150      0      0      0   0.00   0.00      0   0.00   13.7  0.011    0.0  0.000      0      0      0      0      0
09/29/1990  12421     20   7382   5019      2   3831      9   1788      7   1187      0      0      0   0.00   0.00      0   0.00   13.8  0.011    0.0  0.000      0      0      0      0      0
09/30/1990  12352     19   7337   4996      1   3844     11   1826      8   1231      0      0      0   0.00   0.00      0   0.00   14.0  0.011    0.0  0.000      0      0      0      0      0
10/01/1990  12264     18   7341   4905      1   3852     12   1884      9   1265      0      0      0   0.00   0.00      0   0.00   14.2  0.011    0.0  0.000      0      0      0      0      0
10/02/1990  12137     16   7316   4805      2   3913     14   1933      8   1248      0      0      0   0.00   0.00      0   0.00   14.3  0.011    0.0  0.000      0      0      0      0      0
10/03/1990  11986     14   7260   4712      3   3995     16   1988      7   1218      0      0      0   0.00   0.00      0   0.00   14.5  0.011    0.0  0.000      0      0      0      0      0
10/04/1990  11817     14   7184   4619      5   4094     17   2039      7   1214      0      0      0   0.00   0.00      0   0.00   14.7  0.011    0.0  0.000      0      0      0      0      0
10/05/1990  11627     14   7122   4491      7   4214     17   2054      7   1204      0      0      0   0.00   0.00      0   0.00   14.8  0.010    0.0  0.000      0      0      0      0      0
10/06/1990  11436     14   7074   4348      9   4354     17   2056      7   1156      0      0      0   0.00   0.00      0   0.00   15.0  0.010    0.0  0.000      0      0      0      0      0
10/07/1990  11274     13   7018   4243     11   4506     18   2066      5   1050      0      0      0   0.00   0.00      0   0.00   15.1  0.010    0.0  0.000      0      0      0      0      0
10/08/1990  11159     13   6957   4189     13   4653     18   2027      4    983      0      0      0   0.00   0.00      0   0.00   15.2  0.010    0.0  0.000      0      0      0      0      0
10/09/1990  11042     13   6885   4144     16   4796     17   1947      3    974      0      0      0   0.00   0.00      0   0.00   15.4  0.010    0.0  0.000      0      0      0      0      0
10/10/1990  10926     12   6805   4109     19   4899     15   1868      3    985      0      0      0   0.00   0.00      0   0.00   15.5  0.010    0.0  0.000      0      0      0      0      0
10/11/1990  10876     11   6771   4094     22   4966     13   1792      3    994      0      0      0   0.00   0.00      0   0.00   15.6  0.010    0.0  0.000      0      0      0      0      0
10/12/1990  10848     10   6756   4082     24   5041     12   1707      3    987      0      0      0   0.00   0.00      0   0.00   15.8  0.010    0.0  0.000      0      0      0      0      0
10/13/1990  10867      9   6726   4132     26   5084     11   1649      3    985      0      0      0   0.00   0.00      0   0.00   15.9  0.010    0.0  0.000      0      0      0      0      0
10/14/1990  10873      8   6690   4175     29   5096      9   1630      3    990      0      0      0   0.00   0.00      0   0.00   16.1  0.010    0.0  0.000      0      0      0      0      0
10/15/1990  10893      8   6678   4207     30   5049      8   1644      3    998      0      0      0   0.00   0.00      0   0.00   16.2  0.010    0.0  0.000      0      0      0      0      0
10/16/1990  10910      8   6678   4224     31   4998      7   1651      3   1005      0      0      0   0.00   0.00      0   0.00   16.3  0.009    0.0  0.000      0      0      0      0      0
10/17/1990  10963      8   6683   4272     31   4960      7   1646      3   1005      0      0      0   0.00   0.00      0   0.00   16.5  0.009    0.0  0.000      0      0      0      0      0
10/18/1990  11044      9   6697   4338     30   4907      7   1657      3   1007      0      0      0   0.00   0.00      0   0.00   16.6  0.009    0.0  0.000      0      0      0      0      0
10/19/1990  11121     10   6733   4378     29   4842      7   1662      3    979      0      0      0   0.00   0.00      0   0.00   16.8  0.009    0.0  0.000      0      0      0      0      0
10/20/1990  11196     11   6806   4379     28   4760      7   1664      3    928      0      0      0   0.00   0.00      0   0.00   16.9  0.009    0.0  0.000      0      0      0      0      0
10/21/1990  11266     12   6901   4353     27   4661      7   1679      3    897      0      0      0   0.00   0.00      0   0.00   17.1  0.009    0.0  0.000      0      0      0      0      0
10/22/1990  11321     13   7001   4307     26   4567      7   1651      3    903      0      0      0   0.00   0.00      0   0.00   17.2  0.009    0.0  0.000      0      0      0      0      0
10/23/1990  11358     16   7094   4248     24   4510      7   1594      3    938      0      0      0   0.00   0.00      0   0.00   17.4  0.009    0.0  0.000      0      0      0      0      0
10/24/1990  11393     19   7201   4173     22   4448      7   1571      3    959      0      0      0   0.00   0.00      0   0.00   17.5  0.009    0.0  0.000      0      0      0      0      0
10/25/1990  11446     22   7347   4077     20   4358      7   1549      3    982      0      0      0   0.00   0.00      0   0.00   17.7  0.009    0.0  0.000      0      0      0      0      0
10/26/1990  11463     24   7472   3967     19   4313      7   1525      3    970      0      0      0   0.00   0.00      0   0.00   17.8  0.009    0.0  0.000      0      0      0      0      0
10/27/1990  11436     26   7566   3844     18   4271      7   1551      3    952      0      0      0   0.00   0.00      0   0.00   17.9  0.009    0.0  0.000      0      0      0      0      0
10/28/1990  11386     29   7622   3735     16   4236      7   1603      3    915      0      0      0   0.00   0.00      0   0.00   18.0  0.009    0.0  0.000      0      0      0      0      0
10/29/1990  11336     31   7663   3642     15   4227      7   1598      3    898      0      0      0   0.00   0.00      0   0.00   18.1  0.009    0.0  0.000      0      0      0      0      0
10/30/1990  11309     33   7717   3559     14   4200      7   1600      2    848      0      0      0   0.00   0.00      0   0.00   18.2  0.009    0.0  0.000      0      0      0      0      0
10/31/1990  11281     34   7752   3495     14   4189      7   1580      1    800      0      0      0   0.00   0.00      0   0.00   18.3  0.008    0.0  0.000      0      0      0      0      0
11/01/1990  11258     35   7752   3471     14   4192      7   1537      0    713      0      0      0   0.00   0.00      0   0.00   18.4  0.008    0.0  0.000      0      0      0      0      0
11/02/1990  11249     36   7735   3478     14   4195      6   1466      0    636      0      0      0   0.00   0.00      0   0.00   18.5  0.008    0.0  0.000      0      0      0      0      0
11/03/1990  11239     37   7718   3484     14   4174      5   1410      0    584      0      0      0   0.00   0.00      0   0.00   18.6  0.008    0.0  0.000      0      0      0      0      0
11/04/1990  11261     38   7716   3507     14   4154      4   1298      0    601      0      0      0   0.00   0.00      0   0.00   18.7  0.008    0.0  0.000      0      0      0      0      0
11/05/1990  11304     38   7691   3575     14   4112      3   1187      0    641      0      0      0   0.00   0.00      0   0.00   18.9  0.008    0.0  0.000      0      0      0      0      0
11/06/1990  11353     38   7654   3661     14   4067      2   1096      0    635      0      0      0   0.00   0.00      0   0.00   19.0  0.008    0.0  0.000      0      0      0      0      0
11/07/1990  11419     38   7611   3770     14   3997      1   1051      0    607      0      0      0   0.00   0.00      0   0.00   19.1  0.008    0.0  0.000      0      0      0      0      0
11/08/1990  11501     37   7571   3893     14   3905      0   1028      0    601      0      0      0   0.00   0.00      0   0.00   19.2  0.008    0.0  0.000      0      0      0      0      0
11/09/1990  11540     36   7483   4021     13   3801      0   1018      0    645      0      0      0   0.00   0.00      0   0.00   19.3  0.008    0.0  0.000      0      0      0      0      0
11/10/1990  11540     35   7352   4153     12   3705      0   1022      0    699      0      0      0   0.00   0.00      0   0.00   19.5  0.008    0.0  0.000      0      0      0      0      0
11/11/1990  11563     34   7237   4292     11   3592      0   1045      1    736      0      0      0   0.00   0.00      0   0.00   19.6  0.008    0.0  0.000      0      0      0      0      0
11/12/1990  11579     33   7121   4425     10   3499      0   1062      2    775      0      0      0   0.00   0.00      0   0.00   19.8  0.008    0.0  0.000      0      0      0      0      0
11/13/1990  11566     31   7042   4493      9   3408      0   1080      3    819      0      0      0   0.00   0.00      0   0.00   19.9  0.008    0.0  0.000      0      0      0      0      0
11/14/1990  11547     29   6978   4540      8   3268      1   1146      3    812      0      0      0   0.00   0.00      0   0.00   20.1  0.008    0.0  0.000      0      0      0      0      0
11/15/1990  11536     27   6889   4620      7   3124      2   1230      3    777      0      0      0   0.00   0.00      0   0.00   20.2  0.008    0.0  0.000      0      0      0      0      0
11/16/1990  11505     26   6808   4671      6   3039      3   1298      3    755      0      0      0   0.00   0.00      0   0.00   20.4  0.008    0.0  0.000      0      0      0      0      0
11/17/1990  11453     25   6774   4654      5   2961      4   1313      3    785      0      0      0   0.00   0.00      0   0.00   20.6  0.008    0.0  0.000      0      0      0      0      0
11/18/1990  11378     23   6754   4601      4   2908      5   1308      3    806      0      0      0   0.00   0.00      0   0.00   20.7  0.007    0.0  0.000      0      0      0      0      0
11/19/1990  11289     22   6723   4544      3   2877      6   1317      3    805      0      0      0   0.00   0.00      0   0.00   20.9  0.007    0.0  0.000      0      0      0      0      0
11/20/1990  11539     21   6648   4870      2   2888      7   1323      2    719      0      0      0   0.00   0.00      0   0.00   21.1  0.007    0.0  0.000      0      0      0      0      0
11/21/1990  11408     21   6569   4818      2   2927      7   1295      1    634      0      0      0   0.00   0.00      0   0.00   21.2  0.007    0.0  0.000      0      0      0      0      0
11/22/1990  10816     21   6442   4353      2   2976      7   1310      0    556      0      0      0   0.00   0.00      0   0.00   21.4  0.007    0.0  0.000      0      0      0      0      0
11/23/1990  10576     20   6297   4259      3   3029      6   1265      0    542      0      0      0   0.00   0.00      0   0.00   21.5  0.007    0.0  0.000      0      0      0      0      0
11/24/1990  10345     19   6168   4158      4   3098      5   1174      0    548      0      0      0   0.00   0.00      0   0.00   21.7  0.007    0.0  0.000      0      0      0      0      0
11/25/1990  10550     18   6053   4479      5   3160      4   1081      0    560      0      0      0   0.00   0.00      0   0.00   21.6  0.007    0.0  0.000      0      0      0      0      0
11/26/1990  10763     17   5940   4806      6   3194      3   1001      0    519      0      0      0   0.00   0.00      0   0.00   21.6  0.007    0.0  0.000      0      0      0      0      0
11/27/1990  10941     16   5798   5127      7   3268      2    917      0    466      0      0      0   0.00   0.00      0   0.00   21.5  0.007    0.0  0.000      0      0      0      0      0
11/28/1990  11118     15   5655   5448      8   3272      1    922      0    423      0      0      0   0.00   0.00      0   0.00   21.7  0.007    0.0  0.000      0      0      0      0      0
11/29/1990  10565     14   5534   5017      9   3227      0    886      1    471      0      0      0   0.00   0.00      0   0.00   21.9  0.007    0.0  0.000      0      0      0      0      0
11/30/1990  10379     13   5464   4902      9   3179      0    827      1    529      0      0      0   0.00   0.00      0   0.00   22.1  0.007    0.0  0.000      0      0      0      0      0
12/01/1990  10610     12   5426   5172      9   3115      0    803      1    526      0      0      0   0.00   0.00      0   0.00   22.3  0.007    0.0  0.000      0      0      0      0      0
12/02/1990  10854     11   5373   5470      9   3039      1    809      0    471      0      0      0   0.00   0.00      0   0.00   22.3  0.007    0.0  0.000      0      0      0      0      0
12/03/1990  10746     10   5336   5400      9   2964      1    796      0    439      0      0      0   0.00   0.00      0   0.00   22.5  0.007    0.0  0.000      0      0      0      0      0
12/04/1990  10691      9   5307   5375      9   2815      1    810      0    455      0      0      0   0.00   0.00      0   0.00   22.7  0.007    0.0  0.000      0      0      0      0      0
12/05/1990  10929      9   5226   5694      8   2693      1    814      0    459      0      0      0   0.00   0.00      0   0.00   22.6  0.007    0.0  0.000      0      0      0      0      0
12/06/1990  10857      9   5131   5717      7   2610      1    812      0    474      0      0      0   0.00   0.00      0   0.00   22.9  0.007    0.0  0.000      0      0      0      0      0
12/07/1990  10488      9   5092   5387      6   2531      1    794      1    487      0      0      0   0.00   0.00      0   0.00   23.1  0.007    0.0  0.000      0      0      0      0      0
12/08/1990  10444      9   5059   5376      5   2437      1    744      1    527      0      0      0   0.00   0.00      0   0.00   23.3  0.007    0.0  0.000      0      0      0      0      0
12/09/1990  10381      9   5022   5350      5   2330      0    760      1    541      0      0      0   0.00   0.00      0   0.00   23.5  0.007    0.0  0.000      0      0      0      0      0
12/10/1990  10320      9   4999   5312      4   2197      1    810      1    597      0      0      0   0.00   0.00      0   0.00   23.7  0.006    0.0  0.000      0      0      0      0      0
12/11/1990   9188      9   4930   4249      3   2157      1    832      2    657      0      0      0   0.00   0.00      0   0.00   23.9  0.006    0.0  0.000      0      0      0      0      0
12/12/1990   9351      9   4856   4486      2   2151      1    846      2    667      0      0      0   0.00   0.00      0   0.00   23.8  0.006    0.0  0.000      0      0      0      0      0
12/13/1990   9526      9   4842   4675      1   2100      2    948      1    602      0      0      0   0.00   0.00      0   0.00   24.0  0.006    0.0  0.000      0      0      0      0      0
12/14/1990   9694      9   4836   4849      1   2089      3   1015      0    446      0      0      0   0.00   0.00      0   0.00   24.0  0.006    0.0  0.000      0      0      0      0      0
12/15/1990   9863      9   4820   5034      1   2090      3   1026      0    356      0      0      0   0.00   0.00      0   0.00   23.9  0.006    0.0  0.000      0      0      0      0      0
12/16/1990  10050      9   4801   5240      1   2067      3   1023      0    279      0      0      0   0.00   0.00      0   0.00   23.9  0.006    0.0  0.000      0      0      0      0      0
12/17/1990  10177      9   4714   5454      2   2111      2    920      0    311      0      0      0   0.00   0.00      0   0.00   23.9  0.006    0.0  0.000      0      0      0      0      0
12/18/1990  10292      9   4651   5632      2   2221      2    785      0    336      0      0      0   0.00   0.00      0   0.00   23.8  0.006    0.0  0.000      0      0      0      0      0
12/19/1990  10435      9   4617   5809      2   2301      2    645      0    353      0      0      0   0.00   0.00      0   0.00   23.8  0.006    0.0  0.000      0      0      0      0      0
12/20/1990  10609      9   4584   6016      3   2307      1    564      0    279      0      0      0   0.00   0.00      0   0.00   23.8  0.006    0.0  0.000      0      0      0      0      0
12/21/1990  10782      9   4535   6238      4   2294      0    519      0    151      0      0      0   0.00   0.00      0   0.00   23.7  0.006    0.0  0.000      0      0      0      0      0
12/22/1990  10922      9   4444   6469      4   2221      0    552      0     38      0      0      0   0.00   0.00      0   0.00   23.7  0.006    0.0  0.000      0      0      0      0      0
12/23/1990  11042     10   4319   6713      3   2192      0    487      0      0      0      0      0   0.00   0.00      0   0.00   23.7  0.006    0.0  0.000      0      0      0      0      0
12/24/1990  11183     10   4199   6974      3   2134      0    391      0      0      0      0      0   0.00   0.00      0   0.00   23.6  0.006    0.0  0.000      0      0      0      0      0
12/25/1990  11338     10   4080   7248      3   2077      0    279      0     23      0      0      0   0.00   0.00      0   0.00   23.6  0.006    0.0  0.000      0      0      0      0      0
12/26/1990  11459      9   3966   7484      3   2069      0    151      0     80      0      0      0   0.00   0.00      0   0.00   23.6  0.006    0.0  0.000      0      0      0      0      0
12/27/1990  11613      8   3896   7709      3   2013      0     38      0    160      0      0      0   0.00   0.00      0   0.00   23.6  0.006    0.0  0.000      0      0      0      0      0
12/28/1990  11780      7   3812   7961      3   1869      0     23      0    231      0      0      0   0.00   0.00      0   0.00   23.5  0.006    0.0  0.000      0      0      0      0      0
12/29/1990  11941      6   3708   8227      3   1693      0     80      0    215      0      0      0   0.00   0.00      0   0.00   23.5  0.006    0.0  0.000      0      0      0      0      0
12/30/1990  12109      5   3631   8473      3   1510      0    160      0    205      0      0      0   0.00   0.00      0   0.00   23.5  0.006    0.0  0.000      0      0      0      0      0
12/31/1990  12332      5   3604   8723      2   1272      0    254      0    184      0      0      0   0.00   0.00      0   0.00   23.5  0.006    0.0  0.000      0      0      0      0      0
