Varroa Population Simulation - Nov 23,2015  02:34:53 PM
VarroaPop Version 3.2.5.8  June, 2015

                                        Capped  Capped                                                                      Prop           Conc          Conc                                     
            Colony  Adult  Adult         Drone   Wkr    Drone  Wkr    Drone  Wkr  Free   DBrood WBrood DMite  WMite  Mites  Mites  Colony Pollen Colony Nectar   Dead   Dead   Dead   Dead   Dead
     Date   Size   Drones   Wkr   Forgrs Brood  Brood   Larv   Larv    Eggs  Eggs Mites  Mites  Mites  /Cell  /Cell  Dying  Dying  Pollen  Pest  Nectar  Pest    DLarv  WLarv  DAdlt  WAdlt  Forgrs
Initial     10000      0   6762   3238      0      0      0      0      0      0      0      0      0   0.00   0.00      0   0.00    0.0  0.000    0.0  0.000      0      0      0      0      0
08/01/1990   9678      0   6440   3238      0      0      0      0      1    367      0      0      0   0.00   0.00      0   0.00    0.1  0.000    0.0  0.000      0      0      0      0      0
08/02/1990   9356      0   6118   3238      0      0      0      0      2    734      0      0      0   0.00   0.00      0   0.00    0.2  0.000    0.0  0.000      0      0      0      0      0
08/03/1990   9034      0   5796   3238      0      0      0      0      3   1100      0      0      0   0.00   0.00      0   0.00    0.3  0.000    0.0  0.000      0      0      0      0      0
08/04/1990   8712      0   5474   3238      0      0      1    367      3   1101      0      0      0   0.00   0.00      0   0.00    0.4  0.000    0.0  0.000      0      0      0      0      0
08/05/1990   8390      0   5152   3238      0      0      2    734      3   1111      0      0      0   0.00   0.00      0   0.00    0.5  0.000    0.0  0.000      0      0      0      0      0
08/06/1990   8068      0   4830   3238      0      0      3   1100      3   1124      0      0      0   0.00   0.00      0   0.00    0.6  0.000    0.0  0.000      0      0      0      0      0
08/07/1990   7746      0   4508   3238      0      0      4   1468      3   1135      0      0      0   0.00   0.00      0   0.00    0.7  0.000    0.0  0.000      0      0      0      0      0
08/08/1990   7424      0   4186   3238      0      0      5   1845      3   1137      0      0      0   0.00   0.00      0   0.00    0.9  0.000    0.0  0.000      0      0      0      0      0
08/09/1990   7102      0   3864   3238      0    367      6   1857      3   1137      0      0      0   0.00   0.00      0   0.00    1.0  0.000    0.0  0.000      0      0      0      0      0
08/10/1990   6762      0   3542   3220      0    734      7   1869      3   1137      0      0      0   0.00   0.00      0   0.00    1.1  0.000    0.0  0.000      0      0      0      0      0
08/11/1990   6440      0   3220   3220      1   1100      7   1882      3   1137      0      0      0   0.00   0.00      0   0.00    1.2  0.001    0.0  0.000      0      0      0      0      0
08/12/1990   6118      0   2898   3220      2   1468      7   1893      3   1136      0      0      0   0.00   0.00      0   0.00    1.3  0.002    0.0  0.000      0      0      0      0      0
08/13/1990   5796      0   2576   3220      3   1845      7   1895      3   1125      0      0      0   0.00   0.00      0   0.00    1.4  0.002    0.0  0.000      0      0      0      0      0
08/14/1990   5474      0   2254   3220      4   2224      7   1895      3   1095      0      0      0   0.00   0.00      0   0.00    1.6  0.002    0.0  0.000      0      0      0      0      0
08/15/1990   5152      0   1932   3220      5   2603      7   1894      2   1042      0      0      0   0.00   0.00      0   0.00    1.7  0.002    0.0  0.000      0      0      0      0      0
08/16/1990   4830      0   1610   3220      6   2982      7   1883      2   1005      0      0      0   0.00   0.00      0   0.00    1.8  0.002    0.0  0.000      0      0      0      0      0
08/17/1990   4508      0   1288   3220      7   3361      7   1853      2    994      0      0      0   0.00   0.00      0   0.00    2.0  0.002    0.0  0.000      0      0      0      0      0
08/18/1990   4186      0    966   3220      8   3740      6   1799      2    983      0      0      0   0.00   0.00      0   0.00    2.1  0.002    0.0  0.000      0      0      0      0      0
08/19/1990   3864      0    644   3220      9   4119      6   1751      1    965      0      0      0   0.00   0.00      0   0.00    2.2  0.001    0.0  0.000      0      0      0      0      0
08/20/1990   3542      0    322   3220     10   4497      6   1711      1    956      0      0      0   0.00   0.00      0   0.00    2.4  0.001    0.0  0.000      0      0      0      0      0
08/21/1990   3220      0      0   3220     11   4865      5   1657      2    976      0      0      0   0.00   0.00      0   0.00    2.5  0.001    0.0  0.000      0      0      0      0      0
08/22/1990   3265      0    367   2898     12   4847      4   1621      3   1012      0      0      0   0.00   0.00      0   0.00    2.7  0.001    0.0  0.000      0      0      0      0      0
08/23/1990   3310      0    734   2576     13   4805      4   1625      2   1021      0      0      0   0.00   0.00      0   0.00    2.8  0.001    0.0  0.000      0      0      0      0      0
08/24/1990   3354      0   1100   2254     14   4770      4   1628      1    973      0      0      0   0.00   0.00      0   0.00    2.9  0.001    0.0  0.000      0      0      0      0      0
08/25/1990   3401      1   1468   1932     13   4740      5   1639      0    869      0      0      0   0.00   0.00      0   0.00    2.9  0.001    0.0  0.000      0      0      0      0      0
08/26/1990   3457      2   1845   1610     13   4677      4   1663      0    763      0      0      0   0.00   0.00      0   0.00    3.0  0.001    0.0  0.000      0      0      0      0      0
08/27/1990   3515      3   2224   1288     13   4611      3   1636      0    697      0      0      0   0.00   0.00      0   0.00    3.0  0.001    0.0  0.000      0      0      0      0      0
08/28/1990   3573      4   2603    966     12   4561      3   1552      0    648      0      0      0   0.00   0.00      0   0.00    3.1  0.001    0.0  0.000      0      0      0      0      0
08/29/1990   3631      5   2982    644     11   4516      3   1450      0    581      0      0      0   0.00   0.00      0   0.00    3.1  0.001    0.0  0.000      0      0      0      0      0
08/30/1990   3689      6   3361    322     11   4486      2   1321      0    477      0      0      0   0.00   0.00      0   0.00    3.1  0.001    0.0  0.000      0      0      0      0      0
08/31/1990   3747      7   3740      0     11   4445      1   1179      0    345      0      0      0   0.00   0.00      0   0.00    3.1  0.001    0.0  0.000      0      0      0      0      0
09/01/1990   4127      8   4119      0     11   4352      0   1058      0    180      0      0      0   0.00   0.00      0   0.00    3.0  0.001    0.0  0.000      0      0      0      0      0
09/02/1990   4506      9   4497      0     10   4219      0    929      0     64      0      0      0   0.00   0.00      0   0.00    3.0  0.001    0.0  0.000      0      0      0      0      0
09/03/1990   4875     10   4865      0      9   4083      0    761      0      0      0      0      0   0.00   0.00      0   0.00    3.0  0.001    0.0  0.000      0      0      0      0      0
09/04/1990   5225     11   5214      0      8   3954      0    541      0      0      0      0      0   0.00   0.00      0   0.00    2.9  0.001    0.0  0.000      0      0      0      0      0
09/05/1990   5551     12   5539      0      7   3825      0    345      0      0      0      0      0   0.00   0.00      0   0.00    2.9  0.001    0.0  0.000      0      0      0      0      0
09/06/1990   5883     13   5870      0      6   3659      0    180      0      0      0      0      0   0.00   0.00      0   0.00    2.9  0.001    0.0  0.000      0      0      0      0      0
09/07/1990   6222     14   6208      0      5   3437      0     64      0      0      0      0      0   0.00   0.00      0   0.00    2.8  0.001    0.0  0.000      0      0      0      0      0
09/08/1990   6536     14   6522      0      5   3187      0      0      0      0      0      0      0   0.00   0.00      0   0.00    2.8  0.001    0.0  0.000      0      0      0      0      0
09/09/1990   6850     15   6835      0      4   2874      0      0      0      0      0      0      0   0.00   0.00      0   0.00    2.7  0.001    0.0  0.000      0      0      0      0      0
09/10/1990   7180     16   7164      0      3   2545      0      0      0      0      0      0      0   0.00   0.00      0   0.00    2.7  0.001    0.0  0.000      0      0      0      0      0
09/11/1990   7514     16   7498      0      3   2211      0      0      0      0      0      0      0   0.00   0.00      0   0.00    2.6  0.001    0.0  0.000      0      0      0      0      0
09/12/1990   7863     16   7480    367      3   1862      0      0      0      0      0      0      0   0.00   0.00      0   0.00    2.6  0.001    0.0  0.000      0      0      0      0      0
09/13/1990   8202     17   7451    734      2   1524      0      0      0     75      0      0      0   0.00   0.00      0   0.00    2.6  0.001    0.0  0.000      0      0      0      0      0
09/14/1990   8489     18   7371   1100      1   1238      0      0      0    199      0      0      0   0.00   0.00      0   0.00    2.6  0.001    0.0  0.000      0      0      0      0      0
09/15/1990   8734     18   7248   1468      0    993      0      0      0    364      0      0      0   0.00   0.00      0   0.00    2.6  0.001    0.0  0.000      0      0      0      0      0
09/16/1990   8965     17   7103   1845      0    761      0     75      0    491      0      0      0   0.00   0.00      0   0.00    2.6  0.001    0.0  0.000      0      0      0      0      0
09/17/1990   9184     16   6944   2224      0    541      0    199      0    605      0      0      0   0.00   0.00      0   0.00    2.7  0.001    0.0  0.000      0      0      0      0      0
09/18/1990   9379     15   6761   2603      0    345      0    364      0    702      0      0      0   0.00   0.00      0   0.00    2.8  0.001    0.0  0.000      0      0      0      0      0
09/19/1990   9543     14   6547   2982      0    180      0    566      0    783      0      0      0   0.00   0.00      0   0.00    2.8  0.001    0.0  0.000      0      0      0      0      0
09/20/1990   9658     13   6284   3361      0     64      0    804      0    868      0      0      0   0.00   0.00      0   0.00    3.0  0.001    0.0  0.000      0      0      0      0      0
09/21/1990   9721     12   5969   3740      0     75      0    991      1    951      0      0      0   0.00   0.00      0   0.00    3.1  0.001    0.0  0.000      0      0      0      0      0
09/22/1990   9353     11   5590   3752      0    199      0   1150      2   1012      0      0      0   0.00   0.00      0   0.00    3.2  0.001    0.0  0.000      0      0      0      0      0
09/23/1990   8985     10   5212   3763      0    364      0   1308      3   1012      0      0      0   0.00   0.00      0   0.00    3.3  0.001    0.0  0.000      0      0      0      0      0
09/24/1990   8618      9   4844   3765      0    566      1   1451      3   1010      0      0      0   0.00   0.00      0   0.00    3.5  0.001    0.0  0.000      0      0      0      0      0
09/25/1990   8249      8   4495   3746      0    804      2   1557      3   1006      0      0      0   0.00   0.00      0   0.00    3.6  0.001    0.0  0.000      0      0      0      0      0
09/26/1990   7871      7   4170   3694      0   1066      3   1618      3   1021      0      0      0   0.00   0.00      0   0.00    3.7  0.001    0.0  0.000      0      0      0      0      0
09/27/1990   7491      6   3839   3646      0   1349      4   1678      3   1014      0      0      0   0.00   0.00      0   0.00    3.9  0.001    0.0  0.000      0      0      0      0      0
09/28/1990   7111      5   3501   3605      0   1672      5   1695      3   1016      0      0      0   0.00   0.00      0   0.00    4.0  0.001    0.0  0.000      0      0      0      0      0
09/29/1990   6732      5   3187   3540      0   2017      6   1688      3   1034      0      0      0   0.00   0.00      0   0.00    4.1  0.001    0.0  0.000      0      0      0      0      0
09/30/1990   6352      4   2874   3474      0   2361      7   1680      3   1060      0      0      0   0.00   0.00      0   0.00    4.3  0.001    0.0  0.000      0      0      0      0      0
10/01/1990   5972      3   2545   3424      1   2684      7   1699      3   1080      0      0      0   0.00   0.00      0   0.00    4.4  0.001    0.0  0.000      0      0      0      0      0
10/02/1990   5593      3   2211   3379      2   3027      7   1712      3   1059      0      0      0   0.00   0.00      0   0.00    4.5  0.001    0.0  0.000      0      0      0      0      0
10/03/1990   5215      3   1862   3350      3   3367      7   1734      3   1033      0      0      0   0.00   0.00      0   0.00    4.7  0.001    0.0  0.000      0      0      0      0      0
10/04/1990   4921      2   1599   3320      4   3630      7   1758      3   1033      0      0      0   0.00   0.00      0   0.00    4.8  0.001    0.0  0.000      0      0      0      0      0
10/05/1990   4695      1   1437   3257      5   3842      7   1757      3   1030      0      0      0   0.00   0.00      0   0.00    4.9  0.001    0.0  0.000      0      0      0      0      0
10/06/1990   4534      0   1357   3177      6   4019      7   1751      2    994      0      0      0   0.00   0.00      0   0.00    5.1  0.001    0.0  0.000      0      0      0      0      0
10/07/1990   4405      0   1327   3078      7   4173      7   1757      1    906      0      0      0   0.00   0.00      0   0.00    5.2  0.001    0.0  0.000      0      0      0      0      0
10/08/1990   4305      0   1345   2960      8   4297      7   1727      0    849      0      0      0   0.00   0.00      0   0.00    5.3  0.001    0.0  0.000      0      0      0      0      0
10/09/1990   4253      0   1411   2842      9   4397      6   1665      0    836      0      0      0   0.00   0.00      0   0.00    5.4  0.001    0.0  0.000      0      0      0      0      0
10/10/1990   4223      0   1529   2694     10   4449      5   1604      0    835      0      0      0   0.00   0.00      0   0.00    5.6  0.000    0.0  0.000      0      0      0      0      0
10/11/1990   4217      0   1736   2481     11   4462      4   1543      0    826      0      0      0   0.00   0.00      0   0.00    5.7  0.000    0.0  0.000      0      0      0      0      0
10/12/1990   4228      0   2017   2211     12   4479      3   1468      0    798      0      0      0   0.00   0.00      0   0.00    5.7  0.000    0.0  0.000      0      0      0      0      0
10/13/1990   4223      0   2361   1862     13   4467      2   1409      0    763      0      0      0   0.00   0.00      0   0.00    5.8  0.000    0.0  0.000      0      0      0      0      0
10/14/1990   4208      0   2684   1524     14   4444      1   1375      0    715      0      0      0   0.00   0.00      0   0.00    5.9  0.000    0.0  0.000      0      0      0      0      0
10/15/1990   4266      1   3027   1238     14   4375      0   1360      0    650      0      0      0   0.00   0.00      0   0.00    5.9  0.000    0.0  0.000      0      0      0      0      0
10/16/1990   4362      2   3367    993     13   4310      0   1323      0    577      0      0      0   0.00   0.00      0   0.00    5.9  0.000    0.0  0.000      0      0      0      0      0
10/17/1990   4469      3   3705    761     12   4259      0   1254      0    500      0      0      0   0.00   0.00      0   0.00    5.9  0.000    0.0  0.000      0      0      0      0      0
10/18/1990   4586      4   4041    541     11   4196      0   1175      0    424      0      0      0   0.00   0.00      0   0.00    5.9  0.000    0.0  0.000      0      0      0      0      0
10/19/1990   4733      5   4383    345     10   4120      0   1074      0    338      0      0      0   0.00   0.00      0   0.00    5.9  0.000    0.0  0.000      0      0      0      0      0
10/20/1990   4925      6   4739    180      9   4023      0    956      0    247      0      0      0   0.00   0.00      0   0.00    5.9  0.000    0.0  0.000      0      0      0      0      0
10/21/1990   5172      7   5101     64      8   3899      0    836      0    159      0      0      0   0.00   0.00      0   0.00    5.9  0.000    0.0  0.000      0      0      0      0      0
10/22/1990   5471      8   5463      0      7   3755      0    697      0     91      0      0      0   0.00   0.00      0   0.00    5.8  0.000    0.0  0.000      0      0      0      0      0
10/23/1990   5807      9   5798      0      6   3614      0    553      0     41      0      0      0   0.00   0.00      0   0.00    5.8  0.000    0.0  0.000      0      0      0      0      0
10/24/1990   6144     10   6134      0      5   3443      0    418      0     11      0      0      0   0.00   0.00      0   0.00    5.8  0.000    0.0  0.000      0      0      0      0      0
10/25/1990   6507     11   6421     75      4   3222      0    288      0      0      0      0      0   0.00   0.00      0   0.00    5.7  0.000    0.0  0.000      0      0      0      0      0
10/26/1990   6840     12   6629    199      3   3008      0    170      0     13      0      0      0   0.00   0.00      0   0.00    5.7  0.000    0.0  0.000      0      0      0      0      0
10/27/1990   7141     13   6764    364      2   2787      0     91      0     48      0      0      0   0.00   0.00      0   0.00    5.7  0.000    0.0  0.000      0      0      0      0      0
10/28/1990   7416     14   6836    566      1   2563      0     41      0    107      0      0      0   0.00   0.00      0   0.00    5.6  0.000    0.0  0.000      0      0      0      0      0
10/29/1990   7692     15   6873    804      0   2318      0     24      0    179      0      0      0   0.00   0.00      0   0.00    5.6  0.000    0.0  0.000      0      0      0      0      0
10/30/1990   7979     15   6898   1066      0   2042      0     48      0    247      0      0      0   0.00   0.00      0   0.00    5.6  0.000    0.0  0.000      0      0      0      0      0
10/31/1990   8252     15   6888   1349      0   1769      0    107      0    309      0      0      0   0.00   0.00      0   0.00    5.6  0.000    0.0  0.000      0      0      0      0      0
11/01/1990   8510     15   6831   1664      0   1503      0    192      0    341      0      0      0   0.00   0.00      0   0.00    5.7  0.000    0.0  0.000      0      0      0      0      0
11/02/1990   8760     15   6745   2000      0   1244      0    295      0    362      0      0      0   0.00   0.00      0   0.00    5.7  0.000    0.0  0.000      0      0      0      0      0
11/03/1990   8988     15   6639   2334      0   1019      0    403      0    389      0      0      0   0.00   0.00      0   0.00    5.8  0.000    0.0  0.000      0      0      0      0      0
11/04/1990   9124     15   6534   2575      0    836      0    485      0    452      0      0      0   0.00   0.00      0   0.00    5.8  0.000    0.0  0.000      0      0      0      0      0
11/05/1990   9187     14   6385   2788      0    701      0    550      0    524      0      0      0   0.00   0.00      0   0.00    5.9  0.000    0.0  0.000      0      0      0      0      0
11/06/1990   9181     13   6210   2958      0    621      0    613      0    548      0      0      0   0.00   0.00      0   0.00    6.0  0.000    0.0  0.000      0      0      0      0      0
11/07/1990   9115     12   6013   3090      0    583      0    690      0    543      0      0      0   0.00   0.00      0   0.00    6.1  0.000    0.0  0.000      0      0      0      0      0
11/08/1990   8991     11   5795   3185      0    586      0    765      0    550      0      0      0   0.00   0.00      0   0.00    6.2  0.000    0.0  0.000      0      0      0      0      0
11/09/1990   8805     10   5532   3263      0    624      0    820      0    594      0      0      0   0.00   0.00      0   0.00    6.3  0.000    0.0  0.000      0      0      0      0      0
11/10/1990   8570      9   5226   3335      0    698      0    871      0    644      0      0      0   0.00   0.00      0   0.00    6.4  0.000    0.0  0.000      0      0      0      0      0
11/11/1990   8276      8   4894   3374      0    816      0    926      0    678      0      0      0   0.00   0.00      0   0.00    6.5  0.000    0.0  0.000      0      0      0      0      0
11/12/1990   7941      7   4543   3391      0    985      0    962      0    711      0      0      0   0.00   0.00      0   0.00    6.7  0.000    0.0  0.000      0      0      0      0      0
11/13/1990   7596      6   4208   3382      0   1181      0    991      0    745      0      0      0   0.00   0.00      0   0.00    6.8  0.000    0.0  0.000      0      0      0      0      0
11/14/1990   7272      5   3872   3395      0   1353      0   1056      0    731      0      0      0   0.00   0.00      0   0.00    6.9  0.000    0.0  0.000      0      0      0      0      0
11/15/1990   6928      4   3510   3414      0   1528      0   1130      0    695      0      0      0   0.00   0.00      0   0.00    7.0  0.000    0.0  0.000      0      0      0      0      0
11/16/1990   6600      3   3191   3406      0   1718      0   1186      0    671      0      0      0   0.00   0.00      0   0.00    7.2  0.000    0.0  0.000      0      0      0      0      0
11/17/1990   6296      2   2926   3368      0   1899      0   1193      0    695      0      0      0   0.00   0.00      0   0.00    7.3  0.000    0.0  0.000      0      0      0      0      0
11/18/1990   6018      1   2711   3306      0   2065      0   1181      0    710      0      0      0   0.00   0.00      0   0.00    7.4  0.000    0.0  0.000      0      0      0      0      0
11/19/1990   5760      0   2521   3239      0   2217      0   1179      0    706      0      0      0   0.00   0.00      0   0.00    7.5  0.000    0.0  0.000      0      0      0      0      0
11/20/1990   5853      0   2337   3516      0   2363      0   1177      0    627      0      0      0   0.00   0.00      0   0.00    7.7  0.000    0.0  0.000      0      0      0      0      0
11/21/1990   5619      0   2185   3434      0   2501      0   1146      0    552      0      0      0   0.00   0.00      0   0.00    7.8  0.000    0.0  0.000      0      0      0      0      0
11/22/1990   5023      0   2036   2987      0   2607      0   1154      0    483      0      0      0   0.00   0.00      0   0.00    7.9  0.000    0.0  0.000      0      0      0      0      0
11/23/1990   4812      0   1901   2911      0   2696      0   1109      0    468      0      0      0   0.00   0.00      0   0.00    8.1  0.000    0.0  0.000      0      0      0      0      0
11/24/1990   4624      0   1811   2813      0   2783      0   1027      0    468      0      0      0   0.00   0.00      0   0.00    8.2  0.000    0.0  0.000      0      0      0      0      0
11/25/1990   4794      0   1773   3021      0   2850      0    942      0    475      0      0      0   0.00   0.00      0   0.00    8.2  0.000    0.0  0.000      0      0      0      0      0
11/26/1990   4980      0   1775   3205      0   2882      0    867      0    440      0      0      0   0.00   0.00      0   0.00    8.1  0.000    0.0  0.000      0      0      0      0      0
11/27/1990   5142      0   1782   3360      0   2941      0    789      0    395      0      0      0   0.00   0.00      0   0.00    8.1  0.000    0.0  0.000      0      0      0      0      0
11/28/1990   5307      0   1816   3491      0   2934      0    790      0    357      0      0      0   0.00   0.00      0   0.00    8.3  0.000    0.0  0.000      0      0      0      0      0
11/29/1990   4833      0   1901   2932      0   2884      0    755      0    395      0      0      0   0.00   0.00      0   0.00    8.4  0.000    0.0  0.000      0      0      0      0      0
11/30/1990   4752      0   2038   2714      0   2830      0    701      0    434      0      0      0   0.00   0.00      0   0.00    8.5  0.000    0.0  0.000      0      0      0      0      0
12/01/1990   4967      0   2213   2754      0   2758      0    679      0    420      0      0      0   0.00   0.00      0   0.00    8.6  0.000    0.0  0.000      0      0      0      0      0
12/02/1990   5194      0   2420   2774      0   2674      0    682      0    364      0      0      0   0.00   0.00      0   0.00    8.6  0.000    0.0  0.000      0      0      0      0      0
12/03/1990   5174      0   2658   2516      0   2594      0    660      0    330      0      0      0   0.00   0.00      0   0.00    8.7  0.000    0.0  0.000      0      0      0      0      0
12/04/1990   5163      0   2917   2246      0   2453      0    659      0    332      0      0      0   0.00   0.00      0   0.00    8.8  0.000    0.0  0.000      0      0      0      0      0
12/05/1990   5376      0   3140   2236      0   2338      0    651      0    322      0      0      0   0.00   0.00      0   0.00    8.8  0.000    0.0  0.000      0      0      0      0      0
12/06/1990   5308      0   3353   1955      0   2256      0    633      0    317      0      0      0   0.00   0.00      0   0.00    8.8  0.000    0.0  0.000      0      0      0      0      0
12/07/1990   5026      0   3575   1451      0   2177      0    596      0    305      0      0      0   0.00   0.00      0   0.00    8.9  0.000    0.0  0.000      0      0      0      0      0
12/08/1990   5021      0   3787   1234      0   2077      0    539      0    303      0      0      0   0.00   0.00      0   0.00    8.9  0.000    0.0  0.000      0      0      0      0      0
12/09/1990   4441      0   3956    485      0   1966      0    530      0    277      0      0      0   0.00   0.00      0   0.00    8.9  0.000    0.0  0.000      0      0      0      0      0
12/10/1990   4534      0   4102    432      0   1835      0    537      0    222      0      0      0   0.00   0.00      0   0.00    8.9  0.000    0.0  0.000      0      0      0      0      0
12/11/1990   4588      0   4167    421      0   1780      0    512      0    181      0      0      0   0.00   0.00      0   0.00    8.9  0.000    0.0  0.000      0      0      0      0      0
12/12/1990   4733      0   4199    534      0   1746      0    475      0    141      0      0      0   0.00   0.00      0   0.00    8.9  0.000    0.0  0.000      0      0      0      0      0
12/13/1990   4887      0   4244    643      0   1674      0    437      0    134      0      0      0   0.00   0.00      0   0.00    8.9  0.000    0.0  0.000      0      0      0      0      0
12/14/1990   5032      0   4273    759      0   1629      0    376      0    110      0      0      0   0.00   0.00      0   0.00    8.8  0.000    0.0  0.000      0      0      0      0      0
12/15/1990   5178      0   4278    900      0   1583      0    311      0    102      0      0      0   0.00   0.00      0   0.00    8.8  0.000    0.0  0.000      0      0      0      0      0
12/16/1990   5340      0   4267   1073      0   1502      0    268      0     92      0      0      0   0.00   0.00      0   0.00    8.8  0.000    0.0  0.000      0      0      0      0      0
12/17/1990   5451      0   4189   1262      0   1466      0    209      0    115      0      0      0   0.00   0.00      0   0.00    8.7  0.000    0.0  0.000      0      0      0      0      0
12/18/1990   5552      0   4125   1427      0   1410      0    191      0    139      0      0      0   0.00   0.00      0   0.00    8.7  0.000    0.0  0.000      0      0      0      0      0
12/19/1990   5676      0   4081   1595      0   1326      0    179      0    159      0      0      0   0.00   0.00      0   0.00    8.7  0.000    0.0  0.000      0      0      0      0      0
12/20/1990   5826      0   4034   1792      0   1212      0    183      0    132      0      0      0   0.00   0.00      0   0.00    8.6  0.000    0.0  0.000      0      0      0      0      0
12/21/1990   5966      0   3965   2001      0   1110      0    196      0     74      0      0      0   0.00   0.00      0   0.00    8.6  0.000    0.0  0.000      0      0      0      0      0
12/22/1990   6076      0   3857   2219      0   1016      0    228      0     19      0      0      0   0.00   0.00      0   0.00    8.6  0.000    0.0  0.000      0      0      0      0      0
12/23/1990   6169      0   3720   2449      0    950      0    213      0      0      0      0      0   0.00   0.00      0   0.00    8.6  0.000    0.0  0.000      0      0      0      0      0
12/24/1990   6275      0   3584   2691      0    872      0    178      0      0      0      0      0   0.00   0.00      0   0.00    8.5  0.000    0.0  0.000      0      0      0      0      0
12/25/1990   6387      0   3444   2943      0    799      0    132      0     15      0      0      0   0.00   0.00      0   0.00    8.5  0.000    0.0  0.000      0      0      0      0      0
12/26/1990   6470      0   3311   3159      0    767      0     74      0     54      0      0      0   0.00   0.00      0   0.00    8.5  0.000    0.0  0.000      0      0      0      0      0
12/27/1990   6571      0   3206   3365      0    714      0     19      0    110      0      0      0   0.00   0.00      0   0.00    8.5  0.000    0.0  0.000      0      0      0      0      0
12/28/1990   6670      0   3078   3592      0    626      0     15      0    162      0      0      0   0.00   0.00      0   0.00    8.5  0.000    0.0  0.000      0      0      0      0      0
12/29/1990   6750      0   2919   3831      0    538      0     54      0    152      0      0      0   0.00   0.00      0   0.00    8.4  0.000    0.0  0.000      0      0      0      0      0
12/30/1990   6824      0   2773   4051      0    456      0    110      0    148      0      0      0   0.00   0.00      0   0.00    8.4  0.000    0.0  0.000      0      0      0      0      0
12/31/1990   6868      0   2594   4274      0    404      0    177      0    137      0      0      0   0.00   0.00      0   0.00    8.4  0.000    0.0  0.000      0      0      0      0      0
