Varroa Population Simulation - Nov 23,2015  02:36:43 PM
VarroaPop Version 3.2.5.8  June, 2015

                                        Capped  Capped                                                                      Prop           Conc          Conc                                     
            Colony  Adult  Adult         Drone   Wkr    Drone  Wkr    Drone  Wkr  Free   DBrood WBrood DMite  WMite  Mites  Mites  Colony Pollen Colony Nectar   Dead   Dead   Dead   Dead   Dead
     Date   Size   Drones   Wkr   Forgrs Brood  Brood   Larv   Larv    Eggs  Eggs Mites  Mites  Mites  /Cell  /Cell  Dying  Dying  Pollen  Pest  Nectar  Pest    DLarv  WLarv  DAdlt  WAdlt  Forgrs
Initial     10000      0   6174   3826      0      0      0      0      0      0      0      0      0   0.00   0.00      0   0.00    0.0  0.000    0.0  0.000      0      0      0      0      0
08/01/1990   9706      0   5880   3826      0      0      0      0      2    399      0      0      0   0.00   0.00      0   0.00    0.1  0.000    0.0  0.000      0      0      0      0      0
08/02/1990   9412      0   5586   3826      0      0      0      0      4    798      0      0      0   0.00   0.00      0   0.00    0.3  0.000    0.0  0.000      0      0      0      0      0
08/03/1990   9118      0   5292   3826      0      0      0      0      6   1196      0      0      0   0.00   0.00      0   0.00    0.4  0.000    0.0  0.000      0      0      0      0      0
08/04/1990   8824      0   4998   3826      0      0      2    399      6   1198      0      0      0   0.00   0.00      0   0.00    0.5  0.000    0.0  0.000      0      0      0      0      0
08/05/1990   8530      0   4704   3826      0      0      4    798      6   1210      0      0      0   0.00   0.00      0   0.00    0.7  0.000    0.0  0.000      0      0      0      0      0
08/06/1990   8236      0   4410   3826      0      0      6   1196      6   1225      0      0      0   0.00   0.00      0   0.00    0.8  0.000    0.0  0.000      0      0      0      0      0
08/07/1990   7942      0   4116   3826      0      0      8   1597      6   1237      0      0      0   0.00   0.00      0   0.00    1.0  0.000    0.0  0.000      0      0      0      0      0
08/08/1990   7648      0   3822   3826      0      0     10   2008      6   1239      0      0      0   0.00   0.00      0   0.00    1.1  0.000    0.0  0.000      0      0      0      0      0
08/09/1990   7354      0   3528   3826      0    399     12   2022      6   1239      0      0      0   0.00   0.00      0   0.00    1.2  0.000    0.0  0.000      0      0      0      0      0
08/10/1990   7060      0   3234   3826      0    798     14   2036      6   1239      0      0      0   0.00   0.00      0   0.00    1.4  0.000    0.0  0.000      0      0      0      0      0
08/11/1990    859      0    495    364      2   1196     14   2051      6   1239      0      0      0   0.00   0.00      0   0.00    1.5  0.021    0.0  0.000      0      0      0   2437   3454
08/12/1990    794      0    450    344      4   1597     14   2063      4    826      0      0      0   0.00   0.00      0   0.00    1.5  0.022    0.0  0.000      0      0      0      0     37
08/13/1990    732      0    405    327      6   2008     14   2065      2    413      0      0      0   0.00   0.00      0   0.00    1.5  0.023    0.0  0.000      0      0      0      0     34
08/14/1990    673      0    360    313      8   2421     14   2065      0      0      0      0      0   0.00   0.00      0   0.00    1.6  0.023    0.0  0.000      0      0      0      0     31
08/15/1990    617      0    315    302     10   2834     12   1652      0      0      0      0      0   0.00   0.00      0   0.00    1.6  0.023    0.0  0.000      0      0      0      0     28
08/16/1990    566      0    270    296     12   3247     10   1239      0      0      0      0      0   0.00   0.00      0   0.00    1.6  0.023    0.0  0.000      0      0      0      0     23
08/17/1990    518      0    225    293     14   3660      8    826      0      0      0      0      0   0.00   0.00      0   0.00    1.6  0.023    0.0  0.000      0      0      0      0     20
08/18/1990    472      0    180    292     16   4073      6    413      0     56      0      0      0   0.00   0.00      0   0.00    1.6  0.023    0.0  0.000      0      0      0      0     18
08/19/1990    444      0    135    309     18   4486      4      0      0    111      0      0      0   0.00   0.00      0   0.00    1.6  0.023    0.0  0.000      0      0      0      0      0
08/20/1990    416      0     90    326     20   4486      2      0      0    172      0      0      0   0.00   0.00      0   0.00    1.6  0.023    0.0  0.000      0      0      0      0      0
08/21/1990    388      0     45    343     22   4486      0     56      0    181      0      0      0   0.00   0.00      0   0.00    1.6  0.023    0.0  0.000      0      0      0      0      0
08/22/1990    759      0    399    360     22   4087      0    111      0    197      0      0      0   0.00   0.00      0   0.00    1.7  0.022    0.0  0.000      0      0      0      0      0
08/23/1990   1130      0    798    332     22   3688      0    172      0    212      0      0      0   0.00   0.00      0   0.00    1.7  0.022    0.0  0.000      0      0      0      0      0
08/24/1990   1500      0   1196    304     22   3290      0    237      0    211      0      0      0   0.00   0.00      0   0.00    1.7  0.022    0.0  0.000      0      0      0      0      0
08/25/1990   1895      2   1597    296     20   2889      0    308      0    195      0      0      0   0.00   0.00      0   0.00    1.7  0.022    0.0  0.000      0      0      0      0      0
08/26/1990   2297      4   2008    285     18   2534      0    328      0    175      0      0      0   0.00   0.00      0   0.00    1.7  0.022    0.0  0.000      0      0      0      0      0
08/27/1990   2698      6   2421    271     16   2176      0    337      0    167      0      0      0   0.00   0.00      0   0.00    1.7  0.022    0.0  0.000      0      0      0      0      0
08/28/1990   3096      8   2834    254     14   1824      0    331      0    168      0      0      0   0.00   0.00      0   0.00    1.7  0.022    0.0  0.000      0      0      0      0      0
08/29/1990   3489     10   3247    232     12   1476      0    322      0    167      0      0      0   0.00   0.00      0   0.00    1.7  0.022    0.0  0.000      0      0      0      0      0
08/30/1990   3879     12   3660    207     10   1134      0    307      0    159      0      0      0   0.00   0.00      0   0.00    1.7  0.022    0.0  0.000      0      0      0      0      0
08/31/1990   4267     14   4073    180      8    797      0    287      0    146      0      0      0   0.00   0.00      0   0.00    1.7  0.022    0.0  0.000      0      0      0      0      0
09/01/1990   4637     16   4486    135      6    448      0    278      0    130      0      0      0   0.00   0.00      0   0.00    1.6  0.022    0.0  0.000      0      0      0      0      0
09/02/1990   4639     18   4486    135      4    503      0    271      0    112      0      0      0   0.00   0.00      0   0.00    1.6  0.022    0.0  0.000      0      0      0      0      0
09/03/1990   4596     20   4486     90      2    559      0    258      0     98      0      0      0   0.00   0.00      0   0.00    1.6  0.022    0.0  0.000      0      0      0      0      0
09/04/1990   4553     22   4486     45      0    615      0    241      0     79      0      0      0   0.00   0.00      0   0.00    1.6  0.022    0.0  0.000      0      0      0      0      0
09/05/1990   4508     22   4486      0      0    671      0    215      0     59      0      0      0   0.00   0.00      0   0.00    1.5  0.022    0.0  0.000      0      0      0      0      0
09/06/1990   4508     22   4486      0      0    726      0    189      0     30      0      0      0   0.00   0.00      0   0.00    1.5  0.022    0.0  0.000      0      0      0      0      0
09/07/1990   4508     22   4486      0      0    774      0    161      0     10      0      0      0   0.00   0.00      0   0.00    1.5  0.022    0.0  0.000      0      0      0      0      0
09/08/1990   4564     22   4542      0      0    761      0    128      0      0      0      0      0   0.00   0.00      0   0.00    1.4  0.022    0.0  0.000      0      0      0      0      0
09/09/1990   4619     22   4597      0      0    745      0     89      0      0      0      0      0   0.00   0.00      0   0.00    1.4  0.022    0.0  0.000      0      0      0      0      0
09/10/1990   4680     22   4658      0      0    714      0     59      0      0      0      0      0   0.00   0.00      0   0.00    1.3  0.022    0.0  0.000      0      0      0      0      0
09/11/1990   4745     22   4723      0      0    678      0     30      0      0      0      0      0   0.00   0.00      0   0.00    1.3  0.022    0.0  0.000      0      0      0      0      0
09/12/1990   4816     22   4395    399      0    627      0     10      0      0      0      0      0   0.00   0.00      0   0.00    1.3  0.022    0.0  0.000      0      0      0      0      0
09/13/1990   4892     22   4072    798      0    561      0      0      0     81      0      0      0   0.00   0.00      0   0.00    1.3  0.022    0.0  0.000      0      0      0      0      0
09/14/1990   4956     22   3738   1196      0    497      0      0      0    212      0      0      0   0.00   0.00      0   0.00    1.3  0.021    0.0  0.000      0      0      0      0      0
09/15/1990   5009     20   3392   1597      0    442      0      0      0    387      0      0      0   0.00   0.00      0   0.00    1.4  0.021    0.0  0.000      0      0      0      0      0
09/16/1990   5063     18   3037   2008      0    386      0     81      0    519      0      0      0   0.00   0.00      0   0.00    1.4  0.020    0.0  0.000      0      0      0      0      0
09/17/1990   5117     16   2680   2421      0    330      0    212      0    639      0      0      0   0.00   0.00      0   0.00    1.5  0.019    0.0  0.000      0      0      0      0      0
09/18/1990   5171     14   2323   2834      0    274      0    387      0    740      0      0      0   0.00   0.00      0   0.00    1.6  0.017    0.0  0.000      0      0      0      0      0
09/19/1990   5224     12   1965   3247      0    219      0    600      0    823      0      0      0   0.00   0.00      0   0.00    1.8  0.016    0.0  0.000      0      0      0      0      0
09/20/1990   5270     10   1600   3660      0    171      0    851      1    909      0      0      0   0.00   0.00      0   0.00    1.9  0.015    0.0  0.000      0      0      0      0      0
09/21/1990   5311      8   1230   4073      0    209      0   1046      2    994      0      0      0   0.00   0.00      0   0.00    2.1  0.013    0.0  0.000      0      0      0      0      0
09/22/1990   5348      6    856   4486      0    301      0   1211      3   1056      0      0      0   0.00   0.00      0   0.00    2.3  0.012    0.0  0.000      0      0      0      0      0
09/23/1990   5376      4    886   4486      0    446      1   1373      4   1072      0      0      0   0.00   0.00      0   0.00    2.5  0.011    0.0  0.000      0      0      0      0      0
09/24/1990   5403      2    915   4486      0    630      2   1521      5   1084      0      0      0   0.00   0.00      0   0.00    2.7  0.011    0.0  0.000      0      0      0      0      0
09/25/1990   5022      0    935   4087      0    861      3   1628      6   1096      0      0      0   0.00   0.00      0   0.00    2.9  0.010    0.0  0.000      0      0      0      0      0
09/26/1990   4633      0    945   3688      0   1127      5   1705      5   1096      0      0      0   0.00   0.00      0   0.00    3.0  0.009    0.0  0.000      0      0      0      0      0
09/27/1990   4235      0    945   3290      0   1423      7   1782      4   1059      0      0      0   0.00   0.00      0   0.00    3.2  0.009    0.0  0.000      0      0      0      0      0
09/28/1990   3834      0    945   2889      0   1760      9   1815      3   1013      0      0      0   0.00   0.00      0   0.00    3.3  0.009    0.0  0.000      0      0      0      0      0
09/29/1990   3423      0    889   2534      0   2121     10   1807      2    977      0      0      0   0.00   0.00      0   0.00    3.4  0.008    0.0  0.000      0      0      0      0      0
09/30/1990   3010      0    834   2176      1   2479     10   1785      1    944      0      0      0   0.00   0.00      0   0.00    3.5  0.008    0.0  0.000      0      0      0      0      0
10/01/1990   2597      0    773   1824      2   2832     10   1756      0    900      0      0      0   0.00   0.00      0   0.00    3.6  0.008    0.0  0.000      0      0      0      0      0
10/02/1990   2184      0    708   1476      3   3205      9   1700      0    818      0      0      0   0.00   0.00      0   0.00    3.6  0.008    0.0  0.000      0      0      0      0      0
10/03/1990   1771      0    637   1134      5   3575      7   1633      0    722      0      0      0   0.00   0.00      0   0.00    3.7  0.008    0.0  0.000      0      0      0      0      0
10/04/1990   1439      0    642    797      7   3847      5   1560      0    629      0      0      0   0.00   0.00      0   0.00    3.7  0.008    0.0  0.000      0      0      0      0      0
10/05/1990   1157      0    709    448      9   4052      3   1459      0    527      0      0      0   0.00   0.00      0   0.00    3.7  0.008    0.0  0.000      0      0      0      0      0
10/06/1990   1332      0    829    503     10   4201      2   1342      0    396      0      0      0   0.00   0.00      0   0.00    3.7  0.008    0.0  0.000      0      0      0      0      0
10/07/1990   1545      0    986    559     11   4305      1   1212      0    287      0      0      0   0.00   0.00      0   0.00    3.7  0.008    0.0  0.000      0      0      0      0      0
10/08/1990   1796      0   1181    615     12   4357      0   1042      0    240      0      0      0   0.00   0.00      0   0.00    3.8  0.008    0.0  0.000      0      0      0      0      0
10/09/1990   2072      0   1401    671     12   4361      0    838      0    264      0      0      0   0.00   0.00      0   0.00    3.8  0.008    0.0  0.000      0      0      0      0      0
10/10/1990   2368      0   1642    726     12   4300      0    681      0    290      0      0      0   0.00   0.00      0   0.00    3.8  0.007    0.0  0.000      0      0      0      0      0
10/11/1990   2705      0   1931    774     12   4170      0    560      0    315      0      0      0   0.00   0.00      0   0.00    3.8  0.007    0.0  0.000      0      0      0      0      0
10/12/1990   3010      0   2249    761     12   3996      0    473      0    334      0      0      0   0.00   0.00      0   0.00    3.8  0.007    0.0  0.000      0      0      0      0      0
10/13/1990   3313      0   2568    745     12   3771      0    444      0    345      0      0      0   0.00   0.00      0   0.00    3.9  0.007    0.0  0.000      0      0      0      0      0
10/14/1990   3606      1   2891    714     11   3494      0    479      0    349      0      0      0   0.00   0.00      0   0.00    3.9  0.007    0.0  0.000      0      0      0      0      0
10/15/1990   3915      2   3235    678     10   3199      0    520      0    343      0      0      0   0.00   0.00      0   0.00    3.9  0.007    0.0  0.000      0      0      0      0      0
10/16/1990   4215      3   3585    627      9   2915      0    549      0    334      0      0      0   0.00   0.00      0   0.00    3.9  0.007    0.0  0.000      0      0      0      0      0
10/17/1990   4494      5   3928    561      7   2662      0    564      0    318      0      0      0   0.00   0.00      0   0.00    3.9  0.007    0.0  0.000      0      0      0      0      0
10/18/1990   4768      7   4264    497      5   2430      0    573      0    298      0      0      0   0.00   0.00      0   0.00    3.9  0.007    0.0  0.000      0      0      0      0      0
10/19/1990   5039      9   4588    442      3   2217      0    568      0    266      0      0      0   0.00   0.00      0   0.00    3.9  0.007    0.0  0.000      0      0      0      0      0
10/20/1990   5301     10   4905    386      2   2019      0    548      0    229      0      0      0   0.00   0.00      0   0.00    3.9  0.007    0.0  0.000      0      0      0      0      0
10/21/1990   5549     11   5208    330      1   1831      0    526      0    197      0      0      0   0.00   0.00      0   0.00    3.9  0.007    0.0  0.000      0      0      0      0      0
10/22/1990   5774     12   5488    274      0   1666      0    485      0    176      0      0      0   0.00   0.00      0   0.00    3.8  0.007    0.0  0.000      0      0      0      0      0
10/23/1990   5954     12   5723    219      0   1544      0    434      0    160      0      0      0   0.00   0.00      0   0.00    3.8  0.007    0.0  0.000      0      0      0      0      0
10/24/1990   6113     12   5930    171      0   1443      0    389      0    138      0      0      0   0.00   0.00      0   0.00    3.8  0.007    0.0  0.000      0      0      0      0      0
10/25/1990   6257     12   6036    209      0   1355      0    343      0    117      0      0      0   0.00   0.00      0   0.00    3.7  0.007    0.0  0.000      0      0      0      0      0
10/26/1990   6351     12   6038    301      0   1315      0    296      0    107      0      0      0   0.00   0.00      0   0.00    3.7  0.007    0.0  0.000      0      0      0      0      0
10/27/1990   6397     12   5939    446      0   1313      0    261      0    120      0      0      0   0.00   0.00      0   0.00    3.7  0.007    0.0  0.000      0      0      0      0      0
10/28/1990   6446     12   5804    630      0   1297      0    231      0    158      0      0      0   0.00   0.00      0   0.00    3.7  0.007    0.0  0.000      0      0      0      0      0
10/29/1990   6512     12   5639    861      0   1272      0    206      0    214      0      0      0   0.00   0.00      0   0.00    3.7  0.007    0.0  0.000      0      0      0      0      0
10/30/1990   6602     12   5463   1127      0   1225      0    205      0    270      0      0      0   0.00   0.00      0   0.00    3.7  0.007    0.0  0.000      0      0      0      0      0
10/31/1990   6706     12   5271   1423      0   1167      0    229      0    326      0      0      0   0.00   0.00      0   0.00    3.7  0.007    0.0  0.000      0      0      0      0      0
11/01/1990   6809     12   5045   1752      0   1095      0    282      0    355      0      0      0   0.00   0.00      0   0.00    3.8  0.007    0.0  0.000      0      0      0      0      0
11/02/1990   6919     12   4803   2104      0   1008      0    358      0    376      0      0      0   0.00   0.00      0   0.00    3.8  0.007    0.0  0.000      0      0      0      0      0
11/03/1990   7024     12   4560   2452      0    929      0    448      0    403      0      0      0   0.00   0.00      0   0.00    3.9  0.007    0.0  0.000      0      0      0      0      0
11/04/1990   7127     11   4322   2794      0    866      0    517      0    467      0      0      0   0.00   0.00      0   0.00    4.0  0.007    0.0  0.000      0      0      0      0      0
11/05/1990   7227     10   4062   3155      0    823      0    576      0    543      0      0      0   0.00   0.00      0   0.00    4.1  0.007    0.0  0.000      0      0      0      0      0
11/06/1990   7319      9   3798   3512      0    809      0    637      0    573      0      0      0   0.00   0.00      0   0.00    4.2  0.006    0.0  0.000      0      0      0      0      0
11/07/1990   7328      7   3544   3777      0    818      0    714      0    579      0      0      0   0.00   0.00      0   0.00    4.4  0.006    0.0  0.000      0      0      0      0      0
11/08/1990   7282      5   3301   3976      0    851      0    793      0    599      0      0      0   0.00   0.00      0   0.00    4.5  0.006    0.0  0.000      0      0      0      0      0
11/09/1990   7174      3   3051   4120      0    898      0    855      0    659      0      0      0   0.00   0.00      0   0.00    4.7  0.006    0.0  0.000      0      0      0      0      0
11/10/1990   7018      2   2796   4220      0    965      0    917      1    720      0      0      0   0.00   0.00      0   0.00    4.9  0.005    0.0  0.000      0      0      0      0      0
11/11/1990   6824      1   2554   4269      0   1057      0    989      2    761      0      0      0   0.00   0.00      0   0.00    5.0  0.005    0.0  0.000      0      0      0      0      0
11/12/1990   6598      0   2327   4271      0   1189      0   1047      3    798      0      0      0   0.00   0.00      0   0.00    5.2  0.005    0.0  0.000      0      0      0      0      0
11/13/1990   6347      0   2138   4209      0   1348      1   1094      3    835      0      0      0   0.00   0.00      0   0.00    5.4  0.005    0.0  0.000      0      0      0      0      0
11/14/1990   6049      0   1970   4079      0   1492      2   1177      3    818      0      0      0   0.00   0.00      0   0.00    5.6  0.005    0.0  0.000      0      0      0      0      0
11/15/1990   5720      0   1815   3905      0   1651      3   1266      2    772      0      0      0   0.00   0.00      0   0.00    5.7  0.005    0.0  0.000      0      0      0      0      0
11/16/1990   5398      0   1718   3680      0   1840      4   1330      1    735      0      0      0   0.00   0.00      0   0.00    5.9  0.005    0.0  0.000      0      0      0      0      0
11/17/1990   5097      0   1694   3403      0   2031      5   1336      0    742      0      0      0   0.00   0.00      0   0.00    6.0  0.004    0.0  0.000      0      0      0      0      0
11/18/1990   4794      0   1686   3108      0   2213      5   1318      0    737      0      0      0   0.00   0.00      0   0.00    6.1  0.004    0.0  0.000      0      0      0      0      0
11/19/1990   4516      0   1692   2824      0   2387      5   1304      0    709      0      0      0   0.00   0.00      0   0.00    6.2  0.004    0.0  0.000      0      0      0      0      0
11/20/1990   4611      0   1700   2911      1   2559      4   1280      0    610      0      0      0   0.00   0.00      0   0.00    6.4  0.004    0.0  0.000      0      0      0      0      0
11/21/1990   4385      0   1722   2663      2   2722      3   1220      0    520      0      0      0   0.00   0.00      0   0.00    6.5  0.004    0.0  0.000      0      0      0      0      0
11/22/1990   3860      0   1732   2128      3   2850      2   1195      0    438      0      0      0   0.00   0.00      0   0.00    6.6  0.004    0.0  0.000      0      0      0      0      0
11/23/1990   3672      0   1742   1930      4   2955      1   1118      0    407      0      0      0   0.00   0.00      0   0.00    6.6  0.004    0.0  0.000      0      0      0      0      0
11/24/1990   3522      0   1780   1742      5   3054      0   1005      0    389      0      0      0   0.00   0.00      0   0.00    6.7  0.004    0.0  0.000      0      0      0      0      0
11/25/1990   3694      0   1850   1844      5   3125      0    891      0    374      0      0      0   0.00   0.00      0   0.00    6.7  0.004    0.0  0.000      0      0      0      0      0
11/26/1990   3886      0   1942   1944      5   3149      0    788      0    336      0      0      0   0.00   0.00      0   0.00    6.7  0.004    0.0  0.000      0      0      0      0      0
11/27/1990   4056      0   2019   2037      5   3190      0    685      0    296      0      0      0   0.00   0.00      0   0.00    6.7  0.004    0.0  0.000      0      0      0      0      0
11/28/1990   4234      0   2111   2123      5   3156      0    655      0    268      0      0      0   0.00   0.00      0   0.00    6.7  0.004    0.0  0.000      0      0      0      0      0
11/29/1990   3964      0   2243   1721      5   3070      0    604      0    299      0      0      0   0.00   0.00      0   0.00    6.8  0.004    0.0  0.000      0      0      0      0      0
11/30/1990   4003      0   2412   1591      5   2969      0    543      0    325      0      0      0   0.00   0.00      0   0.00    6.9  0.004    0.0  0.000      0      0      0      0      0
12/01/1990   4242      0   2602   1640      5   2843      0    516      0    311      0      0      0   0.00   0.00      0   0.00    6.9  0.004    0.0  0.000      0      0      0      0      0
12/02/1990   4495      0   2807   1688      5   2698      0    514      0    265      0      0      0   0.00   0.00      0   0.00    6.9  0.004    0.0  0.000      0      0      0      0      0
12/03/1990   4593      0   3034   1559      5   2545      0    494      0    243      0      0      0   0.00   0.00      0   0.00    6.9  0.004    0.0  0.000      0      0      0      0      0
12/04/1990   4755      1   3277   1477      4   2344      0    491      0    246      0      0      0   0.00   0.00      0   0.00    7.0  0.004    0.0  0.000      0      0      0      0      0
12/05/1990   4992      2   3487   1503      3   2176      0    483      0    242      0      0      0   0.00   0.00      0   0.00    7.0  0.004    0.0  0.000      0      0      0      0      0
12/06/1990   5157      3   3689   1465      2   2041      0    469      0    242      0      0      0   0.00   0.00      0   0.00    7.0  0.004    0.0  0.000      0      0      0      0      0
12/07/1990   5270      4   3905   1361      1   1908      0    438      0    244      0      0      0   0.00   0.00      0   0.00    7.1  0.004    0.0  0.000      0      0      0      0      0
12/08/1990   5431      5   4109   1317      0   1759      0    400      0    260      0      0      0   0.00   0.00      0   0.00    7.1  0.004    0.0  0.000      0      0      0      0      0
12/09/1990   5560      5   4268   1287      0   1615      0    400      0    261      0      0      0   0.00   0.00      0   0.00    7.1  0.004    0.0  0.000      0      0      0      0      0
12/10/1990   5678      5   4400   1273      0   1464      0    417      0    282      0      0      0   0.00   0.00      0   0.00    7.1  0.004    0.0  0.000      0      0      0      0      0
12/11/1990   5721      5   4449   1267      0   1392      0    417      0    306      0      0      0   0.00   0.00      0   0.00    7.2  0.004    0.0  0.000      0      0      0      0      0
12/12/1990   5847      5   4462   1380      0   1341      0    415      0    319      0      0      0   0.00   0.00      0   0.00    7.1  0.004    0.0  0.000      0      0      0      0      0
12/13/1990   5976      5   4483   1488      0   1268      0    457      0    299      0      0      0   0.00   0.00      0   0.00    7.2  0.004    0.0  0.000      0      0      0      0      0
12/14/1990   6089      5   4480   1604      0   1227      0    481      0    234      0      0      0   0.00   0.00      0   0.00    7.1  0.004    0.0  0.000      0      0      0      0      0
12/15/1990   6197      5   4448   1744      0   1196      0    490      0    193      0      0      0   0.00   0.00      0   0.00    7.1  0.004    0.0  0.000      0      0      0      0      0
12/16/1990   6311      5   4390   1916      0   1154      0    496      0    158      0      0      0   0.00   0.00      0   0.00    7.1  0.004    0.0  0.000      0      0      0      0      0
12/17/1990   6386      5   4273   2108      0   1152      0    454      0    182      0      0      0   0.00   0.00      0   0.00    7.0  0.004    0.0  0.000      0      0      0      0      0
12/18/1990   6454      5   4171   2278      0   1182      0    401      0    205      0      0      0   0.00   0.00      0   0.00    7.0  0.004    0.0  0.000      0      0      0      0      0
12/19/1990   6540      5   4079   2456      0   1192      0    348      0    222      0      0      0   0.00   0.00      0   0.00    7.0  0.004    0.0  0.000      0      0      0      0      0
12/20/1990   6646      5   3973   2668      0   1172      0    317      0    179      0      0      0   0.00   0.00      0   0.00    7.0  0.004    0.0  0.000      0      0      0      0      0
12/21/1990   6739      5   3837   2897      0   1156      0    307      0     98      0      0      0   0.00   0.00      0   0.00    6.9  0.004    0.0  0.000      0      0      0      0      0
12/22/1990   6810      5   3670   3135      0   1115      0    336      0     25      0      0      0   0.00   0.00      0   0.00    6.9  0.004    0.0  0.000      0      0      0      0      0
12/23/1990   6869      5   3477   3387      0   1100      0    303      0      0      0      0      0   0.00   0.00      0   0.00    6.9  0.004    0.0  0.000      0      0      0      0      0
12/24/1990   6940      5   3282   3653      0   1071      0    247      0      0      0      0      0   0.00   0.00      0   0.00    6.9  0.004    0.0  0.000      0      0      0      0      0
12/25/1990   7013      4   3081   3928      0   1051      0    179      0     17      0      0      0   0.00   0.00      0   0.00    6.8  0.004    0.0  0.000      0      0      0      0      0
12/26/1990   7066      3   2901   4162      0   1063      0     98      0     62      0      0      0   0.00   0.00      0   0.00    6.8  0.004    0.0  0.000      0      0      0      0      0
12/27/1990   7135      2   2752   4381      0   1051      0     25      0    127      0      0      0   0.00   0.00      0   0.00    6.8  0.004    0.0  0.000      0      0      0      0      0
12/28/1990   7209      1   2590   4618      0    986      0     17      0    187      0      0      0   0.00   0.00      0   0.00    6.8  0.004    0.0  0.000      0      0      0      0      0
12/29/1990   7278      0   2419   4859      0    901      0     62      0    176      0      0      0   0.00   0.00      0   0.00    6.8  0.004    0.0  0.000      0      0      0      0      0
12/30/1990   7349      0   2276   5073      0    815      0    127      0    170      0      0      0   0.00   0.00      0   0.00    6.7  0.004    0.0  0.000      0      0      0      0      0
12/31/1990   7445      0   2163   5282      0    704      0    204      0    155      0      0      0   0.00   0.00      0   0.00    6.7  0.004    0.0  0.000      0      0      0      0      0
