Varroa Population Simulation - Nov 23,2015  02:35:22 PM
VarroaPop Version 3.2.5.8  June, 2015

                                        Capped  Capped                                                                      Prop           Conc          Conc                                     
            Colony  Adult  Adult         Drone   Wkr    Drone  Wkr    Drone  Wkr  Free   DBrood WBrood DMite  WMite  Mites  Mites  Colony Pollen Colony Nectar   Dead   Dead   Dead   Dead   Dead
     Date   Size   Drones   Wkr   Forgrs Brood  Brood   Larv   Larv    Eggs  Eggs Mites  Mites  Mites  /Cell  /Cell  Dying  Dying  Pollen  Pest  Nectar  Pest    DLarv  WLarv  DAdlt  WAdlt  Forgrs
Initial     10000      0   6174   3826      0      0      0      0      0      0      0      0      0   0.00   0.00      0   0.00    0.0  0.000    0.0  0.000      0      0      0      0      0
08/01/1990   9706      0   5880   3826      0      0      0      0      2    399      0      0      0   0.00   0.00      0   0.00    0.1  0.000    0.0  0.000      0      0      0      0      0
08/02/1990   9412      0   5586   3826      0      0      0      0      4    798      0      0      0   0.00   0.00      0   0.00    0.3  0.000    0.0  0.000      0      0      0      0      0
08/03/1990   9118      0   5292   3826      0      0      0      0      6   1196      0      0      0   0.00   0.00      0   0.00    0.4  0.000    0.0  0.000      0      0      0      0      0
08/04/1990   8824      0   4998   3826      0      0      2    399      6   1198      0      0      0   0.00   0.00      0   0.00    0.5  0.000    0.0  0.000      0      0      0      0      0
08/05/1990   8530      0   4704   3826      0      0      4    798      6   1210      0      0      0   0.00   0.00      0   0.00    0.7  0.000    0.0  0.000      0      0      0      0      0
08/06/1990   8236      0   4410   3826      0      0      6   1196      6   1225      0      0      0   0.00   0.00      0   0.00    0.8  0.000    0.0  0.000      0      0      0      0      0
08/07/1990   7942      0   4116   3826      0      0      8   1597      6   1237      0      0      0   0.00   0.00      0   0.00    1.0  0.000    0.0  0.000      0      0      0      0      0
08/08/1990   7648      0   3822   3826      0      0     10   2008      6   1239      0      0      0   0.00   0.00      0   0.00    1.1  0.000    0.0  0.000      0      0      0      0      0
08/09/1990   7354      0   3528   3826      0    399     12   2022      6   1239      0      0      0   0.00   0.00      0   0.00    1.2  0.000    0.0  0.000      0      0      0      0      0
08/10/1990   7060      0   3234   3826      0    798     14   2036      6   1239      0      0      0   0.00   0.00      0   0.00    1.4  0.000    0.0  0.000      0      0      0      0      0
08/11/1990   1491      0   1452     39      2   1196      6   1674      6   1239      0      0      0   0.00   0.00      0   0.00    1.5  0.449    0.0  0.000      6    377      0   1479   3774
08/12/1990   1361      0   1320     41      2   1329      7   1950      4    835      0      0      0   0.00   0.00      0   0.00    1.5  0.449    0.0  0.000      1      4      0      0    127
08/13/1990   1235      0   1188     47      2   1631      8   2059      2    432      0      0      0   0.00   0.00      0   0.00    1.5  0.449    0.0  0.000      1      2      0      0    123
08/14/1990   1116      0   1056     60      2   2040      9   2061      0     30      0      0      0   0.00   0.00      0   0.00    1.5  0.449    0.0  0.000      1      2      0      0    116
08/15/1990   1008      0    924     84      2   2451      8   1657      0     33      0      0      0   0.00   0.00      0   0.00    1.5  0.449    0.0  0.000      1      2      0      0    105
08/16/1990    913      0    792    121      3   2862      6   1255      0     41      0      0      0   0.00   0.00      0   0.00    1.5  0.450    0.0  0.000      1      1      0      0     92
08/17/1990    833      0    660    173      4   3273      4    854      0     56      0      0      0   0.00   0.00      0   0.00    1.5  0.452    0.0  0.000      1      1      0      0     77
08/18/1990    766      0    528    238      5   3685      3    453      0     78      0      0      0   0.00   0.00      0   0.00    1.5  0.455    0.0  0.000      0      1      0      0     64
08/19/1990    763      0    396    367      6   4097      2     59      0    105      0      0      0   0.00   0.00      0   0.00    1.5  0.450    0.0  0.000      0      0      0      0      0
08/20/1990    760      0    264    496      7   4105      1     77      0    150      0      0      0   0.00   0.00      0   0.00    1.6  0.444    0.0  0.000      0      0      0      0      0
08/21/1990    757      0    132    625      8   4115      0    101      0    209      0      0      0   0.00   0.00      0   0.00    1.6  0.436    0.0  0.000      0      0      0      0      0
08/22/1990   1153      0    399    754      8   3727      0    135      0    282      0      0      0   0.00   0.00      0   0.00    1.6  0.428    0.0  0.000      0      0      0      0      0
08/23/1990   1549      0    798    751      8   3340      0    194      0    350      0      0      0   0.00   0.00      0   0.00    1.7  0.420    0.0  0.000      0      0      0      0      0
08/24/1990   1944      0   1196    748      8   2960      0    269      0    382      0      0      0   0.00   0.00      0   0.00    1.7  0.413    0.0  0.000      0      0      0      0      0
08/25/1990   2074      2   1329    743      6   2853      0    361      0    380      0      0      0   0.00   0.00      0   0.00    1.7  0.407    0.0  0.000      0      0      0      0      0
08/26/1990   2367      2   1631    734      6   2585      0    466      0    360      0      0      0   0.00   0.00      0   0.00    1.7  0.401    0.0  0.000      0      0      0      0      0
08/27/1990   2760      2   2040    718      6   2221      0    546      0    360      0      0      0   0.00   0.00      0   0.00    1.8  0.396    0.0  0.000      0      0      0      0      0
08/28/1990   3144      2   2451    691      6   1881      0    591      0    372      0      0      0   0.00   0.00      0   0.00    1.8  0.392    0.0  0.000      0      0      0      0      0
08/29/1990   3515      2   2862    651      6   1563      0    617      0    381      0      0      0   0.00   0.00      0   0.00    1.8  0.389    0.0  0.000      0      0      0      0      0
08/30/1990   3872      3   3273    596      5   1270      0    624      0    374      0      0      0   0.00   0.00      0   0.00    1.8  0.387    0.0  0.000      0      0      0      0      0
08/31/1990   4217      4   3685    528      4    997      0    613      0    354      0      0      0   0.00   0.00      0   0.00    1.8  0.386    0.0  0.000      0      0      0      0      0
09/01/1990   4498      5   4097    396      3    710      0    616      0    328      0      0      0   0.00   0.00      0   0.00    1.8  0.386    0.0  0.000      0      0      0      0      0
09/02/1990   4507      6   4105    396      2    818      0    618      0    290      0      0      0   0.00   0.00      0   0.00    1.8  0.386    0.0  0.000      0      0      0      0      0
09/03/1990   4386      7   4115    264      1    927      0    607      0    261      0      0      0   0.00   0.00      0   0.00    1.8  0.386    0.0  0.000      0      0      0      0      0
09/04/1990   4266      8   4126    132      0   1041      0    584      0    215      0      0      0   0.00   0.00      0   0.00    1.7  0.386    0.0  0.000      0      0      0      0      0
09/05/1990   4146      8   4138      0      0   1157      0    536      0    164      0      0      0   0.00   0.00      0   0.00    1.7  0.386    0.0  0.000      0      0      0      0      0
09/06/1990   4164      8   4156      0      0   1267      0    487      0     85      0      0      0   0.00   0.00      0   0.00    1.7  0.386    0.0  0.000      0      0      0      0      0
09/07/1990   4190      8   4182      0      0   1359      0    425      0     29      0      0      0   0.00   0.00      0   0.00    1.6  0.385    0.0  0.000      0      0      0      0      0
09/08/1990   4224      8   4216      0      0   1433      0    346      0      0      0      0      0   0.00   0.00      0   0.00    1.6  0.385    0.0  0.000      0      0      0      0      0
09/09/1990   4269      8   4261      0      0   1490      0    244      0      0      0      0      0   0.00   0.00      0   0.00    1.6  0.385    0.0  0.000      0      0      0      0      0
09/10/1990   4340      8   4332      0      0   1499      0    164      0      0      0      0      0   0.00   0.00      0   0.00    1.5  0.385    0.0  0.000      0      0      0      0      0
09/11/1990   4433      8   4425      0      0   1485      0     85      0      0      0      0      0   0.00   0.00      0   0.00    1.5  0.385    0.0  0.000      0      0      0      0      0
09/12/1990   4551      8   4144    399      0   1423      0     29      0      0      0      0      0   0.00   0.00      0   0.00    1.5  0.385    0.0  0.000      0      0      0      0      0
09/13/1990   4690      8   3884    798      0   1313      0      0      0     81      0      0      0   0.00   0.00      0   0.00    1.5  0.383    0.0  0.000      0      0      0      0      0
09/14/1990   4815      8   3611   1196      0   1188      0      0      0    212      0      0      0   0.00   0.00      0   0.00    1.5  0.377    0.0  0.000      0      0      0      0      0
09/15/1990   4929      6   3594   1329      0   1072      0      0      0    387      0      0      0   0.00   0.00      0   0.00    1.6  0.369    0.0  0.000      0      0      0      0      0
09/16/1990   5048      6   3411   1631      0    953      0     81      0    494      0      0      0   0.00   0.00      0   0.00    1.6  0.357    0.0  0.000      0      0      0      0      0
09/17/1990   5173      6   3127   2040      0    828      0    212      0    584      0      0      0   0.00   0.00      0   0.00    1.7  0.342    0.0  0.000      0      0      0      0      0
09/18/1990   5301      6   2844   2451      0    700      0    387      0    658      0      0      0   0.00   0.00      0   0.00    1.8  0.324    0.0  0.000      0      0      0      0      0
09/19/1990   5429      6   2561   2862      0    572      0    575      0    744      0      0      0   0.00   0.00      0   0.00    1.9  0.305    0.0  0.000      0      0      0      0      0
09/20/1990   5546      5   2268   3273      0    454      0    796      0    839      0      0      0   0.00   0.00      0   0.00    2.0  0.284    0.0  0.000      0      0      0      0      0
09/21/1990   5653      4   1964   3685      0    427      0    964      1    930      0      0      0   0.00   0.00      0   0.00    2.2  0.264    0.0  0.000      0      0      0      0      0
09/22/1990   5754      3   1654   4097      0    456      0   1107      2    997      0      0      0   0.00   0.00      0   0.00    2.4  0.244    0.0  0.000      0      0      0      0      0
09/23/1990   5833      2   1726   4105      0    551      0   1248      3   1020      0      0      0   0.00   0.00      0   0.00    2.5  0.228    0.0  0.000      0      0      0      0      0
09/24/1990   5911      1   1795   4115      0    660      1   1400      3   1038      0      0      0   0.00   0.00      0   0.00    2.7  0.213    0.0  0.000      0      0      0      0      0
09/25/1990   5567      0   1840   3727      0    825      2   1520      3   1053      0      0      0   0.00   0.00      0   0.00    2.8  0.202    0.0  0.000      0      0      0      0      0
09/26/1990   5197      0   1857   3340      0   1045      3   1610      3   1051      0      0      0   0.00   0.00      0   0.00    3.0  0.193    0.0  0.000      0      0      0      0      0
09/27/1990   4799      0   1839   2960      0   1319      4   1694      3   1012      0      0      0   0.00   0.00      0   0.00    3.1  0.185    0.0  0.000      0      0      0      0      0
09/28/1990   4666      0   1813   2853      0   1635      5   1734      2    963      0      0      0   0.00   0.00      0   0.00    3.2  0.179    0.0  0.000      0      0      0      0      0
09/29/1990   4364      0   1779   2585      0   1975      6   1731      1    941      0      0      0   0.00   0.00      0   0.00    3.3  0.173    0.0  0.000      0      0      0      0      0
09/30/1990   3955      0   1734   2221      0   2316      7   1709      0    928      0      0      0   0.00   0.00      0   0.00    3.4  0.169    0.0  0.000      0      0      0      0      0
10/01/1990   3544      0   1663   1881      1   2655      6   1677      0    904      0      0      0   0.00   0.00      0   0.00    3.5  0.166    0.0  0.000      0      0      0      0      0
10/02/1990   3133      0   1570   1563      2   3013      5   1634      0    829      0      0      0   0.00   0.00      0   0.00    3.5  0.163    0.0  0.000      0      0      0      0      0
10/03/1990   2722      0   1452   1270      3   3369      4   1584      0    738      0      0      0   0.00   0.00      0   0.00    3.6  0.161    0.0  0.000      0      0      0      0      0
10/04/1990   2391      0   1394    997      4   3625      3   1530      0    658      0      0      0   0.00   0.00      0   0.00    3.6  0.159    0.0  0.000      0      0      0      0      0
10/05/1990   2110      0   1400    710      5   3813      2   1451      0    576      0      0      0   0.00   0.00      0   0.00    3.6  0.159    0.0  0.000      0      0      0      0      0
10/06/1990   2277      0   1459    818      6   3945      1   1359      0    472      0      0      0   0.00   0.00      0   0.00    3.6  0.157    0.0  0.000      0      0      0      0      0
10/07/1990   2455      0   1528    927      7   4072      0   1247      0    383      0      0      0   0.00   0.00      0   0.00    3.7  0.156    0.0  0.000      0      0      0      0      0
10/08/1990   2665      0   1624   1041      7   4157      0   1099      0    353      0      0      0   0.00   0.00      0   0.00    3.7  0.155    0.0  0.000      0      0      0      0      0
10/09/1990   2902      0   1745   1157      7   4191      0    927      0    390      0      0      0   0.00   0.00      0   0.00    3.8  0.153    0.0  0.000      0      0      0      0      0
10/10/1990   3158      0   1891   1267      7   4157      0    801      0    433      0      0      0   0.00   0.00      0   0.00    3.8  0.151    0.0  0.000      0      0      0      0      0
10/11/1990   3448      0   2089   1359      7   4056      0    714      0    472      0      0      0   0.00   0.00      0   0.00    3.8  0.149    0.0  0.000      0      0      0      0      0
10/12/1990   3754      0   2321   1433      7   3919      0    659      0    502      0      0      0   0.00   0.00      0   0.00    3.9  0.147    0.0  0.000      0      0      0      0      0
10/13/1990   4050      0   2560   1490      7   3736      0    658      0    526      0      0      0   0.00   0.00      0   0.00    4.0  0.145    0.0  0.000      0      0      0      0      0
10/14/1990   4318      0   2819   1499      7   3508      0    714      0    548      0      0      0   0.00   0.00      0   0.00    4.0  0.143    0.0  0.000      0      0      0      0      0
10/15/1990   4584      1   3098   1485      6   3264      0    778      0    562      0      0      0   0.00   0.00      0   0.00    4.1  0.142    0.0  0.000      0      0      0      0      0
10/16/1990   4823      2   3398   1423      5   3036      0    831      0    568      0      0      0   0.00   0.00      0   0.00    4.1  0.140    0.0  0.000      0      0      0      0      0
10/17/1990   5022      3   3706   1313      4   2847      0    872      0    560      0      0      0   0.00   0.00      0   0.00    4.1  0.139    0.0  0.000      0      0      0      0      0
10/18/1990   5217      4   4025   1188      3   2685      0    907      0    543      0      0      0   0.00   0.00      0   0.00    4.2  0.138    0.0  0.000      0      0      0      0      0
10/19/1990   5409      5   4332   1072      2   2545      0    927      0    501      0      0      0   0.00   0.00      0   0.00    4.2  0.137    0.0  0.000      0      0      0      0      0
10/20/1990   5606      6   4647    953      1   2408      0    930      0    444      0      0      0   0.00   0.00      0   0.00    4.2  0.137    0.0  0.000      0      0      0      0      0
10/21/1990   5788      7   4953    828      0   2283      0    924      0    394      0      0      0   0.00   0.00      0   0.00    4.2  0.137    0.0  0.000      0      0      0      0      0
10/22/1990   5943      7   5236    700      0   2189      0    880      0    363      0      0      0   0.00   0.00      0   0.00    4.2  0.137    0.0  0.000      0      0      0      0      0
10/23/1990   6055      7   5476    572      0   2141      0    812      0    341      0      0      0   0.00   0.00      0   0.00    4.2  0.137    0.0  0.000      0      0      0      0      0
10/24/1990   6152      7   5691    454      0   2113      0    750      0    308      0      0      0   0.00   0.00      0   0.00    4.2  0.137    0.0  0.000      0      0      0      0      0
10/25/1990   6247      7   5813    427      0   2091      0    683      0    271      0      0      0   0.00   0.00      0   0.00    4.2  0.137    0.0  0.000      0      0      0      0      0
10/26/1990   6303      7   5840    456      0   2108      0    610      0    237      0      0      0   0.00   0.00      0   0.00    4.1  0.137    0.0  0.000      0      0      0      0      0
10/27/1990   6334      7   5776    551      0   2142      0    557      0    219      0      0      0   0.00   0.00      0   0.00    4.1  0.137    0.0  0.000      0      0      0      0      0
10/28/1990   6369      7   5702    660      0   2152      0    510      0    226      0      0      0   0.00   0.00      0   0.00    4.1  0.137    0.0  0.000      0      0      0      0      0
10/29/1990   6441      7   5609    825      0   2149      0    453      0    254      0      0      0   0.00   0.00      0   0.00    4.1  0.137    0.0  0.000      0      0      0      0      0
10/30/1990   6560      7   5508   1045      0   2115      0    413      0    285      0      0      0   0.00   0.00      0   0.00    4.1  0.136    0.0  0.000      0      0      0      0      0
10/31/1990   6717      7   5391   1319      0   2060      0    395      0    320      0      0      0   0.00   0.00      0   0.00    4.1  0.136    0.0  0.000      0      0      0      0      0
11/01/1990   6876      7   5242   1627      0   1985      0    399      0    339      0      0      0   0.00   0.00      0   0.00    4.2  0.135    0.0  0.000      0      0      0      0      0
11/02/1990   7045      7   5080   1958      0   1884      0    427      0    357      0      0      0   0.00   0.00      0   0.00    4.2  0.133    0.0  0.000      0      0      0      0      0
11/03/1990   7216      7   4920   2289      0   1771      0    478      0    385      0      0      0   0.00   0.00      0   0.00    4.3  0.131    0.0  0.000      0      0      0      0      0
11/04/1990   7394      7   4770   2617      0   1656      0    519      0    447      0      0      0   0.00   0.00      0   0.00    4.4  0.128    0.0  0.000      0      0      0      0      0
11/05/1990   7573      6   4604   2963      0   1548      0    558      0    522      0      0      0   0.00   0.00      0   0.00    4.5  0.125    0.0  0.000      0      0      0      0      0
11/06/1990   7746      5   4435   3306      0   1457      0    609      0    553      0      0      0   0.00   0.00      0   0.00    4.6  0.122    0.0  0.000      0      0      0      0      0
11/07/1990   7838      4   4279   3555      0   1381      0    681      0    561      0      0      0   0.00   0.00      0   0.00    4.7  0.119    0.0  0.000      0      0      0      0      0
11/08/1990   7875      3   4135   3737      0   1325      0    760      0    581      0      0      0   0.00   0.00      0   0.00    4.9  0.115    0.0  0.000      0      0      0      0      0
11/09/1990   7839      2   3973   3864      0   1295      0    823      0    639      0      0      0   0.00   0.00      0   0.00    5.0  0.112    0.0  0.000      0      0      0      0      0
11/10/1990   7770      1   3782   3987      0   1294      0    885      0    699      0      0      0   0.00   0.00      0   0.00    5.2  0.109    0.0  0.000      0      0      0      0      0
11/11/1990   7670      0   3601   4069      0   1316      0    956      1    739      0      0      0   0.00   0.00      0   0.00    5.3  0.105    0.0  0.000      0      0      0      0      0
11/12/1990   7533      0   3432   4101      0   1379      0   1015      2    776      0      0      0   0.00   0.00      0   0.00    5.5  0.102    0.0  0.000      0      0      0      0      0
11/13/1990   7360      0   3294   4066      0   1475      0   1062      3    815      0      0      0   0.00   0.00      0   0.00    5.6  0.099    0.0  0.000      0      0      0      0      0
11/14/1990   7136      0   3171   3965      0   1561      1   1142      3    801      0      0      0   0.00   0.00      0   0.00    5.8  0.097    0.0  0.000      0      0      0      0      0
11/15/1990   6873      0   3045   3828      0   1669      2   1230      2    759      0      0      0   0.00   0.00      0   0.00    5.9  0.094    0.0  0.000      0      0      0      0      0
11/16/1990   6600      0   2955   3645      0   1819      3   1296      1    724      0      0      0   0.00   0.00      0   0.00    6.1  0.092    0.0  0.000      0      0      0      0      0
11/17/1990   6335      0   2918   3417      0   1981      4   1304      0    735      0      0      0   0.00   0.00      0   0.00    6.2  0.090    0.0  0.000      0      0      0      0      0
11/18/1990   6061      0   2888   3173      0   2142      4   1290      0    734      0      0      0   0.00   0.00      0   0.00    6.3  0.088    0.0  0.000      0      0      0      0      0
11/19/1990   5801      0   2856   2945      0   2304      4   1281      0    711      0      0      0   0.00   0.00      0   0.00    6.4  0.087    0.0  0.000      0      0      0      0      0
11/20/1990   5893      0   2813   3080      0   2472      4   1263      0    616      0      0      0   0.00   0.00      0   0.00    6.6  0.085    0.0  0.000      0      0      0      0      0
11/21/1990   5676      0   2775   2901      1   2637      3   1209      0    529      0      0      0   0.00   0.00      0   0.00    6.7  0.084    0.0  0.000      0      0      0      0      0
11/22/1990   5179      0   2723   2456      2   2766      2   1191      0    452      0      0      0   0.00   0.00      0   0.00    6.8  0.083    0.0  0.000      0      0      0      0      0
11/23/1990   4987      0   2668   2319      3   2874      1   1120      0    429      0      0      0   0.00   0.00      0   0.00    6.8  0.082    0.0  0.000      0      0      0      0      0
11/24/1990   4828      0   2634   2194      4   2976      0   1014      0    421      0      0      0   0.00   0.00      0   0.00    6.9  0.081    0.0  0.000      0      0      0      0      0
11/25/1990   4992      0   2622   2370      4   3054      0    908      0    418      0      0      0   0.00   0.00      0   0.00    6.9  0.081    0.0  0.000      0      0      0      0      0
11/26/1990   5177      0   2628   2549      4   3086      0    815      0    383      0      0      0   0.00   0.00      0   0.00    6.9  0.081    0.0  0.000      0      0      0      0      0
11/27/1990   5342      0   2619   2723      4   3134      0    724      0    344      0      0      0   0.00   0.00      0   0.00    6.9  0.081    0.0  0.000      0      0      0      0      0
11/28/1990   5514      0   2623   2891      4   3109      0    710      0    315      0      0      0   0.00   0.00      0   0.00    7.0  0.080    0.0  0.000      0      0      0      0      0
11/29/1990   5229      0   2666   2563      4   3034      0    669      0    354      0      0      0   0.00   0.00      0   0.00    7.1  0.078    0.0  0.000      0      0      0      0      0
11/30/1990   5253      0   2757   2496      4   2947      0    616      0    394      0      0      0   0.00   0.00      0   0.00    7.2  0.077    0.0  0.000      0      0      0      0      0
12/01/1990   5485      0   2878   2607      4   2839      0    596      0    388      0      0      0   0.00   0.00      0   0.00    7.3  0.076    0.0  0.000      0      0      0      0      0
12/02/1990   5730      0   3011   2719      4   2716      0    602      0    343      0      0      0   0.00   0.00      0   0.00    7.3  0.076    0.0  0.000      0      0      0      0      0
12/03/1990   5805      0   3170   2635      4   2589      0    592      0    320      0      0      0   0.00   0.00      0   0.00    7.4  0.075    0.0  0.000      0      0      0      0      0
12/04/1990   5936      0   3352   2584      4   2407      0    601      0    331      0      0      0   0.00   0.00      0   0.00    7.4  0.074    0.0  0.000      0      0      0      0      0
12/05/1990   6168      1   3504   2663      3   2259      0    601      0    332      0      0      0   0.00   0.00      0   0.00    7.4  0.074    0.0  0.000      0      0      0      0      0
12/06/1990   6295      2   3658   2635      2   2145      0    597      0    338      0      0      0   0.00   0.00      0   0.00    7.5  0.073    0.0  0.000      0      0      0      0      0
12/07/1990   6327      3   3839   2485      1   2037      0    578      0    345      0      0      0   0.00   0.00      0   0.00    7.6  0.073    0.0  0.000      0      0      0      0      0
12/08/1990   6439      4   4020   2415      0   1918      0    539      0    371      0      0      0   0.00   0.00      0   0.00    7.7  0.072    0.0  0.000      0      0      0      0      0
12/09/1990   6516      4   4166   2346      0   1799      0    547      0    378      0      0      0   0.00   0.00      0   0.00    7.8  0.071    0.0  0.000      0      0      0      0      0
12/10/1990   6580      4   4296   2280      0   1669      0    580      0    411      0      0      0   0.00   0.00      0   0.00    7.8  0.070    0.0  0.000      0      0      0      0      0
12/11/1990   6567      4   4351   2212      0   1622      0    590      0    446      0      0      0   0.00   0.00      0   0.00    7.9  0.070    0.0  0.000      0      0      0      0      0
12/12/1990   6697      4   4375   2318      0   1601      0    594      0    461      0      0      0   0.00   0.00      0   0.00    7.9  0.070    0.0  0.000      0      0      0      0      0
12/13/1990   6833      4   4409   2420      0   1549      0    659      0    426      0      0      0   0.00   0.00      0   0.00    8.0  0.069    0.0  0.000      0      0      0      0      0
12/14/1990   6957      4   4423   2530      0   1531      0    698      0    327      0      0      0   0.00   0.00      0   0.00    7.9  0.069    0.0  0.000      0      0      0      0      0
12/15/1990   7079      4   4411   2664      0   1525      0    710      0    263      0      0      0   0.00   0.00      0   0.00    7.9  0.069    0.0  0.000      0      0      0      0      0
12/16/1990   7212      4   4380   2828      0   1502      0    714      0    208      0      0      0   0.00   0.00      0   0.00    7.9  0.069    0.0  0.000      0      0      0      0      0
12/17/1990   7301      4   4284   3013      0   1526      0    647      0    234      0      0      0   0.00   0.00      0   0.00    7.8  0.069    0.0  0.000      0      0      0      0      0
12/18/1990   7384      4   4202   3178      0   1592      0    562      0    257      0      0      0   0.00   0.00      0   0.00    7.8  0.069    0.0  0.000      0      0      0      0      0
12/19/1990   7488      4   4134   3350      0   1633      0    476      0    274      0      0      0   0.00   0.00      0   0.00    7.8  0.069    0.0  0.000      0      0      0      0      0
12/20/1990   7616      4   4057   3555      0   1633      0    420      0    219      0      0      0   0.00   0.00      0   0.00    7.7  0.069    0.0  0.000      0      0      0      0      0
12/21/1990   7738      4   3957   3777      0   1624      0    393      0    119      0      0      0   0.00   0.00      0   0.00    7.7  0.069    0.0  0.000      0      0      0      0      0
12/22/1990   7835      4   3823   4008      0   1572      0    423      0     30      0      0      0   0.00   0.00      0   0.00    7.7  0.069    0.0  0.000      0      0      0      0      0
12/23/1990   7917      4   3661   4252      0   1553      0    376      0      0      0      0      0   0.00   0.00      0   0.00    7.7  0.069    0.0  0.000      0      0      0      0      0
12/24/1990   8016      4   3501   4511      0   1512      0    304      0      0      0      0      0   0.00   0.00      0   0.00    7.6  0.069    0.0  0.000      0      0      0      0      0
12/25/1990   8124      4   3339   4781      0   1475      0    219      0     20      0      0      0   0.00   0.00      0   0.00    7.6  0.069    0.0  0.000      0      0      0      0      0
12/26/1990   8206      3   3192   5011      0   1478      0    119      0     70      0      0      0   0.00   0.00      0   0.00    7.6  0.069    0.0  0.000      0      0      0      0      0
12/27/1990   8309      2   3080   5227      0   1448      0     30      0    141      0      0      0   0.00   0.00      0   0.00    7.6  0.069    0.0  0.000      0      0      0      0      0
12/28/1990   8422      1   2960   5461      0   1349      0     20      0    205      0      0      0   0.00   0.00      0   0.00    7.6  0.069    0.0  0.000      0      0      0      0      0
12/29/1990   8529      0   2828   5701      0   1226      0     70      0    191      0      0      0   0.00   0.00      0   0.00    7.5  0.069    0.0  0.000      0      0      0      0      0
12/30/1990   8640      0   2724   5916      0   1100      0    141      0    183      0      0      0   0.00   0.00      0   0.00    7.5  0.069    0.0  0.000      0      0      0      0      0
12/31/1990   8787      0   2660   6127      0    938      0    225      0    166      0      0      0   0.00   0.00      0   0.00    7.5  0.069    0.0  0.000      0      0      0      0      0
