Varroa Population Simulation - Nov 23,2015  02:36:29 PM
VarroaPop Version 3.2.5.8  June, 2015

                                        Capped  Capped                                                                      Prop           Conc          Conc                                     
            Colony  Adult  Adult         Drone   Wkr    Drone  Wkr    Drone  Wkr  Free   DBrood WBrood DMite  WMite  Mites  Mites  Colony Pollen Colony Nectar   Dead   Dead   Dead   Dead   Dead
     Date   Size   Drones   Wkr   Forgrs Brood  Brood   Larv   Larv    Eggs  Eggs Mites  Mites  Mites  /Cell  /Cell  Dying  Dying  Pollen  Pest  Nectar  Pest    DLarv  WLarv  DAdlt  WAdlt  Forgrs
Initial     10000      0   6552   3448      0      0      0      0      0      0      0      0      0   0.00   0.00      0   0.00    0.0  0.000    0.0  0.000      0      0      0      0      0
08/01/1990   9688      0   6240   3448      0      0      0      0      5    249      0      0      0   0.00   0.00      0   0.00    0.1  0.000    0.0  0.000      0      0      0      0      0
08/02/1990   9376      0   5928   3448      0      0      0      0     10    498      0      0      0   0.00   0.00      0   0.00    0.2  0.000    0.0  0.000      0      0      0      0      0
08/03/1990   9064      0   5616   3448      0      0      0      0     15    746      0      0      0   0.00   0.00      0   0.00    0.3  0.000    0.0  0.000      0      0      0      0      0
08/04/1990   8752      0   5304   3448      0      0      5    249     15    746      0      0      0   0.00   0.00      0   0.00    0.5  0.000    0.0  0.000      0      0      0      0      0
08/05/1990   8440      0   4992   3448      0      0     10    498     15    753      0      0      0   0.00   0.00      0   0.00    0.6  0.000    0.0  0.000      0      0      0      0      0
08/06/1990   8128      0   4680   3448      0      0     15    746     15    762      0      0      0   0.00   0.00      0   0.00    0.7  0.000    0.0  0.000      0      0      0      0      0
08/07/1990   7816      0   4368   3448      0      0     20    995     15    770      0      0      0   0.00   0.00      0   0.00    0.8  0.000    0.0  0.000      0      0      0      0      0
08/08/1990   7504      0   4056   3448      0      0     25   1251     15    771      0      0      0   0.00   0.00      0   0.00    0.9  0.000    0.0  0.000      0      0      0      0      0
08/09/1990   7192      0   3744   3448      0    249     30   1259     15    770      0      0      0   0.00   0.00      0   0.00    1.1  0.000    0.0  0.000      0      0      0      0      0
08/10/1990   6880      0   3432   3448      0    498     35   1267     15    769      0      0      0   0.00   0.00      0   0.00    1.2  0.000    0.0  0.000      0      0      0      0      0
08/11/1990   6552      0   3120   3432      5    746     35   1276     15    769      0      0      0   0.00   0.00      0   0.00    1.3  0.000    0.0  0.000      0      0      0      0      0
08/12/1990   6240      0   2808   3432     10    995     35   1283     15    768      0      0      0   0.00   0.00      0   0.00    1.5  0.000    0.0  0.000      0      0      0      0      0
08/13/1990   5928      0   2496   3432     15   1251     35   1283     15    761      0      0      0   0.00   0.00      0   0.00    1.6  0.000    0.0  0.000      0      0      0      0      0
08/14/1990   5616      0   2184   3432     20   1508     35   1283     15    741      0      0      0   0.00   0.00      0   0.00    1.7  0.000    0.0  0.000      0      0      0      0      0
08/15/1990   5304      0   1872   3432     25   1765     35   1281     15    706      0      0      0   0.00   0.00      0   0.00    1.9  0.000    0.0  0.000      0      0      0      0      0
08/16/1990   4992      0   1560   3432     30   2022     35   1273     15    682      0      0      0   0.00   0.00      0   0.00    2.0  0.000    0.0  0.000      0      0      0      0      0
08/17/1990   4680      0   1248   3432     35   2278     35   1254     15    674      0      0      0   0.00   0.00      0   0.00    2.1  0.000    0.0  0.000      0      0      0      0      0
08/18/1990   4368      0    936   3432     40   2534     35   1218     15    666      0      0      0   0.00   0.00      0   0.00    2.3  0.000    0.0  0.000      0      0      0      0      0
08/19/1990   4056      0    624   3432     45   2791     35   1186     15    653      0      0      0   0.00   0.00      0   0.00    2.4  0.000    0.0  0.000      0      0      0      0      0
08/20/1990   3744      0    312   3432     50   3046     35   1160     15    646      0      0      0   0.00   0.00      0   0.00    2.6  0.000    0.0  0.000      0      0      0      0      0
08/21/1990   3432      0      0   3432     55   3295     35   1123     15    660      0      0      0   0.00   0.00      0   0.00    2.7  0.000    0.0  0.000      0      0      0      0      0
08/22/1990   3369      0    249   3120     60   3283     35   1098     15    684      0      0      0   0.00   0.00      0   0.00    2.9  0.000    0.0  0.000      0      0      0      0      0
08/23/1990   3306      0    498   2808     65   3254     35   1100     15    691      0      0      0   0.00   0.00      0   0.00    3.0  0.000    0.0  0.000      0      0      0      0      0
08/24/1990   3242      0    746   2496     70   3231     35   1101     15    661      0      0      0   0.00   0.00      0   0.00    3.1  0.000    0.0  0.000      0      0      0      0      0
08/25/1990   3184      5    995   2184     70   3211     35   1108     14    595      0      0      0   0.00   0.00      0   0.00    3.2  0.000    0.0  0.000      0      0      0      0      0
08/26/1990   3133     10   1251   1872     70   3167     35   1125     12    530      0      0      0   0.00   0.00      0   0.00    3.3  0.000    0.0  0.000      0      0      0      0      0
08/27/1990   3083     15   1508   1560     70   3122     35   1109     10    492      0      0      0   0.00   0.00      0   0.00    3.3  0.000    0.0  0.000      0      0      0      0      0
08/28/1990   3033     20   1765   1248     70   3087     34   1057      8    468      0      0      0   0.00   0.00      0   0.00    3.4  0.000    0.0  0.000      0      0      0      0      0
08/29/1990   2983     25   2022    936     70   3056     32    995      7    434      0      0      0   0.00   0.00      0   0.00    3.4  0.000    0.0  0.000      0      0      0      0      0
08/30/1990   2932     30   2278    624     70   3036     30    917      5    378      0      0      0   0.00   0.00      0   0.00    3.4  0.000    0.0  0.000      0      0      0      0      0
08/31/1990   2881     35   2534    312     70   3009     27    834      4    305      0      0      0   0.00   0.00      0   0.00    3.4  0.000    0.0  0.000      0      0      0      0      0
09/01/1990   2831     40   2791      0     70   2948     24    768      2    217      0      0      0   0.00   0.00      0   0.00    3.4  0.000    0.0  0.000      0      0      0      0      0
09/02/1990   3091     45   3046      0     70   2863     20    700      1    115      0      0      0   0.00   0.00      0   0.00    3.4  0.000    0.0  0.000      0      0      0      0      0
09/03/1990   3345     50   3295      0     70   2778     16    609      0     42      0      0      0   0.00   0.00      0   0.00    3.4  0.000    0.0  0.000      0      0      0      0      0
09/04/1990   3587     55   3532      0     69   2699     12    493      0      0      0      0      0   0.00   0.00      0   0.00    3.4  0.000    0.0  0.000      0      0      0      0      0
09/05/1990   3812     60   3752      0     67   2625      9    347      0      0      0      0      0   0.00   0.00      0   0.00    3.3  0.000    0.0  0.000      0      0      0      0      0
09/06/1990   4042     65   3977      0     65   2530      6    217      0      0      0      0      0   0.00   0.00      0   0.00    3.3  0.000    0.0  0.000      0      0      0      0      0
09/07/1990   4276     70   4206      0     62   2403      4    115      0      0      0      0      0   0.00   0.00      0   0.00    3.3  0.000    0.0  0.000      0      0      0      0      0
09/08/1990   4493     75   4418      0     59   2264      2     42      0      0      0      0      0   0.00   0.00      0   0.00    3.3  0.000    0.0  0.000      0      0      0      0      0
09/09/1990   4710     80   4630      0     55   2094      1      0      0      0      0      0      0   0.00   0.00      0   0.00    3.2  0.000    0.0  0.000      0      0      0      0      0
09/10/1990   4937     85   4852      0     51   1872      0      0      0      0      0      0      0   0.00   0.00      0   0.00    3.2  0.000    0.0  0.000      0      0      0      0      0
09/11/1990   5168     90   5078      0     46   1646      0      0      0      0      0      0      0   0.00   0.00      0   0.00    3.2  0.000    0.0  0.000      0      0      0      0      0
09/12/1990   5409     95   5065    249     41   1410      0      0      0      0      0      0      0   0.00   0.00      0   0.00    3.1  0.000    0.0  0.000      0      0      0      0      0
09/13/1990   5643    100   5045    498     36   1181      0      0      0     35      0      0      0   0.00   0.00      0   0.00    3.1  0.000    0.0  0.000      0      0      0      0      0
09/14/1990   5844    105   4993    746     31    985      0      0      0     94      0      0      0   0.00   0.00      0   0.00    3.1  0.000    0.0  0.000      0      0      0      0      0
09/15/1990   6014    105   4914    995     26    815      0      0      1    175      0      0      0   0.00   0.00      0   0.00    3.1  0.000    0.0  0.000      0      0      0      0      0
09/16/1990   6178    105   4822   1251     21    651      0     35      2    241      0      0      0   0.00   0.00      0   0.00    3.2  0.000    0.0  0.000      0      0      0      0      0
09/17/1990   6336    105   4723   1508     16    493      0     94      4    303      0      0      0   0.00   0.00      0   0.00    3.2  0.000    0.0  0.000      0      0      0      0      0
09/18/1990   6481    104   4612   1765     12    347      1    175      5    357      0      0      0   0.00   0.00      0   0.00    3.2  0.000    0.0  0.000      0      0      0      0      0
09/19/1990   6609    102   4485   2022      9    217      2    276      7    403      0      0      0   0.00   0.00      0   0.00    3.3  0.000    0.0  0.000      0      0      0      0      0
09/20/1990   6709    100   4331   2278      6    115      4    397      9    451      0      0      0   0.00   0.00      0   0.00    3.4  0.000    0.0  0.000      0      0      0      0      0
09/21/1990   6779     97   4148   2534      4     77      6    497     11    499      0      0      0   0.00   0.00      0   0.00    3.5  0.000    0.0  0.000      0      0      0      0      0
09/22/1990   6818     94   3933   2791      2     94      9    585     13    534      0      0      0   0.00   0.00      0   0.00    3.5  0.000    0.0  0.000      0      0      0      0      0
09/23/1990   6565     90   3678   2797      1    175     13    673     14    546      0      0      0   0.00   0.00      0   0.00    3.6  0.000    0.0  0.000      0      0      0      0      0
09/24/1990   6312     86   3429   2797      0    276     17    755     15    555      0      0      0   0.00   0.00      0   0.00    3.7  0.000    0.0  0.000      0      0      0      0      0
09/25/1990   6059     81   3192   2786      1    397     21    816     15    563      0      0      0   0.00   0.00      0   0.00    3.9  0.000    0.0  0.000      0      0      0      0      0
09/26/1990   5805     76   2972   2757      2    532     25    862     15    571      0      0      0   0.00   0.00      0   0.00    4.0  0.000    0.0  0.000      0      0      0      0      0
09/27/1990   5544     71   2747   2726      4    679     28    907     15    567      0      0      0   0.00   0.00      0   0.00    4.1  0.000    0.0  0.000      0      0      0      0      0
09/28/1990   5282     66   2518   2698      6    848     31    928     15    569      0      0      0   0.00   0.00      0   0.00    4.2  0.000    0.0  0.000      0      0      0      0      0
09/29/1990   5020     61   2306   2653      9   1031     33    934     15    579      0      0      0   0.00   0.00      0   0.00    4.3  0.000    0.0  0.000      0      0      0      0      0
09/30/1990   4758     56   2094   2608     13   1213     34    940     15    594      0      0      0   0.00   0.00      0   0.00    4.4  0.000    0.0  0.000      0      0      0      0      0
10/01/1990   4497     51   1872   2574     17   1394     35    951     15    605      0      0      0   0.00   0.00      0   0.00    4.5  0.000    0.0  0.000      0      0      0      0      0
10/02/1990   4236     46   1646   2544     22   1586     35    958     15    593      0      0      0   0.00   0.00      0   0.00    4.6  0.000    0.0  0.000      0      0      0      0      0
10/03/1990   3974     41   1410   2523     27   1776     35    971     15    577      0      0      0   0.00   0.00      0   0.00    4.7  0.000    0.0  0.000      0      0      0      0      0
10/04/1990   3749     36   1216   2497     32   1930     35    985     15    577      0      0      0   0.00   0.00      0   0.00    4.8  0.000    0.0  0.000      0      0      0      0      0
10/05/1990   3554     31   1079   2444     37   2059     35    984     15    575      0      0      0   0.00   0.00      0   0.00    4.9  0.000    0.0  0.000      0      0      0      0      0
10/06/1990   3393     26    990   2377     42   2170     35    979     15    555      0      0      0   0.00   0.00      0   0.00    5.0  0.000    0.0  0.000      0      0      0      0      0
10/07/1990   3269     21    927   2321     47   2268     35    983     14    504      0      0      0   0.00   0.00      0   0.00    5.1  0.000    0.0  0.000      0      0      0      0      0
10/08/1990   3160     16    890   2254     52   2350     35    965     13    472      0      0      0   0.00   0.00      0   0.00    5.1  0.000    0.0  0.000      0      0      0      0      0
10/09/1990   3063     13    879   2171     56   2418     35    929     13    464      0      0      0   0.00   0.00      0   0.00    5.2  0.000    0.0  0.000      0      0      0      0      0
10/10/1990   2996     11    896   2089     60   2458     34    894     13    465      0      0      0   0.00   0.00      0   0.00    5.3  0.000    0.0  0.000      0      0      0      0      0
10/11/1990   2952     10    963   1979     63   2476     33    860     13    462      0      0      0   0.00   0.00      0   0.00    5.4  0.000    0.0  0.000      0      0      0      0      0
10/12/1990   2913     10   1073   1830     66   2496     33    816     12    450      0      0      0   0.00   0.00      0   0.00    5.5  0.000    0.0  0.000      0      0      0      0      0
10/13/1990   2870     11   1213   1646     68   2499     32    784     12    435      0      0      0   0.00   0.00      0   0.00    5.6  0.000    0.0  0.000      0      0      0      0      0
10/14/1990   2818     14   1394   1410     69   2485     31    767     11    416      0      0      0   0.00   0.00      0   0.00    5.6  0.000    0.0  0.000      0      0      0      0      0
10/15/1990   2784     17   1586   1181     70   2445     30    762     10    389      0      0      0   0.00   0.00      0   0.00    5.7  0.000    0.0  0.000      0      0      0      0      0
10/16/1990   2783     22   1776    985     70   2408     29    747      8    356      0      0      0   0.00   0.00      0   0.00    5.7  0.000    0.0  0.000      0      0      0      0      0
10/17/1990   2807     27   1965    815     69   2378     28    719      7    316      0      0      0   0.00   0.00      0   0.00    5.7  0.000    0.0  0.000      0      0      0      0      0
10/18/1990   2836     32   2153    651     68   2343     27    686      6    276      0      0      0   0.00   0.00      0   0.00    5.7  0.000    0.0  0.000      0      0      0      0      0
10/19/1990   2875     37   2345    493     68   2301     24    641      5    231      0      0      0   0.00   0.00      0   0.00    5.7  0.000    0.0  0.000      0      0      0      0      0
10/20/1990   2933     42   2544    347     67   2249     22    585      3    185      0      0      0   0.00   0.00      0   0.00    5.7  0.000    0.0  0.000      0      0      0      0      0
10/21/1990   3011     47   2747    217     66   2184     20    527      1    141      0      0      0   0.00   0.00      0   0.00    5.7  0.000    0.0  0.000      0      0      0      0      0
10/22/1990   3117     52   2950    115     65   2112     17    456      0    105      0      0      0   0.00   0.00      0   0.00    5.7  0.000    0.0  0.000      0      0      0      0      0
10/23/1990   3236     57   3137     42     64   2045     13    381      0     73      0      0      0   0.00   0.00      0   0.00    5.7  0.000    0.0  0.000      0      0      0      0      0
10/24/1990   3386     62   3324      0     62   1963     10    312      0     42      0      0      0   0.00   0.00      0   0.00    5.7  0.000    0.0  0.000      0      0      0      0      0
10/25/1990   3594     67   3492     35     60   1851      7    245      0     18      0      0      0   0.00   0.00      0   0.00    5.7  0.000    0.0  0.000      0      0      0      0      0
10/26/1990   3784     72   3618     94     57   1746      5    178      0      9      0      0      0   0.00   0.00      0   0.00    5.6  0.000    0.0  0.000      0      0      0      0      0
10/27/1990   3956     77   3704    175     54   1639      3    123      0     15      0      0      0   0.00   0.00      0   0.00    5.6  0.000    0.0  0.000      0      0      0      0      0
10/28/1990   4113     82   3755    276     51   1532      1     78      0     35      0      0      0   0.00   0.00      0   0.00    5.6  0.000    0.0  0.000      0      0      0      0      0
10/29/1990   4271     87   3787    397     47   1415      0     46      0     60      0      0      0   0.00   0.00      0   0.00    5.6  0.000    0.0  0.000      0      0      0      0      0
10/30/1990   4434     91   3811    532     42   1280      0     33      0     87      0      0      0   0.00   0.00      0   0.00    5.6  0.000    0.0  0.000      0      0      0      0      0
10/31/1990   4590     94   3817    679     38   1140      0     40      0    113      0      0      0   0.00   0.00      0   0.00    5.6  0.000    0.0  0.000      0      0      0      0      0
11/01/1990   4734     96   3798    840     34    995      0     64      0    130      0      0      0   0.00   0.00      0   0.00    5.6  0.000    0.0  0.000      0      0      0      0      0
11/02/1990   4875     99   3762   1014     29    848      0    102      0    143      0      0      0   0.00   0.00      0   0.00    5.6  0.000    0.0  0.000      0      0      0      0      0
11/03/1990   5004    100   3718   1186     25    714      0    144      1    158      0      0      0   0.00   0.00      0   0.00    5.7  0.000    0.0  0.000      0      0      0      0      0
11/04/1990   5124    100   3668   1356     21    594      0    179      2    188      0      0      0   0.00   0.00      0   0.00    5.7  0.000    0.0  0.000      0      0      0      0      0
11/05/1990   5202    100   3596   1506     17    494      0    210      4    222      0      0      0   0.00   0.00      0   0.00    5.7  0.000    0.0  0.000      0      0      0      0      0
11/06/1990   5241     99   3511   1631     13    418      1    242      5    237      0      0      0   0.00   0.00      0   0.00    5.8  0.000    0.0  0.000      0      0      0      0      0
11/07/1990   5244     97   3413   1734     10    365      2    280      6    240      0      0      0   0.00   0.00      0   0.00    5.8  0.000    0.0  0.000      0      0      0      0      0
11/08/1990   5217     95   3305   1817      7    331      4    319      6    249      0      0      0   0.00   0.00      0   0.00    5.9  0.000    0.0  0.000      0      0      0      0      0
11/09/1990   5150     92   3173   1885      5    317      6    349      7    275      0      0      0   0.00   0.00      0   0.00    6.0  0.000    0.0  0.000      0      0      0      0      0
11/10/1990   5055     89   3019   1947      3    323      8    377      8    303      0      0      0   0.00   0.00      0   0.00    6.0  0.000    0.0  0.000      0      0      0      0      0
11/11/1990   4940     86   2852   2002      1    348     10    410      9    322      0      0      0   0.00   0.00      0   0.00    6.1  0.000    0.0  0.000      0      0      0      0      0
11/12/1990   4791     82   2673   2036      0    400     13    436     10    340      0      0      0   0.00   0.00      0   0.00    6.2  0.000    0.0  0.000      0      0      0      0      0
11/13/1990   4616     77   2499   2040      1    472     15    458     11    358      0      0      0   0.00   0.00      0   0.00    6.2  0.000    0.0  0.000      0      0      0      0      0
11/14/1990   4434     72   2317   2045      2    543     17    495     11    354      0      0      0   0.00   0.00      0   0.00    6.3  0.000    0.0  0.000      0      0      0      0      0
11/15/1990   4248     67   2114   2067      4    622     19    536     10    338      0      0      0   0.00   0.00      0   0.00    6.4  0.000    0.0  0.000      0      0      0      0      0
11/16/1990   4055     62   1933   2060      6    712     21    567     10    327      0      0      0   0.00   0.00      0   0.00    6.5  0.000    0.0  0.000      0      0      0      0      0
11/17/1990   3871     57   1777   2037      8    803     22    574     11    338      0      0      0   0.00   0.00      0   0.00    6.5  0.000    0.0  0.000      0      0      0      0      0
11/18/1990   3697     52   1645   2000     10    890     23    571     11    346      0      0      0   0.00   0.00      0   0.00    6.6  0.000    0.0  0.000      0      0      0      0      0
11/19/1990   3533     47   1521   1965     13    974     24    572     10    345      0      0      0   0.00   0.00      0   0.00    6.7  0.000    0.0  0.000      0      0      0      0      0
11/20/1990   3555     42   1400   2113     16   1056     25    572      8    307      0      0      0   0.00   0.00      0   0.00    6.8  0.000    0.0  0.000      0      0      0      0      0
11/21/1990   3406     38   1293   2075     19   1135     25    559      7    269      0      0      0   0.00   0.00      0   0.00    6.9  0.000    0.0  0.000      0      0      0      0      0
11/22/1990   3058     34   1189   1835     23   1198     24    563      6    235      0      0      0   0.00   0.00      0   0.00    6.9  0.000    0.0  0.000      0      0      0      0      0
11/23/1990   2901     29   1093   1779     27   1251     22    541      6    227      0      0      0   0.00   0.00      0   0.00    7.0  0.000    0.0  0.000      0      0      0      0      0
11/24/1990   2771     25   1016   1730     30   1304     21    501      6    227      0      0      0   0.00   0.00      0   0.00    7.1  0.000    0.0  0.000      0      0      0      0      0
11/25/1990   2832     21    961   1850     33   1348     20    460      6    229      0      0      0   0.00   0.00      0   0.00    7.1  0.000    0.0  0.000      0      0      0      0      0
11/26/1990   2902     17    926   1959     37   1375     18    422      5    212      0      0      0   0.00   0.00      0   0.00    7.1  0.000    0.0  0.000      0      0      0      0      0
11/27/1990   2964     14    897   2053     40   1412     16    383      4    190      0      0      0   0.00   0.00      0   0.00    7.1  0.000    0.0  0.000      0      0      0      0      0
11/28/1990   3030     12    885   2133     42   1415     15    382      3    173      0      0      0   0.00   0.00      0   0.00    7.2  0.000    0.0  0.000      0      0      0      0      0
11/29/1990   2751     11    899   1841     43   1395     13    365      4    193      0      0      0   0.00   0.00      0   0.00    7.2  0.000    0.0  0.000      0      0      0      0      0
11/30/1990   2671     11    941   1719     43   1372     12    338      5    213      0      0      0   0.00   0.00      0   0.00    7.3  0.000    0.0  0.000      0      0      0      0      0
12/01/1990   2767     11   1003   1753     43   1339     11    328      5    206      0      0      0   0.00   0.00      0   0.00    7.4  0.000    0.0  0.000      0      0      0      0      0
12/02/1990   2869     11   1080   1778     43   1300     11    331      4    178      0      0      0   0.00   0.00      0   0.00    7.4  0.000    0.0  0.000      0      0      0      0      0
12/03/1990   2829     13   1176   1640     42   1261     11    322      3    162      0      0      0   0.00   0.00      0   0.00    7.4  0.000    0.0  0.000      0      0      0      0      0
12/04/1990   2810     16   1288   1506     41   1193     10    322      3    164      0      0      0   0.00   0.00      0   0.00    7.5  0.000    0.0  0.000      0      0      0      0      0
12/05/1990   2911     19   1392   1500     40   1136      9    319      3    160      0      0      0   0.00   0.00      0   0.00    7.5  0.000    0.0  0.000      0      0      0      0      0
12/06/1990   2872     23   1496   1353     37   1096      9    311      3    158      0      0      0   0.00   0.00      0   0.00    7.5  0.000    0.0  0.000      0      0      0      0      0
12/07/1990   2699     27   1606   1066     34   1059      9    293      3    154      0      0      0   0.00   0.00      0   0.00    7.6  0.000    0.0  0.000      0      0      0      0      0
12/08/1990   2678     30   1715    933     32   1011      9    266      3    154      0      0      0   0.00   0.00      0   0.00    7.6  0.000    0.0  0.000      0      0      0      0      0
12/09/1990   2652     33   1807    812     31    956      8    263      2    144      0      0      0   0.00   0.00      0   0.00    7.6  0.000    0.0  0.000      0      0      0      0      0
12/10/1990   2281     37   1891    353     29    892      7    269      2    140      0      0      0   0.00   0.00      0   0.00    7.6  0.000    0.0  0.000      0      0      0      0      0
12/11/1990   2279     41   1935    303     26    866      7    258      1    120      0      0      0   0.00   0.00      0   0.00    7.6  0.000    0.0  0.000      0      0      0      0      0
12/12/1990   2347     44   1963    340     24    851      6    243      1     97      0      0      0   0.00   0.00      0   0.00    7.6  0.000    0.0  0.000      0      0      0      0      0
12/13/1990   2420     47   1996    377     22    817      6    249      0     66      0      0      0   0.00   0.00      0   0.00    7.6  0.000    0.0  0.000      0      0      0      0      0
12/14/1990   2487     49   2019    419     21    797      5    220      0     51      0      0      0   0.00   0.00      0   0.00    7.6  0.000    0.0  0.000      0      0      0      0      0
12/15/1990   2554     51   2032    471     20    778      4    186      0     44      0      0      0   0.00   0.00      0   0.00    7.6  0.000    0.0  0.000      0      0      0      0      0
12/16/1990   2628     53   2037    538     19    742      3    161      0     37      0      0      0   0.00   0.00      0   0.00    7.6  0.000    0.0  0.000      0      0      0      0      0
12/17/1990   2678     55   2009    614     18    729      2    127      0     44      0      0      0   0.00   0.00      0   0.00    7.6  0.000    0.0  0.000      0      0      0      0      0
12/18/1990   2722     56   1985    681     17    728      1     90      0     52      0      0      0   0.00   0.00      0   0.00    7.6  0.000    0.0  0.000      0      0      0      0      0
12/19/1990   2780     57   1970    753     15    689      1     78      0     60      0      0      0   0.00   0.00      0   0.00    7.5  0.000    0.0  0.000      0      0      0      0      0
12/20/1990   2849     56   1953    840     15    633      0     74      0     50      0      0      0   0.00   0.00      0   0.00    7.5  0.000    0.0  0.000      0      0      0      0      0
12/21/1990   2913     55   1923    935     14    581      0     76      0     28      0      0      0   0.00   0.00      0   0.00    7.5  0.000    0.0  0.000      0      0      0      0      0
12/22/1990   2962     54   1873   1035     13    534      0     87      0      7      0      0      0   0.00   0.00      0   0.00    7.5  0.000    0.0  0.000      0      0      0      0      0
12/23/1990   3004     54   1809   1141     11    499      0     80      0      0      0      0      0   0.00   0.00      0   0.00    7.5  0.000    0.0  0.000      0      0      0      0      0
12/24/1990   3052     53   1745   1254      9    456      0     67      0      0      0      0      0   0.00   0.00      0   0.00    7.5  0.000    0.0  0.000      0      0      0      0      0
12/25/1990   3102     51   1679   1372      8    414      0     50      0      5      0      0      0   0.00   0.00      0   0.00    7.5  0.000    0.0  0.000      0      0      0      0      0
12/26/1990   3138     49   1615   1474      7    391      0     28      0     21      0      0      0   0.00   0.00      0   0.00    7.4  0.000    0.0  0.000      0      0      0      0      0
12/27/1990   3182     46   1565   1571      6    358      0      7      0     43      0      0      0   0.00   0.00      0   0.00    7.4  0.000    0.0  0.000      0      0      0      0      0
12/28/1990   3227     43   1506   1678      5    310      0      5      0     66      0      0      0   0.00   0.00      0   0.00    7.4  0.000    0.0  0.000      0      0      0      0      0
12/29/1990   3263     41   1431   1791      4    265      0     21      0     62      0      0      0   0.00   0.00      0   0.00    7.4  0.000    0.0  0.000      0      0      0      0      0
12/30/1990   3298     39   1363   1896      3    221      0     43      0     62      0      0      0   0.00   0.00      0   0.00    7.4  0.000    0.0  0.000      0      0      0      0      0
12/31/1990   3339     36   1301   2002      2    170      0     71      0     57      0      0      0   0.00   0.00      0   0.00    7.4  0.000    0.0  0.000      0      0      0      0      0
