Varroa Population Simulation - Nov 24,2015  04:10:25 PM
VarroaPop Version 3.2.5.8  June, 2015

                                        Capped  Capped                                                                      Prop           Conc          Conc                                     
            Colony  Adult  Adult         Drone   Wkr    Drone  Wkr    Drone  Wkr  Free   DBrood WBrood DMite  WMite  Mites  Mites  Colony Pollen Colony Nectar   Dead   Dead   Dead   Dead   Dead
     Date   Size   Drones   Wkr   Forgrs Brood  Brood   Larv   Larv    Eggs  Eggs Mites  Mites  Mites  /Cell  /Cell  Dying  Dying  Pollen  Pest  Nectar  Pest    DLarv  WLarv  DAdlt  WAdlt  Forgrs
Initial     10000      0   6363   3637      0      0      0      0      0      0      0      0      0   0.00   0.00      0   0.00    0.0  0.000    0.0  0.000      0      0      0      0      0
05/01/1990   9697      0   6060   3637      0      0      0      0      1    307      0      0      0   0.00   0.00      0   0.00    0.1  0.000    0.0  0.000      0      0      0      0      0
05/02/1990   9394      0   5757   3637      0      0      0      0      2    638      0      0      0   0.00   0.00      0   0.00    0.2  0.000    0.0  0.000      0      0      0      0      0
05/03/1990   9091      0   5454   3637      0      0      0      0      3    999      0      0      0   0.00   0.00      0   0.00    0.4  0.000    0.0  0.000      0      0      0      0      0
05/04/1990   8788      0   5151   3637      0      0      1    307      3   1067      0      0      0   0.00   0.00      0   0.00    0.5  0.000    0.0  0.000      0      0      0      0      0
05/05/1990   8485      0   4848   3637      0      0      2    638      3   1119      0      0      0   0.00   0.00      0   0.00    0.6  0.000    0.0  0.000      0      0      0      0      0
05/06/1990   8182      0   4545   3637      0      0      3    999      3   1133      0      0      0   0.00   0.00      0   0.00    0.8  0.000    0.0  0.000      0      0      0      0      0
05/07/1990   7879      0   4242   3637      0      0      4   1374      3   1106      0      0      0   0.00   0.00      0   0.00    0.9  0.000    0.0  0.000      0      0      0      0      0
05/08/1990   7576      0   3939   3637      0      0      5   1757      3   1066      0      0      0   0.00   0.00      0   0.00    1.0  0.000    0.0  0.000      0      0      0      0      0
05/09/1990   7273      0   3636   3637      0    307      6   1825      3   1008      0      0      0   0.00   0.00      0   0.00    1.2  0.000    0.0  0.000      0      0      0      0      0
05/10/1990   6970      0   3333   3637      0    638      7   1842      2    932      0      0      0   0.00   0.00      0   0.00    1.3  0.000    0.0  0.000      0      0      0      0      0
05/11/1990   6667      0   3030   3637      1    999      7   1824      2    889      0      0      0   0.00   0.00      0   0.00    1.4  0.000    0.0  0.000      0      0      0      0      0
05/12/1990   6363      0   2727   3636      2   1374      7   1766      2    883      0      0      0   0.00   0.00      0   0.00    1.6  0.000    0.0  0.000      0      0      0      0      0
05/13/1990   6060      0   2424   3636      3   1757      6   1655      3    928      0      0      0   0.00   0.00      0   0.00    1.7  0.000    0.0  0.000      0      0      0      0      0
05/14/1990   5757      0   2121   3636      4   2132      6   1580      3    944      0      0      0   0.00   0.00      0   0.00    1.9  0.000    0.0  0.000      0      0      0      0      0
05/15/1990   5454      0   1818   3636      5   2480      6   1543      3    936      0      0      0   0.00   0.00      0   0.00    2.0  0.000    0.0  0.000      0      0      0      0      0
05/16/1990   5151      0   1515   3636      6   2823      6   1517      3    959      0      0      0   0.00   0.00      0   0.00    2.2  0.000    0.0  0.000      0      0      0      0      0
05/17/1990   4848      0   1212   3636      7   3140      6   1516      3    960      0      0      0   0.00   0.00      0   0.00    2.3  0.000    0.0  0.000      0      0      0      0      0
05/18/1990   4545      0    909   3636      8   3412      6   1547      3    940      0      0      0   0.00   0.00      0   0.00    2.5  0.000    0.0  0.000      0      0      0      0      0
05/19/1990   4242      0    606   3636      9   3712      6   1587      2    876      0      0      0   0.00   0.00      0   0.00    2.6  0.000    0.0  0.000      0      0      0      0      0
05/20/1990   3939      0    303   3636      9   4023      7   1593      2    872      0      0      0   0.00   0.00      0   0.00    2.8  0.000    0.0  0.000      0      0      0      0      0
05/21/1990   3636      0      0   3636     10   4340      7   1559      2    917      0      0      0   0.00   0.00      0   0.00    2.9  0.000    0.0  0.000      0      0      0      0      0
05/22/1990   3640      0    307   3333     11   4349      6   1519      3    975      0      0      0   0.00   0.00      0   0.00    3.1  0.000    0.0  0.000      0      0      0      0      0
05/23/1990   3971      0    638   3333     12   4321      6   1529      2    927      0      0      0   0.00   0.00      0   0.00    3.1  0.000    0.0  0.000      0      0      0      0      0
05/24/1990   4029      0    999   3030     13   4300      6   1517      1    861      0      0      0   0.00   0.00      0   0.00    3.2  0.000    0.0  0.000      0      0      0      0      0
05/25/1990   4102      1   1374   2727     13   4242      6   1534      0    808      0      0      0   0.00   0.00      0   0.00    3.3  0.000    0.0  0.000      0      0      0      0      0
05/26/1990   4183      2   1757   2424     13   4142      5   1516      0    814      0      0      0   0.00   0.00      0   0.00    3.4  0.000    0.0  0.000      0      0      0      0      0
05/27/1990   4559      3   2132   2424     13   4043      4   1502      0    775      0      0      0   0.00   0.00      0   0.00    3.4  0.000    0.0  0.000      0      0      0      0      0
05/28/1990   4908      4   2480   2424     13   4008      3   1470      0    715      0      0      0   0.00   0.00      0   0.00    3.4  0.000    0.0  0.000      0      0      0      0      0
05/29/1990   4949      5   2823   2121     12   3993      3   1413      0    681      0      0      0   0.00   0.00      0   0.00    3.5  0.000    0.0  0.000      0      0      0      0      0
05/30/1990   4964      6   3140   1818     12   4010      2   1302      0    681      0      0      0   0.00   0.00      0   0.00    3.5  0.000    0.0  0.000      0      0      0      0      0
05/31/1990   4934      7   3412   1515     12   4003      1   1258      0    653      0      0      0   0.00   0.00      0   0.00    3.6  0.000    0.0  0.000      0      0      0      0      0
06/01/1990   4932      8   3712   1212     12   3965      0   1233      0    593      0      0      0   0.00   0.00      0   0.00    3.6  0.000    0.0  0.000      0      0      0      0      0
06/02/1990   4941      9   4023    909     11   3935      0   1175      0    545      0      0      0   0.00   0.00      0   0.00    3.6  0.000    0.0  0.000      0      0      0      0      0
06/03/1990   4955      9   4340    606     11   3889      0   1097      0    500      0      0      0   0.00   0.00      0   0.00    3.6  0.000    0.0  0.000      0      0      0      0      0
06/04/1990   4969     10   4656    303     10   3796      0   1051      0    432      0      0      0   0.00   0.00      0   0.00    3.6  0.000    0.0  0.000      0      0      0      0      0
06/05/1990   4970     11   4959      0      9   3714      0   1005      0    318      0      0      0   0.00   0.00      0   0.00    3.6  0.000    0.0  0.000      0      0      0      0      0
06/06/1990   5311     12   5299      0      8   3611      0    916      0    170      0      0      0   0.00   0.00      0   0.00    3.6  0.000    0.0  0.000      0      0      0      0      0
06/07/1990   5629     13   5616      0      7   3517      0    802      0     61      0      0      0   0.00   0.00      0   0.00    3.5  0.000    0.0  0.000      0      0      0      0      0
06/08/1990   5913     14   5899      0      6   3427      0    670      0      0      0      0      0   0.00   0.00      0   0.00    3.5  0.000    0.0  0.000      0      0      0      0      0
06/09/1990   6190     15   6175      0      5   3328      0    493      0      0      0      0      0   0.00   0.00      0   0.00    3.4  0.000    0.0  0.000      0      0      0      0      0
06/10/1990   6504     16   6488      0      4   3190      0    318      0      0      0      0      0   0.00   0.00      0   0.00    3.4  0.000    0.0  0.000      0      0      0      0      0
06/11/1990   6833     17   6816      0      3   3010      0    170      0      0      0      0      0   0.00   0.00      0   0.00    3.3  0.000    0.0  0.000      0      0      0      0      0
06/12/1990   7167     17   6843    307      3   2785      0     61      0      0      0      0      0   0.00   0.00      0   0.00    3.3  0.000    0.0  0.000      0      0      0      0      0
06/13/1990   7433     18   6777    638      2   2581      0      0      0     56      0      0      0   0.00   0.00      0   0.00    3.3  0.000    0.0  0.000      0      0      0      0      0
06/14/1990   7696     19   6678    999      1   2319      0      0      0    155      0      0      0   0.00   0.00      0   0.00    3.3  0.000    0.0  0.000      0      0      0      0      0
06/15/1990   7977     19   6584   1374      0   2038      0      0      0    300      0      0      0   0.00   0.00      0   0.00    3.3  0.000    0.0  0.000      0      0      0      0      0
06/16/1990   8247     18   6472   1757      0   1767      0     56      0    438      0      0      0   0.00   0.00      0   0.00    3.3  0.000    0.0  0.000      0      0      0      0      0
06/17/1990   8469     17   6320   2132      0   1544      0    155      0    579      0      0      0   0.00   0.00      0   0.00    3.4  0.000    0.0  0.000      0      0      0      0      0
06/18/1990   8689     16   6193   2480      0   1323      0    300      0    692      0      0      0   0.00   0.00      0   0.00    3.5  0.000    0.0  0.000      0      0      0      0      0
06/19/1990   8925     15   6087   2823      0   1086      0    494      0    800      0      0      0   0.00   0.00      0   0.00    3.6  0.000    0.0  0.000      0      0      0      0      0
06/20/1990   9147     14   5993   3140      0    863      0    734      0    911      0      0      0   0.00   0.00      0   0.00    3.7  0.000    0.0  0.000      0      0      0      0      0
06/21/1990   9339     13   5914   3412      0    726      0    936      1   1025      0      0      0   0.00   0.00      0   0.00    3.8  0.000    0.0  0.000      0      0      0      0      0
06/22/1990   9515     12   5791   3712      0    648      0   1139      2   1085      0      0      0   0.00   0.00      0   0.00    3.9  0.000    0.0  0.000      0      0      0      0      0
06/23/1990   9689     11   5655   4023      0    618      0   1345      3   1112      0      0      0   0.00   0.00      0   0.00    4.0  0.000    0.0  0.000      0      0      0      0      0
06/24/1990   9530     11   5486   4033      0    664      1   1523      4   1140      0      0      0   0.00   0.00      0   0.00    4.2  0.000    0.0  0.000      0      0      0      0      0
06/25/1990   9307     10   5279   4018      0    795      2   1645      5   1178      0      0      0   0.00   0.00      0   0.00    4.3  0.000    0.0  0.000      0      0      0      0      0
06/26/1990   9006      9   5037   3960      0    992      3   1765      6   1203      0      0      0   0.00   0.00      0   0.00    4.5  0.000    0.0  0.000      0      0      0      0      0
06/27/1990   8630      8   4697   3925      0   1294      5   1863      6   1196      0      0      0   0.00   0.00      0   0.00    4.6  0.000    0.0  0.000      0      0      0      0      0
06/28/1990   8246      7   4380   3859      0   1645      7   1912      6   1181      0      0      0   0.00   0.00      0   0.00    4.7  0.000    0.0  0.000      0      0      0      0      0
06/29/1990   7870      6   4097   3767      0   2017      9   1943      6   1180      0      0      0   0.00   0.00      0   0.00    4.9  0.000    0.0  0.000      0      0      0      0      0
06/30/1990   7521      5   3821   3695      0   2379     11   1974      6   1187      0      0      0   0.00   0.00      0   0.00    5.0  0.000    0.0  0.000      0      0      0      0      0
07/01/1990   7177      4   3508   3665      1   2757     12   1981      5   1198      0      0      0   0.00   0.00      0   0.00    5.2  0.000    0.0  0.000      0      0      0      0      0
07/02/1990   6859      3   3180   3676      2   3157     13   1983      4   1175      0      0      0   0.00   0.00      0   0.00    5.3  0.000    0.0  0.000      0      0      0      0      0
07/03/1990   6587      3   2846   3738      3   3557     14   1983      3   1151      0      0      0   0.00   0.00      0   0.00    5.4  0.000    0.0  0.000      0      0      0      0      0
07/04/1990   6342      2   2637   3703      5   3904     13   1976      3   1120      0      0      0   0.00   0.00      0   0.00    5.6  0.000    0.0  0.000      0      0      0      0      0
07/05/1990   6129      1   2474   3654      7   4198     12   1962      3   1109      0      0      0   0.00   0.00      0   0.00    5.7  0.000    0.0  0.000      0      0      0      0      0
07/06/1990   5956      0   2338   3618      9   4438     11   1953      3   1100      0      0      0   0.00   0.00      0   0.00    5.9  0.000    0.0  0.000      0      0      0      0      0
07/07/1990   5834      0   2261   3573     11   4646     10   1916      3   1112      0      0      0   0.00   0.00      0   0.00    6.0  0.000    0.0  0.000      0      0      0      0      0
07/08/1990   5771      0   2278   3493     13   4806      9   1884      3   1122      0      0      0   0.00   0.00      0   0.00    6.1  0.000    0.0  0.000      0      0      0      0      0
07/09/1990   5689      0   2315   3374     15   4944      8   1855      3   1133      0      0      0   0.00   0.00      0   0.00    6.3  0.000    0.0  0.000      0      0      0      0      0
07/10/1990   5674      0   2380   3294     17   5021      7   1853      3   1141      0      0      0   0.00   0.00      0   0.00    6.4  0.000    0.0  0.000      0      0      0      0      0
07/11/1990   5742      0   2508   3234     18   5046      7   1855      3   1148      0      0      0   0.00   0.00      0   0.00    6.5  0.000    0.0  0.000      0      0      0      0      0
07/12/1990   5838      0   2687   3151     19   5039      7   1868      3   1152      0      0      0   0.00   0.00      0   0.00    6.7  0.000    0.0  0.000      0      0      0      0      0
07/13/1990   5887      0   2872   3015     20   5045      7   1885      3   1144      0      0      0   0.00   0.00      0   0.00    6.8  0.000    0.0  0.000      0      0      0      0      0
07/14/1990   5937      0   3075   2862     21   5034      7   1903      3   1127      0      0      0   0.00   0.00      0   0.00    6.9  0.000    0.0  0.000      0      0      0      0      0
07/15/1990   6004      1   3327   2676     21   5011      7   1908      2   1103      0      0      0   0.00   0.00      0   0.00    7.0  0.000    0.0  0.000      0      0      0      0      0
07/16/1990   6140      2   3618   2520     21   4989      7   1907      1   1061      0      0      0   0.00   0.00      0   0.00    7.1  0.000    0.0  0.000      0      0      0      0      0
07/17/1990   6282      3   3960   2319     21   4964      7   1897      0   1015      0      0      0   0.00   0.00      0   0.00    7.2  0.000    0.0  0.000      0      0      0      0      0
07/18/1990   6396      5   4353   2038     20   4956      6   1870      0    970      0      0      0   0.00   0.00      0   0.00    7.2  0.000    0.0  0.000      0      0      0      0      0
07/19/1990   6512      7   4738   1767     19   4956      5   1820      0    929      0      0      0   0.00   0.00      0   0.00    7.3  0.000    0.0  0.000      0      0      0      0      0
07/20/1990   6693      9   5140   1544     18   4936      4   1760      0    878      0      0      0   0.00   0.00      0   0.00    7.3  0.000    0.0  0.000      0      0      0      0      0
07/21/1990   6874     11   5540   1323     17   4913      3   1696      0    813      0      0      0   0.00   0.00      0   0.00    7.3  0.000    0.0  0.000      0      0      0      0      0
07/22/1990   7035     13   5936   1086     16   4885      2   1622      0    742      0      0      0   0.00   0.00      0   0.00    7.4  0.000    0.0  0.000      0      0      0      0      0
07/23/1990   7193     15   6315    863     15   4864      1   1535      0    658      0      0      0   0.00   0.00      0   0.00    7.3  0.000    0.0  0.000      0      0      0      0      0
07/24/1990   7378     17   6691    670     14   4823      0   1448      0    560      0      0      0   0.00   0.00      0   0.00    7.3  0.000    0.0  0.000      0      0      0      0      0
07/25/1990   7567     18   7000    549     13   4780      0   1349      0    458      0      0      0   0.00   0.00      0   0.00    7.3  0.000    0.0  0.000      0      0      0      0      0
07/26/1990   7761     19   7269    473     12   4725      0   1223      0    378      0      0      0   0.00   0.00      0   0.00    7.3  0.000    0.0  0.000      0      0      0      0      0
07/27/1990   7981     20   7491    470     11   4652      0   1079      0    326      0      0      0   0.00   0.00      0   0.00    7.3  0.000    0.0  0.000      0      0      0      0      0
07/28/1990   8250     21   7674    555     10   4546      0    929      0    304      0      0      0   0.00   0.00      0   0.00    7.2  0.000    0.0  0.000      0      0      0      0      0
07/29/1990   8568     22   7812    734      9   4416      0    788      0    311      0      0      0   0.00   0.00      0   0.00    7.2  0.000    0.0  0.000      0      0      0      0      0
07/30/1990   8947     23   7932    992      8   4261      0    663      0    355      0      0      0   0.00   0.00      0   0.00    7.2  0.000    0.0  0.000      0      0      0      0      0
07/31/1990   9333     24   8015   1294      7   4063      0    575      0    433      0      0      0   0.00   0.00      0   0.00    7.2  0.000    0.0  0.000      0      0      0      0      0
08/01/1990   9719     25   8049   1645      6   3828      0    539      0    533      0      0      0   0.00   0.00      0   0.00    7.2  0.000    0.0  0.000      0      0      0      0      0
08/02/1990  10102     26   8059   2017      5   3567      0    560      0    640      0      0      0   0.00   0.00      0   0.00    7.3  0.000    0.0  0.000      0      0      0      0      0
08/03/1990  10480     27   8074   2379      4   3297      0    630      0    746      0      0      0   0.00   0.00      0   0.00    7.3  0.000    0.0  0.000      0      0      0      0      0
08/04/1990  10849     28   8064   2757      3   3027      0    746      0    845      0      0      0   0.00   0.00      0   0.00    7.4  0.000    0.0  0.000      0      0      0      0      0
08/05/1990  11207     28   8022   3157      2   2768      0    896      0    945      0      0      0   0.00   0.00      0   0.00    7.5  0.000    0.0  0.000      0      0      0      0      0
08/06/1990  11486     28   7957   3501      1   2547      0   1065      1   1039      0      0      0   0.00   0.00      0   0.00    7.6  0.000    0.0  0.000      0      0      0      0      0
08/07/1990  11709     28   7876   3805      0   2367      0   1236      2   1124      0      0      0   0.00   0.00      0   0.00    7.7  0.000    0.0  0.000      0      0      0      0      0
08/08/1990  11875     26   7796   4053      0   2231      0   1408      4   1189      0      0      0   0.00   0.00      0   0.00    7.8  0.000    0.0  0.000      0      0      0      0      0
08/09/1990  11973     24   7705   4244      0   2151      1   1571      5   1240      0      0      0   0.00   0.00      0   0.00    7.9  0.000    0.0  0.000      0      0      0      0      0
08/10/1990  12002     22   7574   4406      0   2129      2   1720      6   1279      0      0      0   0.00   0.00      0   0.00    8.1  0.000    0.0  0.000      0      0      0      0      0
08/11/1990  11990     20   7422   4548      0   2164      4   1851      6   1311      0      0      0   0.00   0.00      0   0.00    8.2  0.000    0.0  0.000      0      0      0      0      0
08/12/1990  11909     18   7249   4642      0   2254      6   1966      7   1334      0      0      0   0.00   0.00      0   0.00    8.4  0.000    0.0  0.000      0      0      0      0      0
08/13/1990  11743     16   7057   4670      0   2416      8   2054      8   1341      0      0      0   0.00   0.00      0   0.00    8.6  0.000    0.0  0.000      0      0      0      0      0
08/14/1990  11519     14   6831   4674      0   2643     10   2123      9   1317      0      0      0   0.00   0.00      0   0.00    8.7  0.000    0.0  0.000      0      0      0      0      0
08/15/1990  11277     13   6587   4677      0   2920     13   2176      8   1259      0      0      0   0.00   0.00      0   0.00    8.9  0.000    0.0  0.000      0      0      0      0      0
08/16/1990  11005     12   6326   4667      1   3227     15   2206      7   1216      0      0      0   0.00   0.00      0   0.00    9.0  0.000    0.0  0.000      0      0      0      0      0
08/17/1990  10702     11   6057   4634      2   3557     17   2200      6   1202      0      0      0   0.00   0.00      0   0.00    9.2  0.000    0.0  0.000      0      0      0      0      0
08/18/1990  10400     10   5779   4611      4   3895     17   2156      6   1186      0      0      0   0.00   0.00      0   0.00    9.4  0.000    0.0  0.000      0      0      0      0      0
08/19/1990   2050      0   2050      0      6   4227      7   1340      6   1160      0      0      0   0.00   0.00      0   0.00    9.5  0.089    0.0  0.000     10    771      9   3459   4584
08/20/1990   2115      0   2115      0      6   4120      8   1661      4    752      0      0      0   0.00   0.00      0   0.00    9.5  0.089    0.0  0.000      1     52      0      1     76
08/21/1990   2215      0   2215      0      6   4032      9   1918      2    375      0      0      0   0.00   0.00      0   0.00    9.5  0.089    0.0  0.000      1     31      0      1     76
08/22/1990   2354      0   2352      2      6   4188     10   1899      0      0      0      0      0   0.00   0.00      0   0.00    9.5  0.089    0.0  0.000      1     24      0      1     74
08/23/1990   2531      0   2525      6      6   4301      9   1519      0      0      0      0      0   0.00   0.00      0   0.00    9.5  0.089    0.0  0.000      1     18      0      0     72
08/24/1990   2745      0   2732     13      8   4395      6   1129      0      0      0      0      0   0.00   0.00      0   0.00    9.5  0.089    0.0  0.000      1     13      0      0     69
08/25/1990   2994      0   2969     25      9   4472      4    728      0      2      0      0      0   0.00   0.00      0   0.00    9.5  0.089    0.0  0.000      1     11      0      0     64
08/26/1990   3286      0   3242     44     10   4487      3    364      0      7      0      0      0   0.00   0.00      0   0.00    9.4  0.089    0.0  0.000      0      0      0      0     57
08/27/1990   3663      0   3543    120     11   4474      2      0      0     16      0      0      0   0.00   0.00      0   0.00    9.4  0.089    0.0  0.000      0      0      0      0      0
08/28/1990   4061      0   3865    196     12   4076      1      2      0     40      0      0      0   0.00   0.00      0   0.00    9.4  0.089    0.0  0.000      0      0      0      0      0
08/29/1990   4475      0   4203    272     13   3662      0      7      0     78      0      0      0   0.00   0.00      0   0.00    9.4  0.089    0.0  0.000      0      0      0      0      0
08/30/1990   4904      1   4555    348     12   3234      0     16      0    125      0      0      0   0.00   0.00      0   0.00    9.4  0.089    0.0  0.000      0      0      0      0      0
08/31/1990   5342      2   4852    488     11   2797      0     42      0    167      0      0      0   0.00   0.00      0   0.00    9.4  0.089    0.0  0.000      0      0      0      0      0
09/01/1990   5790      4   5158    628      9   2351      0     85      0    219      0      0      0   0.00   0.00      0   0.00    9.4  0.089    0.0  0.000      0      0      0      0      0
09/02/1990   5827      6   5053    768      7   2318      0    139      0    281      0      0      0   0.00   0.00      0   0.00    9.3  0.089    0.0  0.000      0      0      0      0      0
09/03/1990   5916      6   5002    908      7   2234      0    202      0    349      0      0      0   0.00   0.00      0   0.00    9.3  0.089    0.0  0.000      0      0      0      0      0
09/04/1990   6284      6   5232   1046      7   1873      0    288      0    407      0      0      0   0.00   0.00      0   0.00    9.4  0.089    0.0  0.000      0      0      0      0      0
09/05/1990   6642      6   5454   1182      7   1537      0    380      0    463      0      0      0   0.00   0.00      0   0.00    9.4  0.089    0.0  0.000      0      0      0      0      0
09/06/1990   7012      6   5691   1315      7   1203      0    473      0    517      0      0      0   0.00   0.00      0   0.00    9.4  0.089    0.0  0.000      0      0      0      0      0
09/07/1990   7392      8   6007   1377      5    869      0    570      0    568      0      0      0   0.00   0.00      0   0.00    9.4  0.089    0.0  0.000      0      0      0      0      0
09/08/1990   7738      9   6297   1432      4    573      0    676      0    601      0      0      0   0.00   0.00      0   0.00    9.4  0.088    0.0  0.000      0      0      0      0      0
09/09/1990   8027     10   6575   1442      3    304      0    771      0    626      0      0      0   0.00   0.00      0   0.00    9.5  0.088    0.0  0.000      0      0      0      0      0
09/10/1990   7952     11   6434   1507      2    422      0    857      0    647      0      0      0   0.00   0.00      0   0.00    9.5  0.088    0.0  0.000      0      0      0      0      0
09/11/1990   7877     12   6258   1607      1    558      0    928      0    665      0      0      0   0.00   0.00      0   0.00    9.5  0.088    0.0  0.000      0      0      0      0      0
09/12/1990   7802     13   6045   1744      0    711      0    990      0    682      0      0      0   0.00   0.00      0   0.00    9.5  0.087    0.0  0.000      0      0      0      0      0
09/13/1990   7662     13   5796   1853      0    885      0   1041      0    700      0      0      0   0.00   0.00      0   0.00    9.6  0.087    0.0  0.000      0      0      0      0      0
09/14/1990   7382     13   5513   1856      0   1075      0   1076      0    710      0      0      0   0.00   0.00      0   0.00    9.6  0.087    0.0  0.000      0      0      0      0      0
09/15/1990   7244     13   5202   2029      0   1277      0   1104      0    711      0      0      0   0.00   0.00      0   0.00    9.7  0.086    0.0  0.000      0      0      0      0      0
09/16/1990   7109     13   4858   2238      0   1479      0   1140      0    714      0      0      0   0.00   0.00      0   0.00    9.7  0.086    0.0  0.000      0      0      0      0      0
09/17/1990   6978     13   4490   2475      0   1685      0   1160      0    745      0      0      0   0.00   0.00      0   0.00    9.8  0.085    0.0  0.000      0      0      0      0      0
09/18/1990   6864     13   4118   2733      0   1884      0   1168      0    789      0      0      0   0.00   0.00      0   0.00    9.9  0.084    0.0  0.000      0      0      0      0      0
09/19/1990   6833     13   3747   3073      0   2066      0   1189      0    832      0      0      0   0.00   0.00      0   0.00   10.0  0.083    0.0  0.000      0      0      0      0      0
09/20/1990   6814     12   3375   3427      0   2242      0   1223      0    891      0      0      0   0.00   0.00      0   0.00   10.1  0.082    0.0  0.000      0      0      0      0      0
09/21/1990   6795     11   3006   3778      0   2417      0   1257      1    960      0      0      0   0.00   0.00      0   0.00   10.3  0.081    0.0  0.000      0      0      0      0      0
09/22/1990   6747      9   2655   4083      0   2557      0   1311      2   1013      0      0      0   0.00   0.00      0   0.00   10.5  0.080    0.0  0.000      0      0      0      0      0
09/23/1990   6687      7   2738   3942      0   2672      0   1403      3   1023      0      0      0   0.00   0.00      0   0.00   10.6  0.079    0.0  0.000      0      0      0      0      0
09/24/1990   6610      7   2785   3818      0   2782      1   1503      3   1025      0      0      0   0.00   0.00      0   0.00   10.8  0.078    0.0  0.000      0      0      0      0      0
09/25/1990   6514      7   2568   3939      0   2895      2   1579      3   1022      0      0      0   0.00   0.00      0   0.00   10.9  0.077    0.0  0.000      0      0      0      0      0
09/26/1990   6405      7   2380   4018      0   2998      3   1637      3   1030      0      0      0   0.00   0.00      0   0.00   11.1  0.075    0.0  0.000      0      0      0      0      0
09/27/1990   6282      7   2193   4082      0   3097      4   1696      3   1030      0      0      0   0.00   0.00      0   0.00   11.3  0.074    0.0  0.000      0      0      0      0      0
09/28/1990   6135      5   2007   4123      0   3218      5   1710      3   1049      0      0      0   0.00   0.00      0   0.00   11.4  0.073    0.0  0.000      0      0      0      0      0
09/29/1990   5964      4   1850   4110      0   3357      6   1707      4   1082      0      0      0   0.00   0.00      0   0.00   11.6  0.072    0.0  0.000      0      0      0      0      0
09/30/1990   5780      3   1701   4076      0   3484      7   1713      5   1120      0      0      0   0.00   0.00      0   0.00   11.8  0.071    0.0  0.000      0      0      0      0      0
10/01/1990   5590      2   1926   3662      1   3594      7   1736      6   1149      0      0      0   0.00   0.00      0   0.00   11.9  0.070    0.0  0.000      0      0      0      0      0
10/02/1990   5386      1   2151   3234      2   3717      8   1764      5   1117      0      0      0   0.00   0.00      0   0.00   12.1  0.069    0.0  0.000      0      0      0      0      0
10/03/1990   5180      0   2383   2797      3   3824      9   1811      3   1056      0      0      0   0.00   0.00      0   0.00   12.2  0.069    0.0  0.000      0      0      0      0      0
10/04/1990   4977      0   2626   2351      4   3924     10   1855      1    994      0      0      0   0.00   0.00      0   0.00   12.3  0.068    0.0  0.000      0      0      0      0      0
10/05/1990   5177      0   2861   2316      5   4037     10   1851      0    922      0      0      0   0.00   0.00      0   0.00   12.3  0.068    0.0  0.000      0      0      0      0      0
10/06/1990   5321      0   3092   2229      6   4162      9   1818      0    843      0      0      0   0.00   0.00      0   0.00   12.4  0.067    0.0  0.000      0      0      0      0      0
10/07/1990   5197      0   3333   1864      7   4292      8   1767      0    740      0      0      0   0.00   0.00      0   0.00   12.5  0.067    0.0  0.000      0      0      0      0      0
10/08/1990   5101      0   3590   1511      8   4412      7   1653      0    672      0      0      0   0.00   0.00      0   0.00   12.5  0.067    0.0  0.000      0      0      0      0      0
10/09/1990   5001      0   3841   1160     10   4522      5   1512      0    615      0      0      0   0.00   0.00      0   0.00   12.6  0.067    0.0  0.000      0      0      0      0      0
10/10/1990   4900      0   4087    813     12   4577      3   1390      0    547      0      0      0   0.00   0.00      0   0.00   12.6  0.067    0.0  0.000      0      0      0      0      0
10/11/1990   4861      0   4356    505     14   4577      1   1269      0    462      0      0      0   0.00   0.00      0   0.00   12.6  0.067    0.0  0.000      0      0      0      0      0
10/12/1990   4843      0   4634    209     15   4556      0   1133      0    356      0      0      0   0.00   0.00      0   0.00   12.5  0.067    0.0  0.000      0      0      0      0      0
10/13/1990   5185      0   4881    304     15   4486      0   1015      0    240      0      0      0   0.00   0.00      0   0.00   12.5  0.067    0.0  0.000      0      0      0      0      0
10/14/1990   5520      0   5098    422     15   4397      0    888      0    174      0      0      0   0.00   0.00      0   0.00   12.5  0.067    0.0  0.000      0      0      0      0      0
10/15/1990   5869      1   5310    558     14   4271      0    749      0    163      0      0      0   0.00   0.00      0   0.00   12.5  0.067    0.0  0.000      0      0      0      0      0
10/16/1990   6209      2   5496    711     13   4136      0    583      0    215      0      0      0   0.00   0.00      0   0.00   12.5  0.067    0.0  0.000      0      0      0      0      0
10/17/1990   6553      3   5665    885     12   3982      0    447      0    270      0      0      0   0.00   0.00      0   0.00   12.5  0.066    0.0  0.000      0      0      0      0      0
10/18/1990   6900      4   5823   1073     11   3788      0    365      0    328      0      0      0   0.00   0.00      0   0.00   12.5  0.066    0.0  0.000      0      0      0      0      0
10/19/1990   7254      5   5977   1272     10   3549      0    336      0    371      0      0      0   0.00   0.00      0   0.00   12.5  0.066    0.0  0.000      0      0      0      0      0
10/20/1990   7622      6   6146   1470      9   3256      0    361      0    401      0      0      0   0.00   0.00      0   0.00   12.5  0.066    0.0  0.000      0      0      0      0      0
10/21/1990   7983      7   6317   1659      8   2908      0    453      0    438      0      0      0   0.00   0.00      0   0.00   12.6  0.066    0.0  0.000      0      0      0      0      0
10/22/1990   8328      8   6479   1841      7   2574      0    533      0    487      0      0      0   0.00   0.00      0   0.00   12.6  0.066    0.0  0.000      0      0      0      0      0
10/23/1990   8618     10   6598   2010      5   2302      0    599      0    548      0      0      0   0.00   0.00      0   0.00   12.7  0.066    0.0  0.000      0      0      0      0      0
10/24/1990   8877     12   6691   2174      3   2067      0    676      0    602      0      0      0   0.00   0.00      0   0.00   12.7  0.065    0.0  0.000      0      0      0      0      0
10/25/1990   9109     14   6773   2322      1   1850      0    750      0    656      0      0      0   0.00   0.00      0   0.00   12.8  0.065    0.0  0.000      0      0      0      0      0
10/26/1990   9264     15   6810   2439      0   1708      0    819      0    683      0      0      0   0.00   0.00      0   0.00   12.8  0.065    0.0  0.000      0      0      0      0      0
10/27/1990   9374     15   6823   2536      0   1595      0    907      0    705      0      0      0   0.00   0.00      0   0.00   12.9  0.064    0.0  0.000      0      0      0      0      0
10/28/1990   9443     15   6799   2629      0   1511      0   1005      0    707      0      0      0   0.00   0.00      0   0.00   13.0  0.064    0.0  0.000      0      0      0      0      0
10/29/1990   9473     15   6737   2721      0   1474      0   1064      0    719      0      0      0   0.00   0.00      0   0.00   13.0  0.064    0.0  0.000      0      0      0      0      0
10/30/1990   9472     15   6649   2808      0   1467      0   1125      0    701      0      0      0   0.00   0.00      0   0.00   13.1  0.063    0.0  0.000      0      0      0      0      0
10/31/1990   9422     15   6514   2893      0   1512      0   1164      0    682      0      0      0   0.00   0.00      0   0.00   13.2  0.063    0.0  0.000      0      0      0      0      0
11/01/1990   9322     15   6308   2999      0   1614      0   1181      0    626      0      0      0   0.00   0.00      0   0.00   13.3  0.062    0.0  0.000      0      0      0      0      0
11/02/1990   9179     15   6045   3119      0   1767      0   1170      0    573      0      0      0   0.00   0.00      0   0.00   13.4  0.062    0.0  0.000      0      0      0      0      0
11/03/1990   8982     15   5741   3226      0   1955      0   1163      0    540      0      0      0   0.00   0.00      0   0.00   13.5  0.061    0.0  0.000      0      0      0      0      0
11/04/1990   8801     15   5459   3327      0   2145      0   1102      0    567      0      0      0   0.00   0.00      0   0.00   13.6  0.061    0.0  0.000      0      0      0      0      0
11/05/1990   8632     14   5183   3435      0   2311      0   1036      0    615      0      0      0   0.00   0.00      0   0.00   13.7  0.060    0.0  0.000      0      0      0      0      0
11/06/1990   8471     13   4934   3524      0   2459      0    984      0    616      0      0      0   0.00   0.00      0   0.00   13.8  0.060    0.0  0.000      0      0      0      0      0
11/07/1990   8337     12   4699   3626      0   2576      0    968      0    594      0      0      0   0.00   0.00      0   0.00   14.0  0.059    0.0  0.000      0      0      0      0      0
11/08/1990   8228     11   4481   3736      0   2665      0    969      0    589      0      0      0   0.00   0.00      0   0.00   14.1  0.059    0.0  0.000      0      0      0      0      0
11/09/1990   8110     10   4256   3844      0   2714      0    974      0    632      0      0      0   0.00   0.00      0   0.00   14.2  0.058    0.0  0.000      0      0      0      0      0
11/10/1990   7978      9   4018   3951      0   2748      0    989      0    683      0      0      0   0.00   0.00      0   0.00   14.4  0.058    0.0  0.000      0      0      0      0      0
11/11/1990   7865      8   3799   4058      0   2767      0   1018      1    718      0      0      0   0.00   0.00      0   0.00   14.5  0.057    0.0  0.000      0      0      0      0      0
11/12/1990   7756      7   3594   4155      0   2794      0   1039      2    754      0      0      0   0.00   0.00      0   0.00   14.7  0.056    0.0  0.000      0      0      0      0      0
11/13/1990   7628      5   3449   4174      0   2815      0   1057      3    794      0      0      0   0.00   0.00      0   0.00   14.9  0.056    0.0  0.000      0      0      0      0      0
11/14/1990   7501      3   3345   4153      0   2781      1   1120      3    786      0      0      0   0.00   0.00      0   0.00   15.0  0.055    0.0  0.000      0      0      0      0      0
11/15/1990   7393      1   3256   4136      0   2732      2   1199      2    750      0      0      0   0.00   0.00      0   0.00   15.2  0.055    0.0  0.000      0      0      0      0      0
11/16/1990   7283      0   3210   4073      0   2721      3   1262      2    724      0      0      0   0.00   0.00      0   0.00   15.4  0.054    0.0  0.000      0      0      0      0      0
11/17/1990   7178      0   3207   3971      0   2708      4   1274      2    744      0      0      0   0.00   0.00      0   0.00   15.5  0.053    0.0  0.000      0      0      0      0      0
11/18/1990   7077      0   3223   3854      0   2708      4   1266      2    756      0      0      0   0.00   0.00      0   0.00   15.7  0.053    0.0  0.000      0      0      0      0      0
11/19/1990   6972      0   3257   3715      0   2720      5   1268      1    747      0      0      0   0.00   0.00      0   0.00   15.8  0.052    0.0  0.000      0      0      0      0      0
11/20/1990   7185      0   3293   3892      0   2761      6   1264      0    660      0      0      0   0.00   0.00      0   0.00   16.0  0.052    0.0  0.000      0      0      0      0      0
11/21/1990   7057      0   3358   3699      1   2820      5   1228      0    575      0      0      0   0.00   0.00      0   0.00   16.1  0.051    0.0  0.000      0      0      0      0      0
11/22/1990   6518      0   3421   3097      2   2880      4   1229      0    496      0      0      0   0.00   0.00      0   0.00   16.2  0.051    0.0  0.000      0      0      0      0      0
11/23/1990   6304      0   3510   2794      3   2938      3   1174      0    473      0      0      0   0.00   0.00      0   0.00   16.3  0.051    0.0  0.000      0      0      0      0      0
11/24/1990   6103      0   3658   2445      4   3004      2   1079      0    462      0      0      0   0.00   0.00      0   0.00   16.4  0.051    0.0  0.000      0      0      0      0      0
11/25/1990   6300      0   3814   2486      4   3057      2    981      0    449      0      0      0   0.00   0.00      0   0.00   16.4  0.051    0.0  0.000      0      0      0      0      0
11/26/1990   6508      0   3962   2546      5   3079      1    891      0    399      0      0      0   0.00   0.00      0   0.00   16.4  0.051    0.0  0.000      0      0      0      0      0
11/27/1990   6683      0   4059   2624      6   3135      0    794      0    345      0      0      0   0.00   0.00      0   0.00   16.3  0.051    0.0  0.000      0      0      0      0      0
11/28/1990   6858      0   4138   2720      6   3123      0    770      0    305      0      0      0   0.00   0.00      0   0.00   16.4  0.050    0.0  0.000      0      0      0      0      0
11/29/1990   6423      0   4223   2200      6   3065      0    715      0    335      0      0      0   0.00   0.00      0   0.00   16.5  0.050    0.0  0.000      0      0      0      0      0
11/30/1990   6331      0   4320   2011      6   2999      0    643      0    364      0      0      0   0.00   0.00      0   0.00   16.6  0.050    0.0  0.000      0      0      0      0      0
12/01/1990   6557      0   4420   2137      6   2913      0    602      0    348      0      0      0   0.00   0.00      0   0.00   16.6  0.050    0.0  0.000      0      0      0      0      0
12/02/1990   6795      0   4503   2292      6   2809      0    588      0    299      0      0      0   0.00   0.00      0   0.00   16.6  0.050    0.0  0.000      0      0      0      0      0
12/03/1990   6794      0   4587   2207      6   2694      0    558      0    276      0      0      0   0.00   0.00      0   0.00   16.7  0.049    0.0  0.000      0      0      0      0      0
12/04/1990   6831      0   4666   2165      6   2518      0    551      0    288      0      0      0   0.00   0.00      0   0.00   16.7  0.049    0.0  0.000      0      0      0      0      0
12/05/1990   7062      1   4687   2374      5   2368      0    542      0    290      0      0      0   0.00   0.00      0   0.00   16.7  0.049    0.0  0.000      0      0      0      0      0
12/06/1990   7077      2   4681   2394      4   2249      0    529      0    300      0      0      0   0.00   0.00      0   0.00   16.8  0.049    0.0  0.000      0      0      0      0      0
12/07/1990   6959      3   4707   2249      3   2129      0    504      0    311      0      0      0   0.00   0.00      0   0.00   16.8  0.049    0.0  0.000      0      0      0      0      0
12/08/1990   7072      4   4726   2342      2   1988      0    468      0    338      0      0      0   0.00   0.00      0   0.00   16.9  0.049    0.0  0.000      0      0      0      0      0
12/09/1990   7200      4   4730   2466      2   1841      0    481      0    349      0      0      0   0.00   0.00      0   0.00   17.0  0.048    0.0  0.000      0      0      0      0      0
12/10/1990   7366      5   4735   2626      1   1681      0    516      0    392      0      0      0   0.00   0.00      0   0.00   17.1  0.048    0.0  0.000      0      0      0      0      0
12/11/1990   7294      6   4685   2603      0   1604      0    530      0    445      0      0      0   0.00   0.00      0   0.00   17.2  0.048    0.0  0.000      0      0      0      0      0
12/12/1990   7439      6   4623   2810      0   1554      0    542      0    476      0      0      0   0.00   0.00      0   0.00   17.1  0.048    0.0  0.000      0      0      0      0      0
12/13/1990   7591      6   4605   2980      0   1475      0    618      0    451      0      0      0   0.00   0.00      0   0.00   17.2  0.048    0.0  0.000      0      0      0      0      0
12/14/1990   7731      6   4585   3140      0   1431      0    675      0    350      0      0      0   0.00   0.00      0   0.00   17.2  0.048    0.0  0.000      0      0      0      0      0
12/15/1990   7865      6   4545   3314      0   1403      0    707      0    284      0      0      0   0.00   0.00      0   0.00   17.2  0.048    0.0  0.000      0      0      0      0      0
12/16/1990   8004      6   4487   3511      0   1364      0    731      0    226      0      0      0   0.00   0.00      0   0.00   17.1  0.048    0.0  0.000      0      0      0      0      0
12/17/1990   8094      6   4369   3719      0   1381      0    676      0    254      0      0      0   0.00   0.00      0   0.00   17.1  0.048    0.0  0.000      0      0      0      0      0
12/18/1990   8174      6   4274   3894      0   1450      0    599      0    277      0      0      0   0.00   0.00      0   0.00   17.1  0.048    0.0  0.000      0      0      0      0      0
12/19/1990   8272      6   4198   4068      0   1504      0    512      0    295      0      0      0   0.00   0.00      0   0.00   17.1  0.048    0.0  0.000      0      0      0      0      0
12/20/1990   8391      6   4115   4270      0   1522      0    454      0    235      0      0      0   0.00   0.00      0   0.00   17.0  0.048    0.0  0.000      0      0      0      0      0
12/21/1990   8499      6   4006   4487      0   1537      0    425      0    128      0      0      0   0.00   0.00      0   0.00   17.0  0.048    0.0  0.000      0      0      0      0      0
12/22/1990   8581      6   3863   4712      0   1506      0    457      0     32      0      0      0   0.00   0.00      0   0.00   17.0  0.048    0.0  0.000      0      0      0      0      0
12/23/1990   8651      6   3696   4949      0   1507      0    405      0      0      0      0      0   0.00   0.00      0   0.00   16.9  0.048    0.0  0.000      0      0      0      0      0
12/24/1990   8736      6   3528   5202      0   1487      0    327      0      0      0      0      0   0.00   0.00      0   0.00   16.9  0.048    0.0  0.000      0      0      0      0      0
12/25/1990   8829      6   3357   5466      0   1472      0    235      0     20      0      0      0   0.00   0.00      0   0.00   16.9  0.048    0.0  0.000      0      0      0      0      0
12/26/1990   8899      5   3200   5694      0   1494      0    128      0     71      0      0      0   0.00   0.00      0   0.00   16.9  0.048    0.0  0.000      0      0      0      0      0
12/27/1990   8992      4   3078   5910      0   1482      0     32      0    143      0      0      0   0.00   0.00      0   0.00   16.8  0.048    0.0  0.000      0      0      0      0      0
12/28/1990   9095      3   2944   6148      0   1396      0     20      0    208      0      0      0   0.00   0.00      0   0.00   16.8  0.048    0.0  0.000      0      0      0      0      0
12/29/1990   9192      2   2794   6396      0   1284      0     71      0    194      0      0      0   0.00   0.00      0   0.00   16.8  0.048    0.0  0.000      0      0      0      0      0
12/30/1990   9297      2   2671   6624      0   1165      0    143      0    186      0      0      0   0.00   0.00      0   0.00   16.8  0.048    0.0  0.000      0      0      0      0      0
12/31/1990   9443      1   2589   6853      0   1004      0    228      0    169      0      0      0   0.00   0.00      0   0.00   16.8  0.048    0.0  0.000      0      0      0      0      0
