Varroa Population Simulation - Nov 23,2015  02:34:41 PM
VarroaPop Version 3.2.5.8  June, 2015

                                        Capped  Capped                                                                      Prop           Conc          Conc                                     
            Colony  Adult  Adult         Drone   Wkr    Drone  Wkr    Drone  Wkr  Free   DBrood WBrood DMite  WMite  Mites  Mites  Colony Pollen Colony Nectar   Dead   Dead   Dead   Dead   Dead
     Date   Size   Drones   Wkr   Forgrs Brood  Brood   Larv   Larv    Eggs  Eggs Mites  Mites  Mites  /Cell  /Cell  Dying  Dying  Pollen  Pest  Nectar  Pest    DLarv  WLarv  DAdlt  WAdlt  Forgrs
Initial     10000      0   6363   3637      0      0      0      0      0      0      0      0      0   0.00   0.00      0   0.00    0.0  0.000    0.0  0.000      0      0      0      0      0
08/01/1990   9697      0   6060   3637      0      0      0      0      4    780      0      0      0   0.00   0.00      0   0.00    0.1  0.000    0.0  0.000      0      0      0      0      0
08/02/1990   9394      0   5757   3637      0      0      0      0      8   1559      0      0      0   0.00   0.00      0   0.00    0.2  0.000    0.0  0.000      0      0      0      0      0
08/03/1990   9091      0   5454   3637      0      0      0      0     12   2336      0      0      0   0.00   0.00      0   0.00    0.4  0.000    0.0  0.000      0      0      0      0      0
08/04/1990   8788      0   5151   3637      0      0      4    780     12   2338      0      0      0   0.00   0.00      0   0.00    0.5  0.000    0.0  0.000      0      0      0      0      0
08/05/1990   8485      0   4848   3637      0      0      8   1559     12   2360      0      0      0   0.00   0.00      0   0.00    0.6  0.000    0.0  0.000      0      0      0      0      0
08/06/1990   8182      0   4545   3637      0      0     12   2336     12   2388      0      0      0   0.00   0.00      0   0.00    0.8  0.000    0.0  0.000      0      0      0      0      0
08/07/1990   7879      0   4242   3637      0      0     16   3118     12   2411      0      0      0   0.00   0.00      0   0.00    0.9  0.000    0.0  0.000      0      0      0      0      0
08/08/1990   7576      0   3939   3637      0      0     20   3919     12   2415      0      0      0   0.00   0.00      0   0.00    1.0  0.000    0.0  0.000      0      0      0      0      0
08/09/1990   7273      0   3636   3637      0    780     24   3944     12   2415      0      0      0   0.00   0.00      0   0.00    1.1  0.000    0.0  0.000      0      0      0      0      0
08/10/1990   6970      0   3333   3637      0   1559     28   3970     12   2415      0      0      0   0.00   0.00      0   0.00    1.3  0.000    0.0  0.000      0      0      0      0      0
08/11/1990   4759      0   2959   1800      4   2336     24   3942     12   2415      0      0      0   0.00   0.00      0   0.00    1.4  0.118    0.0  0.000      2     56      0     69   1827
08/12/1990   4524      0   2690   1834      7   3078     24   4005      8   2153      0      0      0   0.00   0.00      0   0.00    1.5  0.148    0.0  0.000      1      0      0      0     85
08/13/1990   4319      0   2421   1898     10   3863     25   4025      4   1883      0      0      0   0.00   0.00      0   0.00    1.5  0.166    0.0  0.000      0      0      0      0     55
08/14/1990   4136      0   2152   1984     13   4668     26   4025      0   1596      0      0      0   0.00   0.00      0   0.00    1.6  0.177    0.0  0.000      0      0      0      0     33
08/15/1990   3966      0   1883   2083     16   5473     23   3763      0   1548      0      0      0   0.00   0.00      0   0.00    1.7  0.181    0.0  0.000      0      0      0      0     20
08/16/1990   3804      0   1614   2190     19   6278     20   3493      0   1533      0      0      0   0.00   0.00      0   0.00    1.8  0.182    0.0  0.000      0      0      0      0     12
08/17/1990   3646      0   1345   2301     23   7083     16   3206      0   1560      0      0      0   0.00   0.00      0   0.00    1.9  0.179    0.0  0.000      0      0      0      0      8
08/18/1990   3492      0   1076   2416     27   7888     12   2896      0   1586      0      0      0   0.00   0.00      0   0.00    2.0  0.175    0.0  0.000      0      0      0      0      4
08/19/1990   3342      0    807   2535     31   8693      8   2611      0   1601      0      0      0   0.00   0.00      0   0.00    2.1  0.166    0.0  0.000      0      0      0      0      0
08/20/1990   3192      0    538   2654     35   9236      4   2613      1   1634      0      0      0   0.00   0.00      0   0.00    2.2  0.157    0.0  0.000      0      0      0      0      0
08/21/1990   3042      0    269   2773     39   9771      0   2599      2   1715      0      0      0   0.00   0.00      0   0.00    2.3  0.149    0.0  0.000      0      0      0      0      0
08/22/1990   3672      0    780   2892     39   9509      0   2616      4   1824      0      0      0   0.00   0.00      0   0.00    2.4  0.141    0.0  0.000      0      0      0      0      0
08/23/1990   4301      0   1559   2742     39   9225      1   2699      5   1919      0      0      0   0.00   0.00      0   0.00    2.5  0.135    0.0  0.000      0      0      0      0      0
08/24/1990   4894      0   2336   2558     39   8968      2   2781      5   1909      0      0      0   0.00   0.00      0   0.00    2.6  0.130    0.0  0.000      0      0      0      0      0
08/25/1990   5426      4   3078   2344     35   8771      4   2880      4   1791      0      0      0   0.00   0.00      0   0.00    2.7  0.126    0.0  0.000      0      0      0      0      0
08/26/1990   5978      7   3863   2108     32   8507      6   3032      2   1639      0      0      0   0.00   0.00      0   0.00    2.8  0.122    0.0  0.000      0      0      0      0      0
08/27/1990   6537     10   4668   1859     29   8237      7   3089      1   1564      0      0      0   0.00   0.00      0   0.00    2.8  0.120    0.0  0.000      0      0      0      0      0
08/28/1990   7088     13   5473   1602     26   8010      8   3037      0   1536      0      0      0   0.00   0.00      0   0.00    2.9  0.118    0.0  0.000      0      0      0      0      0
08/29/1990   7635     16   6278   1341     23   7807      8   2956      0   1482      0      0      0   0.00   0.00      0   0.00    2.9  0.117    0.0  0.000      0      0      0      0      0
08/30/1990   8178     19   7083   1076     21   7646      7   2829      0   1364      0      0      0   0.00   0.00      0   0.00    2.9  0.117    0.0  0.000      0      0      0      0      0
08/31/1990   8718     23   7888    807     18   7514      6   2654      0   1206      0      0      0   0.00   0.00      0   0.00    2.9  0.117    0.0  0.000      0      0      0      0      0
09/01/1990   9258     27   8693    538     16   7301      4   2529      0   1023      0      0      0   0.00   0.00      0   0.00    2.9  0.117    0.0  0.000      0      0      0      0      0
09/02/1990   9805     31   9236    538     14   7284      2   2402      0    832      0      0      0   0.00   0.00      0   0.00    2.8  0.117    0.0  0.000      0      0      0      0      0
09/03/1990  10075     35   9771    269     11   7270      1   2221      0    697      0      0      0   0.00   0.00      0   0.00    2.8  0.117    0.0  0.000      0      0      0      0      0
09/04/1990  10328     39  10289      0      8   7269      0   1988      0    526      0      0      0   0.00   0.00      0   0.00    2.7  0.117    0.0  0.000      0      0      0      0      0
09/05/1990  10823     39  10784      0      8   7272      0   1698      0    318      0      0      0   0.00   0.00      0   0.00    2.7  0.117    0.0  0.000      0      0      0      0      0
09/06/1990  11343     39  11304      0      8   7219      0   1436      0    113      0      0      0   0.00   0.00      0   0.00    2.6  0.116    0.0  0.000      0      0      0      0      0
09/07/1990  11888     39  11849      0      8   7073      0   1150      0      0      0      0      0   0.00   0.00      0   0.00    2.5  0.116    0.0  0.000      0      0      0      0      0
09/08/1990  12409     39  12370      0      8   6892      0    810      0      0      0      0      0   0.00   0.00      0   0.00    2.4  0.116    0.0  0.000      0      0      0      0      0
09/09/1990  12944     39  12905      0      8   6641      0    526      0      0      0      0      0   0.00   0.00      0   0.00    2.3  0.116    0.0  0.000      0      0      0      0      0
09/10/1990  13522     39  13483      0      8   6271      0    318      0      0      0      0      0   0.00   0.00      0   0.00    2.2  0.116    0.0  0.000      0      0      0      0      0
09/11/1990  14124     39  14085      0      8   5874      0    113      0      0      0      0      0   0.00   0.00      0   0.00    2.1  0.116    0.0  0.000      0      0      0      0      0
09/12/1990  14768     39  13949    780      8   5343      0      0      0      0      0      0      0   0.00   0.00      0   0.00    2.0  0.115    0.0  0.000      0      0      0      0      0
09/13/1990  15442     40  13843   1559      7   4670      0      0      0    279      0      0      0   0.00   0.00      0   0.00    2.0  0.115    0.0  0.000      0      0      0      0      0
09/14/1990  16035     41  13658   2336      6   4078      0      0      0    701      0      0      0   0.00   0.00      0   0.00    2.0  0.115    0.0  0.000      0      0      0      0      0
09/15/1990  16559     39  13442   3078      4   3552      0      0      0   1237      0      0      0   0.00   0.00      0   0.00    2.1  0.112    0.0  0.000      0      0      0      0      0
09/16/1990  17079     38  13178   3863      2   3031      0    279      2   1582      0      0      0   0.00   0.00      0   0.00    2.2  0.108    0.0  0.000      0      0      0      0      0
09/17/1990  17594     36  12890   4668      1   2514      0    701      6   1876      0      0      0   0.00   0.00      0   0.00    2.3  0.102    0.0  0.000      0      0      0      0      0
09/18/1990  18090     34  12583   5473      0   2016      0   1237     11   2110      0      0      0   0.00   0.00      0   0.00    2.5  0.095    0.0  0.000      0      0      0      0      0
09/19/1990  18554     31  12245   6278      0   1549      2   1861     15   2303      0      0      0   0.00   0.00      0   0.00    2.7  0.088    0.0  0.000      0      0      0      0      0
09/20/1990  18950     28  11839   7083      0   1150      6   2577     20   2505      0      0      0   0.00   0.00      0   0.00    2.9  0.081    0.0  0.000      0      0      0      0      0
09/21/1990  19286     24  11374   7888      0   1089     11   3068     26   2707      0      0      0   0.00   0.00      0   0.00    3.2  0.074    0.0  0.000      0      0      0      0      0
09/22/1990  19566     20  10853   8693      0   1227     17   3463     31   2846      0      0      0   0.00   0.00      0   0.00    3.5  0.067    0.0  0.000      0      0      0      0      0
09/23/1990  19770     16  10518   9236      0   1555     26   3845     33   2862      0      0      0   0.00   0.00      0   0.00    3.8  0.061    0.0  0.000      0      0      0      0      0
09/24/1990  19191     12  10188   8991      0   1974     37   4193     35   2900      0      0      0   0.00   0.00      0   0.00    4.2  0.056    0.0  0.000      0      0      0      0      0
09/25/1990  18521      8   9783   8730      0   2577     48   4433     36   2935      0      0      0   0.00   0.00      0   0.00    4.5  0.052    0.0  0.000      0      0      0      0      0
09/26/1990  17744      8   9288   8448      2   3347     57   4597     37   2978      0      0      0   0.00   0.00      0   0.00    4.8  0.049    0.0  0.000      0      0      0      0      0
09/27/1990  17002      8   8768   8226      6   4164     66   4790     35   2936      0      0      0   0.00   0.00      0   0.00    5.1  0.046    0.0  0.000      0      0      0      0      0
09/28/1990  16217      8   8223   7986     11   5082     73   4863     34   2925      0      0      0   0.00   0.00      0   0.00    5.4  0.043    0.0  0.000      0      0      0      0      0
09/29/1990  15412      8   7702   7702     17   6054     79   4868     33   2962      0      0      0   0.00   0.00      0   0.00    5.7  0.041    0.0  0.000      0      0      0      0      0
09/30/1990  14607      8   7167   7432     26   7010     81   4880     33   3020      0      0      0   0.00   0.00      0   0.00    5.9  0.039    0.0  0.000      0      0      0      0      0
10/01/1990  13802      8   6589   7205     37   7944     81   4926     33   3060      0      0      0   0.00   0.00      0   0.00    6.2  0.038    0.0  0.000      0      0      0      0      0
10/02/1990  12997      8   5987   7002     48   8954     81   4930     32   2987      0      0      0   0.00   0.00      0   0.00    6.5  0.036    0.0  0.000      0      0      0      0      0
10/03/1990  12192      8   5343   6841     59   9945     81   4965     31   2899      0      0      0   0.00   0.00      0   0.00    6.7  0.035    0.0  0.000      0      0      0      0      0
10/04/1990  11665      7   4949   6709     72  10643     79   5008     31   2885      0      0      0   0.00   0.00      0   0.00    7.0  0.033    0.0  0.000      0      0      0      0      0
10/05/1990  11543      6   4779   6758     84  11189     77   4981     30   2863      0      0      0   0.00   0.00      0   0.00    7.2  0.032    0.0  0.000      0      0      0      0      0
10/06/1990  11542      4   4789   6749     96  11633     75   4939     28   2767      0      0      0   0.00   0.00      0   0.00    7.5  0.031    0.0  0.000      0      0      0      0      0
10/07/1990  11646      2   4892   6752    107  12023     75   4931     25   2537      0      0      0   0.00   0.00      0   0.00    7.8  0.030    0.0  0.000      0      0      0      0      0
10/08/1990  11866      1   5091   6774    118  12333     73   4824     24   2410      0      0      0   0.00   0.00      0   0.00    8.0  0.029    0.0  0.000      0      0      0      0      0
10/09/1990  12115      0   5363   6752    129  12583     70   4646     24   2414      0      0      0   0.00   0.00      0   0.00    8.3  0.028    0.0  0.000      0      0      0      0      0
10/10/1990  12389      2   5713   6674    138  12707     67   4481     24   2463      0      0      0   0.00   0.00      0   0.00    8.6  0.027    0.0  0.000      0      0      0      0      0
10/11/1990  12790      6   6232   6552    145  12727     64   4335     24   2494      0      0      0   0.00   0.00      0   0.00    8.8  0.026    0.0  0.000      0      0      0      0      0
10/12/1990  13232     11   6864   6357    150  12761     62   4175     24   2476      0      0      0   0.00   0.00      0   0.00    9.1  0.026    0.0  0.000      0      0      0      0      0
10/13/1990  13616     17   7536   6063    154  12724     60   4081     23   2458      0      0      0   0.00   0.00      0   0.00    9.3  0.025    0.0  0.000      0      0      0      0      0
10/14/1990  13957     26   8262   5669    156  12632     57   4062     22   2436      0      0      0   0.00   0.00      0   0.00    9.5  0.025    0.0  0.000      0      0      0      0      0
10/15/1990  14334     37   9067   5230    154  12398     56   4114     20   2396      0      0      0   0.00   0.00      0   0.00    9.7  0.024    0.0  0.000      0      0      0      0      0
10/16/1990  14663     48   9945   4670    151  12199     55   4129     18   2335      0      0      0   0.00   0.00      0   0.00    9.8  0.024    0.0  0.000      0      0      0      0      0
10/17/1990  15059     59  10922   4078    148  12068     54   4084     16   2240      0      0      0   0.00   0.00      0   0.00   10.0  0.023    0.0  0.000      0      0      0      0      0
10/18/1990  15514     72  11890   3552    143  11925     52   4047     14   2126      0      0      0   0.00   0.00      0   0.00   10.1  0.023    0.0  0.000      0      0      0      0      0
10/19/1990  15985     84  12870   3031    139  11768     49   3970     11   1940      0      0      0   0.00   0.00      0   0.00   10.1  0.023    0.0  0.000      0      0      0      0      0
10/20/1990  16494     96  13884   2514    135  11582     46   3848      7   1709      0      0      0   0.00   0.00      0   0.00   10.1  0.023    0.0  0.000      0      0      0      0      0
10/21/1990  17033    107  14910   2016    132  11363     42   3715      3   1506      0      0      0   0.00   0.00      0   0.00   10.1  0.023    0.0  0.000      0      0      0      0      0
10/22/1990  17597    118  15930   1549    129  11144     36   3474      1   1364      0      0      0   0.00   0.00      0   0.00   10.1  0.023    0.0  0.000      0      0      0      0      0
10/23/1990  18150    129  16871   1150    125  10991     30   3161      0   1251      0      0      0   0.00   0.00      0   0.00   10.0  0.023    0.0  0.000      0      0      0      0      0
10/24/1990  18759    140  17809    810    121  10799     23   2886      0   1091      0      0      0   0.00   0.00      0   0.00    9.9  0.023    0.0  0.000      0      0      0      0      0
10/25/1990  19492    151  18536    805    116  10499     17   2598      0    919      0      0      0   0.00   0.00      0   0.00    9.8  0.023    0.0  0.000      0      0      0      0      0
10/26/1990  20213    161  19033   1019    111  10254     12   2286      0    783      0      0      0   0.00   0.00      0   0.00    9.8  0.023    0.0  0.000      0      0      0      0      0
10/27/1990  20860    171  19339   1350    106   9972      7   2037      0    752      0      0      0   0.00   0.00      0   0.00    9.7  0.023    0.0  0.000      0      0      0      0      0
10/28/1990  21534    182  19491   1861     99   9671      3   1808      0    834      0      0      0   0.00   0.00      0   0.00    9.6  0.023    0.0  0.000      0      0      0      0      0
10/29/1990  22335    191  19567   2577     92   9350      1   1563      0   1005      0      0      0   0.00   0.00      0   0.00    9.6  0.023    0.0  0.000      0      0      0      0      0
10/30/1990  23189    199  19643   3347     85   8922      0   1425      0   1170      0      0      0   0.00   0.00      0   0.00    9.6  0.023    0.0  0.000      0      0      0      0      0
10/31/1990  24020    205  19651   4164     77   8459      0   1391      2   1332      0      0      0   0.00   0.00      0   0.00    9.7  0.023    0.0  0.000      0      0      0      0      0
11/01/1990  24839    209  19556   5074     69   7947      0   1477      4   1382      0      0      0   0.00   0.00      0   0.00    9.8  0.023    0.0  0.000      0      0      0      0      0
11/02/1990  25661    212  19412   6037     61   7365      0   1676      7   1391      0      0      0   0.00   0.00      0   0.00    9.9  0.022    0.0  0.000      0      0      0      0      0
11/03/1990  26460    214  19263   6983     53   6784      2   1940     10   1422      0      0      0   0.00   0.00      0   0.00   10.1  0.022    0.0  0.000      0      0      0      0      0
11/04/1990  27249    213  19130   7906     45   6263      4   2107     14   1587      0      0      0   0.00   0.00      0   0.00   10.3  0.021    0.0  0.000      0      0      0      0      0
11/05/1990  28022    210  18908   8904     37   5803      7   2233     18   1796      0      0      0   0.00   0.00      0   0.00   10.6  0.021    0.0  0.000      0      0      0      0      0
11/06/1990  28478    206  18663   9609     30   5454     12   2357     20   1858      0      0      0   0.00   0.00      0   0.00   10.9  0.020    0.0  0.000      0      0      0      0      0
11/07/1990  28752    202  18392  10158     23   5193     18   2524     21   1838      0      0      0   0.00   0.00      0   0.00   11.2  0.020    0.0  0.000      0      0      0      0      0
11/08/1990  28878    195  18098  10585     17   5009     25   2697     23   1862      0      0      0   0.00   0.00      0   0.00   11.6  0.019    0.0  0.000      0      0      0      0      0
11/09/1990  28803    188  17678  10937     12   4896     32   2833     26   2012      0      0      0   0.00   0.00      0   0.00   11.9  0.019    0.0  0.000      0      0      0      0      0
11/10/1990  28552    181  17139  11232      9   4875     37   2971     30   2179      0      0      0   0.00   0.00      0   0.00   12.3  0.018    0.0  0.000      0      0      0      0      0
11/11/1990  28244    174  16584  11486      7   4925     44   3137     32   2289      0      0      0   0.00   0.00      0   0.00   12.7  0.017    0.0  0.000      0      0      0      0      0
11/12/1990  27835    165  15982  11688      8   5119     51   3258     34   2398      0      0      0   0.00   0.00      0   0.00   13.1  0.017    0.0  0.000      0      0      0      0      0
11/13/1990  27269    155  15403  11711     12   5420     57   3354     35   2516      0      0      0   0.00   0.00      0   0.00   13.6  0.016    0.0  0.000      0      0      0      0      0
11/14/1990  26597    144  14776  11677     18   5692     62   3568     35   2479      0      0      0   0.00   0.00      0   0.00   14.0  0.016    0.0  0.000      0      0      0      0      0
11/15/1990  25876    133  14016  11727     25   6038     67   3818     34   2359      0      0      0   0.00   0.00      0   0.00   14.4  0.015    0.0  0.000      0      0      0      0      0
11/16/1990  25158    123  13323  11712     32   6499     72   4008     33   2278      0      0      0   0.00   0.00      0   0.00   14.8  0.015    0.0  0.000      0      0      0      0      0
11/17/1990  24418    113  12761  11544     39   6952     76   4035     34   2352      0      0      0   0.00   0.00      0   0.00   15.3  0.015    0.0  0.000      0      0      0      0      0
11/18/1990  23744    102  12313  11329     48   7383     78   3998     34   2404      0      0      0   0.00   0.00      0   0.00   15.7  0.014    0.0  0.000      0      0      0      0      0
11/19/1990  23155     93  11918  11144     58   7783     79   3997     34   2394      0      0      0   0.00   0.00      0   0.00   16.1  0.014    0.0  0.000      0      0      0      0      0
11/20/1990  23580     85  11517  11978     69   8180     80   3989     30   2135      0      0      0   0.00   0.00      0   0.00   16.5  0.013    0.0  0.000      0      0      0      0      0
11/21/1990  23095     77  11182  11836     80   8567     80   3886     26   1877      0      0      0   0.00   0.00      0   0.00   17.0  0.013    0.0  0.000      0      0      0      0      0
11/22/1990  21553     69  10806  10678     92   8880     79   3912     23   1642      0      0      0   0.00   0.00      0   0.00   17.4  0.013    0.0  0.000      0      0      0      0      0
11/23/1990  20973     61  10432  10480    104   9148     75   3765     22   1603      0      0      0   0.00   0.00      0   0.00   17.8  0.012    0.0  0.000      0      0      0      0      0
11/24/1990  20468     55  10146  10267    113   9423     71   3485     22   1630      0      0      0   0.00   0.00      0   0.00   18.2  0.012    0.0  0.000      0      0      0      0      0
11/25/1990  21061     49   9957  11055    122   9645     68   3202     22   1680      0      0      0   0.00   0.00      0   0.00   18.1  0.012    0.0  0.000      0      0      0      0      0
11/26/1990  21706     44   9832  11830    130   9756     64   2964     20   1560      0      0      0   0.00   0.00      0   0.00   18.0  0.012    0.0  0.000      0      0      0      0      0
11/27/1990  22273     42   9669  12562    137   9959     59   2721     18   1398      0      0      0   0.00   0.00      0   0.00   18.0  0.012    0.0  0.000      0      0      0      0      0
11/28/1990  22850     41   9555  13254    142   9942     56   2747     16   1255      0      0      0   0.00   0.00      0   0.00   18.5  0.012    0.0  0.000      0      0      0      0      0
11/29/1990  21676     42   9568  12066    146   9771     50   2647     19   1385      0      0      0   0.00   0.00      0   0.00   19.0  0.012    0.0  0.000      0      0      0      0      0
11/30/1990  21406     44   9741  11621    147   9589     47   2477     22   1548      0      0      0   0.00   0.00      0   0.00   19.4  0.011    0.0  0.000      0      0      0      0      0
12/01/1990  22153     46  10025  12082    147   9366     46   2399     22   1535      0      0      0   0.00   0.00      0   0.00   19.9  0.011    0.0  0.000      0      0      0      0      0
12/02/1990  22941     51  10351  12539    146   9112     46   2402     19   1372      0      0      0   0.00   0.00      0   0.00   19.8  0.011    0.0  0.000      0      0      0      0      0
12/03/1990  22875     59  10775  12041    143   8871     47   2345     17   1268      0      0      0   0.00   0.00      0   0.00   20.3  0.011    0.0  0.000      0      0      0      0      0
12/04/1990  22923     69  11290  11564    139   8410     46   2374     17   1302      0      0      0   0.00   0.00      0   0.00   20.8  0.011    0.0  0.000      0      0      0      0      0
12/05/1990  23680     80  11739  11861    136   8031     43   2376     17   1303      0      0      0   0.00   0.00      0   0.00   20.7  0.011    0.0  0.000      0      0      0      0      0
12/06/1990  23642     92  12215  11335    129   7767     44   2358     17   1328      0      0      0   0.00   0.00      0   0.00   21.1  0.010    0.0  0.000      0      0      0      0      0
12/07/1990  22832    104  12785   9943    122   7517     45   2291     17   1344      0      0      0   0.00   0.00      0   0.00   21.5  0.010    0.0  0.000      0      0      0      0      0
12/08/1990  22854    115  13339   9400    117   7227     44   2131     17   1427      0      0      0   0.00   0.00      0   0.00   21.8  0.010    0.0  0.000      0      0      0      0      0
12/09/1990  22819    126  13785   8908    114   6898     42   2151     16   1439      0      0      0   0.00   0.00      0   0.00   22.1  0.010    0.0  0.000      0      0      0      0      0
12/10/1990  22791    137  14174   8480    111   6495     40   2263     17   1553      0      0      0   0.00   0.00      0   0.00   22.4  0.010    0.0  0.000      0      0      0      0      0
12/11/1990  20271    149  14304   5818    105   6360     39   2290     18   1680      0      0      0   0.00   0.00      0   0.00   22.6  0.010    0.0  0.000      0      0      0      0      0
12/12/1990  20786    160  14330   6296     99   6323     39   2288     17   1666      0      0      0   0.00   0.00      0   0.00   22.5  0.010    0.0  0.000      0      0      0      0      0
12/13/1990  21336    171  14434   6731     94   6156     40   2513     14   1475      0      0      0   0.00   0.00      0   0.00   22.7  0.010    0.0  0.000      0      0      0      0      0
12/14/1990  21868    179  14516   7173     92   6085     40   2642      9   1078      0      0      0   0.00   0.00      0   0.00   22.6  0.010    0.0  0.000      0      0      0      0      0
12/15/1990  22403    184  14538   7681     90   6037     39   2610      7    871      0      0      0   0.00   0.00      0   0.00   22.5  0.010    0.0  0.000      0      0      0      0      0
12/16/1990  22997    190  14527   8280     88   5903     37   2561      5    691      0      0      0   0.00   0.00      0   0.00   22.4  0.010    0.0  0.000      0      0      0      0      0
12/17/1990  23403    194  14280   8929     87   5964     32   2281      7    776      0      0      0   0.00   0.00      0   0.00   22.3  0.010    0.0  0.000      0      0      0      0      0
12/18/1990  23772    196  14078   9498     85   6192     29   1928      9    847      0      0      0   0.00   0.00      0   0.00   22.2  0.010    0.0  0.000      0      0      0      0      0
12/19/1990  24218    198  13944  10076     82   6328     26   1572     10    901      0      0      0   0.00   0.00      0   0.00   22.1  0.010    0.0  0.000      0      0      0      0      0
12/20/1990  24747    196  13803  10748     84   6245     22   1391      7    719      0      0      0   0.00   0.00      0   0.00   22.0  0.010    0.0  0.000      0      0      0      0      0
12/21/1990  25274    194  13614  11466     85   6119     20   1300      3    392      0      0      0   0.00   0.00      0   0.00   21.9  0.010    0.0  0.000      0      0      0      0      0
12/22/1990  25702    193  13300  12209     83   5871     19   1395      0    100      0      0      0   0.00   0.00      0   0.00   21.8  0.010    0.0  0.000      0      0      0      0      0
12/23/1990  26068    192  12886  12990     79   5744     15   1239      0      0      0      0      0   0.00   0.00      0   0.00   21.7  0.010    0.0  0.000      0      0      0      0      0
12/24/1990  26489    190  12484  13815     72   5542     14   1001      0      0      0      0      0   0.00   0.00      0   0.00   21.6  0.010    0.0  0.000      0      0      0      0      0
12/25/1990  26946    185  12086  14675     68   5345     12    719      0     63      0      0      0   0.00   0.00      0   0.00   21.5  0.010    0.0  0.000      0      0      0      0      0
12/26/1990  27306    179  11710  15417     65   5288     10    392      2    218      0      0      0   0.00   0.00      0   0.00   21.4  0.010    0.0  0.000      0      0      0      0      0
12/27/1990  27747    173  11453  16121     62   5115      7    100      5    438      0      0      0   0.00   0.00      0   0.00   21.3  0.010    0.0  0.000      0      0      0      0      0
12/28/1990  28217    167  11152  16898     60   4720      3     63      9    632      0      0      0   0.00   0.00      0   0.00   21.3  0.010    0.0  0.000      0      0      0      0      0
12/29/1990  28659    161  10785  17713     58   4253      2    218      8    589      0      0      0   0.00   0.00      0   0.00   21.2  0.010    0.0  0.000      0      0      0      0      0
12/30/1990  29111    156  10488  18467     52   3776      5    438      8    562      0      0      0   0.00   0.00      0   0.00   21.1  0.010    0.0  0.000      0      0      0      0      0
12/31/1990  29695    151  10311  19233     46   3167      9    695      7    509      0      0      0   0.00   0.00      0   0.00   21.1  0.010    0.0  0.000      0      0      0      0      0
