Varroa Population Simulation - Nov 23,2015  02:36:50 PM
VarroaPop Version 3.2.5.8  June, 2015

                                        Capped  Capped                                                                      Prop           Conc          Conc                                     
            Colony  Adult  Adult         Drone   Wkr    Drone  Wkr    Drone  Wkr  Free   DBrood WBrood DMite  WMite  Mites  Mites  Colony Pollen Colony Nectar   Dead   Dead   Dead   Dead   Dead
     Date   Size   Drones   Wkr   Forgrs Brood  Brood   Larv   Larv    Eggs  Eggs Mites  Mites  Mites  /Cell  /Cell  Dying  Dying  Pollen  Pest  Nectar  Pest    DLarv  WLarv  DAdlt  WAdlt  Forgrs
Initial     10000      0   7497   2503      0      0      0      0      0      0      0      0      0   0.00   0.00      0   0.00    0.0  0.000    0.0  0.000      0      0      0      0      0
08/01/1990   9643      0   7140   2503      0      0      0      0      3    209      0      0      0   0.00   0.00      0   0.00    0.1  0.000    0.0  0.000      0      0      0      0      0
08/02/1990   9286      0   6783   2503      0      0      0      0      6    418      0      0      0   0.00   0.00      0   0.00    0.1  0.000    0.0  0.000      0      0      0      0      0
08/03/1990   8929      0   6426   2503      0      0      0      0      9    627      0      0      0   0.00   0.00      0   0.00    0.2  0.000    0.0  0.000      0      0      0      0      0
08/04/1990   8572      0   6069   2503      0      0      3    209      9    628      0      0      0   0.00   0.00      0   0.00    0.3  0.000    0.0  0.000      0      0      0      0      0
08/05/1990   8215      0   5712   2503      0      0      6    418      9    634      0      0      0   0.00   0.00      0   0.00    0.3  0.000    0.0  0.000      0      0      0      0      0
08/06/1990   7858      0   5355   2503      0      0      9    627      9    641      0      0      0   0.00   0.00      0   0.00    0.4  0.000    0.0  0.000      0      0      0      0      0
08/07/1990   7497      0   4998   2499      0      0     12    837     10    647      0      0      0   0.00   0.00      0   0.00    0.5  0.000    0.0  0.000      0      0      0      0      0
08/08/1990   7140      0   4641   2499      0      0     15   1052     11    647      0      0      0   0.00   0.00      0   0.00    0.6  0.000    0.0  0.000      0      0      0      0      0
08/09/1990   6783      0   4284   2499      0    209     18   1059     12    647      0      0      0   0.00   0.00      0   0.00    0.6  0.000    0.0  0.000      0      0      0      0      0
08/10/1990   6426      0   3927   2499      0    418     22   1066     12    647      0      0      0   0.00   0.00      0   0.00    0.7  0.000    0.0  0.000      0      0      0      0      0
08/11/1990    220      0    220      0      3    627     11    790     12    648      0      0      0   0.00   0.00      0   0.00    0.8  0.706    0.0  0.000     10    282      0   3349   2491
08/12/1990    204      0    200      4      3    667     14    960      8    432      0      0      0   0.00   0.00      0   0.00    0.8  0.706    0.0  0.000      1      6      0      0     16
08/13/1990    188      0    180      8      3    770     17   1068      4    216      0      0      0   0.00   0.00      0   0.00    0.8  0.706    0.0  0.000      1      5      0      0     16
08/14/1990    173      0    160     13      3    980     20   1069      0      0      0      0      0   0.00   0.00      0   0.00    0.8  0.706    0.0  0.000      1      5      0      0     15
08/15/1990    159      0    140     19      3   1191     19    853      0      0      0      0      0   0.00   0.00      0   0.00    0.8  0.706    0.0  0.000      1      5      0      0     14
08/16/1990    145      0    120     25      5   1401     16    638      0      0      0      0      0   0.00   0.00      0   0.00    0.8  0.706    0.0  0.000      1      5      0      0     14
08/17/1990    132      0    100     32      8   1612     12    422      0      0      0      0      0   0.00   0.00      0   0.00    0.8  0.706    0.0  0.000      1      5      0      0     13
08/18/1990    119      0     80     39     11   1823      9    211      0      0      0      0      0   0.00   0.00      0   0.00    0.8  0.708    0.0  0.000      0      0      0      0     13
08/19/1990    115      0     60     55     14   2034      6      0      0      5      0      0      0   0.00   0.00      0   0.00    0.8  0.706    0.0  0.000      0      0      0      0      0
08/20/1990    111      0     40     71     17   2034      3      0      0     12      0      0      0   0.00   0.00      0   0.00    0.8  0.704    0.0  0.000      0      0      0      0      0
08/21/1990    106      0     20     86     20   2034      0      0      0     22      0      0      0   0.00   0.00      0   0.00    0.8  0.700    0.0  0.000      0      0      0      0      0
08/22/1990    309      0    209    100     20   1825      0      5      0     29      0      0      0   0.00   0.00      0   0.00    0.8  0.697    0.0  0.000      0      0      0      0      0
08/23/1990    512      0    418     94     20   1616      0     12      0     37      0      0      0   0.00   0.00      0   0.00    0.8  0.695    0.0  0.000      0      0      0      0      0
08/24/1990    714      0    627     87     20   1407      0     22      0     39      0      0      0   0.00   0.00      0   0.00    0.8  0.695    0.0  0.000      0      0      0      0      0
08/25/1990    750      3    667     80     17   1367      0     34      0     38      0      0      0   0.00   0.00      0   0.00    0.8  0.694    0.0  0.000      0      0      0      0      0
08/26/1990    833      3    770     60     17   1264      0     49      0     34      0      0      0   0.00   0.00      0   0.00    0.8  0.694    0.0  0.000      0      0      0      0      0
08/27/1990   1023      3    980     40     17   1059      0     56      0     30      0      0      0   0.00   0.00      0   0.00    0.8  0.694    0.0  0.000      0      0      0      0      0
08/28/1990   1214      3   1191     20     17    855      0     60      0     24      0      0      0   0.00   0.00      0   0.00    0.8  0.694    0.0  0.000      0      0      0      0      0
08/29/1990   1404      3   1401      0     17    655      0     61      0     15      0      0      0   0.00   0.00      0   0.00    0.8  0.694    0.0  0.000      0      0      0      0      0
08/30/1990   1617      5   1612      0     15    456      0     57      0      7      0      0      0   0.00   0.00      0   0.00    0.8  0.694    0.0  0.000      0      0      0      0      0
08/31/1990   1831      8   1823      0     12    260      0     47      0      2      0      0      0   0.00   0.00      0   0.00    0.8  0.694    0.0  0.000      0      0      0      0      0
09/01/1990   2045     11   2034      0      9     61      0     37      0      0      0      0      0   0.00   0.00      0   0.00    0.8  0.694    0.0  0.000      0      0      0      0      0
09/02/1990   2048     14   2034      0      6     72      0     26      0      0      0      0      0   0.00   0.00      0   0.00    0.8  0.694    0.0  0.000      0      0      0      0      0
09/03/1990   2051     17   2034      0      3     83      0     15      0      0      0      0      0   0.00   0.00      0   0.00    0.7  0.694    0.0  0.000      0      0      0      0      0
09/04/1990   2054     20   2034      0      0     91      0      7      0      0      0      0      0   0.00   0.00      0   0.00    0.7  0.693    0.0  0.000      0      0      0      0      0
09/05/1990   2054     20   2034      0      0     96      0      2      0      0      0      0      0   0.00   0.00      0   0.00    0.7  0.693    0.0  0.000      0      0      0      0      0
09/06/1990   2054     20   2034      0      0     98      0      0      0      0      0      0      0   0.00   0.00      0   0.00    0.7  0.693    0.0  0.000      0      0      0      0      0
09/07/1990   2054     20   2034      0      0     98      0      0      0      0      0      0      0   0.00   0.00      0   0.00    0.7  0.693    0.0  0.000      0      0      0      0      0
09/08/1990   2054     20   2034      0      0     98      0      0      0      0      0      0      0   0.00   0.00      0   0.00    0.7  0.692    0.0  0.000      0      0      0      0      0
09/09/1990   2059     20   2039      0      0     93      0      0      0      0      0      0      0   0.00   0.00      0   0.00    0.7  0.692    0.0  0.000      0      0      0      0      0
09/10/1990   2066     20   2046      0      0     86      0      0      0      0      0      0      0   0.00   0.00      0   0.00    0.6  0.691    0.0  0.000      0      0      0      0      0
09/11/1990   2076     20   2056      0      0     76      0      0      0      0      0      0      0   0.00   0.00      0   0.00    0.6  0.691    0.0  0.000      0      0      0      0      0
09/12/1990   2088     20   1859    209      0     64      0      0      0      0      0      0      0   0.00   0.00      0   0.00    0.6  0.691    0.0  0.000      0      0      0      0      0
09/13/1990   2103     20   1665    418      0     49      0      0      0     30      0      0      0   0.00   0.00      0   0.00    0.6  0.684    0.0  0.000      0      0      0      0      0
09/14/1990   2115     20   1468    627      0     37      0      0      0     81      0      0      0   0.00   0.00      0   0.00    0.6  0.667    0.0  0.000      0      0      0      0      0
09/15/1990   2123     17   1439    667      0     26      0      0      0    152      0      0      0   0.00   0.00      0   0.00    0.7  0.649    0.0  0.000      0      0      0      0      0
09/16/1990   2134     17   1347    770      0     15      0     30      0    197      0      0      0   0.00   0.00      0   0.00    0.7  0.625    0.0  0.000      0      0      0      0      0
09/17/1990   2142     17   1145    980      0      7      0     81      0    231      0      0      0   0.00   0.00      0   0.00    0.7  0.594    0.0  0.000      0      0      0      0      0
09/18/1990   2147     17    939   1191      0      2      0    152      1    260      0      0      0   0.00   0.00      0   0.00    0.8  0.557    0.0  0.000      0      0      0      0      0
09/19/1990   1940     17    731   1192      0      0      0    227      2    298      0      0      0   0.00   0.00      0   0.00    0.8  0.523    0.0  0.000      0      0      0      0      0
09/20/1990   1729     15    520   1194      0      0      0    312      3    334      0      0      0   0.00   0.00      0   0.00    0.9  0.492    0.0  0.000      0      0      0      0      0
09/21/1990   1517     12    309   1196      0     30      1    382      3    356      0      0      0   0.00   0.00      0   0.00    0.9  0.464    0.0  0.000      0      0      0      0      0
09/22/1990   1474      9     98   1367      0     81      2    444      3    357      0      0      0   0.00   0.00      0   0.00    1.0  0.435    0.0  0.000      0      0      0      0      0
09/23/1990   1368      6     98   1264      0    152      3    494      3    355      0      0      0   0.00   0.00      0   0.00    1.0  0.412    0.0  0.000      0      0      0      0      0
09/24/1990   1155      3     98   1054      0    227      4    541      3    352      0      0      0   0.00   0.00      0   0.00    1.1  0.394    0.0  0.000      0      0      0      0      0
09/25/1990    941      0     98    843      0    312      5    570      3    341      0      0      0   0.00   0.00      0   0.00    1.1  0.381    0.0  0.000      0      0      0      0      0
09/26/1990    731      0     98    633      0    412      6    589      3    309      0      0      0   0.00   0.00      0   0.00    1.1  0.372    0.0  0.000      0      0      0      0      0
09/27/1990    520      0     98    422      0    525      7    595      2    260      0      0      0   0.00   0.00      0   0.00    1.2  0.367    0.0  0.000      0      0      0      0      0
09/28/1990    309      0     98    211      1    646      7    577      1    208      0      0      0   0.00   0.00      0   0.00    1.2  0.364    0.0  0.000      0      0      0      0      0
09/29/1990     98      0     98      0      2    768      7    542      0    150      0      0      0   0.00   0.00      0   0.00    1.2  0.364    0.0  0.000      0      0      0      0      0
09/30/1990     98      0     93      5      3    882      6    498      0     80      0      0      0   0.00   0.00      0   0.00    1.2  0.364    0.0  0.000      0      0      0      0      0
10/01/1990     98      0     86     12      4   1001      5    430      0     29      0      0      0   0.00   0.00      0   0.00    1.2  0.364    0.0  0.000      0      0      0      0      0
10/02/1990     98      0     76     22      5   1120      4    340      0      0      0      0      0   0.00   0.00      0   0.00    1.2  0.364    0.0  0.000      0      0      0      0      0
10/03/1990     98      0     64     34      6   1223      3    237      0      0      0      0      0   0.00   0.00      0   0.00    1.2  0.364    0.0  0.000      0      0      0      0      0
10/04/1990    128      0     79     49      7   1280      2    150      0      0      0      0      0   0.00   0.00      0   0.00    1.2  0.364    0.0  0.000      0      0      0      0      0
10/05/1990    179      0    118     61      8   1299      1     80      0      6      0      0      0   0.00   0.00      0   0.00    1.2  0.363    0.0  0.000      0      0      0      0      0
10/06/1990    250      0    178     72      9   1279      0     29      0     13      0      0      0   0.00   0.00      0   0.00    1.2  0.362    0.0  0.000      0      0      0      0      0
10/07/1990    320      0    242     78      9   1233      0      0      0     21      0      0      0   0.00   0.00      0   0.00    1.2  0.362    0.0  0.000      0      0      0      0      0
10/08/1990    398      0    319     79      9   1148      0      6      0     24      0      0      0   0.00   0.00      0   0.00    1.2  0.361    0.0  0.000      0      0      0      0      0
10/09/1990    488      0    414     74      9   1048      0     13      0     27      0      0      0   0.00   0.00      0   0.00    1.2  0.361    0.0  0.000      0      0      0      0      0
10/10/1990    589      0    525     64      9    935      0     21      0     28      0      0      0   0.00   0.00      0   0.00    1.2  0.361    0.0  0.000      0      0      0      0      0
10/11/1990    695      0    646     49      9    814      0     30      0     27      0      0      0   0.00   0.00      0   0.00    1.2  0.361    0.0  0.000      0      0      0      0      0
10/12/1990    806      1    768     37      8    692      0     40      0     22      0      0      0   0.00   0.00      0   0.00    1.2  0.361    0.0  0.000      0      0      0      0      0
10/13/1990    910      2    882     26      7    584      0     43      0     17      0      0      0   0.00   0.00      0   0.00    1.2  0.361    0.0  0.000      0      0      0      0      0
10/14/1990   1019      3   1001     15      6    472      0     44      0     12      0      0      0   0.00   0.00      0   0.00    1.2  0.361    0.0  0.000      0      0      0      0      0
10/15/1990   1131      4   1120      7      5    361      0     41      0      8      0      0      0   0.00   0.00      0   0.00    1.2  0.361    0.0  0.000      0      0      0      0      0
10/16/1990   1230      5   1223      2      4    267      0     36      0      4      0      0      0   0.00   0.00      0   0.00    1.2  0.361    0.0  0.000      0      0      0      0      0
10/17/1990   1316      6   1310      0      3    190      0     29      0      1      0      0      0   0.00   0.00      0   0.00    1.1  0.360    0.0  0.000      0      0      0      0      0
10/18/1990   1387      7   1380      0      2    129      0     21      0      0      0      0      0   0.00   0.00      0   0.00    1.1  0.360    0.0  0.000      0      0      0      0      0
10/19/1990   1439      8   1431      0      1     86      0     13      0      0      0      0      0   0.00   0.00      0   0.00    1.1  0.360    0.0  0.000      0      0      0      0      0
10/20/1990   1469      9   1460      0      0     62      0      8      0      0      0      0      0   0.00   0.00      0   0.00    1.1  0.360    0.0  0.000      0      0      0      0      0
10/21/1990   1469      9   1460      0      0     66      0      4      0      0      0      0      0   0.00   0.00      0   0.00    1.1  0.360    0.0  0.000      0      0      0      0      0
10/22/1990   1469      9   1460      0      0     69      0      1      0      0      0      0      0   0.00   0.00      0   0.00    1.1  0.360    0.0  0.000      0      0      0      0      0
10/23/1990   1469      9   1460      0      0     70      0      0      0      0      0      0      0   0.00   0.00      0   0.00    1.1  0.360    0.0  0.000      0      0      0      0      0
10/24/1990   1469      9   1460      0      0     70      0      0      0      0      0      0      0   0.00   0.00      0   0.00    1.1  0.360    0.0  0.000      0      0      0      0      0
10/25/1990   1469      9   1430     30      0     70      0      0      0      0      0      0      0   0.00   0.00      0   0.00    1.1  0.360    0.0  0.000      0      0      0      0      0
10/26/1990   1475      9   1385     81      0     64      0      0      0      3      0      0      0   0.00   0.00      0   0.00    1.1  0.360    0.0  0.000      0      0      0      0      0
10/27/1990   1482      9   1321    152      0     57      0      0      0     13      0      0      0   0.00   0.00      0   0.00    1.1  0.360    0.0  0.000      0      0      0      0      0
10/28/1990   1490      9   1254    227      0     49      0      0      0     30      0      0      0   0.00   0.00      0   0.00    1.1  0.360    0.0  0.000      0      0      0      0      0
10/29/1990   1499      9   1178    312      0     40      0      3      0     52      0      0      0   0.00   0.00      0   0.00    1.1  0.359    0.0  0.000      0      0      0      0      0
10/30/1990   1509      9   1088    412      0     30      0     13      0     73      0      0      0   0.00   0.00      0   0.00    1.1  0.355    0.0  0.000      0      0      0      0      0
10/31/1990   1518      9    984    525      0     21      0     30      0     94      0      0      0   0.00   0.00      0   0.00    1.1  0.350    0.0  0.000      0      0      0      0      0
11/01/1990   1489      9    871    609      0     13      0     55      0    107      0      0      0   0.00   0.00      0   0.00    1.1  0.344    0.0  0.000      0      0      0      0      0
11/02/1990   1436      8    754    674      0      8      0     86      0    115      0      0      0   0.00   0.00      0   0.00    1.1  0.336    0.0  0.000      0      0      0      0      0
11/03/1990   1363      7    644    712      0      7      0    121      0    122      0      0      0   0.00   0.00      0   0.00    1.2  0.328    0.0  0.000      0      0      0      0      0
11/04/1990   1286      6    528    752      0     14      0    149      0    136      0      0      0   0.00   0.00      0   0.00    1.2  0.320    0.0  0.000      0      0      0      0      0
11/05/1990   1198      5    410    783      0     30      0    171      0    153      0      0      0   0.00   0.00      0   0.00    1.2  0.311    0.0  0.000      0      0      0      0      0
11/06/1990   1095      4    307    784      0     55      0    191      0    157      0      0      0   0.00   0.00      0   0.00    1.3  0.303    0.0  0.000      0      0      0      0      0
11/07/1990    980      3    220    757      0     86      0    212      0    153      0      0      0   0.00   0.00      0   0.00    1.3  0.295    0.0  0.000      0      0      0      0      0
11/08/1990    858      2    150    706      0    124      0    230      0    150      0      0      0   0.00   0.00      0   0.00    1.3  0.288    0.0  0.000      0      0      0      0      0
11/09/1990    735      1     99    635      0    162      0    241      0    154      0      0      0   0.00   0.00      0   0.00    1.3  0.282    0.0  0.000      0      0      0      0      0
11/10/1990    620      0     70    550      0    201      0    250      0    156      0      0      0   0.00   0.00      0   0.00    1.4  0.277    0.0  0.000      0      0      0      0      0
11/11/1990    502      0     70    432      0    246      0    258      0    149      0      0      0   0.00   0.00      0   0.00    1.4  0.274    0.0  0.000      0      0      0      0      0
11/12/1990    385      0     70    315      0    298      0    259      0    136      0      0      0   0.00   0.00      0   0.00    1.4  0.271    0.0  0.000      0      0      0      0      0
11/13/1990    285      0     70    215      0    354      0    253      0    117      0      0      0   0.00   0.00      0   0.00    1.4  0.269    0.0  0.000      0      0      0      0      0
11/14/1990    202      0     70    132      0    403      0    250      0     90      0      0      0   0.00   0.00      0   0.00    1.4  0.269    0.0  0.000      0      0      0      0      0
11/15/1990    137      0     70     67      0    451      0    242      0     61      0      0      0   0.00   0.00      0   0.00    1.4  0.268    0.0  0.000      0      0      0      0      0
11/16/1990     94      0     67     27      0    501      0    220      0     36      0      0      0   0.00   0.00      0   0.00    1.4  0.268    0.0  0.000      0      0      0      0      0
11/17/1990     80      0     70     10      0    544      0    186      0     17      0      0      0   0.00   0.00      0   0.00    1.4  0.268    0.0  0.000      0      0      0      0      0
11/18/1990     94      0     79     15      0    577      0    147      0      6      0      0      0   0.00   0.00      0   0.00    1.4  0.268    0.0  0.000      0      0      0      0      0
11/19/1990    115      0     95     20      0    598      0    107      0      0      0      0      0   0.00   0.00      0   0.00    1.4  0.268    0.0  0.000      0      0      0      0      0
11/20/1990    142      0    116     26      0    607      0     67      0      0      0      0      0   0.00   0.00      0   0.00    1.4  0.268    0.0  0.000      0      0      0      0      0
11/21/1990    175      0    145     30      0    600      0     36      0      1      0      0      0   0.00   0.00      0   0.00    1.4  0.268    0.0  0.000      0      0      0      0      0
11/22/1990    207      0    175     32      0    581      0     17      0      2      0      0      0   0.00   0.00      0   0.00    1.4  0.268    0.0  0.000      0      0      0      0      0
11/23/1990    239      0    209     30      0    553      0      6      0      3      0      0      0   0.00   0.00      0   0.00    1.4  0.268    0.0  0.000      0      0      0      0      0
11/24/1990    277      0    250     27      0    514      0      1      0      3      0      0      0   0.00   0.00      0   0.00    1.4  0.268    0.0  0.000      0      0      0      0      0
11/25/1990    322      0    299     23      0    462      0      2      0      3      0      0      0   0.00   0.00      0   0.00    1.4  0.268    0.0  0.000      0      0      0      0      0
11/26/1990    372      0    354     18      0    406      0      3      0      2      0      0      0   0.00   0.00      0   0.00    1.4  0.268    0.0  0.000      0      0      0      0      0
11/27/1990    415      0    403     12      0    357      0      4      0      1      0      0      0   0.00   0.00      0   0.00    1.4  0.268    0.0  0.000      0      0      0      0      0
11/28/1990    459      0    451      8      0    309      0      5      0      0      0      0      0   0.00   0.00      0   0.00    1.4  0.268    0.0  0.000      0      0      0      0      0
11/29/1990    508      0    504      4      0    257      0      4      0      0      0      0      0   0.00   0.00      0   0.00    1.4  0.268    0.0  0.000      0      0      0      0      0
11/30/1990    558      0    557      1      0    205      0      3      0      0      0      0      0   0.00   0.00      0   0.00    1.4  0.268    0.0  0.000      0      0      0      0      0
12/01/1990    607      0    607      0      0    156      0      2      0      0      0      0      0   0.00   0.00      0   0.00    1.4  0.268    0.0  0.000      0      0      0      0      0
12/02/1990    653      0    653      0      0    111      0      1      0      0      0      0      0   0.00   0.00      0   0.00    1.4  0.268    0.0  0.000      0      0      0      0      0
12/03/1990    693      0    693      0      0     72      0      0      0      0      0      0      0   0.00   0.00      0   0.00    1.4  0.268    0.0  0.000      0      0      0      0      0
12/04/1990    724      0    724      0      0     41      0      0      0      0      0      0      0   0.00   0.00      0   0.00    1.4  0.268    0.0  0.000      0      0      0      0      0
12/05/1990    743      0    743      0      0     22      0      0      0      0      0      0      0   0.00   0.00      0   0.00    1.4  0.268    0.0  0.000      0      0      0      0      0
12/06/1990    754      0    754      0      0     11      0      0      0      0      0      0      0   0.00   0.00      0   0.00    1.4  0.268    0.0  0.000      0      0      0      0      0
12/07/1990    759      0    757      2      0      5      0      0      0      0      0      0      0   0.00   0.00      0   0.00    1.4  0.268    0.0  0.000      0      0      0      0      0
12/08/1990    757      0    747     10      0      5      0      0      0      0      0      0      0   0.00   0.00      0   0.00    1.4  0.268    0.0  0.000      0      0      0      0      0
12/09/1990    754      0    730     24      0      5      0      0      0      0      0      0      0   0.00   0.00      0   0.00    1.4  0.268    0.0  0.000      0      0      0      0      0
12/10/1990    751      0    705     46      0      5      0      0      0      1      0      0      0   0.00   0.00      0   0.00    1.4  0.268    0.0  0.000      0      0      0      0      0
12/11/1990    747      0    674     73      0      5      0      0      0      4      0      0      0   0.00   0.00      0   0.00    1.4  0.268    0.0  0.000      0      0      0      0      0
12/12/1990    744      0    637    107      0      4      0      0      0      9      0      0      0   0.00   0.00      0   0.00    1.4  0.268    0.0  0.000      0      0      0      0      0
12/13/1990    741      0    600    141      0      3      0      1      0     14      0      0      0   0.00   0.00      0   0.00    1.4  0.267    0.0  0.000      0      0      0      0      0
12/14/1990    738      0    562    176      0      2      0      4      0     15      0      0      0   0.00   0.00      0   0.00    1.4  0.267    0.0  0.000      0      0      0      0      0
12/15/1990    735      0    518    217      0      1      0      9      0     15      0      0      0   0.00   0.00      0   0.00    1.4  0.267    0.0  0.000      0      0      0      0      0
12/16/1990    732      0    467    265      0      0      0     15      0     15      0      0      0   0.00   0.00      0   0.00    1.3  0.267    0.0  0.000      0      0      0      0      0
12/17/1990    728      0    411    317      0      0      0     19      0     20      0      0      0   0.00   0.00      0   0.00    1.3  0.267    0.0  0.000      0      0      0      0      0
12/18/1990    725      0    362    363      0      1      0     23      0     27      0      0      0   0.00   0.00      0   0.00    1.3  0.267    0.0  0.000      0      0      0      0      0
12/19/1990    722      0    314    408      0      4      0     26      0     33      0      0      0   0.00   0.00      0   0.00    1.3  0.267    0.0  0.000      0      0      0      0      0
12/20/1990    719      0    261    458      0      9      0     30      0     28      0      0      0   0.00   0.00      0   0.00    1.3  0.267    0.0  0.000      0      0      0      0      0
12/21/1990    716      0    208    508      0     15      0     36      0     16      0      0      0   0.00   0.00      0   0.00    1.3  0.267    0.0  0.000      0      0      0      0      0
12/22/1990    713      0    158    555      0     19      0     44      0      4      0      0      0   0.00   0.00      0   0.00    1.3  0.267    0.0  0.000      0      0      0      0      0
12/23/1990    710      0    112    598      0     24      0     43      0      0      0      0      0   0.00   0.00      0   0.00    1.3  0.267    0.0  0.000      0      0      0      0      0
12/24/1990    707      0     72    635      0     30      0     37      0      0      0      0      0   0.00   0.00      0   0.00    1.3  0.267    0.0  0.000      0      0      0      0      0
12/25/1990    704      0     41    663      0     39      0     28      0      3      0      0      0   0.00   0.00      0   0.00    1.3  0.267    0.0  0.000      0      0      0      0      0
12/26/1990    702      0     22    680      0     51      0     16      0     12      0      0      0   0.00   0.00      0   0.00    1.3  0.267    0.0  0.000      0      0      0      0      0
12/27/1990    700      0     11    689      0     63      0      4      0     25      0      0      0   0.00   0.00      0   0.00    1.3  0.267    0.0  0.000      0      0      0      0      0
12/28/1990    698      0      5    693      0     67      0      3      0     37      0      0      0   0.00   0.00      0   0.00    1.3  0.267    0.0  0.000      0      0      0      0      0
12/29/1990    696      0      5    691      0     67      0     12      0     34      0      0      0   0.00   0.00      0   0.00    1.3  0.267    0.0  0.000      0      0      0      0      0
12/30/1990    694      0      5    689      0     67      0     25      0     32      0      0      0   0.00   0.00      0   0.00    1.3  0.267    0.0  0.000      0      0      0      0      0
12/31/1990    693      0      6    687      0     66      0     40      0     28      0      0      0   0.00   0.00      0   0.00    1.3  0.267    0.0  0.000      0      0      0      0      0
