Varroa Population Simulation - Nov 23,2015  02:38:11 PM
VarroaPop Version 3.2.5.8  June, 2015

                                        Capped  Capped                                                                      Prop           Conc          Conc                                     
            Colony  Adult  Adult         Drone   Wkr    Drone  Wkr    Drone  Wkr  Free   DBrood WBrood DMite  WMite  Mites  Mites  Colony Pollen Colony Nectar   Dead   Dead   Dead   Dead   Dead
     Date   Size   Drones   Wkr   Forgrs Brood  Brood   Larv   Larv    Eggs  Eggs Mites  Mites  Mites  /Cell  /Cell  Dying  Dying  Pollen  Pest  Nectar  Pest    DLarv  WLarv  DAdlt  WAdlt  Forgrs
Initial     10000      0   7497   2503      0      0      0      0      0      0      0      0      0   0.00   0.00      0   0.00    0.0  0.000    0.0  0.000      0      0      0      0      0
08/01/1990   9643      0   7140   2503      0      0      0      0      3    209      0      0      0   0.00   0.00      0   0.00    0.1  0.000    0.0  0.000      0      0      0      0      0
08/02/1990   9286      0   6783   2503      0      0      0      0      6    418      0      0      0   0.00   0.00      0   0.00    0.1  0.000    0.0  0.000      0      0      0      0      0
08/03/1990   8929      0   6426   2503      0      0      0      0      9    627      0      0      0   0.00   0.00      0   0.00    0.2  0.000    0.0  0.000      0      0      0      0      0
08/04/1990   8572      0   6069   2503      0      0      3    209      9    628      0      0      0   0.00   0.00      0   0.00    0.3  0.000    0.0  0.000      0      0      0      0      0
08/05/1990   8215      0   5712   2503      0      0      6    418      9    634      0      0      0   0.00   0.00      0   0.00    0.3  0.000    0.0  0.000      0      0      0      0      0
08/06/1990   7858      0   5355   2503      0      0      9    627      9    641      0      0      0   0.00   0.00      0   0.00    0.4  0.000    0.0  0.000      0      0      0      0      0
08/07/1990   7497      0   4998   2499      0      0     12    837     10    647      0      0      0   0.00   0.00      0   0.00    0.5  0.000    0.0  0.000      0      0      0      0      0
08/08/1990   7140      0   4641   2499      0      0     15   1052     11    647      0      0      0   0.00   0.00      0   0.00    0.6  0.000    0.0  0.000      0      0      0      0      0
08/09/1990   6783      0   4284   2499      0    209     18   1059     12    647      0      0      0   0.00   0.00      0   0.00    0.6  0.000    0.0  0.000      0      0      0      0      0
08/10/1990   6426      0   3927   2499      0    418     22   1066     12    647      0      0      0   0.00   0.00      0   0.00    0.7  0.000    0.0  0.000      0      0      0      0      0
08/11/1990   3481      0   3355    126      3    627     19    999     12    648      0      0      0   0.00   0.00      0   0.00    0.8  0.156    0.0  0.000      3     73      0    214   2366
08/12/1990   3190      0   3050    140      5    781     20   1059      8    452      0      0      0   0.00   0.00      0   0.00    0.8  0.156    0.0  0.000      1      2      0      0    273
08/13/1990   2911      0   2745    166      7    979     21   1076      4    258      0      0      0   0.00   0.00      0   0.00    0.8  0.156    0.0  0.000      1      1      0      0    261
08/14/1990   2648      0   2440    208      9   1193     22   1078      0     66      0      0      0   0.00   0.00      0   0.00    0.8  0.156    0.0  0.000      1      0      0      0    245
08/15/1990   2405      0   2135    270     11   1408     19    883      0     74      0      0      0   0.00   0.00      0   0.00    0.8  0.157    0.0  0.000      1      0      0      0    225
08/16/1990   2186      0   1830    356     13   1623     17    690      0     88      0      0      0   0.00   0.00      0   0.00    0.8  0.158    0.0  0.000      0      0      0      0    201
08/17/1990   1993      0   1525    468     16   1839     14    498      0    110      0      0      0   0.00   0.00      0   0.00    0.8  0.157    0.0  0.000      0      0      0      0    175
08/18/1990   1829      0   1220    609     19   2055     11    310      0    137      0      0      0   0.00   0.00      0   0.00    0.8  0.155    0.0  0.000      0      0      0      0    146
08/19/1990   1797      0    915    882     22   2271      8    130      0    169      0      0      0   0.00   0.00      0   0.00    0.9  0.149    0.0  0.000      0      0      0      0      0
08/20/1990   1753      0    610   1143     26   2291      4    156      1    218      0      0      0   0.00   0.00      0   0.00    0.9  0.141    0.0  0.000      0      0      0      0      0
08/21/1990   1693      0    305   1388     30   2313      0    189      2    280      0      0      0   0.00   0.00      0   0.00    1.0  0.132    0.0  0.000      0      0      0      0      0
08/22/1990   1822      0    209   1613     30   2128      0    233      4    351      0      0      0   0.00   0.00      0   0.00    1.1  0.123    0.0  0.000      0      0      0      0      0
08/23/1990   1927      0    418   1509     30   1947      1    300      5    413      0      0      0   0.00   0.00      0   0.00    1.1  0.116    0.0  0.000      0      0      0      0      0
08/24/1990   2006      0    627   1379     30   1774      2    381      6    432      0      0      0   0.00   0.00      0   0.00    1.2  0.110    0.0  0.000      0      0      0      0      0
08/25/1990   2004      3    781   1220     27   1666      4    474      5    412      0      0      0   0.00   0.00      0   0.00    1.2  0.106    0.0  0.000      0      0      0      0      0
08/26/1990   1899      5    979    915     25   1523      6    576      4    368      0      0      0   0.00   0.00      0   0.00    1.3  0.103    0.0  0.000      0      0      0      0      0
08/27/1990   1810      7   1193    610     23   1377      8    644      3    329      0      0      0   0.00   0.00      0   0.00    1.3  0.101    0.0  0.000      0      0      0      0      0
08/28/1990   1722      9   1408    305     21   1257      9    668      2    284      0      0      0   0.00   0.00      0   0.00    1.3  0.101    0.0  0.000      0      0      0      0      0
08/29/1990   1634     11   1623      0     19   1159     10    664      1    214      0      0      0   0.00   0.00      0   0.00    1.3  0.101    0.0  0.000      0      0      0      0      0
08/30/1990   1852     13   1839      0     18   1082     10    622      0    117      0      0      0   0.00   0.00      0   0.00    1.3  0.101    0.0  0.000      0      0      0      0      0
08/31/1990   2071     16   2055      0     16   1023      9    539      0     43      0      0      0   0.00   0.00      0   0.00    1.3  0.101    0.0  0.000      0      0      0      0      0
09/01/1990   2290     19   2271      0     15    943      7    446      0      0      0      0      0   0.00   0.00      0   0.00    1.3  0.101    0.0  0.000      0      0      0      0      0
09/02/1990   2313     22   2291      0     14   1042      5    327      0      0      0      0      0   0.00   0.00      0   0.00    1.2  0.101    0.0  0.000      0      0      0      0      0
09/03/1990   2339     26   2313      0     12   1133      3    214      0      0      0      0      0   0.00   0.00      0   0.00    1.2  0.101    0.0  0.000      0      0      0      0      0
09/04/1990   2367     30   2337      0      9   1206      2    117      0      0      0      0      0   0.00   0.00      0   0.00    1.2  0.101    0.0  0.000      0      0      0      0      0
09/05/1990   2395     30   2365      0     10   1252      1     43      0      0      0      0      0   0.00   0.00      0   0.00    1.2  0.101    0.0  0.000      0      0      0      0      0
09/06/1990   2431     30   2401      0     11   1259      0      0      0      0      0      0      0   0.00   0.00      0   0.00    1.2  0.101    0.0  0.000      0      0      0      0      0
09/07/1990   2477     30   2447      0     11   1213      0      0      0      0      0      0      0   0.00   0.00      0   0.00    1.2  0.101    0.0  0.000      0      0      0      0      0
09/08/1990   2532     30   2502      0     11   1158      0      0      0      0      0      0      0   0.00   0.00      0   0.00    1.1  0.101    0.0  0.000      0      0      0      0      0
09/09/1990   2600     30   2570      0     11   1090      0      0      0      0      0      0      0   0.00   0.00      0   0.00    1.1  0.101    0.0  0.000      0      0      0      0      0
09/10/1990   2695     30   2665      0     11    995      0      0      0      0      0      0      0   0.00   0.00      0   0.00    1.1  0.101    0.0  0.000      0      0      0      0      0
09/11/1990   2812     30   2782      0     11    878      0      0      0      0      0      0      0   0.00   0.00      0   0.00    1.1  0.101    0.0  0.000      0      0      0      0      0
09/12/1990   2951     30   2712    209     11    739      0      0      0      0      0      0      0   0.00   0.00      0   0.00    1.1  0.101    0.0  0.000      0      0      0      0      0
09/13/1990   3109     31   2660    418     10    582      0      0      0     30      0      0      0   0.00   0.00      0   0.00    1.1  0.101    0.0  0.000      0      0      0      0      0
09/14/1990   3246     32   2587    627      9    446      0      0      0     81      0      0      0   0.00   0.00      0   0.00    1.1  0.100    0.0  0.000      0      0      0      0      0
09/15/1990   3364     31   2552    781      7    327      0      0      0    152      0      0      0   0.00   0.00      0   0.00    1.1  0.098    0.0  0.000      0      0      0      0      0
09/16/1990   3477     31   2467    979      5    214      0     30      0    207      0      0      0   0.00   0.00      0   0.00    1.1  0.096    0.0  0.000      0      0      0      0      0
09/17/1990   3574     31   2350   1193      3    117      0     81      1    258      0      0      0   0.00   0.00      0   0.00    1.2  0.092    0.0  0.000      0      0      0      0      0
09/18/1990   3647     30   2209   1408      2     43      0    152      2    303      0      0      0   0.00   0.00      0   0.00    1.2  0.089    0.0  0.000      0      0      0      0      0
09/19/1990   3480     29   2037   1414      1      0      0    237      4    345      0      0      0   0.00   0.00      0   0.00    1.3  0.085    0.0  0.000      0      0      0      0      0
09/20/1990   3270     28   1821   1421      0      0      1    339      5    378      0      0      0   0.00   0.00      0   0.00    1.3  0.082    0.0  0.000      0      0      0      0      0
09/21/1990   3058     25   1605   1428      0     30      2    425      6    398      0      0      0   0.00   0.00      0   0.00    1.4  0.078    0.0  0.000      0      0      0      0      0
09/22/1990   2901     22   1389   1490      0     81      4    501      6    400      0      0      0   0.00   0.00      0   0.00    1.4  0.075    0.0  0.000      0      0      0      0      0
09/23/1990   2700     19   1369   1312      0    152      6    565      6    389      0      0      0   0.00   0.00      0   0.00    1.5  0.073    0.0  0.000      0      0      0      0      0
09/24/1990   2482     15   1347   1120      0    237      8    616      6    374      0      0      0   0.00   0.00      0   0.00    1.5  0.071    0.0  0.000      0      0      0      0      0
09/25/1990   2263     11   1323    929      0    339     10    643      5    352      0      0      0   0.00   0.00      0   0.00    1.6  0.069    0.0  0.000      0      0      0      0      0
09/26/1990   2048     11   1295    742      0    455     12    651      4    322      0      0      0   0.00   0.00      0   0.00    1.6  0.068    0.0  0.000      0      0      0      0      0
09/27/1990   1832     11   1259    562      1    582     13    645      3    280      0      0      0   0.00   0.00      0   0.00    1.6  0.068    0.0  0.000      0      0      0      0      0
09/28/1990   1616     11   1213    392      2    717     13    617      2    238      0      0      0   0.00   0.00      0   0.00    1.6  0.068    0.0  0.000      0      0      0      0      0
09/29/1990   1400     11   1158    231      4    853     12    575      1    195      0      0      0   0.00   0.00      0   0.00    1.6  0.068    0.0  0.000      0      0      0      0      0
09/30/1990   1380     11   1090    279      6    982     11    525      0    149      0      0      0   0.00   0.00      0   0.00    1.6  0.067    0.0  0.000      0      0      0      0      0
10/01/1990   1358     11    995    352      8   1106      9    466      0    123      0      0      0   0.00   0.00      0   0.00    1.6  0.067    0.0  0.000      0      0      0      0      0
10/02/1990   1334     11    878    445     10   1227      7    396      0    117      0      0      0   0.00   0.00      0   0.00    1.6  0.067    0.0  0.000      0      0      0      0      0
10/03/1990   1306     11    739    556     12   1334      5    322      0    139      0      0      0   0.00   0.00      0   0.00    1.6  0.066    0.0  0.000      0      0      0      0      0
10/04/1990   1299     10    612    677     14   1398      3    267      0    172      0      0      0   0.00   0.00      0   0.00    1.7  0.065    0.0  0.000      0      0      0      0      0
10/05/1990   1303      9    527    767     15   1426      2    233      1    204      0      0      0   0.00   0.00      0   0.00    1.7  0.064    0.0  0.000      0      0      0      0      0
10/06/1990   1317      7    479    831     16   1420      1    223      2    226      0      0      0   0.00   0.00      0   0.00    1.7  0.062    0.0  0.000      0      0      0      0      0
10/07/1990   1332      5    451    876     17   1386      0    244      3    229      0      0      0   0.00   0.00      0   0.00    1.8  0.061    0.0  0.000      0      0      0      0      0
10/08/1990   1337      3    456    878     17   1317      1    288      3    232      0      0      0   0.00   0.00      0   0.00    1.8  0.060    0.0  0.000      0      0      0      0      0
10/09/1990   1335      2    498    835     17   1240      2    326      3    241      0      0      0   0.00   0.00      0   0.00    1.8  0.059    0.0  0.000      0      0      0      0      0
10/10/1990   1322      1    582    739     17   1158      3    356      3    246      0      0      0   0.00   0.00      0   0.00    1.9  0.058    0.0  0.000      0      0      0      0      0
10/11/1990   1300      1    717    582     16   1078      4    381      3    239      0      0      0   0.00   0.00      0   0.00    1.9  0.057    0.0  0.000      0      0      0      0      0
10/12/1990   1301      2    853    446     15   1014      5    395      2    215      0      0      0   0.00   0.00      0   0.00    1.9  0.057    0.0  0.000      0      0      0      0      0
10/13/1990   1313      4    982    327     13    962      6    398      1    184      0      0      0   0.00   0.00      0   0.00    1.9  0.056    0.0  0.000      0      0      0      0      0
10/14/1990   1326      6   1106    214     11    915      7    394      0    149      0      0      0   0.00   0.00      0   0.00    1.9  0.056    0.0  0.000      0      0      0      0      0
10/15/1990   1352      8   1227    117     10    869      6    381      0    114      0      0      0   0.00   0.00      0   0.00    1.9  0.056    0.0  0.000      0      0      0      0      0
10/16/1990   1387     10   1334     43      9    842      5    350      0     80      0      0      0   0.00   0.00      0   0.00    1.9  0.056    0.0  0.000      0      0      0      0      0
10/17/1990   1440     12   1428      0      8    834      4    302      0     47      0      0      0   0.00   0.00      0   0.00    1.9  0.056    0.0  0.000      0      0      0      0      0
10/18/1990   1521     14   1507      0      7    835      3    249      0     20      0      0      0   0.00   0.00      0   0.00    1.9  0.056    0.0  0.000      0      0      0      0      0
10/19/1990   1587     15   1572      0      7    843      2    191      0      5      0      0      0   0.00   0.00      0   0.00    1.9  0.056    0.0  0.000      0      0      0      0      0
10/20/1990   1639     16   1623      0      7    854      1    134      0      0      0      0      0   0.00   0.00      0   0.00    1.9  0.056    0.0  0.000      0      0      0      0      0
10/21/1990   1673     17   1656      0      7    870      0     85      0      0      0      0      0   0.00   0.00      0   0.00    1.9  0.056    0.0  0.000      0      0      0      0      0
10/22/1990   1712     17   1695      0      7    869      0     47      0      0      0      0      0   0.00   0.00      0   0.00    1.8  0.056    0.0  0.000      0      0      0      0      0
10/23/1990   1757     17   1740      0      7    851      0     20      0      0      0      0      0   0.00   0.00      0   0.00    1.8  0.056    0.0  0.000      0      0      0      0      0
10/24/1990   1812     17   1795      0      7    811      0      5      0      0      0      0      0   0.00   0.00      0   0.00    1.8  0.056    0.0  0.000      0      0      0      0      0
10/25/1990   1884     17   1837     30      7    744      0      0      0      0      0      0      0   0.00   0.00      0   0.00    1.8  0.056    0.0  0.000      0      0      0      0      0
10/26/1990   1961     17   1863     81      7    667      0      0      0      3      0      0      0   0.00   0.00      0   0.00    1.8  0.056    0.0  0.000      0      0      0      0      0
10/27/1990   2038     17   1869    152      7    590      0      0      0     13      0      0      0   0.00   0.00      0   0.00    1.8  0.056    0.0  0.000      0      0      0      0      0
10/28/1990   2113     17   1859    237      7    515      0      0      0     30      0      0      0   0.00   0.00      0   0.00    1.8  0.056    0.0  0.000      0      0      0      0      0
10/29/1990   2194     18   1837    339      6    435      0      3      0     53      0      0      0   0.00   0.00      0   0.00    1.8  0.056    0.0  0.000      0      0      0      0      0
10/30/1990   2281     19   1807    455      5    349      0     13      0     77      0      0      0   0.00   0.00      0   0.00    1.8  0.056    0.0  0.000      0      0      0      0      0
10/31/1990   2362     20   1760    582      4    269      0     30      0    100      0      0      0   0.00   0.00      0   0.00    1.8  0.055    0.0  0.000      0      0      0      0      0
11/01/1990   2398     20   1698    680      3    196      0     56      0    114      0      0      0   0.00   0.00      0   0.00    1.8  0.055    0.0  0.000      0      0      0      0      0
11/02/1990   2403     20   1624    759      2    134      0     90      0    123      0      0      0   0.00   0.00      0   0.00    1.9  0.054    0.0  0.000      0      0      0      0      0
11/03/1990   2375     19   1544    812      1     88      0    127      0    133      0      0      0   0.00   0.00      0   0.00    1.9  0.053    0.0  0.000      0      0      0      0      0
11/04/1990   2323     18   1458    847      0     60      0    157      0    151      0      0      0   0.00   0.00      0   0.00    1.9  0.053    0.0  0.000      0      0      0      0      0
11/05/1990   2243     16   1364    863      0     50      0    183      0    170      0      0      0   0.00   0.00      0   0.00    1.9  0.052    0.0  0.000      0      0      0      0      0
11/06/1990   2138     14   1272    852      0     61      0    207      0    172      0      0      0   0.00   0.00      0   0.00    2.0  0.051    0.0  0.000      0      0      0      0      0
11/07/1990   2013     12   1183    818      0     90      0    231      0    165      0      0      0   0.00   0.00      0   0.00    2.0  0.050    0.0  0.000      0      0      0      0      0
11/08/1990   1876     10   1104    762      0    130      0    253      0    159      0      0      0   0.00   0.00      0   0.00    2.0  0.050    0.0  0.000      0      0      0      0      0
11/09/1990   1739      9   1039    691      0    170      0    265      0    163      0      0      0   0.00   0.00      0   0.00    2.0  0.049    0.0  0.000      0      0      0      0      0
11/10/1990   1609      8    988    613      0    213      0    273      0    165      0      0      0   0.00   0.00      0   0.00    2.1  0.049    0.0  0.000      0      0      0      0      0
11/11/1990   1484      7    955    522      0    263      0    279      0    160      0      0      0   0.00   0.00      0   0.00    2.1  0.048    0.0  0.000      0      0      0      0      0
11/12/1990   1363      7    916    440      0    321      0    277      0    150      0      0      0   0.00   0.00      0   0.00    2.1  0.048    0.0  0.000      0      0      0      0      0
11/13/1990   1256      7    871    378      0    383      0    268      0    138      0      0      0   0.00   0.00      0   0.00    2.1  0.048    0.0  0.000      0      0      0      0      0
11/14/1990   1162      7    816    339      0    435      0    267      0    119      0      0      0   0.00   0.00      0   0.00    2.1  0.047    0.0  0.000      0      0      0      0      0
11/15/1990   1083      7    744    332      0    486      0    262      0    101      0      0      0   0.00   0.00      0   0.00    2.1  0.047    0.0  0.000      0      0      0      0      0
11/16/1990   1021      7    670    344      0    539      0    247      0     90      0      0      0   0.00   0.00      0   0.00    2.1  0.047    0.0  0.000      0      0      0      0      0
11/17/1990    980      7    603    370      0    585      0    223      0     90      0      0      0   0.00   0.00      0   0.00    2.1  0.047    0.0  0.000      0      0      0      0      0
11/18/1990    964      7    545    412      0    621      0    198      0     94      0      0      0   0.00   0.00      0   0.00    2.2  0.047    0.0  0.000      0      0      0      0      0
11/19/1990    950      6    491    453      0    646      0    177      0     99      0      0      0   0.00   0.00      0   0.00    2.2  0.046    0.0  0.000      0      0      0      0      0
11/20/1990    976      5    439    532      0    658      0    163      0     95      0      0      0   0.00   0.00      0   0.00    2.2  0.046    0.0  0.000      0      0      0      0      0
11/21/1990    971      4    399    568      0    659      0    154      0     91      0      0      0   0.00   0.00      0   0.00    2.2  0.045    0.0  0.000      0      0      0      0      0
11/22/1990    891      3    366    522      0    651      0    157      0     88      0      0      0   0.00   0.00      0   0.00    2.2  0.045    0.0  0.000      0      0      0      0      0
11/23/1990    856      2    347    507      0    636      0    157      0     90      0      0      0   0.00   0.00      0   0.00    2.3  0.044    0.0  0.000      0      0      0      0      0
11/24/1990    828      1    348    479      0    616      0    155      0     92      0      0      0   0.00   0.00      0   0.00    2.3  0.044    0.0  0.000      0      0      0      0      0
11/25/1990    878      0    368    510      0    590      0    155      0     92      0      0      0   0.00   0.00      0   0.00    2.3  0.044    0.0  0.000      0      0      0      0      0
11/26/1990    933      0    403    530      0    560      0    153      0     84      0      0      0   0.00   0.00      0   0.00    2.3  0.044    0.0  0.000      0      0      0      0      0
11/27/1990    978      0    440    538      0    543      0    148      0     75      0      0      0   0.00   0.00      0   0.00    2.3  0.044    0.0  0.000      0      0      0      0      0
11/28/1990   1022      0    486    536      0    520      0    152      0     68      0      0      0   0.00   0.00      0   0.00    2.3  0.044    0.0  0.000      0      0      0      0      0
11/29/1990    938      0    542    396      0    492      0    146      0     75      0      0      0   0.00   0.00      0   0.00    2.3  0.043    0.0  0.000      0      0      0      0      0
11/30/1990    912      0    598    314      0    468      0    135      0     77      0      0      0   0.00   0.00      0   0.00    2.3  0.043    0.0  0.000      0      0      0      0      0
12/01/1990    960      0    651    309      0    445      0    130      0     68      0      0      0   0.00   0.00      0   0.00    2.3  0.043    0.0  0.000      0      0      0      0      0
12/02/1990   1006      0    702    304      0    424      0    129      0     52      0      0      0   0.00   0.00      0   0.00    2.3  0.043    0.0  0.000      0      0      0      0      0
12/03/1990    979      0    748    231      0    410      0    120      0     43      0      0      0   0.00   0.00      0   0.00    2.3  0.043    0.0  0.000      0      0      0      0      0
12/04/1990    957      0    789    168      0    391      0    114      0     39      0      0      0   0.00   0.00      0   0.00    2.3  0.043    0.0  0.000      0      0      0      0      0
12/05/1990    987      0    821    166      0    380      0    106      0     33      0      0      0   0.00   0.00      0   0.00    2.3  0.043    0.0  0.000      0      0      0      0      0
12/06/1990    965      0    849    116      0    377      0     95      0     28      0      0      0   0.00   0.00      0   0.00    2.3  0.043    0.0  0.000      0      0      0      0      0
12/07/1990    878      0    876      2      0    376      0     78      0     22      0      0      0   0.00   0.00      0   0.00    2.3  0.043    0.0  0.000      0      0      0      0      0
12/08/1990    908      0    898     10      0    367      0     62      0     15      0      0      0   0.00   0.00      0   0.00    2.3  0.043    0.0  0.000      0      0      0      0      0
12/09/1990    937      0    913     24      0    351      0     55      0      6      0      0      0   0.00   0.00      0   0.00    2.3  0.043    0.0  0.000      0      0      0      0      0
12/10/1990    969      0    922     47      0    329      0     48      0      1      0      0      0   0.00   0.00      0   0.00    2.3  0.043    0.0  0.000      0      0      0      0      0
12/11/1990    993      0    916     77      0    315      0     34      0      4      0      0      0   0.00   0.00      0   0.00    2.3  0.043    0.0  0.000      0      0      0      0      0
12/12/1990   1017      0    904    113      0    299      0     22      0      9      0      0      0   0.00   0.00      0   0.00    2.3  0.043    0.0  0.000      0      0      0      0      0
12/13/1990   1045      0    896    149      0    274      0     16      0     14      0      0      0   0.00   0.00      0   0.00    2.3  0.043    0.0  0.000      0      0      0      0      0
12/14/1990   1071      0    883    188      0    253      0     10      0     15      0      0      0   0.00   0.00      0   0.00    2.3  0.043    0.0  0.000      0      0      0      0      0
12/15/1990   1097      0    863    234      0    229      0      9      0     16      0      0      0   0.00   0.00      0   0.00    2.3  0.043    0.0  0.000      0      0      0      0      0
12/16/1990   1125      0    837    288      0    197      0     15      0     17      0      0      0   0.00   0.00      0   0.00    2.3  0.043    0.0  0.000      0      0      0      0      0
12/17/1990   1143      0    797    346      0    175      0     19      0     23      0      0      0   0.00   0.00      0   0.00    2.3  0.043    0.0  0.000      0      0      0      0      0
12/18/1990   1161      0    766    395      0    155      0     24      0     30      0      0      0   0.00   0.00      0   0.00    2.3  0.043    0.0  0.000      0      0      0      0      0
12/19/1990   1183      0    740    443      0    133      0     28      0     36      0      0      0   0.00   0.00      0   0.00    2.3  0.043    0.0  0.000      0      0      0      0      0
12/20/1990   1209      0    713    496      0    109      0     33      0     31      0      0      0   0.00   0.00      0   0.00    2.3  0.043    0.0  0.000      0      0      0      0      0
12/21/1990   1229      0    680    549      0     92      0     40      0     18      0      0      0   0.00   0.00      0   0.00    2.3  0.043    0.0  0.000      0      0      0      0      0
12/22/1990   1242      0    643    599      0     80      0     49      0      5      0      0      0   0.00   0.00      0   0.00    2.3  0.043    0.0  0.000      0      0      0      0      0
12/23/1990   1252      0    605    647      0     73      0     48      0      0      0      0      0   0.00   0.00      0   0.00    2.2  0.043    0.0  0.000      0      0      0      0      0
12/24/1990   1263      0    573    690      0     66      0     41      0      0      0      0      0   0.00   0.00      0   0.00    2.2  0.043    0.0  0.000      0      0      0      0      0
12/25/1990   1272      0    544    728      0     64      0     31      0      3      0      0      0   0.00   0.00      0   0.00    2.2  0.043    0.0  0.000      0      0      0      0      0
12/26/1990   1277      0    519    758      0     70      0     18      0     13      0      0      0   0.00   0.00      0   0.00    2.2  0.043    0.0  0.000      0      0      0      0      0
12/27/1990   1284      0    500    784      0     74      0      5      0     27      0      0      0   0.00   0.00      0   0.00    2.2  0.043    0.0  0.000      0      0      0      0      0
12/28/1990   1288      0    476    812      0     73      0      3      0     41      0      0      0   0.00   0.00      0   0.00    2.2  0.043    0.0  0.000      0      0      0      0      0
12/29/1990   1286      0    444    842      0     73      0     13      0     38      0      0      0   0.00   0.00      0   0.00    2.2  0.043    0.0  0.000      0      0      0      0      0
12/30/1990   1284      0    412    872      0     73      0     27      0     37      0      0      0   0.00   0.00      0   0.00    2.2  0.043    0.0  0.000      0      0      0      0      0
12/31/1990   1283      0    378    905      0     72      0     44      0     34      0      0      0   0.00   0.00      0   0.00    2.2  0.043    0.0  0.000      0      0      0      0      0
