Varroa Population Simulation - Nov 24,2015  04:07:59 PM
VarroaPop Version 3.2.5.8  June, 2015

                                        Capped  Capped                                                                      Prop           Conc          Conc                                     
            Colony  Adult  Adult         Drone   Wkr    Drone  Wkr    Drone  Wkr  Free   DBrood WBrood DMite  WMite  Mites  Mites  Colony Pollen Colony Nectar   Dead   Dead   Dead   Dead   Dead
     Date   Size   Drones   Wkr   Forgrs Brood  Brood   Larv   Larv    Eggs  Eggs Mites  Mites  Mites  /Cell  /Cell  Dying  Dying  Pollen  Pest  Nectar  Pest    DLarv  WLarv  DAdlt  WAdlt  Forgrs
Initial     10000      0   6363   3637      0      0      0      0      0      0      0      0      0   0.00   0.00      0   0.00    0.0  0.000    0.0  0.000      0      0      0      0      0
05/01/1990   9697      0   6060   3637      0      0      0      0      2    513      0      0      0   0.00   0.00      0   0.00    0.1  0.000    0.0  0.000      0      0      0      0      0
05/02/1990   9394      0   5757   3637      0      0      0      0      4   1065      0      0      0   0.00   0.00      0   0.00    0.2  0.000    0.0  0.000      0      0      0      0      0
05/03/1990   9091      0   5454   3637      0      0      0      0      7   1665      0      0      0   0.00   0.00      0   0.00    0.4  0.000    0.0  0.000      0      0      0      0      0
05/04/1990   8788      0   5151   3637      0      0      2    513      8   1777      0      0      0   0.00   0.00      0   0.00    0.5  0.000    0.0  0.000      0      0      0      0      0
05/05/1990   8485      0   4848   3637      0      0      4   1065      9   1863      0      0      0   0.00   0.00      0   0.00    0.6  0.000    0.0  0.000      0      0      0      0      0
05/06/1990   8182      0   4545   3637      0      0      7   1665      9   1888      0      0      0   0.00   0.00      0   0.00    0.8  0.000    0.0  0.000      0      0      0      0      0
05/07/1990   7879      0   4242   3637      0      0     10   2290      9   1843      0      0      0   0.00   0.00      0   0.00    0.9  0.000    0.0  0.000      0      0      0      0      0
05/08/1990   7576      0   3939   3637      0      0     13   2928      9   1776      0      0      0   0.00   0.00      0   0.00    1.0  0.000    0.0  0.000      0      0      0      0      0
05/09/1990   7273      0   3636   3637      0    513     16   3040      8   1678      0      0      0   0.00   0.00      0   0.00    1.2  0.000    0.0  0.000      0      0      0      0      0
05/10/1990   6970      0   3333   3637      0   1065     19   3068      7   1551      0      0      0   0.00   0.00      0   0.00    1.3  0.000    0.0  0.000      0      0      0      0      0
05/11/1990   6667      0   3030   3637      2   1665     20   3039      6   1481      0      0      0   0.00   0.00      0   0.00    1.4  0.000    0.0  0.000      0      0      0      0      0
05/12/1990   6363      0   2727   3636      4   2290     20   2941      6   1473      0      0      0   0.00   0.00      0   0.00    1.6  0.000    0.0  0.000      0      0      0      0      0
05/13/1990   6060      0   2424   3636      7   2928     19   2756      6   1548      0      0      0   0.00   0.00      0   0.00    1.7  0.000    0.0  0.000      0      0      0      0      0
05/14/1990   5757      0   2121   3636     10   3553     18   2632      6   1574      0      0      0   0.00   0.00      0   0.00    1.8  0.000    0.0  0.000      0      0      0      0      0
05/15/1990   5454      0   1818   3636     13   4133     17   2571      6   1559      0      0      0   0.00   0.00      0   0.00    2.0  0.000    0.0  0.000      0      0      0      0      0
05/16/1990   5151      0   1515   3636     16   4704     16   2528      7   1596      0      0      0   0.00   0.00      0   0.00    2.1  0.000    0.0  0.000      0      0      0      0      0
05/17/1990   4848      0   1212   3636     19   5231     15   2528      7   1597      0      0      0   0.00   0.00      0   0.00    2.3  0.000    0.0  0.000      0      0      0      0      0
05/18/1990   4545      0    909   3636     22   5684     14   2579      7   1565      0      0      0   0.00   0.00      0   0.00    2.4  0.000    0.0  0.000      0      0      0      0      0
05/19/1990   4242      0    606   3636     24   6185     15   2643      6   1459      0      0      0   0.00   0.00      0   0.00    2.6  0.000    0.0  0.000      0      0      0      0      0
05/20/1990   3939      0    303   3636     26   6704     15   2652      6   1452      0      0      0   0.00   0.00      0   0.00    2.8  0.000    0.0  0.000      0      0      0      0      0
05/21/1990   3636      0      0   3636     28   7232     15   2596      6   1525      0      0      0   0.00   0.00      0   0.00    2.9  0.000    0.0  0.000      0      0      0      0      0
05/22/1990   3846      0    513   3333     30   7246     15   2528      7   1622      0      0      0   0.00   0.00      0   0.00    3.1  0.000    0.0  0.000      0      0      0      0      0
05/23/1990   4398      0   1065   3333     32   7198     15   2545      6   1542      0      0      0   0.00   0.00      0   0.00    3.1  0.000    0.0  0.000      0      0      0      0      0
05/24/1990   4695      0   1665   3030     34   7163     15   2525      5   1434      0      0      0   0.00   0.00      0   0.00    3.2  0.000    0.0  0.000      0      0      0      0      0
05/25/1990   5019      2   2290   2727     34   7066     16   2553      3   1346      0      0      0   0.00   0.00      0   0.00    3.3  0.000    0.0  0.000      0      0      0      0      0
05/26/1990   5356      4   2928   2424     35   6900     14   2522      3   1356      0      0      0   0.00   0.00      0   0.00    3.4  0.000    0.0  0.000      0      0      0      0      0
05/27/1990   5984      7   3553   2424     34   6734     13   2500      2   1290      0      0      0   0.00   0.00      0   0.00    3.4  0.000    0.0  0.000      0      0      0      0      0
05/28/1990   6567     10   4133   2424     33   6675     12   2447      1   1188      0      0      0   0.00   0.00      0   0.00    3.3  0.000    0.0  0.000      0      0      0      0      0
05/29/1990   6838     13   4704   2121     32   6649     11   2353      0   1130      0      0      0   0.00   0.00      0   0.00    3.4  0.000    0.0  0.000      0      0      0      0      0
05/30/1990   7065     16   5231   1818     31   6678      9   2168      0   1130      0      0      0   0.00   0.00      0   0.00    3.5  0.000    0.0  0.000      0      0      0      0      0
05/31/1990   7218     19   5684   1515     30   6666      7   2093      0   1087      0      0      0   0.00   0.00      0   0.00    3.5  0.000    0.0  0.000      0      0      0      0      0
06/01/1990   7419     22   6185   1212     30   6602      4   2049      0    989      0      0      0   0.00   0.00      0   0.00    3.5  0.000    0.0  0.000      0      0      0      0      0
06/02/1990   7637     24   6704    909     29   6551      3   1952      0    909      0      0      0   0.00   0.00      0   0.00    3.5  0.000    0.0  0.000      0      0      0      0      0
06/03/1990   7864     26   7232    606     28   6474      2   1824      0    833      0      0      0   0.00   0.00      0   0.00    3.5  0.000    0.0  0.000      0      0      0      0      0
06/04/1990   8090     28   7759    303     27   6318      1   1748      0    720      0      0      0   0.00   0.00      0   0.00    3.5  0.000    0.0  0.000      0      0      0      0      0
06/05/1990   8293     30   8263      0     26   6180      0   1673      0    531      0      0      0   0.00   0.00      0   0.00    3.4  0.000    0.0  0.000      0      0      0      0      0
06/06/1990   8860     32   8828      0     24   6008      0   1527      0    284      0      0      0   0.00   0.00      0   0.00    3.4  0.000    0.0  0.000      0      0      0      0      0
06/07/1990   9390     34   9356      0     22   5851      0   1338      0    102      0      0      0   0.00   0.00      0   0.00    3.3  0.000    0.0  0.000      0      0      0      0      0
06/08/1990   9864     36   9828      0     20   5702      0   1117      0      0      0      0      0   0.00   0.00      0   0.00    3.2  0.000    0.0  0.000      0      0      0      0      0
06/09/1990  10326     39  10287      0     17   5538      0    822      0      0      0      0      0   0.00   0.00      0   0.00    3.1  0.000    0.0  0.000      0      0      0      0      0
06/10/1990  10849     41  10808      0     15   5308      0    531      0      0      0      0      0   0.00   0.00      0   0.00    3.1  0.000    0.0  0.000      0      0      0      0      0
06/11/1990  11396     43  11353      0     13   5010      0    284      0      0      0      0      0   0.00   0.00      0   0.00    3.0  0.000    0.0  0.000      0      0      0      0      0
06/12/1990  11954     45  11396    513     11   4636      0    102      0      0      0      0      0   0.00   0.00      0   0.00    2.9  0.000    0.0  0.000      0      0      0      0      0
06/13/1990  12397     47  11285   1065      9   4297      0      0      0    144      0      0      0   0.00   0.00      0   0.00    2.9  0.000    0.0  0.000      0      0      0      0      0
06/14/1990  12836     49  11122   1665      7   3860      0      0      0    387      0      0      0   0.00   0.00      0   0.00    2.9  0.000    0.0  0.000      0      0      0      0      0
06/15/1990  13305     50  10965   2290      4   3392      0      0      0    728      0      0      0   0.00   0.00      0   0.00    2.9  0.000    0.0  0.000      0      0      0      0      0
06/16/1990  13755     49  10778   2928      3   2941      0    144      0   1028      0      0      0   0.00   0.00      0   0.00    3.0  0.000    0.0  0.000      0      0      0      0      0
06/17/1990  14124     47  10524   3553      2   2570      0    387      1   1322      0      0      0   0.00   0.00      0   0.00    3.1  0.000    0.0  0.000      0      0      0      0      0
06/18/1990  14488     45  10310   4133      1   2204      0    728      3   1548      0      0      0   0.00   0.00      0   0.00    3.2  0.000    0.0  0.000      0      0      0      0      0
06/19/1990  14879     43  10132   4704      0   1811      0   1172      7   1761      0      0      0   0.00   0.00      0   0.00    3.3  0.000    0.0  0.000      0      0      0      0      0
06/20/1990  15247     40   9976   5231      0   1440      1   1709     11   1978      0      0      0   0.00   0.00      0   0.00    3.5  0.000    0.0  0.000      0      0      0      0      0
06/21/1990  15567     37   9846   5684      0   1261      3   2132     15   2204      0      0      0   0.00   0.00      0   0.00    3.7  0.000    0.0  0.000      0      0      0      0      0
06/22/1990  15859     34   9640   6185      0   1209      7   2546     17   2316      0      0      0   0.00   0.00      0   0.00    3.9  0.000    0.0  0.000      0      0      0      0      0
06/23/1990  16148     32   9412   6704      0   1259     12   2959     19   2356      0      0      0   0.00   0.00      0   0.00    4.1  0.000    0.0  0.000      0      0      0      0      0
06/24/1990  15880     30   9131   6719      0   1456     18   3308     21   2401      0      0      0   0.00   0.00      0   0.00    4.4  0.000    0.0  0.000      0      0      0      0      0
06/25/1990  15508     28   8786   6694      0   1811     24   3540     23   2470      0      0      0   0.00   0.00      0   0.00    4.6  0.000    0.0  0.000      0      0      0      0      0
06/26/1990  15008     26   8384   6598      0   2276     31   3767     24   2521      0      0      0   0.00   0.00      0   0.00    4.8  0.000    0.0  0.000      0      0      0      0      0
06/27/1990  14381     24   7819   6538      1   2933     38   3948     24   2508      0      0      0   0.00   0.00      0   0.00    5.1  0.000    0.0  0.000      0      0      0      0      0
06/28/1990  13741     22   7291   6428      3   3687     44   4032     24   2479      0      0      0   0.00   0.00      0   0.00    5.3  0.000    0.0  0.000      0      0      0      0      0
06/29/1990  13114     20   6819   6275      7   4480     48   4084     24   2479      0      0      0   0.00   0.00      0   0.00    5.5  0.000    0.0  0.000      0      0      0      0      0
06/30/1990  12531     17   6360   6154     12   5249     51   4140     24   2496      0      0      0   0.00   0.00      0   0.00    5.8  0.000    0.0  0.000      0      0      0      0      0
07/01/1990  11958     15   5839   6104     18   6043     53   4155     24   2519      0      0      0   0.00   0.00      0   0.00    6.0  0.000    0.0  0.000      0      0      0      0      0
07/02/1990  11429     13   5294   6122     24   6881     55   4162     23   2471      0      0      0   0.00   0.00      0   0.00    6.2  0.000    0.0  0.000      0      0      0      0      0
07/03/1990  10974     11   4738   6225     31   7719     56   4166     22   2420      0      0      0   0.00   0.00      0   0.00    6.5  0.000    0.0  0.000      0      0      0      0      0
07/04/1990  10615      9   4441   6165     39   8420     56   4153     21   2356      0      0      0   0.00   0.00      0   0.00    6.7  0.000    0.0  0.000      0      0      0      0      0
07/05/1990  10337      7   4247   6083     47   9002     55   4125     21   2335      0      0      0   0.00   0.00      0   0.00    6.9  0.000    0.0  0.000      0      0      0      0      0
07/06/1990  10147      4   4120   6023     55   9470     54   4107     21   2316      0      0      0   0.00   0.00      0   0.00    7.2  0.000    0.0  0.000      0      0      0      0      0
07/07/1990  10063      3   4113   5947     63   9871     53   4030     21   2341      0      0      0   0.00   0.00      0   0.00    7.4  0.000    0.0  0.000      0      0      0      0      0
07/08/1990  10095      2   4279   5814     71  10176     52   3964     21   2362      0      0      0   0.00   0.00      0   0.00    7.6  0.000    0.0  0.000      0      0      0      0      0
07/09/1990  10096      1   4480   5615     79  10441     51   3904     21   2389      0      0      0   0.00   0.00      0   0.00    7.9  0.000    0.0  0.000      0      0      0      0      0
07/10/1990  10224      0   4744   5480     87  10581     50   3900     21   2411      0      0      0   0.00   0.00      0   0.00    8.1  0.000    0.0  0.000      0      0      0      0      0
07/11/1990  10507      1   5127   5379     94  10618     49   3906     20   2431      0      0      0   0.00   0.00      0   0.00    8.3  0.000    0.0  0.000      0      0      0      0      0
07/12/1990  10843      3   5597   5243     99  10593     49   3937     19   2444      0      0      0   0.00   0.00      0   0.00    8.5  0.000    0.0  0.000      0      0      0      0      0
07/13/1990  11095      7   6071   5017    102  10600     49   3976     18   2432      0      0      0   0.00   0.00      0   0.00    8.7  0.000    0.0  0.000      0      0      0      0      0
07/14/1990  11349     12   6574   4763    104  10578     48   4021     18   2402      0      0      0   0.00   0.00      0   0.00    8.8  0.000    0.0  0.000      0      0      0      0      0
07/15/1990  11637     18   7165   4454    105  10533     47   4040     17   2358      0      0      0   0.00   0.00      0   0.00    9.0  0.000    0.0  0.000      0      0      0      0      0
07/16/1990  12040     24   7821   4195    106  10492     46   4046     16   2279      0      0      0   0.00   0.00      0   0.00    9.2  0.000    0.0  0.000      0      0      0      0      0
07/17/1990  12455     31   8564   3860    106  10446     45   4034     14   2190      0      0      0   0.00   0.00      0   0.00    9.3  0.000    0.0  0.000      0      0      0      0      0
07/18/1990  12820     39   9389   3392    105  10436     43   3987     13   2105      0      0      0   0.00   0.00      0   0.00    9.4  0.000    0.0  0.000      0      0      0      0      0
07/19/1990  13186     47  10198   2941    104  10444     41   3894     11   2027      0      0      0   0.00   0.00      0   0.00    9.4  0.000    0.0  0.000      0      0      0      0      0
07/20/1990  13668     55  11043   2570    103  10411     38   3780      9   1932      0      0      0   0.00   0.00      0   0.00    9.5  0.000    0.0  0.000      0      0      0      0      0
07/21/1990  14152     63  11885   2204    101  10372     36   3660      6   1810      0      0      0   0.00   0.00      0   0.00    9.5  0.000    0.0  0.000      0      0      0      0      0
07/22/1990  14599     71  12717   1811     99  10327     33   3519      3   1676      0      0      0   0.00   0.00      0   0.00    9.5  0.000    0.0  0.000      0      0      0      0      0
07/23/1990  15033     79  13514   1440     97  10298     29   3354      1   1510      0      0      0   0.00   0.00      0   0.00    9.5  0.000    0.0  0.000      0      0      0      0      0
07/24/1990  15509     87  14305   1117     95  10231     24   3191      0   1307      0      0      0   0.00   0.00      0   0.00    9.4  0.000    0.0  0.000      0      0      0      0      0
07/25/1990  15990     95  14929    966     92  10161     19   3005      0   1090      0      0      0   0.00   0.00      0   0.00    9.4  0.000    0.0  0.000      0      0      0      0      0
07/26/1990  16482    102  15462    918     90  10068     14   2759      0    927      0      0      0   0.00   0.00      0   0.00    9.3  0.000    0.0  0.000      0      0      0      0      0
07/27/1990  17014    109  15893   1012     87   9942     10   2471      0    844      0      0      0   0.00   0.00      0   0.00    9.2  0.000    0.0  0.000      0      0      0      0      0
07/28/1990  17632    116  16242   1274     84   9752      6   2163      0    850      0      0      0   0.00   0.00      0   0.00    9.2  0.000    0.0  0.000      0      0      0      0      0
07/29/1990  18334    123  16502   1709     80   9516      3   1876      0    931      0      0      0   0.00   0.00      0   0.00    9.1  0.000    0.0  0.000      0      0      0      0      0
07/30/1990  19140    130  16734   2276     75   9229      1   1639      0   1086      0      0      0   0.00   0.00      0   0.00    9.1  0.000    0.0  0.000      0      0      0      0      0
07/31/1990  19962    137  16892   2933     69   8851      0   1503      0   1294      0      0      0   0.00   0.00      0   0.00    9.1  0.000    0.0  0.000      0      0      0      0      0
08/01/1990  20785    143  16955   3687     62   8392      0   1500      2   1522      0      0      0   0.00   0.00      0   0.00    9.2  0.000    0.0  0.000      0      0      0      0      0
08/02/1990  21602    148  16974   4480     55   7875      0   1635      5   1749      0      0      0   0.00   0.00      0   0.00    9.3  0.000    0.0  0.000      0      0      0      0      0
08/03/1990  22408    151  17008   5249     48   7346      0   1870     10   1961      0      0      0   0.00   0.00      0   0.00    9.4  0.000    0.0  0.000      0      0      0      0      0
08/04/1990  23196    152  17001   6043     42   6834      2   2178     14   2158      0      0      0   0.00   0.00      0   0.00    9.6  0.000    0.0  0.000      0      0      0      0      0
08/05/1990  23964    152  16931   6881     36   6367      5   2534     19   2351      0      0      0   0.00   0.00      0   0.00    9.7  0.000    0.0  0.000      0      0      0      0      0
08/06/1990  24544    152  16817   7575     30   5998     10   2900     23   2532      0      0      0   0.00   0.00      0   0.00   10.0  0.000    0.0  0.000      0      0      0      0      0
08/07/1990  24998    151  16670   8177     24   5730     16   3250     28   2690      0      0      0   0.00   0.00      0   0.00   10.2  0.000    0.0  0.000      0      0      0      0      0
08/08/1990  25337    148  16528   8661     19   5556     24   3591     31   2807      0      0      0   0.00   0.00      0   0.00   10.5  0.000    0.0  0.000      0      0      0      0      0
08/09/1990  25536    145  16365   9026     14   5493     33   3910     34   2894      0      0      0   0.00   0.00      0   0.00   10.8  0.000    0.0  0.000      0      0      0      0      0
08/10/1990  25598    141  16123   9334     10   5547     44   4191     35   2961      0      0      0   0.00   0.00      0   0.00   11.1  0.000    0.0  0.000      0      0      0      0      0
08/11/1990  25588    137  15842   9609      8   5707     53   4437     37   3012      0      0      0   0.00   0.00      0   0.00   11.4  0.000    0.0  0.000      0      0      0      0      0
08/12/1990  25438    132  15522   9784      8   5975     62   4646     38   3050      0      0      0   0.00   0.00      0   0.00   11.8  0.000    0.0  0.000      0      0      0      0      0
08/13/1990  25115    126  15162   9827     11   6388     69   4801     39   3054      0      0      0   0.00   0.00      0   0.00   12.1  0.000    0.0  0.000      0      0      0      0      0
08/14/1990  24673    119  14729   9825     16   6932     76   4917     38   2993      0      0      0   0.00   0.00      0   0.00   12.4  0.000    0.0  0.000      0      0      0      0      0
08/15/1990  24191    111  14256   9824     24   7575     81   5006     36   2856      0      0      0   0.00   0.00      0   0.00   12.8  0.000    0.0  0.000      0      0      0      0      0
08/16/1990  23664    104  13754   9806     33   8268     85   5048     34   2755      0      0      0   0.00   0.00      0   0.00   13.1  0.000    0.0  0.000      0      0      0      0      0
08/17/1990  23094     97  13257   9740     44   8982     86   5016     34   2722      0      0      0   0.00   0.00      0   0.00   13.4  0.000    0.0  0.000      0      0      0      0      0
08/18/1990  22550     90  12765   9695     55   9686     86   4901     34   2687      0      0      0   0.00   0.00      0   0.00   13.8  0.000    0.0  0.000      0      0      0      0      0
08/19/1990    959      0    947     12     67  10349     58   3770     34   2632      0      0      0   0.00   0.00      0   0.00   14.1  0.304    0.0  0.000     27   1021     82  11368   9622
08/20/1990   1320      0   1307     13     73  10431     58   3704     22   1708      0      0      0   0.00   0.00      0   0.00   14.1  0.304    0.0  0.000      6    478      0     37     31
08/21/1990   1768      0   1753     15     79  10425     57   3612     11    853      0      0      0   0.00   0.00      0   0.00   14.1  0.304    0.0  0.000      6    444      0     30     30
08/22/1990   2297      0   2279     18     85  10321     56   3533      0      0      0      0      0   0.00   0.00      0   0.00   14.1  0.304    0.0  0.000      6    453      0     24     29
08/23/1990   2906      0   2884     22     91  10110     44   2626      0      6      0      0      0   0.00   0.00      0   0.00   14.1  0.304    0.0  0.000      6    461      0     19     28
08/24/1990   3584      0   3557     27     97   9844     32   1744      0     13      0      0      0   0.00   0.00      0   0.00   14.0  0.304    0.0  0.000      6    427      0     15     27
08/25/1990   4325      1   4291     33    100   9527     21    856      0     21      0      0      0   0.00   0.00      0   0.00   14.0  0.304    0.0  0.000      6    425      1     13     26
08/26/1990   5139      3   5096     40    102   9105     16    434      0     26      0      0      0   0.00   0.00      0   0.00   14.0  0.304    0.0  0.000      0      0      1     12     25
08/27/1990   6045      8   5965     72    103   8631     10     13      0     33      0      0      0   0.00   0.00      0   0.00   14.0  0.304    0.0  0.000      0      0      0      0      0
08/28/1990   6988     14   6870    104    102   7693      5     21      0     52      0      0      0   0.00   0.00      0   0.00   13.9  0.304    0.0  0.000      0      0      0      0      0
08/29/1990   7962     22   7804    136     99   6726      0     32      0     80      0      0      0   0.00   0.00      0   0.00   13.9  0.304    0.0  0.000      0      0      0      0      0
08/30/1990   8959     31   8760    168     90   5737      0     46      0    115      0      0      0   0.00   0.00      0   0.00   13.9  0.304    0.0  0.000      0      0      0      0      0
08/31/1990   9974     42   9701    231     79   4738      0     67      0    147      0      0      0   0.00   0.00      0   0.00   13.8  0.304    0.0  0.000      0      0      0      0      0
09/01/1990  11001     53  10655    293     68   3727      0     99      0    191      0      0      0   0.00   0.00      0   0.00   13.8  0.304    0.0  0.000      0      0      0      0      0
09/02/1990  11525     65  11103    357     56   3223      0    140      0    245      0      0      0   0.00   0.00      0   0.00   13.7  0.304    0.0  0.000      0      0      0      0      0
09/03/1990  12031     71  11542    418     50   2731      0    188      0    307      0      0      0   0.00   0.00      0   0.00   13.7  0.304    0.0  0.000      0      0      0      0      0
09/04/1990  12512     77  11957    478     44   2266      0    257      0    362      0      0      0   0.00   0.00      0   0.00   13.6  0.304    0.0  0.000      0      0      0      0      0
09/05/1990  12959     83  12339    537     38   1847      0    333      0    417      0      0      0   0.00   0.00      0   0.00   13.5  0.304    0.0  0.000      0      0      0      0      0
09/06/1990  13414     89  12730    595     32   1431      0    415      0    471      0      0      0   0.00   0.00      0   0.00   13.5  0.304    0.0  0.000      0      0      0      0      0
09/07/1990  13876     95  13151    630     26   1017      0    504      0    521      0      0      0   0.00   0.00      0   0.00   13.4  0.304    0.0  0.000      0      0      0      0      0
09/08/1990  14301    100  13537    664     21    648      0    603      0    557      0      0      0   0.00   0.00      0   0.00   13.4  0.304    0.0  0.000      0      0      0      0      0
09/09/1990  14701    105  13913    683     16    303      0    695      0    587      0      0      0   0.00   0.00      0   0.00   13.3  0.304    0.0  0.000      0      0      0      0      0
09/10/1990  14674    111  13520   1043     10    406      0    780      0    617      0      0      0   0.00   0.00      0   0.00   13.2  0.304    0.0  0.000      0      0      0      0      0
09/11/1990  14646    116  13041   1489      5    527      0    853      0    714      0      0      0   0.00   0.00      0   0.00   13.2  0.304    0.0  0.000      0      0      0      0      0
09/12/1990  14618    121  12482   2015      0    665      0    920      0    877      0      0      0   0.00   0.00      0   0.00   13.2  0.304    0.0  0.000      0      0      0      0      0
09/13/1990  14560    121  11850   2589      0    817      0    980      0   1103      0      0      0   0.00   0.00      0   0.00   13.2  0.304    0.0  0.000      0      0      0      0      0
09/14/1990  14439    121  11151   3167      0    985      0   1096      0   1288      0      0      0   0.00   0.00      0   0.00   13.3  0.303    0.0  0.000      0      0      0      0      0
09/15/1990  14382    120  10392   3870      0   1165      0   1276      2   1446      0      0      0   0.00   0.00      0   0.00   13.4  0.300    0.0  0.000      0      0      0      0      0
09/16/1990  14327    118   9565   4644      0   1348      0   1526      5   1585      0      0      0   0.00   0.00      0   0.00   13.5  0.297    0.0  0.000      0      0      0      0      0
09/17/1990  14272    113   8677   5482      0   1539      0   1797     10   1759      0      0      0   0.00   0.00      0   0.00   13.7  0.293    0.0  0.000      0      0      0      0      0
09/18/1990  14229    107   7766   6356      0   1730      2   2105     13   1921      0      0      0   0.00   0.00      0   0.00   13.9  0.289    0.0  0.000      0      0      0      0      0
09/19/1990  14218     99   6838   7281      0   1982      5   2397     16   2062      0      0      0   0.00   0.00      0   0.00   14.2  0.283    0.0  0.000      0      0      0      0      0
09/20/1990  14216     90   5898   8228      0   2301     10   2679     20   2222      0      0      0   0.00   0.00      0   0.00   14.5  0.277    0.0  0.000      0      0      0      0      0
09/21/1990  14212     79   4952   9181      0   2686     15   2923     25   2391      0      0      0   0.00   0.00      0   0.00   14.9  0.270    0.0  0.000      0      0      0      0      0
09/22/1990  13891     68   4017   9806      0   3079     21   3171     30   2508      0      0      0   0.00   0.00      0   0.00   15.3  0.263    0.0  0.000      0      0      0      0      0
09/23/1990  13503     56   3608   9839      0   3502     30   3455     32   2509      0      0      0   0.00   0.00      0   0.00   15.7  0.256    0.0  0.000      0      0      0      0      0
09/24/1990  13059     50   3226   9783      0   3964     40   3729     33   2510      0      0      0   0.00   0.00      0   0.00   16.1  0.249    0.0  0.000      0      0      0      0      0
09/25/1990  12553     44   2885   9624      2   4476     49   3920     33   2519      0      0      0   0.00   0.00      0   0.00   16.5  0.243    0.0  0.000      0      0      0      0      0
09/26/1990  11999     38   2597   9364      5   5006     57   4043     33   2549      0      0      0   0.00   0.00      0   0.00   16.9  0.237    0.0  0.000      0      0      0      0      0
09/27/1990  11401     32   2317   9052     10   5555     63   4177     33   2526      0      0      0   0.00   0.00      0   0.00   17.3  0.232    0.0  0.000      0      0      0      0      0
09/28/1990  10745     26   2042   8677     15   6177     69   4217     33   2519      0      0      0   0.00   0.00      0   0.00   17.7  0.227    0.0  0.000      0      0      0      0      0
09/29/1990  10032     21   1808   8203     21   6840     74   4201     33   2545      0      0      0   0.00   0.00      0   0.00   18.1  0.223    0.0  0.000      0      0      0      0      0
09/30/1990   9294     16   1585   7693     30   7476     76   4195     32   2582      0      0      0   0.00   0.00      0   0.00   18.4  0.219    0.0  0.000      0      0      0      0      0
10/01/1990   8539     10   1803   6726     40   8069     77   4227     31   2596      0      0      0   0.00   0.00      0   0.00   18.7  0.215    0.0  0.000      0      0      0      0      0
10/02/1990   7836      5   2094   5737     51   8636     77   4236     27   2487      0      0      0   0.00   0.00      0   0.00   18.9  0.212    0.0  0.000      0      0      0      0      0
10/03/1990   7194      0   2462   4732     62   9118     76   4258     23   2328      0      0      0   0.00   0.00      0   0.00   19.1  0.210    0.0  0.000      0      0      0      0      0
10/04/1990   6620      0   2900   3720     73   9515     75   4274     18   2179      0      0      0   0.00   0.00      0   0.00   19.3  0.209    0.0  0.000      0      0      0      0      0
10/05/1990   6584      0   3369   3215     84   9874     71   4197     14   2001      0      0      0   0.00   0.00      0   0.00   19.4  0.207    0.0  0.000      0      0      0      0      0
10/06/1990   6607      0   3887   2720     95  10191     66   4067      9   1781      0      0      0   0.00   0.00      0   0.00   19.5  0.206    0.0  0.000      0      0      0      0      0
10/07/1990   6711      0   4459   2252    106  10475     60   3908      4   1488      0      0      0   0.00   0.00      0   0.00   19.5  0.206    0.0  0.000      0      0      0      0      0
10/08/1990   6915      0   5095   1820    117  10697     52   3616      1   1288      0      0      0   0.00   0.00      0   0.00   19.6  0.205    0.0  0.000      0      0      0      0      0
10/09/1990   7150      2   5756   1392    126  10866     42   3252      0   1152      0      0      0   0.00   0.00      0   0.00   19.6  0.205    0.0  0.000      0      0      0      0      0
10/10/1990   7414      5   6441    968    133  10900     32   2909      0   1030      0      0      0   0.00   0.00      0   0.00   19.6  0.205    0.0  0.000      0      0      0      0      0
10/11/1990   7801     10   7202    589    138  10803     22   2576      0    878      0      0      0   0.00   0.00      0   0.00   19.6  0.205    0.0  0.000      0      0      0      0      0
10/12/1990   8235     15   8000    220    140  10654     15   2225      0    679      0      0      0   0.00   0.00      0   0.00   19.6  0.205    0.0  0.000      0      0      0      0      0
10/13/1990   9082     21   8758    303    140  10393      9   1938      0    453      0      0      0   0.00   0.00      0   0.00   19.5  0.205    0.0  0.000      0      0      0      0      0
10/14/1990   9902     30   9466    406    136  10075      4   1673      0    315      0      0      0   0.00   0.00      0   0.00   19.5  0.205    0.0  0.000      0      0      0      0      0
10/15/1990  10770     40  10203    527    129   9632      1   1416      0    275      0      0      0   0.00   0.00      0   0.00   19.4  0.205    0.0  0.000      0      0      0      0      0
10/16/1990  11625     51  10915    659    119   9162      0   1103      0    351      0      0      0   0.00   0.00      0   0.00   19.4  0.205    0.0  0.000      0      0      0      0      0
10/17/1990  12470     62  11598    810    108   8678      0    836      0    431      0      0      0   0.00   0.00      0   0.00   19.4  0.205    0.0  0.000      0      0      0      0      0
10/18/1990  13308     73  12258    977     97   8136      0    661      0    517      0      0      0   0.00   0.00      0   0.00   19.3  0.205    0.0  0.000      0      0      0      0      0
10/19/1990  14151     84  12913   1154     86   7521      0    576      0    582      0      0      0   0.00   0.00      0   0.00   19.3  0.205    0.0  0.000      0      0      0      0      0
10/20/1990  15015     95  13586   1334     75   6812      0    588      0    628      0      0      0   0.00   0.00      0   0.00   19.3  0.205    0.0  0.000      0      0      0      0      0
10/21/1990  15871    106  14253   1512     64   6007      0    725      0    686      0      0      0   0.00   0.00      0   0.00   19.2  0.205    0.0  0.000      0      0      0      0      0
10/22/1990  16700    117  14892   1691     53   5240      0    843      0    766      0      0      0   0.00   0.00      0   0.00   19.2  0.205    0.0  0.000      0      0      0      0      0
10/23/1990  17420    128  15359   1933     42   4600      0    941      0    867      0      0      0   0.00   0.00      0   0.00   19.2  0.205    0.0  0.000      0      0      0      0      0
10/24/1990  18084    138  15704   2242     32   4030      0   1060      0    967      0      0      0   0.00   0.00      0   0.00   19.2  0.205    0.0  0.000      0      0      0      0      0
10/25/1990  18719    148  15968   2603     22   3492      0   1178      0   1081      0      0      0   0.00   0.00      0   0.00   19.2  0.205    0.0  0.000      0      0      0      0      0
10/26/1990  19203    155  16072   2976     15   3116      0   1291      0   1168      0      0      0   0.00   0.00      0   0.00   19.2  0.204    0.0  0.000      0      0      0      0      0
10/27/1990  19581    161  16039   3381      9   2831      0   1445      1   1259      0      0      0   0.00   0.00      0   0.00   19.3  0.204    0.0  0.000      0      0      0      0      0
10/28/1990  19863    166  15871   3826      4   2632      0   1631      3   1322      0      0      0   0.00   0.00      0   0.00   19.3  0.203    0.0  0.000      0      0      0      0      0
10/29/1990  20088    169  15601   4318      1   2514      0   1773      5   1406      0      0      0   0.00   0.00      0   0.00   19.4  0.202    0.0  0.000      0      0      0      0      0
10/30/1990  20269    168  15270   4831      0   2445      1   1938      7   1431      0      0      0   0.00   0.00      0   0.00   19.5  0.201    0.0  0.000      0      0      0      0      0
10/31/1990  20371    165  14839   5367      0   2469      3   2086      8   1449      0      0      0   0.00   0.00      0   0.00   19.7  0.200    0.0  0.000      0      0      0      0      0
11/01/1990  20388    160  14257   5971      0   2603      5   2212      9   1374      0      0      0   0.00   0.00      0   0.00   19.8  0.198    0.0  0.000      0      0      0      0      0
11/02/1990  20325    155  13558   6612      0   2847      8   2288      9   1298      0      0      0   0.00   0.00      0   0.00   20.0  0.196    0.0  0.000      0      0      0      0      0
11/03/1990  20158    149  12784   7225      0   3184     11   2367     10   1261      0      0      0   0.00   0.00      0   0.00   20.3  0.194    0.0  0.000      0      0      0      0      0
11/04/1990  19939    140  12063   7736      0   3547     14   2327     12   1359      0      0      0   0.00   0.00      0   0.00   20.5  0.192    0.0  0.000      0      0      0      0      0
11/05/1990  19671    130  11323   8218      0   3894     17   2264     14   1498      0      0      0   0.00   0.00      0   0.00   20.8  0.189    0.0  0.000      0      0      0      0      0
11/06/1990  19352    119  10616   8617      1   4239     20   2222     15   1518      0      0      0   0.00   0.00      0   0.00   21.1  0.186    0.0  0.000      0      0      0      0      0
11/07/1990  19029    108   9945   8976      3   4547     23   2255     15   1474      0      0      0   0.00   0.00      0   0.00   21.4  0.184    0.0  0.000      0      0      0      0      0
11/08/1990  18691     97   9314   9280      5   4826     26   2313     16   1472      0      0      0   0.00   0.00      0   0.00   21.8  0.181    0.0  0.000      0      0      0      0      0
11/09/1990  18301     86   8679   9536      8   5031     28   2366     18   1579      0      0      0   0.00   0.00      0   0.00   22.1  0.178    0.0  0.000      0      0      0      0      0
11/10/1990  17853     75   8028   9750     11   5217     30   2431     20   1705      0      0      0   0.00   0.00      0   0.00   22.5  0.175    0.0  0.000      0      0      0      0      0
11/11/1990  17414     64   7418   9932     14   5401     33   2524     22   1788      0      0      0   0.00   0.00      0   0.00   22.9  0.172    0.0  0.000      0      0      0      0      0
11/12/1990  16966     53   6849  10064     17   5624     37   2586     23   1871      0      0      0   0.00   0.00      0   0.00   23.3  0.169    0.0  0.000      0      0      0      0      0
11/13/1990  16462     42   6408  10012     21   5848     40   2638     25   1959      0      0      0   0.00   0.00      0   0.00   23.7  0.166    0.0  0.000      0      0      0      0      0
11/14/1990  15957     32   6057   9868     26   5952     43   2794     24   1926      0      0      0   0.00   0.00      0   0.00   24.1  0.163    0.0  0.000      0      0      0      0      0
11/15/1990  15508     22   5751   9735     31   6017     46   2983     23   1827      0      0      0   0.00   0.00      0   0.00   24.5  0.160    0.0  0.000      0      0      0      0      0
11/16/1990  15094     15   5575   9504     36   6152     50   3125     22   1756      0      0      0   0.00   0.00      0   0.00   24.9  0.158    0.0  0.000      0      0      0      0      0
11/17/1990  14683      9   5535   9139     41   6272     52   3141     23   1801      0      0      0   0.00   0.00      0   0.00   25.3  0.156    0.0  0.000      0      0      0      0      0
11/18/1990  14293      4   5585   8704     47   6400     53   3105     23   1826      0      0      0   0.00   0.00      0   0.00   25.6  0.153    0.0  0.000      0      0      0      0      0
11/19/1990  13937      1   5693   8243     54   6534     54   3093     21   1801      0      0      0   0.00   0.00      0   0.00   26.0  0.151    0.0  0.000      0      0      0      0      0
11/20/1990  14403      1   5814   8588     60   6712     55   3071     18   1588      0      0      0   0.00   0.00      0   0.00   26.3  0.149    0.0  0.000      0      0      0      0      0
11/21/1990  14054      3   6004   8047     66   6910     54   2972     15   1380      0      0      0   0.00   0.00      0   0.00   26.6  0.148    0.0  0.000      0      0      0      0      0
11/22/1990  12772      5   6189   6578     72   7086     52   2968     13   1186      0      0      0   0.00   0.00      0   0.00   26.9  0.146    0.0  0.000      0      0      0      0      0
11/23/1990  12305      8   6433   5864     78   7241     48   2832     11   1128      0      0      0   0.00   0.00      0   0.00   27.1  0.145    0.0  0.000      0      0      0      0      0
11/24/1990  11897     11   6812   5074     82   7405     45   2596     10   1106      0      0      0   0.00   0.00      0   0.00   27.3  0.144    0.0  0.000      0      0      0      0      0
11/25/1990  12399     14   7233   5152     86   7528     42   2353      8   1084      0      0      0   0.00   0.00      0   0.00   27.2  0.144    0.0  0.000      0      0      0      0      0
11/26/1990  12931     17   7656   5258     91   7569     37   2134      6    971      0      0      0   0.00   0.00      0   0.00   27.2  0.144    0.0  0.000      0      0      0      0      0
11/27/1990  13389     21   7979   5389     95   7688     32   1901      4    844      0      0      0   0.00   0.00      0   0.00   27.1  0.144    0.0  0.000      0      0      0      0      0
11/28/1990  13849     26   8276   5547     97   7642     27   1849      3    744      0      0      0   0.00   0.00      0   0.00   27.3  0.143    0.0  0.000      0      0      0      0      0
11/29/1990  12941     31   8611   4299     98   7477     22   1725      4    811      0      0      0   0.00   0.00      0   0.00   27.5  0.142    0.0  0.000      0      0      0      0      0
11/30/1990  12814     36   8976   3802     98   7295     18   1559      4    877      0      0      0   0.00   0.00      0   0.00   27.6  0.142    0.0  0.000      0      0      0      0      0
12/01/1990  13400     41   9353   4006     97   7065     15   1465      3    835      0      0      0   0.00   0.00      0   0.00   27.7  0.141    0.0  0.000      0      0      0      0      0
12/02/1990  14016     47   9713   4256     95   6795     13   1430      1    716      0      0      0   0.00   0.00      0   0.00   27.6  0.141    0.0  0.000      0      0      0      0      0
12/03/1990  14104     54  10081   3969     91   6508     11   1352      1    656      0      0      0   0.00   0.00      0   0.00   27.7  0.141    0.0  0.000      0      0      0      0      0
12/04/1990  14304     61  10445   3798     87   6077      8   1329      1    676      0      0      0   0.00   0.00      0   0.00   27.8  0.140    0.0  0.000      0      0      0      0      0
12/05/1990  14889     69  10672   4148     81   5713      6   1302      1    674      0      0      0   0.00   0.00      0   0.00   27.8  0.140    0.0  0.000      0      0      0      0      0
12/06/1990  15045     77  10827   4141     74   5425      6   1264      1    688      0      0      0   0.00   0.00      0   0.00   27.9  0.140    0.0  0.000      0      0      0      0      0
12/07/1990  14949     86  11033   3830     66   5132      5   1194      2    707      0      0      0   0.00   0.00      0   0.00   28.0  0.139    0.0  0.000      0      0      0      0      0
12/08/1990  15301     93  11214   3994     60   4789      4   1099      2    764      0      0      0   0.00   0.00      0   0.00   28.1  0.139    0.0  0.000      0      0      0      0      0
12/09/1990  15667    100  11331   4236     55   4434      3   1117      2    788      0      0      0   0.00   0.00      0   0.00   28.2  0.138    0.0  0.000      0      0      0      0      0
12/10/1990  16107    108  11428   4571     48   4047      3   1185      3    883      0      0      0   0.00   0.00      0   0.00   28.3  0.137    0.0  0.000      0      0      0      0      0
12/11/1990  16122    115  11371   4636     40   3857      3   1207      5   1002      0      0      0   0.00   0.00      0   0.00   28.5  0.137    0.0  0.000      0      0      0      0      0
12/12/1990  16489    120  11262   5107     33   3730      4   1229      6   1073      0      0      0   0.00   0.00      0   0.00   28.4  0.137    0.0  0.000      0      0      0      0      0
12/13/1990  16872    124  11240   5508     28   3535      5   1394      6   1023      0      0      0   0.00   0.00      0   0.00   28.6  0.136    0.0  0.000      0      0      0      0      0
12/14/1990  17225    126  11201   5898     23   3417      7   1521      4    798      0      0      0   0.00   0.00      0   0.00   28.5  0.136    0.0  0.000      0      0      0      0      0
12/15/1990  17565    127  11107   6331     19   3331      9   1595      3    650      0      0      0   0.00   0.00      0   0.00   28.4  0.136    0.0  0.000      0      0      0      0      0
12/16/1990  17922    128  10965   6829     16   3215     10   1653      2    518      0      0      0   0.00   0.00      0   0.00   28.3  0.136    0.0  0.000      0      0      0      0      0
12/17/1990  18159    128  10674   7357     14   3234      9   1531      3    584      0      0      0   0.00   0.00      0   0.00   28.3  0.136    0.0  0.000      0      0      0      0      0
12/18/1990  18369    127  10433   7809     11   3370     10   1362      4    639      0      0      0   0.00   0.00      0   0.00   28.2  0.136    0.0  0.000      0      0      0      0      0
12/19/1990  18621    124  10235   8262     10   3473     10   1169      5    680      0      0      0   0.00   0.00      0   0.00   28.1  0.136    0.0  0.000      0      0      0      0      0
12/20/1990  18920    120  10013   8787     11   3496      9   1042      4    542      0      0      0   0.00   0.00      0   0.00   28.0  0.136    0.0  0.000      0      0      0      0      0
12/21/1990  19192    116   9731   9345     12   3516      9    978      2    295      0      0      0   0.00   0.00      0   0.00   28.0  0.136    0.0  0.000      0      0      0      0      0
12/22/1990  19400    112   9365   9923     13   3436      9   1051      0     75      0      0      0   0.00   0.00      0   0.00   27.9  0.136    0.0  0.000      0      0      0      0      0
12/23/1990  19578    108   8941  10529     13   3430      7    934      0      0      0      0      0   0.00   0.00      0   0.00   27.8  0.136    0.0  0.000      0      0      0      0      0
12/24/1990  19787    102   8516  11169     12   3378      7    755      0      0      0      0      0   0.00   0.00      0   0.00   27.8  0.136    0.0  0.000      0      0      0      0      0
12/25/1990  20011     95   8082  11834     13   3344      6    542      0     48      0      0      0   0.00   0.00      0   0.00   27.7  0.136    0.0  0.000      0      0      0      0      0
12/26/1990  20182     87   7689  12406     14   3395      5    295      1    165      0      0      0   0.00   0.00      0   0.00   27.6  0.136    0.0  0.000      0      0      0      0      0
12/27/1990  20403     80   7377  12946     14   3370      4     75      3    330      0      0      0   0.00   0.00      0   0.00   27.6  0.136    0.0  0.000      0      0      0      0      0
12/28/1990  20642     71   7033  13538     16   3179      2     48      5    476      0      0      0   0.00   0.00      0   0.00   27.5  0.136    0.0  0.000      0      0      0      0      0
12/29/1990  20870     64   6652  14154     18   2926      1    165      4    444      0      0      0   0.00   0.00      0   0.00   27.5  0.136    0.0  0.000      0      0      0      0      0
12/30/1990  21115     58   6339  14718     17   2657      3    330      3    426      0      0      0   0.00   0.00      0   0.00   27.5  0.136    0.0  0.000      0      0      0      0      0
12/31/1990  21450     51   6115  15284     16   2296      5    524      3    385      0      0      0   0.00   0.00      0   0.00   27.4  0.136    0.0  0.000      0      0      0      0      0
