Varroa Population Simulation - Nov 24,2015  04:08:04 PM
VarroaPop Version 3.2.5.8  June, 2015

                                        Capped  Capped                                                                      Prop           Conc          Conc                                     
            Colony  Adult  Adult         Drone   Wkr    Drone  Wkr    Drone  Wkr  Free   DBrood WBrood DMite  WMite  Mites  Mites  Colony Pollen Colony Nectar   Dead   Dead   Dead   Dead   Dead
     Date   Size   Drones   Wkr   Forgrs Brood  Brood   Larv   Larv    Eggs  Eggs Mites  Mites  Mites  /Cell  /Cell  Dying  Dying  Pollen  Pest  Nectar  Pest    DLarv  WLarv  DAdlt  WAdlt  Forgrs
Initial     10000      0   7224   2776      0      0      0      0      0      0      0      0      0   0.00   0.00      0   0.00    0.0  0.000    0.0  0.000      0      0      0      0      0
05/01/1990   9656      0   6880   2776      0      0      0      0      2    175      0      0      0   0.00   0.00      0   0.00    0.1  0.000    0.0  0.000      0      0      0      0      0
05/02/1990   9312      0   6536   2776      0      0      0      0      5    363      0      0      0   0.00   0.00      0   0.00    0.2  0.000    0.0  0.000      0      0      0      0      0
05/03/1990   8968      0   6192   2776      0      0      0      0      8    568      0      0      0   0.00   0.00      0   0.00    0.2  0.000    0.0  0.000      0      0      0      0      0
05/04/1990   8624      0   5848   2776      0      0      2    175      9    607      0      0      0   0.00   0.00      0   0.00    0.3  0.000    0.0  0.000      0      0      0      0      0
05/05/1990   8280      0   5504   2776      0      0      5    363     10    636      0      0      0   0.00   0.00      0   0.00    0.4  0.000    0.0  0.000      0      0      0      0      0
05/06/1990   7936      0   5160   2776      0      0      8    568     11    644      0      0      0   0.00   0.00      0   0.00    0.5  0.000    0.0  0.000      0      0      0      0      0
05/07/1990   7592      0   4816   2776      0      0     11    782     11    628      0      0      0   0.00   0.00      0   0.00    0.6  0.000    0.0  0.000      0      0      0      0      0
05/08/1990   7224      0   4472   2752      0      0     15    999     10    606      0      0      0   0.00   0.00      0   0.00    0.7  0.000    0.0  0.000      0      0      0      0      0
05/09/1990   6880      0   4128   2752      0    175     19   1037      9    572      0      0      0   0.00   0.00      0   0.00    0.8  0.000    0.0  0.000      0      0      0      0      0
05/10/1990   6536      0   3784   2752      0    363     22   1047      8    528      0      0      0   0.00   0.00      0   0.00    0.9  0.000    0.0  0.000      0      0      0      0      0
05/11/1990   6192      0   3440   2752      2    568     23   1037      8    503      0      0      0   0.00   0.00      0   0.00    0.9  0.000    0.0  0.000      0      0      0      0      0
05/12/1990   5848      0   3096   2752      5    782     23   1002      8    500      0      0      0   0.00   0.00      0   0.00    1.0  0.000    0.0  0.000      0      0      0      0      0
05/13/1990   5504      0   2752   2752      8    999     22    939      9    526      0      0      0   0.00   0.00      0   0.00    1.1  0.000    0.0  0.000      0      0      0      0      0
05/14/1990   5160      0   2408   2752     11   1212     22    896      9    535      0      0      0   0.00   0.00      0   0.00    1.3  0.000    0.0  0.000      0      0      0      0      0
05/15/1990   4816      0   2064   2752     15   1410     21    874      9    530      0      0      0   0.00   0.00      0   0.00    1.4  0.000    0.0  0.000      0      0      0      0      0
05/16/1990   4472      0   1720   2752     19   1605     20    859     10    542      0      0      0   0.00   0.00      0   0.00    1.5  0.000    0.0  0.000      0      0      0      0      0
05/17/1990   4128      0   1376   2752     22   1784     20    859     10    543      0      0      0   0.00   0.00      0   0.00    1.6  0.000    0.0  0.000      0      0      0      0      0
05/18/1990   3784      0   1032   2752     25   1938     20    876     10    532      0      0      0   0.00   0.00      0   0.00    1.7  0.000    0.0  0.000      0      0      0      0      0
05/19/1990   3440      0    688   2752     28   2108     21    898      9    496      0      0      0   0.00   0.00      0   0.00    1.8  0.000    0.0  0.000      0      0      0      0      0
05/20/1990   3096      0    344   2752     30   2284     22    902      9    493      0      0      0   0.00   0.00      0   0.00    1.9  0.000    0.0  0.000      0      0      0      0      0
05/21/1990   2752      0      0   2752     33   2464     22    882     10    518      0      0      0   0.00   0.00      0   0.00    2.1  0.000    0.0  0.000      0      0      0      0      0
05/22/1990   2583      0    175   2408     36   2468     22    859     11    551      0      0      0   0.00   0.00      0   0.00    2.2  0.000    0.0  0.000      0      0      0      0      0
05/23/1990   2771      0    363   2408     39   2451     22    865     10    520      0      0      0   0.00   0.00      0   0.00    2.2  0.000    0.0  0.000      0      0      0      0      0
05/24/1990   2632      0    568   2064     42   2438     23    858      8    479      0      0      0   0.00   0.00      0   0.00    2.3  0.000    0.0  0.000      0      0      0      0      0
05/25/1990   2504      2    782   1720     43   2404     24    867      6    438      0      0      0   0.00   0.00      0   0.00    2.3  0.000    0.0  0.000      0      0      0      0      0
05/26/1990   2380      5    999   1376     44   2347     22    853      6    428      0      0      0   0.00   0.00      0   0.00    2.4  0.000    0.0  0.000      0      0      0      0      0
05/27/1990   2596      8   1212   1376     44   2290     21    841      5    386      0      0      0   0.00   0.00      0   0.00    2.4  0.000    0.0  0.000      0      0      0      0      0
05/28/1990   2797     11   1410   1376     44   2269     20    812      4    340      0      0      0   0.00   0.00      0   0.00    2.4  0.000    0.0  0.000      0      0      0      0      0
05/29/1990   2652     15   1605   1032     43   2259     19    763      3    313      0      0      0   0.00   0.00      0   0.00    2.4  0.000    0.0  0.000      0      0      0      0      0
05/30/1990   2491     19   1784    688     42   2269     17    676      3    301      0      0      0   0.00   0.00      0   0.00    2.4  0.000    0.0  0.000      0      0      0      0      0
05/31/1990   2304     22   1938    344     43   2261     14    632      2    263      0      0      0   0.00   0.00      0   0.00    2.4  0.000    0.0  0.000      0      0      0      0      0
06/01/1990   2133     25   2108      0     44   2235     11    597      1    191      0      0      0   0.00   0.00      0   0.00    2.4  0.000    0.0  0.000      0      0      0      0      0
06/02/1990   2312     28   2284      0     43   2207     10    539      0    101      0      0      0   0.00   0.00      0   0.00    2.4  0.000    0.0  0.000      0      0      0      0      0
06/03/1990   2494     30   2464      0     43   2163      8    467      0     37      0      0      0   0.00   0.00      0   0.00    2.4  0.000    0.0  0.000      0      0      0      0      0
06/04/1990   2676     33   2643      0     42   2086      6    402      0      0      0      0      0   0.00   0.00      0   0.00    2.4  0.000    0.0  0.000      0      0      0      0      0
06/05/1990   2850     36   2814      0     41   2017      4    300      0      0      0      0      0   0.00   0.00      0   0.00    2.4  0.000    0.0  0.000      0      0      0      0      0
06/06/1990   3045     39   3006      0     39   1934      3    191      0      0      0      0      0   0.00   0.00      0   0.00    2.3  0.000    0.0  0.000      0      0      0      0      0
06/07/1990   3228     42   3186      0     37   1844      2    101      0      0      0      0      0   0.00   0.00      0   0.00    2.3  0.000    0.0  0.000      0      0      0      0      0
06/08/1990   3391     45   3346      0     35   1748      1     37      0      0      0      0      0   0.00   0.00      0   0.00    2.3  0.000    0.0  0.000      0      0      0      0      0
06/09/1990   3551     49   3502      0     32   1629      0      0      0      0      0      0      0   0.00   0.00      0   0.00    2.3  0.000    0.0  0.000      0      0      0      0      0
06/10/1990   3731     52   3679      0     29   1452      0      0      0      0      0      0      0   0.00   0.00      0   0.00    2.2  0.000    0.0  0.000      0      0      0      0      0
06/11/1990   3919     55   3864      0     26   1267      0      0      0      0      0      0      0   0.00   0.00      0   0.00    2.2  0.000    0.0  0.000      0      0      0      0      0
06/12/1990   4111     58   3878    175     23   1078      0      0      0      0      0      0      0   0.00   0.00      0   0.00    2.2  0.000    0.0  0.000      0      0      0      0      0
06/13/1990   4260     61   3836    363     20    932      0      0      0     22      0      0      0   0.00   0.00      0   0.00    2.2  0.000    0.0  0.000      0      0      0      0      0
06/14/1990   4408     65   3775    568     16    788      0      0      0     62      0      0      0   0.00   0.00      0   0.00    2.2  0.000    0.0  0.000      0      0      0      0      0
06/15/1990   4558     67   3709    782     12    640      0      0      0    124      0      0      0   0.00   0.00      0   0.00    2.2  0.000    0.0  0.000      0      0      0      0      0
06/16/1990   4693     66   3628    999     10    504      0     22      1    187      0      0      0   0.00   0.00      0   0.00    2.2  0.000    0.0  0.000      0      0      0      0      0
06/17/1990   4794     65   3517   1212      8    402      0     62      2    254      0      0      0   0.00   0.00      0   0.00    2.2  0.000    0.0  0.000      0      0      0      0      0
06/18/1990   4895     64   3421   1410      6    300      0    124      4    309      0      0      0   0.00   0.00      0   0.00    2.3  0.000    0.0  0.000      0      0      0      0      0
06/19/1990   5002     62   3335   1605      4    191      1    209      5    364      0      0      0   0.00   0.00      0   0.00    2.3  0.000    0.0  0.000      0      0      0      0      0
06/20/1990   4914     59   3246   1609      3    101      2    316      7    421      0      0      0   0.00   0.00      0   0.00    2.4  0.000    0.0  0.000      0      0      0      0      0
06/21/1990   4788     57   3156   1575      2     59      4    411      8    469      0      0      0   0.00   0.00      0   0.00    2.4  0.000    0.0  0.000      0      0      0      0      0
06/22/1990   4618     55   3023   1540      1     62      6    511      9    481      0      0      0   0.00   0.00      0   0.00    2.5  0.000    0.0  0.000      0      0      0      0      0
06/23/1990   4402     53   2847   1502      0    124      9    613      9    466      0      0      0   0.00   0.00      0   0.00    2.5  0.000    0.0  0.000      0      0      0      0      0
06/24/1990   4183     51   2667   1465      0    209     12    693      9    450      0      0      0   0.00   0.00      0   0.00    2.6  0.000    0.0  0.000      0      0      0      0      0
06/25/1990   3967     48   2488   1431      0    316     15    738      9    445      0      0      0   0.00   0.00      0   0.00    2.6  0.000    0.0  0.000      0      0      0      0      0
06/26/1990   3766     45   2317   1404      1    433     17    770      9    442      0      0      0   0.00   0.00      0   0.00    2.7  0.000    0.0  0.000      0      0      0      0      0
06/27/1990   3568     42   2125   1401      2    573     19    779      8    435      0      0      0   0.00   0.00      0   0.00    2.7  0.000    0.0  0.000      0      0      0      0      0
06/28/1990   3386     39   1945   1402      4    737     20    762      7    428      0      0      0   0.00   0.00      0   0.00    2.8  0.000    0.0  0.000      0      0      0      0      0
06/29/1990   3229     36   1785   1408      6    902     21    743      7    429      0      0      0   0.00   0.00      0   0.00    2.8  0.000    0.0  0.000      0      0      0      0      0
06/30/1990   3055     32   1629   1394      9   1054     20    733      8    434      0      0      0   0.00   0.00      0   0.00    2.9  0.000    0.0  0.000      0      0      0      0      0
07/01/1990   2876     29   1452   1395     12   1203     19    724      9    441      0      0      0   0.00   0.00      0   0.00    2.9  0.000    0.0  0.000      0      0      0      0      0
07/02/1990   2693     26   1267   1400     15   1352     19    722      9    435      0      0      0   0.00   0.00      0   0.00    3.0  0.000    0.0  0.000      0      0      0      0      0
07/03/1990   2511     23   1078   1410     18   1499     19    722      9    428      0      0      0   0.00   0.00      0   0.00    3.0  0.000    0.0  0.000      0      0      0      0      0
07/04/1990   2359     20    954   1385     21   1623     19    723      9    416      0      0      0   0.00   0.00      0   0.00    3.1  0.000    0.0  0.000      0      0      0      0      0
07/05/1990   2203     16    850   1337     24   1725     19    722      9    411      0      0      0   0.00   0.00      0   0.00    3.1  0.000    0.0  0.000      0      0      0      0      0
07/06/1990   2081     12    764   1305     27   1803     19    722      9    403      0      0      0   0.00   0.00      0   0.00    3.2  0.000    0.0  0.000      0      0      0      0      0
07/07/1990   2004     10    713   1281     29   1865     20    710      9    403      0      0      0   0.00   0.00      0   0.00    3.2  0.000    0.0  0.000      0      0      0      0      0
07/08/1990   1953      8    718   1227     31   1905     21    699      9    401      0      0      0   0.00   0.00      0   0.00    3.3  0.000    0.0  0.000      0      0      0      0      0
07/09/1990   1891      6    733   1152     34   1935     21    684      9    400      0      0      0   0.00   0.00      0   0.00    3.3  0.000    0.0  0.000      0      0      0      0      0
07/10/1990   1845      5    764   1076     36   1936     21    678      9    395      0      0      0   0.00   0.00      0   0.00    3.4  0.000    0.0  0.000      0      0      0      0      0
07/11/1990   1820      5    838    977     38   1912     21    672      8    388      0      0      0   0.00   0.00      0   0.00    3.4  0.000    0.0  0.000      0      0      0      0      0
07/12/1990   1840      6    939    895     39   1882     21    668      7    376      0      0      0   0.00   0.00      0   0.00    3.4  0.000    0.0  0.000      0      0      0      0      0
07/13/1990   1849      7   1054    788     40   1866     21    662      6    357      0      0      0   0.00   0.00      0   0.00    3.5  0.000    0.0  0.000      0      0      0      0      0
07/14/1990   1852      9   1203    640     40   1849     20    657      6    331      0      0      0   0.00   0.00      0   0.00    3.5  0.000    0.0  0.000      0      0      0      0      0
07/15/1990   1868     12   1352    504     40   1835     19    641      5    297      0      0      0   0.00   0.00      0   0.00    3.5  0.000    0.0  0.000      0      0      0      0      0
07/16/1990   1916     15   1499    402     40   1822     18    618      4    254      0      0      0   0.00   0.00      0   0.00    3.5  0.000    0.0  0.000      0      0      0      0      0
07/17/1990   1963     18   1645    300     40   1807     17    588      2    209      0      0      0   0.00   0.00      0   0.00    3.5  0.000    0.0  0.000      0      0      0      0      0
07/18/1990   1999     21   1787    191     40   1795     15    543      1    169      0      0      0   0.00   0.00      0   0.00    3.5  0.000    0.0  0.000      0      0      0      0      0
07/19/1990   2052     24   1927    101     40   1782     13    484      0    131      0      0      0   0.00   0.00      0   0.00    3.5  0.000    0.0  0.000      0      0      0      0      0
07/20/1990   2138     27   2074     37     40   1754     10    421      0     92      0      0      0   0.00   0.00      0   0.00    3.5  0.000    0.0  0.000      0      0      0      0      0
07/21/1990   2250     29   2221      0     40   1718      8    355      0     52      0      0      0   0.00   0.00      0   0.00    3.5  0.000    0.0  0.000      0      0      0      0      0
07/22/1990   2399     31   2368      0     40   1672      6    284      0     22      0      0      0   0.00   0.00      0   0.00    3.5  0.000    0.0  0.000      0      0      0      0      0
07/23/1990   2543     34   2509      0     39   1616      4    216      0      5      0      0      0   0.00   0.00      0   0.00    3.5  0.000    0.0  0.000      0      0      0      0      0
07/24/1990   2686     37   2649      0     38   1544      2    153      0      0      0      0      0   0.00   0.00      0   0.00    3.4  0.000    0.0  0.000      0      0      0      0      0
07/25/1990   2824     40   2762     22     36   1465      1     97      0      0      0      0      0   0.00   0.00      0   0.00    3.4  0.000    0.0  0.000      0      0      0      0      0
07/26/1990   2963     43   2858     62     34   1374      0     52      0      3      0      0      0   0.00   0.00      0   0.00    3.4  0.000    0.0  0.000      0      0      0      0      0
07/27/1990   3098     46   2928    124     31   1272      0     22      0     13      0      0      0   0.00   0.00      0   0.00    3.4  0.000    0.0  0.000      0      0      0      0      0
07/28/1990   3236     49   2978    209     28   1154      0      5      0     32      0      0      0   0.00   0.00      0   0.00    3.4  0.000    0.0  0.000      0      0      0      0      0
07/29/1990   3373     52   3005    316     25   1025      0      3      0     60      0      0      0   0.00   0.00      0   0.00    3.4  0.000    0.0  0.000      0      0      0      0      0
07/30/1990   3507     55   3019    433     22    894      0     13      0     96      0      0      0   0.00   0.00      0   0.00    3.4  0.000    0.0  0.000      0      0      0      0      0
07/31/1990   3639     57   3009    573     19    764      0     32      1    137      0      0      0   0.00   0.00      0   0.00    3.4  0.000    0.0  0.000      0      0      0      0      0
08/01/1990   3768     59   2972    737     16    637      0     63      2    182      0      0      0   0.00   0.00      0   0.00    3.4  0.000    0.0  0.000      0      0      0      0      0
08/02/1990   3866     60   2926    880     13    518      0    109      4    228      0      0      0   0.00   0.00      0   0.00    3.4  0.000    0.0  0.000      0      0      0      0      0
08/03/1990   3938     61   2885    992     10    410      1    166      5    273      0      0      0   0.00   0.00      0   0.00    3.4  0.000    0.0  0.000      0      0      0      0      0
08/04/1990   3976     60   2837   1079      8    319      2    232      6    313      0      0      0   0.00   0.00      0   0.00    3.5  0.000    0.0  0.000      0      0      0      0      0
08/05/1990   3975     59   2773   1143      6    253      4    305      7    346      0      0      0   0.00   0.00      0   0.00    3.5  0.000    0.0  0.000      0      0      0      0      0
08/06/1990   3935     58   2694   1183      4    216      6    379      8    372      0      0      0   0.00   0.00      0   0.00    3.5  0.000    0.0  0.000      0      0      0      0      0
08/07/1990   3873     57   2604   1212      2    206      8    449      9    391      0      0      0   0.00   0.00      0   0.00    3.6  0.000    0.0  0.000      0      0      0      0      0
08/08/1990   3776     55   2507   1214      1    221     11    514      9    403      0      0      0   0.00   0.00      0   0.00    3.6  0.000    0.0  0.000      0      0      0      0      0
08/09/1990   3640     53   2397   1190      0    267     14    569      9    409      0      0      0   0.00   0.00      0   0.00    3.6  0.000    0.0  0.000      0      0      0      0      0
08/10/1990   3489     50   2267   1172      1    342     16    612      9    410      0      0      0   0.00   0.00      0   0.00    3.7  0.000    0.0  0.000      0      0      0      0      0
08/11/1990   3340     48   2125   1167      2    442     18    644      9    407      0      0      0   0.00   0.00      0   0.00    3.7  0.000    0.0  0.000      0      0      0      0      0
08/12/1990   3189     46   1978   1165      4    558     19    665      9    403      0      0      0   0.00   0.00      0   0.00    3.7  0.000    0.0  0.000      0      0      0      0      0
08/13/1990   3037     43   1837   1157      6    683     20    676      9    397      0      0      0   0.00   0.00      0   0.00    3.8  0.000    0.0  0.000      0      0      0      0      0
08/14/1990   2887     40   1697   1150      8    814     21    679      9    385      0      0      0   0.00   0.00      0   0.00    3.8  0.000    0.0  0.000      0      0      0      0      0
08/15/1990   2738     37   1562   1139     11    949     21    677      9    365      0      0      0   0.00   0.00      0   0.00    3.9  0.000    0.0  0.000      0      0      0      0      0
08/16/1990   2596     34   1429   1133     14   1083     21    670      9    349      0      0      0   0.00   0.00      0   0.00    3.9  0.000    0.0  0.000      0      0      0      0      0
08/17/1990   2463     31   1307   1125     17   1210     21    655      9    343      0      0      0   0.00   0.00      0   0.00    3.9  0.000    0.0  0.000      0      0      0      0      0
08/18/1990   2332     28   1191   1113     20   1327     21    632      8    337      0      0      0   0.00   0.00      0   0.00    4.0  0.000    0.0  0.000      0      0      0      0      0
08/19/1990    478      0    462     16     23   1430     13    531      7    330      0      0      0   0.00   0.00      0   0.00    4.0  0.065    0.0  0.000      6     81     15    618   1076
08/20/1990    462      0    448     14     24   1453     14    577      4    215      0      0      0   0.00   0.00      0   0.00    4.0  0.065    0.0  0.000      1      1      0     21     39
08/21/1990    455      0    442     13     25   1506     14    570      2    109      0      0      0   0.00   0.00      0   0.00    4.0  0.065    0.0  0.000      1      1      0     27     38
08/22/1990    459      0    446     13     26   1551     14    555      0      3      0      0      0   0.00   0.00      0   0.00    4.0  0.065    0.0  0.000      1      1      0     33     37
08/23/1990    473      0    459     14     27   1571     12    443      0      3      0      0      0   0.00   0.00      0   0.00    4.0  0.065    0.0  0.000      1      1      0     40     36
08/24/1990    497      0    481     16     28   1579      9    330      0      3      0      0      0   0.00   0.00      0   0.00    4.0  0.065    0.0  0.000      1      1      1     44     35
08/25/1990    530      0    510     20     29   1578      6    215      0      3      0      0      0   0.00   0.00      0   0.00    4.0  0.065    0.0  0.000      1      1      1     48     33
08/26/1990    570      1    544     25     29   1559      4    109      0      4      0      0      0   0.00   0.00      0   0.00    4.0  0.065    0.0  0.000      0      1      1     52     32
08/27/1990    701      3    636     62     29   1534      2      4      0      6      0      0      0   0.00   0.00      0   0.00    4.0  0.065    0.0  0.000      0      0      0      0      0
08/28/1990    838      5    732    101     28   1399      1      5      0     14      0      0      0   0.00   0.00      0   0.00    4.0  0.065    0.0  0.000      0      0      0      0      0
08/29/1990    977      8    830    139     26   1263      0      6      0     27      0      0      0   0.00   0.00      0   0.00    4.0  0.065    0.0  0.000      0      0      0      0      0
08/30/1990   1115     11    928    176     23   1127      0      8      0     44      0      0      0   0.00   0.00      0   0.00    4.0  0.065    0.0  0.000      0      0      0      0      0
08/31/1990   1251     14   1063    174     20    992      0     16      0     59      0      0      0   0.00   0.00      0   0.00    4.0  0.065    0.0  0.000      0      0      0      0      0
09/01/1990   1384     17   1196    171     17    859      0     30      0     69      0      0      0   0.00   0.00      0   0.00    4.0  0.065    0.0  0.000      0      0      0      0      0
09/02/1990   1456     20   1264    172     14    791      0     49      0     74      0      0      0   0.00   0.00      0   0.00    4.0  0.065    0.0  0.000      0      0      0      0      0
09/03/1990   1564     21   1376    167     13    680      0     71      0     74      0      0      0   0.00   0.00      0   0.00    4.0  0.065    0.0  0.000      0      0      0      0      0
09/04/1990   1679     22   1496    161     12    562      0     93      0     73      0      0      0   0.00   0.00      0   0.00    4.0  0.065    0.0  0.000      0      0      0      0      0
09/05/1990   1753     23   1607    123     11    459      0    109      0     71      0      0      0   0.00   0.00      0   0.00    4.0  0.065    0.0  0.000      0      0      0      0      0
09/06/1990   1828     24   1719     85     10    361      0    118      0     65      0      0      0   0.00   0.00      0   0.00    4.0  0.065    0.0  0.000      0      0      0      0      0
09/07/1990   1906     26   1828     52      8    266      0    122      0     53      0      0      0   0.00   0.00      0   0.00    4.0  0.065    0.0  0.000      0      0      0      0      0
09/08/1990   1975     28   1928     19      6    184      0    121      0     37      0      0      0   0.00   0.00      0   0.00    4.0  0.065    0.0  0.000      0      0      0      0      0
09/09/1990   2082     30   2020     32      4    103      0    114      0     21      0      0      0   0.00   0.00      0   0.00    4.0  0.065    0.0  0.000      0      0      0      0      0
09/10/1990   2082     32   1995     55      2    128      0    101      0     14      0      0      0   0.00   0.00      0   0.00    4.0  0.065    0.0  0.000      0      0      0      0      0
09/11/1990   2083     33   1963     87      1    151      0     84      0     15      0      0      0   0.00   0.00      0   0.00    3.9  0.065    0.0  0.000      0      0      0      0      0
09/12/1990   2084     34   1921    129      0    174      0     62      0     25      0      0      0   0.00   0.00      0   0.00    3.9  0.065    0.0  0.000      0      0      0      0      0
09/13/1990   2084     34   1870    180      0    196      0     44      0     39      0      0      0   0.00   0.00      0   0.00    3.9  0.065    0.0  0.000      0      0      0      0      0
09/14/1990   2084     34   1810    240      0    213      0     34      0     55      0      0      0   0.00   0.00      0   0.00    3.9  0.065    0.0  0.000      0      0      0      0      0
09/15/1990   2079     34   1743    302      0    224      0     34      0     73      0      0      0   0.00   0.00      0   0.00    3.9  0.065    0.0  0.000      0      0      0      0      0
09/16/1990   2074     33   1672    369      0    229      0     46      0     92      0      0      0   0.00   0.00      0   0.00    3.9  0.065    0.0  0.000      0      0      0      0      0
09/17/1990   2061     31   1544    486      0    228      0     68      0    114      0      0      0   0.00   0.00      0   0.00    3.9  0.065    0.0  0.000      0      0      0      0      0
09/18/1990   2043     29   1418    596      0    224      0     93      1    140      0      0      0   0.00   0.00      0   0.00    4.0  0.065    0.0  0.000      0      0      0      0      0
09/19/1990   2022     26   1296    700      0    217      0    123      2    168      0      0      0   0.00   0.00      0   0.00    4.0  0.064    0.0  0.000      0      0      0      0      0
09/20/1990   1996     23   1179    794      0    209      0    157      4    201      0      0      0   0.00   0.00      0   0.00    4.0  0.064    0.0  0.000      0      0      0      0      0
09/21/1990   1965     20   1067    878      0    204      1    194      5    233      0      0      0   0.00   0.00      0   0.00    4.0  0.063    0.0  0.000      0      0      0      0      0
09/22/1990   1926     17    958    951      0    203      2    236      6    257      0      0      0   0.00   0.00      0   0.00    4.1  0.063    0.0  0.000      0      0      0      0      0
09/23/1990   1880     14    914    952      0    208      4    285      6    267      0      0      0   0.00   0.00      0   0.00    4.1  0.062    0.0  0.000      0      0      0      0      0
09/24/1990   1830     13    825    992      0    222      6    335      6    274      0      0      0   0.00   0.00      0   0.00    4.1  0.062    0.0  0.000      0      0      0      0      0
09/25/1990   1722     12    728    982      0    244      8    379      6    280      0      0      0   0.00   0.00      0   0.00    4.2  0.061    0.0  0.000      0      0      0      0      0
09/26/1990   1609     11    639    959      0    277     10    412      6    287      0      0      0   0.00   0.00      0   0.00    4.2  0.060    0.0  0.000      0      0      0      0      0
09/27/1990   1489     10    544    935      0    325     12    441      6    286      0      0      0   0.00   0.00      0   0.00    4.3  0.060    0.0  0.000      0      0      0      0      0
09/28/1990   1362      8    441    913      1    392     13    458      6    284      0      0      0   0.00   0.00      0   0.00    4.3  0.059    0.0  0.000      0      0      0      0      0
09/29/1990   1231      6    342    883      2    473     14    466      6    285      0      0      0   0.00   0.00      0   0.00    4.3  0.059    0.0  0.000      0      0      0      0      0
09/30/1990   1097      4    238    855      4    561     14    470      6    288      0      0      0   0.00   0.00      0   0.00    4.4  0.058    0.0  0.000      0      0      0      0      0
10/01/1990   1031      2    243    786      6    645     14    475      6    290      0      0      0   0.00   0.00      0   0.00    4.4  0.058    0.0  0.000      0      0      0      0      0
10/02/1990    925      1    250    674      8    732     14    477      6    277      0      0      0   0.00   0.00      0   0.00    4.4  0.058    0.0  0.000      0      0      0      0      0
10/03/1990    815      0    261    554     10    816     14    478      6    254      0      0      0   0.00   0.00      0   0.00    4.5  0.057    0.0  0.000      0      0      0      0      0
10/04/1990    722      0    279    443     12    893     14    478      5    227      0      0      0   0.00   0.00      0   0.00    4.5  0.057    0.0  0.000      0      0      0      0      0
10/05/1990    633      0    302    331     14    963     14    468      4    195      0      0      0   0.00   0.00      0   0.00    4.5  0.057    0.0  0.000      0      0      0      0      0
10/06/1990    548      0    331    217     16   1027     14    448      2    159      0      0      0   0.00   0.00      0   0.00    4.5  0.057    0.0  0.000      0      0      0      0      0
10/07/1990    480      0    367    113     18   1086     13    420      1    114      0      0      0   0.00   0.00      0   0.00    4.5  0.057    0.0  0.000      0      0      0      0      0
10/08/1990    420      0    410     10     20   1137     12    375      0     75      0      0      0   0.00   0.00      0   0.00    4.5  0.057    0.0  0.000      0      0      0      0      0
10/09/1990    476      0    457     19     22   1177     10    317      0     37      0      0      0   0.00   0.00      0   0.00    4.5  0.057    0.0  0.000      0      0      0      0      0
10/10/1990    541      0    508     33     24   1195      8    257      0     14      0      0      0   0.00   0.00      0   0.00    4.5  0.057    0.0  0.000      0      0      0      0      0
10/11/1990    619      0    567     52     26   1190      6    196      0      5      0      0      0   0.00   0.00      0   0.00    4.5  0.057    0.0  0.000      0      0      0      0      0
10/12/1990    707      1    631     75     27   1171      4    127      0     11      0      0      0   0.00   0.00      0   0.00    4.5  0.057    0.0  0.000      0      0      0      0      0
10/13/1990    797      2    696     99     28   1133      2     76      0     19      0      0      0   0.00   0.00      0   0.00    4.5  0.057    0.0  0.000      0      0      0      0      0
10/14/1990    887      4    760    123     27   1082      1     42      0     27      0      0      0   0.00   0.00      0   0.00    4.5  0.057    0.0  0.000      0      0      0      0      0
10/15/1990    982      6    831    145     26   1011      0     24      0     36      0      0      0   0.00   0.00      0   0.00    4.5  0.057    0.0  0.000      0      0      0      0      0
10/16/1990   1077      8    903    166     24    928      0     20      0     44      0      0      0   0.00   0.00      0   0.00    4.5  0.057    0.0  0.000      0      0      0      0      0
10/17/1990   1166     10    976    180     22    832      0     32      0     52      0      0      0   0.00   0.00      0   0.00    4.5  0.057    0.0  0.000      0      0      0      0      0
10/18/1990   1247     12   1052    183     20    739      0     46      0     59      0      0      0   0.00   0.00      0   0.00    4.5  0.057    0.0  0.000      0      0      0      0      0
10/19/1990   1323     14   1134    175     18    649      0     59      0     62      0      0      0   0.00   0.00      0   0.00    4.5  0.057    0.0  0.000      0      0      0      0      0
10/20/1990   1398     16   1224    158     16    558      0     73      0     59      0      0      0   0.00   0.00      0   0.00    4.5  0.057    0.0  0.000      0      0      0      0      0
10/21/1990   1472     18   1319    135     14    470      0     86      0     54      0      0      0   0.00   0.00      0   0.00    4.5  0.057    0.0  0.000      0      0      0      0      0
10/22/1990   1545     20   1410    115     12    386      0     94      0     49      0      0      0   0.00   0.00      0   0.00    4.5  0.057    0.0  0.000      0      0      0      0      0
10/23/1990   1607     22   1486     99     10    317      0     96      0     45      0      0      0   0.00   0.00      0   0.00    4.5  0.057    0.0  0.000      0      0      0      0      0
10/24/1990   1659     24   1548     87      8    260      0     96      0     39      0      0      0   0.00   0.00      0   0.00    4.5  0.057    0.0  0.000      0      0      0      0      0
10/25/1990   1707     26   1598     83      6    211      0     91      0     35      0      0      0   0.00   0.00      0   0.00    4.5  0.057    0.0  0.000      0      0      0      0      0
10/26/1990   1743     28   1626     89      4    181      0     82      0     31      0      0      0   0.00   0.00      0   0.00    4.5  0.057    0.0  0.000      0      0      0      0      0
10/27/1990   1771     30   1634    107      2    163      0     73      0     31      0      0      0   0.00   0.00      0   0.00    4.5  0.057    0.0  0.000      0      0      0      0      0
10/28/1990   1789     31   1620    138      1    156      0     67      0     32      0      0      0   0.00   0.00      0   0.00    4.5  0.057    0.0  0.000      0      0      0      0      0
10/29/1990   1801     32   1587    182      0    160      0     59      0     38      0      0      0   0.00   0.00      0   0.00    4.5  0.057    0.0  0.000      0      0      0      0      0
10/30/1990   1796     32   1531    233      0    175      0     55      0     45      0      0      0   0.00   0.00      0   0.00    4.5  0.057    0.0  0.000      0      0      0      0      0
10/31/1990   1789     32   1466    291      0    187      0     54      0     55      0      0      0   0.00   0.00      0   0.00    4.5  0.057    0.0  0.000      0      0      0      0      0
11/01/1990   1773     32   1391    350      0    194      0     58      0     62      0      0      0   0.00   0.00      0   0.00    4.5  0.057    0.0  0.000      0      0      0      0      0
11/02/1990   1752     31   1309    412      0    199      0     65      0     67      0      0      0   0.00   0.00      0   0.00    4.5  0.056    0.0  0.000      0      0      0      0      0
11/03/1990   1730     30   1228    472      0    199      0     78      0     73      0      0      0   0.00   0.00      0   0.00    4.5  0.056    0.0  0.000      0      0      0      0      0
11/04/1990   1705     28   1151    526      0    198      0     89      0     87      0      0      0   0.00   0.00      0   0.00    4.5  0.056    0.0  0.000      0      0      0      0      0
11/05/1990   1676     26   1071    579      0    195      0    100      0    104      0      0      0   0.00   0.00      0   0.00    4.5  0.056    0.0  0.000      0      0      0      0      0
11/06/1990   1642     24    992    626      0    193      0    113      0    113      0      0      0   0.00   0.00      0   0.00    4.5  0.056    0.0  0.000      0      0      0      0      0
11/07/1990   1602     22    916    664      0    191      0    131      0    116      0      0      0   0.00   0.00      0   0.00    4.6  0.055    0.0  0.000      0      0      0      0      0
11/08/1990   1555     20    844    691      0    191      0    149      0    122      0      0      0   0.00   0.00      0   0.00    4.6  0.055    0.0  0.000      0      0      0      0      0
11/09/1990   1494     18    770    706      0    193      0    164      1    134      0      0      0   0.00   0.00      0   0.00    4.6  0.055    0.0  0.000      0      0      0      0      0
11/10/1990   1421     16    690    715      0    199      0    180      2    146      0      0      0   0.00   0.00      0   0.00    4.6  0.054    0.0  0.000      0      0      0      0      0
11/11/1990   1346     14    610    722      0    210      0    198      3    154      0      0      0   0.00   0.00      0   0.00    4.7  0.054    0.0  0.000      0      0      0      0      0
11/12/1990   1270     12    529    729      0    231      1    211      3    162      0      0      0   0.00   0.00      0   0.00    4.7  0.054    0.0  0.000      0      0      0      0      0
11/13/1990   1186     10    458    718      0    258      2    222      3    170      0      0      0   0.00   0.00      0   0.00    4.7  0.053    0.0  0.000      0      0      0      0      0
11/14/1990   1099      8    395    696      0    284      3    239      3    167      0      0      0   0.00   0.00      0   0.00    4.7  0.053    0.0  0.000      0      0      0      0      0
11/15/1990   1012      6    337    669      0    312      4    257      3    156      0      0      0   0.00   0.00      0   0.00    4.8  0.053    0.0  0.000      0      0      0      0      0
11/16/1990    925      4    294    627      0    349      5    270      3    147      0      0      0   0.00   0.00      0   0.00    4.8  0.052    0.0  0.000      0      0      0      0      0
11/17/1990    840      2    267    571      0    387      6    272      3    146      0      0      0   0.00   0.00      0   0.00    4.8  0.052    0.0  0.000      0      0      0      0      0
11/18/1990    754      1    255    498      0    426      7    267      2    144      0      0      0   0.00   0.00      0   0.00    4.8  0.052    0.0  0.000      0      0      0      0      0
11/19/1990    671      0    257    414      1    465      7    263      1    133      0      0      0   0.00   0.00      0   0.00    4.9  0.052    0.0  0.000      0      0      0      0      0
11/20/1990    681      0    275    406      2    504      7    256      0    107      0      0      0   0.00   0.00      0   0.00    4.9  0.052    0.0  0.000      0      0      0      0      0
11/21/1990    609      0    296    313      3    541      6    241      0     85      0      0      0   0.00   0.00      0   0.00    4.9  0.052    0.0  0.000      0      0      0      0      0
11/22/1990    483      0    314    169      4    570      5    229      0     64      0      0      0   0.00   0.00      0   0.00    4.9  0.051    0.0  0.000      0      0      0      0      0
11/23/1990    439      0    331    108      5    593      4    207      0     51      0      0      0   0.00   0.00      0   0.00    4.9  0.051    0.0  0.000      0      0      0      0      0
11/24/1990    417      0    350     67      6    615      3    179      0     35      0      0      0   0.00   0.00      0   0.00    4.9  0.051    0.0  0.000      0      0      0      0      0
11/25/1990    447      0    374     73      7    629      2    147      0     22      0      0      0   0.00   0.00      0   0.00    4.9  0.051    0.0  0.000      0      0      0      0      0
11/26/1990    482      0    399     83      8    633      1    114      0     14      0      0      0   0.00   0.00      0   0.00    4.9  0.051    0.0  0.000      0      0      0      0      0
11/27/1990    514      0    419     95      9    635      0     81      0     11      0      0      0   0.00   0.00      0   0.00    4.9  0.051    0.0  0.000      0      0      0      0      0
11/28/1990    548      0    438    110      9    620      0     62      0     11      0      0      0   0.00   0.00      0   0.00    4.9  0.051    0.0  0.000      0      0      0      0      0
11/29/1990    551      0    462     89      9    596      0     43      0     14      0      0      0   0.00   0.00      0   0.00    4.9  0.051    0.0  0.000      0      0      0      0      0
11/30/1990    594      0    491    103      9    565      0     28      0     16      0      0      0   0.00   0.00      0   0.00    4.9  0.051    0.0  0.000      0      0      0      0      0
12/01/1990    641      0    525    116      9    525      0     22      0     16      0      0      0   0.00   0.00      0   0.00    4.9  0.051    0.0  0.000      0      0      0      0      0
12/02/1990    691      0    562    129      9    477      0     22      0     15      0      0      0   0.00   0.00      0   0.00    4.9  0.051    0.0  0.000      0      0      0      0      0
12/03/1990    744      1    604    139      8    425      0     22      0     15      0      0      0   0.00   0.00      0   0.00    4.9  0.051    0.0  0.000      0      0      0      0      0
12/04/1990    798      2    650    146      7    369      0     24      0     17      0      0      0   0.00   0.00      0   0.00    4.9  0.051    0.0  0.000      0      0      0      0      0
12/05/1990    844      3    690    151      6    321      0     26      0     17      0      0      0   0.00   0.00      0   0.00    4.9  0.051    0.0  0.000      0      0      0      0      0
12/06/1990    884      4    725    155      5    280      0     26      0     19      0      0      0   0.00   0.00      0   0.00    4.9  0.051    0.0  0.000      0      0      0      0      0
12/07/1990    887      5    766    116      4    236      0     27      0     20      0      0      0   0.00   0.00      0   0.00    4.9  0.051    0.0  0.000      0      0      0      0      0
12/08/1990    919      6    805    108      3    191      0     27      0     21      0      0      0   0.00   0.00      0   0.00    4.9  0.051    0.0  0.000      0      0      0      0      0
12/09/1990    944      7    837    100      2    152      0     29      0     19      0      0      0   0.00   0.00      0   0.00    4.9  0.051    0.0  0.000      0      0      0      0      0
12/10/1990    949      8    861     80      1    118      0     32      0     18      0      0      0   0.00   0.00      0   0.00    4.9  0.051    0.0  0.000      0      0      0      0      0
12/11/1990    957      9    867     81      0     99      0     33      0     17      0      0      0   0.00   0.00      0   0.00    4.9  0.051    0.0  0.000      0      0      0      0      0
12/12/1990    971      9    867     95      0     84      0     31      0     17      0      0      0   0.00   0.00      0   0.00    4.9  0.051    0.0  0.000      0      0      0      0      0
12/13/1990    981      9    863    109      0     71      0     33      0     15      0      0      0   0.00   0.00      0   0.00    4.9  0.051    0.0  0.000      0      0      0      0      0
12/14/1990    984      9    851    124      0     67      0     31      0     12      0      0      0   0.00   0.00      0   0.00    4.9  0.051    0.0  0.000      0      0      0      0      0
12/15/1990    982      9    829    144      0     69      0     28      0     11      0      0      0   0.00   0.00      0   0.00    4.9  0.051    0.0  0.000      0      0      0      0      0
12/16/1990    980      9    798    173      0     70      0     27      0     10      0      0      0   0.00   0.00      0   0.00    4.9  0.051    0.0  0.000      0      0      0      0      0
12/17/1990    976      9    761    206      0     72      0     24      0     13      0      0      0   0.00   0.00      0   0.00    4.9  0.051    0.0  0.000      0      0      0      0      0
12/18/1990    973      9    727    237      0     76      0     21      0     17      0      0      0   0.00   0.00      0   0.00    4.9  0.051    0.0  0.000      0      0      0      0      0
12/19/1990    974      9    693    272      0     76      0     20      0     20      0      0      0   0.00   0.00      0   0.00    4.9  0.051    0.0  0.000      0      0      0      0      0
12/20/1990    976      9    653    314      0     75      0     20      0     17      0      0      0   0.00   0.00      0   0.00    4.8  0.051    0.0  0.000      0      0      0      0      0
12/21/1990    978      9    609    360      0     75      0     23      0      9      0      0      0   0.00   0.00      0   0.00    4.8  0.051    0.0  0.000      0      0      0      0      0
12/22/1990    980      9    563    408      0     72      0     28      0      2      0      0      0   0.00   0.00      0   0.00    4.8  0.051    0.0  0.000      0      0      0      0      0
12/23/1990    982      9    514    459      0     71      0     26      0      0      0      0      0   0.00   0.00      0   0.00    4.8  0.051    0.0  0.000      0      0      0      0      0
12/24/1990    983      8    462    513      0     70      0     22      0      0      0      0      0   0.00   0.00      0   0.00    4.8  0.051    0.0  0.000      0      0      0      0      0
12/25/1990    987      7    410    570      0     68      0     17      0      2      0      0      0   0.00   0.00      0   0.00    4.8  0.051    0.0  0.000      0      0      0      0      0
12/26/1990    989      6    364    619      0     71      0      9      0      9      0      0      0   0.00   0.00      0   0.00    4.8  0.051    0.0  0.000      0      0      0      0      0
12/27/1990    993      5    325    663      0     71      0      2      0     20      0      0      0   0.00   0.00      0   0.00    4.8  0.051    0.0  0.000      0      0      0      0      0
12/28/1990    998      4    283    711      0     65      0      2      0     32      0      0      0   0.00   0.00      0   0.00    4.8  0.051    0.0  0.000      0      0      0      0      0
12/29/1990   1001      3    239    759      0     59      0      9      0     30      0      0      0   0.00   0.00      0   0.00    4.8  0.051    0.0  0.000      0      0      0      0      0
12/30/1990   1004      2    200    802      0     54      0     20      0     30      0      0      0   0.00   0.00      0   0.00    4.8  0.051    0.0  0.000      0      0      0      0      0
12/31/1990   1009      1    168    840      0     47      0     34      0     28      0      0      0   0.00   0.00      0   0.00    4.8  0.051    0.0  0.000      0      0      0      0      0
