Varroa Population Simulation - Nov 23,2015  02:36:17 PM
VarroaPop Version 3.2.5.8  June, 2015

                                        Capped  Capped                                                                      Prop           Conc          Conc                                     
            Colony  Adult  Adult         Drone   Wkr    Drone  Wkr    Drone  Wkr  Free   DBrood WBrood DMite  WMite  Mites  Mites  Colony Pollen Colony Nectar   Dead   Dead   Dead   Dead   Dead
     Date   Size   Drones   Wkr   Forgrs Brood  Brood   Larv   Larv    Eggs  Eggs Mites  Mites  Mites  /Cell  /Cell  Dying  Dying  Pollen  Pest  Nectar  Pest    DLarv  WLarv  DAdlt  WAdlt  Forgrs
Initial     10000      0   6762   3238      0      0      0      0      0      0      0      0      0   0.00   0.00      0   0.00    0.0  0.000    0.0  0.000      0      0      0      0      0
08/01/1990   9678      0   6440   3238      0      0      0      0      2    612      0      0      0   0.00   0.00      0   0.00    0.1  0.000    0.0  0.000      0      0      0      0      0
08/02/1990   9356      0   6118   3238      0      0      0      0      4   1224      0      0      0   0.00   0.00      0   0.00    0.2  0.000    0.0  0.000      0      0      0      0      0
08/03/1990   9034      0   5796   3238      0      0      0      0      6   1835      0      0      0   0.00   0.00      0   0.00    0.3  0.000    0.0  0.000      0      0      0      0      0
08/04/1990   8712      0   5474   3238      0      0      2    612      6   1837      0      0      0   0.00   0.00      0   0.00    0.4  0.000    0.0  0.000      0      0      0      0      0
08/05/1990   8390      0   5152   3238      0      0      4   1224      6   1854      0      0      0   0.00   0.00      0   0.00    0.5  0.000    0.0  0.000      0      0      0      0      0
08/06/1990   8068      0   4830   3238      0      0      6   1835      6   1875      0      0      0   0.00   0.00      0   0.00    0.6  0.000    0.0  0.000      0      0      0      0      0
08/07/1990   7746      0   4508   3238      0      0      8   2449      6   1893      0      0      0   0.00   0.00      0   0.00    0.7  0.000    0.0  0.000      0      0      0      0      0
08/08/1990   7424      0   4186   3238      0      0     10   3078      6   1897      0      0      0   0.00   0.00      0   0.00    0.9  0.000    0.0  0.000      0      0      0      0      0
08/09/1990   7102      0   3864   3238      0    612     12   3098      6   1898      0      0      0   0.00   0.00      0   0.00    1.0  0.000    0.0  0.000      0      0      0      0      0
08/10/1990   6762      0   3542   3220      0   1224     14   3118      6   1899      0      0      0   0.00   0.00      0   0.00    1.1  0.000    0.0  0.000      0      0      0      0      0
08/11/1990   6380      0   3220   3160      2   1835     10   3137      6   1897      0      0      0   0.00   0.00      0   0.00    1.2  0.011    0.0  0.000      2      3      0      0     46
08/12/1990   6060      0   2898   3162      3   2446     10   3159      6   1887      0      0      0   0.00   0.00      0   0.00    1.3  0.018    0.0  0.000      1      0      0      0      4
08/13/1990   5741      0   2576   3165      4   3075     11   3163      6   1862      0      0      0   0.00   0.00      0   0.00    1.4  0.022    0.0  0.000      0      0      0      0      3
08/14/1990   5425      0   2254   3171      5   3707     12   3162      6   1808      0      0      0   0.00   0.00      0   0.00    1.6  0.026    0.0  0.000      0      0      0      0      0
08/15/1990   5109      0   1932   3177      6   4339     13   3153      6   1722      0      0      0   0.00   0.00      0   0.00    1.7  0.027    0.0  0.000      0      0      0      0      0
08/16/1990   4793      0   1610   3183      7   4972     14   3128      6   1662      0      0      0   0.00   0.00      0   0.00    1.8  0.028    0.0  0.000      0      0      0      0      0
08/17/1990   4477      0   1288   3189      9   5605     14   3072      6   1645      0      0      0   0.00   0.00      0   0.00    1.9  0.029    0.0  0.000      0      0      0      0      0
08/18/1990   4161      0    966   3195     11   6238     14   2976      6   1628      0      0      0   0.00   0.00      0   0.00    2.1  0.029    0.0  0.000      0      0      0      0      0
08/19/1990   3845      0    644   3201     13   6869     14   2893      6   1599      0      0      0   0.00   0.00      0   0.00    2.2  0.027    0.0  0.000      0      0      0      0      0
08/20/1990   3529      0    322   3207     15   7492     14   2830      6   1586      0      0      0   0.00   0.00      0   0.00    2.4  0.025    0.0  0.000      0      0      0      0      0
08/21/1990   3213      0      0   3213     17   8100     14   2742      6   1621      0      0      0   0.00   0.00      0   0.00    2.5  0.024    0.0  0.000      0      0      0      0      0
08/22/1990   3507      0    612   2895     19   8065     14   2684      6   1683      0      0      0   0.00   0.00      0   0.00    2.6  0.023    0.0  0.000      0      0      0      0      0
08/23/1990   3800      0   1224   2576     21   7990     14   2694      5   1697      0      0      0   0.00   0.00      0   0.00    2.7  0.022    0.0  0.000      0      0      0      0      0
08/24/1990   4089      0   1835   2254     23   7927     14   2701      3   1619      0      0      0   0.00   0.00      0   0.00    2.8  0.021    0.0  0.000      0      0      0      0      0
08/25/1990   4380      2   2446   1932     23   7876     14   2722      1   1446      0      0      0   0.00   0.00      0   0.00    2.9  0.021    0.0  0.000      0      0      0      0      0
08/26/1990   4688      3   3075   1610     24   7767     13   2763      0   1273      0      0      0   0.00   0.00      0   0.00    2.9  0.020    0.0  0.000      0      0      0      0      0
08/27/1990   4999      4   3707   1288     25   7654     11   2721      0   1161      0      0      0   0.00   0.00      0   0.00    3.0  0.020    0.0  0.000      0      0      0      0      0
08/28/1990   5310      5   4339    966     26   7569      9   2582      0   1080      0      0      0   0.00   0.00      0   0.00    3.0  0.020    0.0  0.000      0      0      0      0      0
08/29/1990   5622      6   4972    644     27   7491      7   2415      0    967      0      0      0   0.00   0.00      0   0.00    3.0  0.020    0.0  0.000      0      0      0      0      0
08/30/1990   5934      7   5605    322     28   7439      5   2199      0    796      0      0      0   0.00   0.00      0   0.00    3.0  0.020    0.0  0.000      0      0      0      0      0
08/31/1990   6247      9   6238      0     28   7367      3   1965      0    576      0      0      0   0.00   0.00      0   0.00    2.9  0.020    0.0  0.000      0      0      0      0      0
09/01/1990   6880     11   6869      0     28   7213      1   1763      0    301      0      0      0   0.00   0.00      0   0.00    2.9  0.020    0.0  0.000      0      0      0      0      0
09/02/1990   7505     13   7492      0     27   6998      0   1549      0    107      0      0      0   0.00   0.00      0   0.00    2.9  0.020    0.0  0.000      0      0      0      0      0
09/03/1990   8115     15   8100      0     25   6778      0   1268      0      0      0      0      0   0.00   0.00      0   0.00    2.8  0.020    0.0  0.000      0      0      0      0      0
09/04/1990   8694     17   8677      0     23   6566      0    903      0      0      0      0      0   0.00   0.00      0   0.00    2.8  0.020    0.0  0.000      0      0      0      0      0
09/05/1990   9233     19   9214      0     21   6356      0    576      0      0      0      0      0   0.00   0.00      0   0.00    2.7  0.020    0.0  0.000      0      0      0      0      0
09/06/1990   9783     21   9762      0     19   6083      0    301      0      0      0      0      0   0.00   0.00      0   0.00    2.6  0.020    0.0  0.000      0      0      0      0      0
09/07/1990  10345     23  10322      0     17   5717      0    107      0      0      0      0      0   0.00   0.00      0   0.00    2.6  0.020    0.0  0.000      0      0      0      0      0
09/08/1990  10867     25  10842      0     15   5304      0      0      0      0      0      0      0   0.00   0.00      0   0.00    2.5  0.020    0.0  0.000      0      0      0      0      0
09/09/1990  11388     27  11361      0     13   4785      0      0      0      0      0      0      0   0.00   0.00      0   0.00    2.4  0.020    0.0  0.000      0      0      0      0      0
09/10/1990  11937     29  11908      0     11   4238      0      0      0      0      0      0      0   0.00   0.00      0   0.00    2.3  0.020    0.0  0.000      0      0      0      0      0
09/11/1990  12494     31  12463      0      9   3683      0      0      0      0      0      0      0   0.00   0.00      0   0.00    2.2  0.020    0.0  0.000      0      0      0      0      0
09/12/1990  13077     33  12432    612      7   3102      0      0      0      0      0      0      0   0.00   0.00      0   0.00    2.2  0.020    0.0  0.000      0      0      0      0      0
09/13/1990  13640     35  12381   1224      5   2541      0      0      0    192      0      0      0   0.00   0.00      0   0.00    2.2  0.020    0.0  0.000      0      0      0      0      0
09/14/1990  14119     37  12247   1835      3   2064      0      0      0    491      0      0      0   0.00   0.00      0   0.00    2.2  0.020    0.0  0.000      0      0      0      0      0
09/15/1990  14527     37  12044   2446      1   1656      0      0      0    878      0      0      0   0.00   0.00      0   0.00    2.2  0.019    0.0  0.000      0      0      0      0      0
09/16/1990  14915     37  11803   3075      0   1268      0    192      0   1145      0      0      0   0.00   0.00      0   0.00    2.2  0.019    0.0  0.000      0      0      0      0      0
09/17/1990  15279     36  11536   3707      0    903      0    491      1   1378      0      0      0   0.00   0.00      0   0.00    2.3  0.018    0.0  0.000      0      0      0      0      0
09/18/1990  15605     35  11231   4339      0    576      0    878      4   1565      0      0      0   0.00   0.00      0   0.00    2.4  0.017    0.0  0.000      0      0      0      0      0
09/19/1990  15879     34  10873   4972      0    301      0   1337      8   1718      0      0      0   0.00   0.00      0   0.00    2.6  0.016    0.0  0.000      0      0      0      0      0
09/20/1990  16072     33  10434   5605      0    107      1   1869     12   1877      0      0      0   0.00   0.00      0   0.00    2.8  0.015    0.0  0.000      0      0      0      0      0
09/21/1990  16177     31   9908   6238      0    192      4   2251     15   2036      0      0      0   0.00   0.00      0   0.00    3.0  0.014    0.0  0.000      0      0      0      0      0
09/22/1990  15563     29   9277   6257      0    491      8   2564     17   2148      0      0      0   0.00   0.00      0   0.00    3.2  0.013    0.0  0.000      0      0      0      0      0
09/23/1990  14949     27   8654   6268      0    878     13   2868     18   2138      0      0      0   0.00   0.00      0   0.00    3.4  0.012    0.0  0.000      0      0      0      0      0
09/24/1990  14336     25   8046   6265      0   1337     19   3142     18   2126      0      0      0   0.00   0.00      0   0.00    3.6  0.012    0.0  0.000      0      0      0      0      0
09/25/1990  13723     23   7469   6231      0   1869     25   3334     18   2116      0      0      0   0.00   0.00      0   0.00    3.9  0.011    0.0  0.000      0      0      0      0      0
09/26/1990  13092     21   6932   6139      0   2443     31   3441     18   2146      0      0      0   0.00   0.00      0   0.00    4.1  0.010    0.0  0.000      0      0      0      0      0
09/27/1990  12458     19   6384   6055      1   3055     36   3550     18   2133      0      0      0   0.00   0.00      0   0.00    4.3  0.010    0.0  0.000      0      0      0      0      0
09/28/1990  11824     17   5824   5983      4   3746     39   3573     18   2139      0      0      0   0.00   0.00      0   0.00    4.5  0.009    0.0  0.000      0      0      0      0      0
09/29/1990  11189     15   5304   5870      8   4479     41   3551     18   2178      0      0      0   0.00   0.00      0   0.00    4.7  0.009    0.0  0.000      0      0      0      0      0
09/30/1990  10554     13   4785   5756     13   5203     42   3535     18   2235      0      0      0   0.00   0.00      0   0.00    5.0  0.009    0.0  0.000      0      0      0      0      0
10/01/1990   9919     11   4238   5670     19   5884     42   3574     18   2280      0      0      0   0.00   0.00      0   0.00    5.2  0.008    0.0  0.000      0      0      0      0      0
10/02/1990   9286      9   3683   5594     25   6605     42   3603     18   2238      0      0      0   0.00   0.00      0   0.00    5.4  0.008    0.0  0.000      0      0      0      0      0
10/03/1990   8661      7   3102   5552     31   7319     42   3654     17   2184      0      0      0   0.00   0.00      0   0.00    5.6  0.008    0.0  0.000      0      0      0      0      0
10/04/1990   8243      5   2733   5505     37   7838     42   3708     17   2186      0      0      0   0.00   0.00      0   0.00    5.8  0.007    0.0  0.000      0      0      0      0      0
10/05/1990   7963      3   2555   5405     43   8247     42   3708     16   2182      0      0      0   0.00   0.00      0   0.00    6.1  0.007    0.0  0.000      0      0      0      0      0
10/06/1990   7811      1   2534   5276     49   8580     41   3699     16   2109      0      0      0   0.00   0.00      0   0.00    6.3  0.007    0.0  0.000      0      0      0      0      0
10/07/1990   7721      0   2605   5116     55   8871     41   3716     15   1924      0      0      0   0.00   0.00      0   0.00    6.5  0.007    0.0  0.000      0      0      0      0      0
10/08/1990   7693      0   2772   4921     61   9104     40   3655     15   1805      0      0      0   0.00   0.00      0   0.00    6.7  0.006    0.0  0.000      0      0      0      0      0
10/09/1990   7747      0   3019   4728     67   9295     39   3528     15   1779      0      0      0   0.00   0.00      0   0.00    6.9  0.006    0.0  0.000      0      0      0      0      0
10/10/1990   7840      0   3356   4484     73   9391     38   3402     14   1785      0      0      0   0.00   0.00      0   0.00    7.1  0.006    0.0  0.000      0      0      0      0      0
10/11/1990   7985      1   3853   4131     78   9411     37   3276     13   1775      0      0      0   0.00   0.00      0   0.00    7.2  0.006    0.0  0.000      0      0      0      0      0
10/12/1990   8166      4   4479   3683     81   9445     36   3121     11   1724      0      0      0   0.00   0.00      0   0.00    7.4  0.006    0.0  0.000      0      0      0      0      0
10/13/1990   8313      8   5203   3102     82   9425     35   3005      9   1659      0      0      0   0.00   0.00      0   0.00    7.5  0.006    0.0  0.000      0      0      0      0      0
10/14/1990   8438     13   5884   2541     83   9382     33   2942      6   1569      0      0      0   0.00   0.00      0   0.00    7.6  0.006    0.0  0.000      0      0      0      0      0
10/15/1990   8688     19   6605   2064     82   9243     31   2921      3   1449      0      0      0   0.00   0.00      0   0.00    7.6  0.006    0.0  0.000      0      0      0      0      0
10/16/1990   9000     25   7319   1656     81   9114     28   2859      1   1310      0      0      0   0.00   0.00      0   0.00    7.6  0.006    0.0  0.000      0      0      0      0      0
10/17/1990   9329     31   8030   1268     80   9015     24   2732      0   1159      0      0      0   0.00   0.00      0   0.00    7.6  0.006    0.0  0.000      0      0      0      0      0
10/18/1990   9678     37   8738    903     79   8895     19   2585      0   1003      0      0      0   0.00   0.00      0   0.00    7.6  0.006    0.0  0.000      0      0      0      0      0
10/19/1990  10077     43   9458    576     78   8750     14   2394      0    817      0      0      0   0.00   0.00      0   0.00    7.6  0.006    0.0  0.000      0      0      0      0      0
10/20/1990  10558     49  10208    301     76   8561     10   2167      0    612      0      0      0   0.00   0.00      0   0.00    7.5  0.006    0.0  0.000      0      0      0      0      0
10/21/1990  11135     55  10973    107     74   8319      6   1929      0    409      0      0      0   0.00   0.00      0   0.00    7.5  0.006    0.0  0.000      0      0      0      0      0
10/22/1990  11799     61  11738      0     71   8039      3   1642      0    242      0      0      0   0.00   0.00      0   0.00    7.4  0.006    0.0  0.000      0      0      0      0      0
10/23/1990  12513     67  12446      0     67   7772      1   1330      0    113      0      0      0   0.00   0.00      0   0.00    7.3  0.006    0.0  0.000      0      0      0      0      0
10/24/1990  13230     73  13157      0     62   7445      0   1028      0     31      0      0      0   0.00   0.00      0   0.00    7.2  0.006    0.0  0.000      0      0      0      0      0
10/25/1990  14003     79  13732    192     56   7012      0    725      0      0      0      0      0   0.00   0.00      0   0.00    7.1  0.006    0.0  0.000      0      0      0      0      0
10/26/1990  14713     85  14137    491     50   6593      0    440      0     56      0      0      0   0.00   0.00      0   0.00    7.1  0.006    0.0  0.000      0      0      0      0      0
10/27/1990  15356     90  14388    878     45   6153      0    242      0    188      0      0      0   0.00   0.00      0   0.00    7.0  0.006    0.0  0.000      0      0      0      0      0
10/28/1990  15944     96  14511   1337     39   5700      0    113      0    390      0      0      0   0.00   0.00      0   0.00    7.0  0.006    0.0  0.000      0      0      0      0      0
10/29/1990  16534    101  14564   1869     34   5197      0     87      0    601      0      0      0   0.00   0.00      0   0.00    7.0  0.006    0.0  0.000      0      0      0      0      0
10/30/1990  17151    106  14602   2443     29   4616      0    188      0    776      0      0      0   0.00   0.00      0   0.00    7.0  0.006    0.0  0.000      0      0      0      0      0
10/31/1990  17744    111  14578   3055     24   4028      0    390      0    919      0      0      0   0.00   0.00      0   0.00    7.0  0.006    0.0  0.000      0      0      0      0      0
11/01/1990  18315    115  14462   3738     19   3453      0    657      0    970      0      0      0   0.00   0.00      0   0.00    7.1  0.005    0.0  0.000      0      0      0      0      0
11/02/1990  18869    117  14290   4462     14   2892      0    964      1    991      0      0      0   0.00   0.00      0   0.00    7.2  0.005    0.0  0.000      0      0      0      0      0
11/03/1990  19382    117  14089   5176     10   2425      0   1253      3   1025      0      0      0   0.00   0.00      0   0.00    7.3  0.005    0.0  0.000      0      0      0      0      0
11/04/1990  19667    116  13893   5658      6   2072      0   1439      6   1155      0      0      0   0.00   0.00      0   0.00    7.5  0.005    0.0  0.000      0      0      0      0      0
11/05/1990  19800    113  13613   6074      3   1833      1   1565      9   1308      0      0      0   0.00   0.00      0   0.00    7.7  0.005    0.0  0.000      0      0      0      0      0
11/06/1990  19788    109  13283   6396      1   1716      3   1677     10   1346      0      0      0   0.00   0.00      0   0.00    7.9  0.005    0.0  0.000      0      0      0      0      0
11/07/1990  19654    104  12906   6644      0   1689      6   1818     11   1317      0      0      0   0.00   0.00      0   0.00    8.1  0.005    0.0  0.000      0      0      0      0      0
11/08/1990  19398     98  12483   6817      0   1749     10   1954     12   1320      0      0      0   0.00   0.00      0   0.00    8.3  0.005    0.0  0.000      0      0      0      0      0
11/09/1990  19014     92  11961   6961      0   1869     13   2053     14   1418      0      0      0   0.00   0.00      0   0.00    8.5  0.005    0.0  0.000      0      0      0      0      0
11/10/1990  18524     86  11340   7098      0   2068     17   2144     15   1530      0      0      0   0.00   0.00      0   0.00    8.7  0.004    0.0  0.000      0      0      0      0      0
11/11/1990  17909     80  10657   7172      0   2365     22   2249     15   1603      0      0      0   0.00   0.00      0   0.00    9.0  0.004    0.0  0.000      0      0      0      0      0
11/12/1990  17201     74   9923   7204      1   2782     26   2316     15   1675      0      0      0   0.00   0.00      0   0.00    9.2  0.004    0.0  0.000      0      0      0      0      0
11/13/1990  16471     68   9215   7188      3   3263     29   2366     16   1751      0      0      0   0.00   0.00      0   0.00    9.5  0.004    0.0  0.000      0      0      0      0      0
11/14/1990  15784     62   8504   7218      6   3680     31   2506     16   1720      0      0      0   0.00   0.00      0   0.00    9.7  0.004    0.0  0.000      0      0      0      0      0
11/15/1990  15057     56   7737   7264     10   4099     32   2674     16   1635      0      0      0   0.00   0.00      0   0.00   10.0  0.004    0.0  0.000      0      0      0      0      0
11/16/1990  14393     50   7089   7254     13   4527     35   2797     15   1581      0      0      0   0.00   0.00      0   0.00   10.3  0.004    0.0  0.000      0      0      0      0      0
11/17/1990  13809     45   6583   7181     17   4910     36   2808     15   1635      0      0      0   0.00   0.00      0   0.00   10.6  0.004    0.0  0.000      0      0      0      0      0
11/18/1990  13297     39   6203   7055     22   5239     36   2779     15   1671      0      0      0   0.00   0.00      0   0.00   10.8  0.004    0.0  0.000      0      0      0      0      0
11/19/1990  12839     34   5885   6920     27   5529     36   2775     15   1664      0      0      0   0.00   0.00      0   0.00   11.1  0.003    0.0  0.000      0      0      0      0      0
11/20/1990  13131     29   5580   7522     32   5809     36   2768     14   1483      0      0      0   0.00   0.00      0   0.00   11.4  0.003    0.0  0.000      0      0      0      0      0
11/21/1990  12722     24   5337   7361     37   6071     36   2699     13   1306      0      0      0   0.00   0.00      0   0.00   11.7  0.003    0.0  0.000      0      0      0      0      0
11/22/1990  11516     19   5080   6417     42   6279     36   2719     12   1144      0      0      0   0.00   0.00      0   0.00   11.9  0.003    0.0  0.000      0      0      0      0      0
11/23/1990  11131     14   4847   6270     48   6453     34   2616     11   1111      0      0      0   0.00   0.00      0   0.00   12.2  0.003    0.0  0.000      0      0      0      0      0
11/24/1990  10795     10   4703   6082     53   6627     33   2424     10   1119      0      0      0   0.00   0.00      0   0.00   12.4  0.003    0.0  0.000      0      0      0      0      0
11/25/1990  11229      6   4666   6557     58   6759     32   2228      9   1143      0      0      0   0.00   0.00      0   0.00   12.4  0.003    0.0  0.000      0      0      0      0      0
11/26/1990  11698      4   4706   6988     62   6816     30   2056      8   1060      0      0      0   0.00   0.00      0   0.00   12.4  0.003    0.0  0.000      0      0      0      0      0
11/27/1990  12104      4   4739   7361     65   6945     28   1879      7    951      0      0      0   0.00   0.00      0   0.00   12.3  0.003    0.0  0.000      0      0      0      0      0
11/28/1990  12514      6   4824   7684     67   6925     26   1888      7    855      0      0      0   0.00   0.00      0   0.00   12.6  0.003    0.0  0.000      0      0      0      0      0
11/29/1990  11547     10   5023   6514     68   6802     23   1810      9    943      0      0      0   0.00   0.00      0   0.00   12.9  0.003    0.0  0.000      0      0      0      0      0
11/30/1990  11429     13   5340   6076     69   6671     21   1686     10   1040      0      0      0   0.00   0.00      0   0.00   13.1  0.003    0.0  0.000      0      0      0      0      0
12/01/1990  11953     17   5742   6194     69   6506     20   1632      9   1016      0      0      0   0.00   0.00      0   0.00   13.4  0.003    0.0  0.000      0      0      0      0      0
12/02/1990  12504     22   6217   6265     68   6318     20   1634      6    892      0      0      0   0.00   0.00      0   0.00   13.3  0.003    0.0  0.000      0      0      0      0      0
12/03/1990  12518     27   6773   5718     66   6139     20   1583      5    816      0      0      0   0.00   0.00      0   0.00   13.6  0.003    0.0  0.000      0      0      0      0      0
12/04/1990  12549     32   7380   5137     64   5815     19   1588      5    826      0      0      0   0.00   0.00      0   0.00   13.7  0.003    0.0  0.000      0      0      0      0      0
12/05/1990  13069     37   7906   5126     62   5549     17   1575      5    809      0      0      0   0.00   0.00      0   0.00   13.7  0.003    0.0  0.000      0      0      0      0      0
12/06/1990  12969     42   8408   4519     59   5359     17   1544      4    805      0      0      0   0.00   0.00      0   0.00   13.8  0.003    0.0  0.000      0      0      0      0      0
12/07/1990  12386     48   8905   3433     55   5177     17   1471      3    790      0      0      0   0.00   0.00      0   0.00   13.9  0.003    0.0  0.000      0      0      0      0      0
12/08/1990  12416     53   9353   3010     53   4954     15   1344      2    804      0      0      0   0.00   0.00      0   0.00   14.0  0.003    0.0  0.000      0      0      0      0      0
12/09/1990  11145     58   9689   1398     52   4704     12   1333      1    765      0      0      0   0.00   0.00      0   0.00   14.0  0.003    0.0  0.000      0      0      0      0      0
12/10/1990  11365     63   9968   1334     50   4405     10   1369      0    678      0      0      0   0.00   0.00      0   0.00   14.0  0.003    0.0  0.000      0      0      0      0      0
12/11/1990  11488     68  10060   1360     47   4287      8   1332      0    622      0      0      0   0.00   0.00      0   0.00   14.0  0.003    0.0  0.000      0      0      0      0      0
12/12/1990  11846     73  10076   1697     43   4224      7   1272      0    558      0      0      0   0.00   0.00      0   0.00   13.9  0.003    0.0  0.000      0      0      0      0      0
12/13/1990  12227     78  10142   2007     40   4070      5   1238      0    537      0      0      0   0.00   0.00      0   0.00   13.9  0.003    0.0  0.000      0      0      0      0      0
12/14/1990  12589     82  10180   2327     38   3981      3   1149      0    438      0      0      0   0.00   0.00      0   0.00   13.9  0.003    0.0  0.000      0      0      0      0      0
12/15/1990  12954     86  10170   2698     35   3895      2   1040      0    387      0      0      0   0.00   0.00      0   0.00   13.8  0.003    0.0  0.000      0      0      0      0      0
12/16/1990  13357     90  10130   3137     32   3731      1    971      0    333      0      0      0   0.00   0.00      0   0.00   13.7  0.003    0.0  0.000      0      0      0      0      0
12/17/1990  13633     92   9932   3609     30   3686      0    822      0    395      0      0      0   0.00   0.00      0   0.00   13.7  0.003    0.0  0.000      0      0      0      0      0
12/18/1990  13885     93   9775   4017     27   3622      0    749      0    454      0      0      0   0.00   0.00      0   0.00   13.6  0.003    0.0  0.000      0      0      0      0      0
12/19/1990  14187     93   9668   4426     24   3498      0    682      0    501      0      0      0   0.00   0.00      0   0.00   13.5  0.003    0.0  0.000      0      0      0      0      0
12/20/1990  14546     91   9555   4900     22   3301      0    659      0    409      0      0      0   0.00   0.00      0   0.00   13.5  0.003    0.0  0.000      0      0      0      0      0
12/21/1990  14892     90   9397   5405     20   3119      0    666      0    227      0      0      0   0.00   0.00      0   0.00   13.4  0.003    0.0  0.000      0      0      0      0      0
12/22/1990  15168     89   9154   5925     17   2920      0    745      0     59      0      0      0   0.00   0.00      0   0.00   13.3  0.003    0.0  0.000      0      0      0      0      0
12/23/1990  15403     88   8844   6471     13   2796      0    681      0      0      0      0      0   0.00   0.00      0   0.00   13.3  0.003    0.0  0.000      0      0      0      0      0
12/24/1990  15671     86   8538   7047     10   2636      0    560      0      0      0      0      0   0.00   0.00      0   0.00   13.2  0.003    0.0  0.000      0      0      0      0      0
12/25/1990  15954     83   8229   7642      8   2489      0    409      0     41      0      0      0   0.00   0.00      0   0.00   13.1  0.003    0.0  0.000      0      0      0      0      0
12/26/1990  16168     79   7933   8156      7   2441      0    227      0    143      0      0      0   0.00   0.00      0   0.00   13.1  0.003    0.0  0.000      0      0      0      0      0
12/27/1990  16430     76   7708   8646      5   2332      0     59      1    288      0      0      0   0.00   0.00      0   0.00   13.0  0.003    0.0  0.000      0      0      0      0      0
12/28/1990  16696     72   7438   9186      3   2108      0     41      2    419      0      0      0   0.00   0.00      0   0.00   13.0  0.003    0.0  0.000      0      0      0      0      0
12/29/1990  16923     68   7102   9753      2   1864      0    143      2    392      0      0      0   0.00   0.00      0   0.00   12.9  0.003    0.0  0.000      0      0      0      0      0
12/30/1990  17144     64   6802  10278      1   1626      1    288      2    378      0      0      0   0.00   0.00      0   0.00   12.9  0.003    0.0  0.000      0      0      0      0      0
12/31/1990  17322     60   6452  10810      0   1430      2    460      2    345      0      0      0   0.00   0.00      0   0.00   12.8  0.003    0.0  0.000      0      0      0      0      0
