Varroa Population Simulation - Nov 23,2015  02:34:54 PM
VarroaPop Version 3.2.5.8  June, 2015

                                        Capped  Capped                                                                      Prop           Conc          Conc                                     
            Colony  Adult  Adult         Drone   Wkr    Drone  Wkr    Drone  Wkr  Free   DBrood WBrood DMite  WMite  Mites  Mites  Colony Pollen Colony Nectar   Dead   Dead   Dead   Dead   Dead
     Date   Size   Drones   Wkr   Forgrs Brood  Brood   Larv   Larv    Eggs  Eggs Mites  Mites  Mites  /Cell  /Cell  Dying  Dying  Pollen  Pest  Nectar  Pest    DLarv  WLarv  DAdlt  WAdlt  Forgrs
Initial     10000      0   8064   1936      0      0      0      0      0      0      0      0      0   0.00   0.00      0   0.00    0.0  0.000    0.0  0.000      0      0      0      0      0
08/01/1990   9616      0   7680   1936      0      0      0      0      2    181      0      0      0   0.00   0.00      0   0.00    0.0  0.000    0.0  0.000      0      0      0      0      0
08/02/1990   9232      0   7296   1936      0      0      0      0      4    361      0      0      0   0.00   0.00      0   0.00    0.1  0.000    0.0  0.000      0      0      0      0      0
08/03/1990   8848      0   6912   1936      0      0      0      0      6    541      0      0      0   0.00   0.00      0   0.00    0.1  0.000    0.0  0.000      0      0      0      0      0
08/04/1990   8464      0   6528   1936      0      0      2    181      6    541      0      0      0   0.00   0.00      0   0.00    0.2  0.000    0.0  0.000      0      0      0      0      0
08/05/1990   8064      0   6144   1920      0      0      4    361      6    547      0      0      0   0.00   0.00      0   0.00    0.2  0.000    0.0  0.000      0      0      0      0      0
08/06/1990   7680      0   5760   1920      0      0      6    541      6    553      0      0      0   0.00   0.00      0   0.00    0.2  0.000    0.0  0.000      0      0      0      0      0
08/07/1990   7296      0   5376   1920      0      0      8    722      6    558      0      0      0   0.00   0.00      0   0.00    0.3  0.000    0.0  0.000      0      0      0      0      0
08/08/1990   6912      0   4992   1920      0      0     10    908      6    558      0      0      0   0.00   0.00      0   0.00    0.3  0.000    0.0  0.000      0      0      0      0      0
08/09/1990   6528      0   4608   1920      0    181     12    913      6    558      0      0      0   0.00   0.00      0   0.00    0.4  0.000    0.0  0.000      0      0      0      0      0
08/10/1990   6144      0   4224   1920      0    361     14    919      6    558      0      0      0   0.00   0.00      0   0.00    0.4  0.000    0.0  0.000      0      0      0      0      0
08/11/1990    286      0    286      0      2    541     10    806      7    557      0      0      0   0.00   0.00      0   0.00    0.5  1.176    0.0  0.000      4    119      0   3547   1917
08/12/1990    260      0    260      0      3    645     10    882      5    371      0      0      0   0.00   0.00      0   0.00    0.5  1.176    0.0  0.000      1      6      0      0     26
08/13/1990    234      0    234      0      4    789     10    919      3    185      0      0      0   0.00   0.00      0   0.00    0.5  1.176    0.0  0.000      1      5      0      0     26
08/14/1990    208      0    208      0      5    969     11    920      0      0      0      0      0   0.00   0.00      0   0.00    0.5  1.176    0.0  0.000      1      4      0      0     26
08/15/1990    182      0    182      0      6   1150      9    739      0      0      0      0      0   0.00   0.00      0   0.00    0.5  1.176    0.0  0.000      1      0      0      0     26
08/16/1990    156      0    156      0      7   1332      7    557      0      0      0      0      0   0.00   0.00      0   0.00    0.5  1.176    0.0  0.000      1      0      0      0     26
08/17/1990    131      0    130      1      8   1518      5    371      0      0      0      0      0   0.00   0.00      0   0.00    0.5  1.176    0.0  0.000      1      0      0      0     25
08/18/1990    106      0    104      2      9   1704      4    185      0      0      0      0      0   0.00   0.00      0   0.00    0.5  1.176    0.0  0.000      0      0      0      0     25
08/19/1990    106      0     78     28     10   1889      3      0      0      0      0      0      0   0.00   0.00      0   0.00    0.5  1.174    0.0  0.000      0      0      0      0      0
08/20/1990    106      0     52     54     11   1889      2      0      0      3      0      0      0   0.00   0.00      0   0.00    0.5  1.168    0.0  0.000      0      0      0      0      0
08/21/1990    106      0     26     80     13   1889      0      0      0     10      0      0      0   0.00   0.00      0   0.00    0.5  1.160    0.0  0.000      0      0      0      0      0
08/22/1990    286      0    181    105     13   1708      0      0      0     21      0      0      0   0.00   0.00      0   0.00    0.5  1.151    0.0  0.000      0      0      0      0      0
08/23/1990    465      0    361    104     13   1528      0      3      0     34      0      0      0   0.00   0.00      0   0.00    0.5  1.144    0.0  0.000      0      0      0      0      0
08/24/1990    619      0    541     78     13   1348      0     10      0     41      0      0      0   0.00   0.00      0   0.00    0.5  1.142    0.0  0.000      0      0      0      0      0
08/25/1990    699      2    645     52     11   1244      0     21      0     40      0      0      0   0.00   0.00      0   0.00    0.5  1.142    0.0  0.000      0      0      0      0      0
08/26/1990    818      3    789     26     10   1100      0     37      0     30      0      0      0   0.00   0.00      0   0.00    0.5  1.142    0.0  0.000      0      0      0      0      0
08/27/1990    973      4    969      0      9    920      0     51      0     19      0      0      0   0.00   0.00      0   0.00    0.5  1.142    0.0  0.000      0      0      0      0      0
08/28/1990   1155      5   1150      0      8    742      0     58      0      9      0      0      0   0.00   0.00      0   0.00    0.5  1.142    0.0  0.000      0      0      0      0      0
08/29/1990   1338      6   1332      0      7    567      0     57      0      3      0      0      0   0.00   0.00      0   0.00    0.5  1.141    0.0  0.000      0      0      0      0      0
08/30/1990   1525      7   1518      0      6    392      0     49      0      0      0      0      0   0.00   0.00      0   0.00    0.5  1.141    0.0  0.000      0      0      0      0      0
08/31/1990   1712      8   1704      0      5    222      0     33      0      0      0      0      0   0.00   0.00      0   0.00    0.5  1.141    0.0  0.000      0      0      0      0      0
09/01/1990   1898      9   1889      0      4     51      0     19      0      0      0      0      0   0.00   0.00      0   0.00    0.4  1.140    0.0  0.000      0      0      0      0      0
09/02/1990   1899     10   1889      0      3     61      0      9      0      0      0      0      0   0.00   0.00      0   0.00    0.4  1.139    0.0  0.000      0      0      0      0      0
09/03/1990   1900     11   1889      0      2     67      0      3      0      0      0      0      0   0.00   0.00      0   0.00    0.4  1.139    0.0  0.000      0      0      0      0      0
09/04/1990   1902     13   1889      0      0     70      0      0      0      0      0      0      0   0.00   0.00      0   0.00    0.4  1.138    0.0  0.000      0      0      0      0      0
09/05/1990   1902     13   1889      0      0     70      0      0      0      0      0      0      0   0.00   0.00      0   0.00    0.4  1.136    0.0  0.000      0      0      0      0      0
09/06/1990   1902     13   1889      0      0     70      0      0      0      0      0      0      0   0.00   0.00      0   0.00    0.4  1.135    0.0  0.000      0      0      0      0      0
09/07/1990   1902     13   1889      0      0     70      0      0      0      0      0      0      0   0.00   0.00      0   0.00    0.4  1.133    0.0  0.000      0      0      0      0      0
09/08/1990   1902     13   1889      0      0     70      0      0      0      0      0      0      0   0.00   0.00      0   0.00    0.4  1.131    0.0  0.000      0      0      0      0      0
09/09/1990   1902     13   1889      0      0     70      0      0      0      0      0      0      0   0.00   0.00      0   0.00    0.3  1.129    0.0  0.000      0      0      0      0      0
09/10/1990   1905     13   1892      0      0     67      0      0      0      0      0      0      0   0.00   0.00      0   0.00    0.3  1.126    0.0  0.000      0      0      0      0      0
09/11/1990   1912     13   1899      0      0     60      0      0      0      0      0      0      0   0.00   0.00      0   0.00    0.3  1.123    0.0  0.000      0      0      0      0      0
09/12/1990   1923     13   1729    181      0     49      0      0      0      0      0      0      0   0.00   0.00      0   0.00    0.3  1.123    0.0  0.000      0      0      0      0      0
09/13/1990   1939     13   1565    361      0     33      0      0      0     26      0      0      0   0.00   0.00      0   0.00    0.3  1.108    0.0  0.000      0      0      0      0      0
09/14/1990   1953     13   1399    541      0     19      0      0      0     71      0      0      0   0.00   0.00      0   0.00    0.3  1.064    0.0  0.000      0      0      0      0      0
09/15/1990   1961     11   1305    645      0      9      0      0      0    134      0      0      0   0.00   0.00      0   0.00    0.3  1.004    0.0  0.000      0      0      0      0      0
09/16/1990   1966     10   1167    789      0      3      0     26      0    181      0      0      0   0.00   0.00      0   0.00    0.4  0.930    0.0  0.000      0      0      0      0      0
09/17/1990   1787      9    990    788      0      0      0     71      0    223      0      0      0   0.00   0.00      0   0.00    0.4  0.862    0.0  0.000      0      0      0      0      0
09/18/1990   1606      8    809    789      0      0      0    134      0    245      0      0      0   0.00   0.00      0   0.00    0.4  0.801    0.0  0.000      0      0      0      0      0
09/19/1990   1425      7    627    791      0      0      0    207      0    257      0      0      0   0.00   0.00      0   0.00    0.5  0.745    0.0  0.000      0      0      0      0      0
09/20/1990   1320      6    441    873      0      0      0    294      0    260      0      0      0   0.00   0.00      0   0.00    0.5  0.688    0.0  0.000      0      0      0      0      0
09/21/1990   1175      5    255    915      0     26      0    353      1    271      0      0      0   0.00   0.00      0   0.00    0.5  0.636    0.0  0.000      0      0      0      0      0
09/22/1990    994      4     70    920      0     71      0    393      2    280      0      0      0   0.00   0.00      0   0.00    0.6  0.591    0.0  0.000      0      0      0      0      0
09/23/1990    812      3     70    739      0    134      0    420      2    280      0      0      0   0.00   0.00      0   0.00    0.6  0.559    0.0  0.000      0      0      0      0      0
09/24/1990    629      2     70    557      0    207      1    443      1    264      0      0      0   0.00   0.00      0   0.00    0.6  0.538    0.0  0.000      0      0      0      0      0
09/25/1990    441      0     70    371      0    294      2    450      0    233      0      0      0   0.00   0.00      0   0.00    0.6  0.525    0.0  0.000      0      0      0      0      0
09/26/1990    255      0     70    185      0    379      2    455      0    188      0      0      0   0.00   0.00      0   0.00    0.7  0.519    0.0  0.000      0      0      0      0      0
09/27/1990     70      0     70      0      0    464      2    450      0    132      0      0      0   0.00   0.00      0   0.00    0.6  0.519    0.0  0.000      0      0      0      0      0
09/28/1990     70      0     70      0      0    554      2    423      0     69      0      0      0   0.00   0.00      0   0.00    0.6  0.519    0.0  0.000      0      0      0      0      0
09/29/1990     70      0     70      0      0    650      2    372      0     24      0      0      0   0.00   0.00      0   0.00    0.6  0.519    0.0  0.000      0      0      0      0      0
09/30/1990     70      0     70      0      0    744      2    302      0      0      0      0      0   0.00   0.00      0   0.00    0.6  0.519    0.0  0.000      0      0      0      0      0
10/01/1990     70      0     67      3      1    834      1    212      0      0      0      0      0   0.00   0.00      0   0.00    0.6  0.519    0.0  0.000      0      0      0      0      0
10/02/1990     70      0     60     10      2    914      0    132      0      0      0      0      0   0.00   0.00      0   0.00    0.6  0.519    0.0  0.000      0      0      0      0      0
10/03/1990     70      0     49     21      2    977      0     69      0      0      0      0      0   0.00   0.00      0   0.00    0.6  0.519    0.0  0.000      0      0      0      0      0
10/04/1990     96      0     59     37      2    996      0     24      0      3      0      0      0   0.00   0.00      0   0.00    0.6  0.518    0.0  0.000      0      0      0      0      0
10/05/1990    141      0     90     51      2    975      0      0      0      8      0      0      0   0.00   0.00      0   0.00    0.6  0.516    0.0  0.000      0      0      0      0      0
10/06/1990    201      0    143     58      2    912      0      0      0     14      0      0      0   0.00   0.00      0   0.00    0.7  0.515    0.0  0.000      0      0      0      0      0
10/07/1990    267      0    210     57      2    839      0      3      0     17      0      0      0   0.00   0.00      0   0.00    0.7  0.513    0.0  0.000      0      0      0      0      0
10/08/1990    343      0    294     49      2    752      0      8      0     18      0      0      0   0.00   0.00      0   0.00    0.7  0.513    0.0  0.000      0      0      0      0      0
10/09/1990    412      0    379     33      2    667      0     14      0     17      0      0      0   0.00   0.00      0   0.00    0.7  0.513    0.0  0.000      0      0      0      0      0
10/10/1990    483      0    464     19      2    582      0     20      0     15      0      0      0   0.00   0.00      0   0.00    0.7  0.513    0.0  0.000      0      0      0      0      0
10/11/1990    563      0    554      9      2    492      0     26      0     11      0      0      0   0.00   0.00      0   0.00    0.6  0.513    0.0  0.000      0      0      0      0      0
10/12/1990    653      0    650      3      2    399      0     28      0      6      0      0      0   0.00   0.00      0   0.00    0.6  0.513    0.0  0.000      0      0      0      0      0
10/13/1990    744      0    744      0      2    310      0     27      0      2      0      0      0   0.00   0.00      0   0.00    0.6  0.513    0.0  0.000      0      0      0      0      0
10/14/1990    834      0    834      0      2    226      0     23      0      0      0      0      0   0.00   0.00      0   0.00    0.6  0.513    0.0  0.000      0      0      0      0      0
10/15/1990    915      1    914      0      1    152      0     17      0      0      0      0      0   0.00   0.00      0   0.00    0.6  0.513    0.0  0.000      0      0      0      0      0
10/16/1990    979      2    977      0      0     95      0     11      0      0      0      0      0   0.00   0.00      0   0.00    0.6  0.513    0.0  0.000      0      0      0      0      0
10/17/1990   1024      2   1022      0      0     55      0      6      0      0      0      0      0   0.00   0.00      0   0.00    0.6  0.513    0.0  0.000      0      0      0      0      0
10/18/1990   1048      2   1046      0      0     35      0      2      0      0      0      0      0   0.00   0.00      0   0.00    0.6  0.513    0.0  0.000      0      0      0      0      0
10/19/1990   1048      2   1046      0      0     37      0      0      0      0      0      0      0   0.00   0.00      0   0.00    0.6  0.513    0.0  0.000      0      0      0      0      0
10/20/1990   1048      2   1046      0      0     37      0      0      0      0      0      0      0   0.00   0.00      0   0.00    0.6  0.512    0.0  0.000      0      0      0      0      0
10/21/1990   1048      2   1046      0      0     37      0      0      0      0      0      0      0   0.00   0.00      0   0.00    0.6  0.512    0.0  0.000      0      0      0      0      0
10/22/1990   1048      2   1046      0      0     37      0      0      0      0      0      0      0   0.00   0.00      0   0.00    0.6  0.512    0.0  0.000      0      0      0      0      0
10/23/1990   1048      2   1046      0      0     37      0      0      0      0      0      0      0   0.00   0.00      0   0.00    0.6  0.512    0.0  0.000      0      0      0      0      0
10/24/1990   1048      2   1046      0      0     37      0      0      0      0      0      0      0   0.00   0.00      0   0.00    0.6  0.512    0.0  0.000      0      0      0      0      0
10/25/1990   1051      2   1023     26      0     34      0      0      0      0      0      0      0   0.00   0.00      0   0.00    0.6  0.512    0.0  0.000      0      0      0      0      0
10/26/1990   1056      2    983     71      0     29      0      0      0      2      0      0      0   0.00   0.00      0   0.00    0.6  0.512    0.0  0.000      0      0      0      0      0
10/27/1990   1062      2    926    134      0     23      0      0      0     10      0      0      0   0.00   0.00      0   0.00    0.6  0.512    0.0  0.000      0      0      0      0      0
10/28/1990   1068      2    859    207      0     17      0      0      0     26      0      0      0   0.00   0.00      0   0.00    0.6  0.510    0.0  0.000      0      0      0      0      0
10/29/1990   1074      2    778    294      0     11      0      2      0     47      0      0      0   0.00   0.00      0   0.00    0.6  0.503    0.0  0.000      0      0      0      0      0
10/30/1990   1053      2    698    353      0      6      0     10      0     68      0      0      0   0.00   0.00      0   0.00    0.6  0.494    0.0  0.000      0      0      0      0      0
10/31/1990   1012      2    617    393      0      2      0     26      0     86      0      0      0   0.00   0.00      0   0.00    0.6  0.483    0.0  0.000      0      0      0      0      0
11/01/1990    946      2    529    415      0      0      0     49      0     92      0      0      0   0.00   0.00      0   0.00    0.6  0.471    0.0  0.000      0      0      0      0      0
11/02/1990    869      2    433    434      0      0      0     78      0     91      0      0      0   0.00   0.00      0   0.00    0.6  0.459    0.0  0.000      0      0      0      0      0
11/03/1990    779      2    339    438      0      2      0    110      0     89      0      0      0   0.00   0.00      0   0.00    0.6  0.446    0.0  0.000      0      0      0      0      0
11/04/1990    692      2    249    441      0     10      0    131      0     95      0      0      0   0.00   0.00      0   0.00    0.7  0.434    0.0  0.000      0      0      0      0      0
11/05/1990    605      1    169    435      0     26      0    143      0    104      0      0      0   0.00   0.00      0   0.00    0.7  0.422    0.0  0.000      0      0      0      0      0
11/06/1990    514      0    106    408      0     49      0    152      0    102      0      0      0   0.00   0.00      0   0.00    0.7  0.411    0.0  0.000      0      0      0      0      0
11/07/1990    418      0     61    357      0     78      0    158      0     95      0      0      0   0.00   0.00      0   0.00    0.7  0.402    0.0  0.000      0      0      0      0      0
11/08/1990    324      0     37    287      0    112      0    161      0     86      0      0      0   0.00   0.00      0   0.00    0.7  0.395    0.0  0.000      0      0      0      0      0
11/09/1990    235      0     37    198      0    141      0    162      0     81      0      0      0   0.00   0.00      0   0.00    0.7  0.390    0.0  0.000      0      0      0      0      0
11/10/1990    157      0     37    120      0    169      0    162      0     71      0      0      0   0.00   0.00      0   0.00    0.7  0.388    0.0  0.000      0      0      0      0      0
11/11/1990     97      0     37     60      0    201      0    158      0     54      0      0      0   0.00   0.00      0   0.00    0.7  0.387    0.0  0.000      0      0      0      0      0
11/12/1990     56      0     37     19      0    236      0    148      0     34      0      0      0   0.00   0.00      0   0.00    0.7  0.386    0.0  0.000      0      0      0      0      0
11/13/1990     37      0     37      0      0    273      0    129      0     16      0      0      0   0.00   0.00      0   0.00    0.7  0.386    0.0  0.000      0      0      0      0      0
11/14/1990     37      0     37      0      0    303      0    110      0      5      0      0      0   0.00   0.00      0   0.00    0.7  0.386    0.0  0.000      0      0      0      0      0
11/15/1990     36      0     34      2      0    331      0     87      0      0      0      0      0   0.00   0.00      0   0.00    0.7  0.386    0.0  0.000      0      0      0      0      0
11/16/1990     36      0     31      5      0    357      0     59      0      0      0      0      0   0.00   0.00      0   0.00    0.7  0.386    0.0  0.000      0      0      0      0      0
11/17/1990     41      0     33      8      0    374      0     34      0      0      0      0      0   0.00   0.00      0   0.00    0.7  0.386    0.0  0.000      0      0      0      0      0
11/18/1990     54      0     43     11      0    376      0     16      0      0      0      0      0   0.00   0.00      0   0.00    0.7  0.386    0.0  0.000      0      0      0      0      0
11/19/1990     73      0     60     13      0    364      0      5      0      0      0      0      0   0.00   0.00      0   0.00    0.7  0.386    0.0  0.000      0      0      0      0      0
11/20/1990     98      0     84     14      0    340      0      0      0      0      0      0      0   0.00   0.00      0   0.00    0.7  0.386    0.0  0.000      0      0      0      0      0
11/21/1990    128      0    114     14      0    306      0      0      0      0      0      0      0   0.00   0.00      0   0.00    0.7  0.386    0.0  0.000      0      0      0      0      0
11/22/1990    151      0    141     10      0    277      0      0      0      0      0      0      0   0.00   0.00      0   0.00    0.7  0.386    0.0  0.000      0      0      0      0      0
11/23/1990    174      0    169      5      0    249      0      0      0      0      0      0      0   0.00   0.00      0   0.00    0.7  0.386    0.0  0.000      0      0      0      0      0
11/24/1990    203      0    201      2      0    217      0      0      0      0      0      0      0   0.00   0.00      0   0.00    0.7  0.386    0.0  0.000      0      0      0      0      0
11/25/1990    236      0    236      0      0    182      0      0      0      0      0      0      0   0.00   0.00      0   0.00    0.7  0.386    0.0  0.000      0      0      0      0      0
11/26/1990    273      0    273      0      0    145      0      0      0      0      0      0      0   0.00   0.00      0   0.00    0.7  0.386    0.0  0.000      0      0      0      0      0
11/27/1990    303      0    303      0      0    115      0      0      0      0      0      0      0   0.00   0.00      0   0.00    0.7  0.386    0.0  0.000      0      0      0      0      0
11/28/1990    331      0    331      0      0     87      0      0      0      0      0      0      0   0.00   0.00      0   0.00    0.7  0.386    0.0  0.000      0      0      0      0      0
11/29/1990    359      0    359      0      0     59      0      0      0      0      0      0      0   0.00   0.00      0   0.00    0.7  0.386    0.0  0.000      0      0      0      0      0
11/30/1990    384      0    384      0      0     34      0      0      0      0      0      0      0   0.00   0.00      0   0.00    0.7  0.386    0.0  0.000      0      0      0      0      0
12/01/1990    402      0    402      0      0     16      0      0      0      0      0      0      0   0.00   0.00      0   0.00    0.7  0.386    0.0  0.000      0      0      0      0      0
12/02/1990    413      0    413      0      0      5      0      0      0      0      0      0      0   0.00   0.00      0   0.00    0.7  0.386    0.0  0.000      0      0      0      0      0
12/03/1990    418      0    418      0      0      0      0      0      0      0      0      0      0   0.00   0.00      0   0.00    0.7  0.386    0.0  0.000      0      0      0      0      0
12/04/1990    418      0    418      0      0      0      0      0      0      0      0      0      0   0.00   0.00      0   0.00    0.7  0.386    0.0  0.000      0      0      0      0      0
12/05/1990    418      0    418      0      0      0      0      0      0      0      0      0      0   0.00   0.00      0   0.00    0.7  0.386    0.0  0.000      0      0      0      0      0
12/06/1990    418      0    418      0      0      0      0      0      0      0      0      0      0   0.00   0.00      0   0.00    0.7  0.386    0.0  0.000      0      0      0      0      0
12/07/1990    417      0    416      1      0      0      0      0      0      0      0      0      0   0.00   0.00      0   0.00    0.7  0.386    0.0  0.000      0      0      0      0      0
12/08/1990    415      0    408      7      0      0      0      0      0      0      0      0      0   0.00   0.00      0   0.00    0.7  0.386    0.0  0.000      0      0      0      0      0
12/09/1990    413      0    392     21      0      0      0      0      0      0      0      0      0   0.00   0.00      0   0.00    0.7  0.386    0.0  0.000      0      0      0      0      0
12/10/1990    410      0    369     41      0      0      0      0      0      1      0      0      0   0.00   0.00      0   0.00    0.7  0.386    0.0  0.000      0      0      0      0      0
12/11/1990    406      0    340     66      0      0      0      0      0      4      0      0      0   0.00   0.00      0   0.00    0.7  0.386    0.0  0.000      0      0      0      0      0
12/12/1990    402      0    306     96      0      0      0      0      0      9      0      0      0   0.00   0.00      0   0.00    0.7  0.386    0.0  0.000      0      0      0      0      0
12/13/1990    398      0    277    121      0      0      0      1      0     13      0      0      0   0.00   0.00      0   0.00    0.7  0.384    0.0  0.000      0      0      0      0      0
12/14/1990    394      0    249    145      0      0      0      4      0     13      0      0      0   0.00   0.00      0   0.00    0.7  0.384    0.0  0.000      0      0      0      0      0
12/15/1990    390      0    217    173      0      0      0      9      0     13      0      0      0   0.00   0.00      0   0.00    0.7  0.384    0.0  0.000      0      0      0      0      0
12/16/1990    387      0    182    205      0      0      0     14      0     13      0      0      0   0.00   0.00      0   0.00    0.7  0.384    0.0  0.000      0      0      0      0      0
12/17/1990    384      0    145    239      0      0      0     17      0     17      0      0      0   0.00   0.00      0   0.00    0.7  0.384    0.0  0.000      0      0      0      0      0
12/18/1990    381      0    115    266      0      1      0     21      0     22      0      0      0   0.00   0.00      0   0.00    0.7  0.384    0.0  0.000      0      0      0      0      0
12/19/1990    378      0     87    291      0      4      0     23      0     26      0      0      0   0.00   0.00      0   0.00    0.7  0.384    0.0  0.000      0      0      0      0      0
12/20/1990    375      0     59    316      0      9      0     25      0     22      0      0      0   0.00   0.00      0   0.00    0.7  0.384    0.0  0.000      0      0      0      0      0
12/21/1990    372      0     34    338      0     14      0     30      0     12      0      0      0   0.00   0.00      0   0.00    0.7  0.384    0.0  0.000      0      0      0      0      0
12/22/1990    369      0     16    353      0     17      0     36      0      3      0      0      0   0.00   0.00      0   0.00    0.7  0.384    0.0  0.000      0      0      0      0      0
12/23/1990    366      0      5    361      0     22      0     34      0      0      0      0      0   0.00   0.00      0   0.00    0.7  0.384    0.0  0.000      0      0      0      0      0
12/24/1990    363      0      0    363      0     27      0     29      0      0      0      0      0   0.00   0.00      0   0.00    0.7  0.384    0.0  0.000      0      0      0      0      0
12/25/1990    361      0      0    361      0     34      0     22      0      1      0      0      0   0.00   0.00      0   0.00    0.7  0.384    0.0  0.000      0      0      0      0      0
12/26/1990    359      0      0    359      0     44      0     12      0      6      0      0      0   0.00   0.00      0   0.00    0.7  0.384    0.0  0.000      0      0      0      0      0
12/27/1990    357      0      0    357      0     53      0      3      0     13      0      0      0   0.00   0.00      0   0.00    0.7  0.384    0.0  0.000      0      0      0      0      0
12/28/1990    355      0      0    355      0     56      0      1      0     21      0      0      0   0.00   0.00      0   0.00    0.7  0.384    0.0  0.000      0      0      0      0      0
12/29/1990    353      0      0    353      0     56      0      6      0     19      0      0      0   0.00   0.00      0   0.00    0.7  0.384    0.0  0.000      0      0      0      0      0
12/30/1990    351      0      0    351      0     56      0     13      0     18      0      0      0   0.00   0.00      0   0.00    0.7  0.384    0.0  0.000      0      0      0      0      0
12/31/1990    350      0      1    349      0     55      0     22      0     15      0      0      0   0.00   0.00      0   0.00    0.7  0.384    0.0  0.000      0      0      0      0      0
