Varroa Population Simulation - Nov 23,2015  02:37:05 PM
VarroaPop Version 3.2.5.8  June, 2015

                                        Capped  Capped                                                                      Prop           Conc          Conc                                     
            Colony  Adult  Adult         Drone   Wkr    Drone  Wkr    Drone  Wkr  Free   DBrood WBrood DMite  WMite  Mites  Mites  Colony Pollen Colony Nectar   Dead   Dead   Dead   Dead   Dead
     Date   Size   Drones   Wkr   Forgrs Brood  Brood   Larv   Larv    Eggs  Eggs Mites  Mites  Mites  /Cell  /Cell  Dying  Dying  Pollen  Pest  Nectar  Pest    DLarv  WLarv  DAdlt  WAdlt  Forgrs
Initial     10000      0   8064   1936      0      0      0      0      0      0      0      0      0   0.00   0.00      0   0.00    0.0  0.000    0.0  0.000      0      0      0      0      0
08/01/1990   9616      0   7680   1936      0      0      0      0      2    181      0      0      0   0.00   0.00      0   0.00    0.0  0.000    0.0  0.000      0      0      0      0      0
08/02/1990   9232      0   7296   1936      0      0      0      0      4    361      0      0      0   0.00   0.00      0   0.00    0.1  0.000    0.0  0.000      0      0      0      0      0
08/03/1990   8848      0   6912   1936      0      0      0      0      6    541      0      0      0   0.00   0.00      0   0.00    0.1  0.000    0.0  0.000      0      0      0      0      0
08/04/1990   8464      0   6528   1936      0      0      2    181      6    541      0      0      0   0.00   0.00      0   0.00    0.2  0.000    0.0  0.000      0      0      0      0      0
08/05/1990   8064      0   6144   1920      0      0      4    361      6    547      0      0      0   0.00   0.00      0   0.00    0.2  0.000    0.0  0.000      0      0      0      0      0
08/06/1990   7680      0   5760   1920      0      0      6    541      6    553      0      0      0   0.00   0.00      0   0.00    0.2  0.000    0.0  0.000      0      0      0      0      0
08/07/1990   7296      0   5376   1920      0      0      8    722      6    558      0      0      0   0.00   0.00      0   0.00    0.3  0.000    0.0  0.000      0      0      0      0      0
08/08/1990   6912      0   4992   1920      0      0     10    908      6    558      0      0      0   0.00   0.00      0   0.00    0.3  0.000    0.0  0.000      0      0      0      0      0
08/09/1990   6528      0   4608   1920      0    181     12    913      6    558      0      0      0   0.00   0.00      0   0.00    0.4  0.000    0.0  0.000      0      0      0      0      0
08/10/1990   6144      0   4224   1920      0    361     14    919      6    558      0      0      0   0.00   0.00      0   0.00    0.4  0.000    0.0  0.000      0      0      0      0      0
08/11/1990   5093      0   3828   1265      2    541     10    905      7    557      0      0      0   0.00   0.00      0   0.00    0.5  0.051    0.0  0.000      2     20      0      3    651
08/12/1990   4756      0   3480   1276      3    707     10    922      6    512      0      0      0   0.00   0.00      0   0.00    0.5  0.070    0.0  0.000      1      3      0      0     84
08/13/1990   4445      0   3132   1313      4    888     10    925      5    465      0      0      0   0.00   0.00      0   0.00    0.6  0.082    0.0  0.000      1      2      0      0     58
08/14/1990   4154      0   2784   1370      5   1071     11    926      3    414      0      0      0   0.00   0.00      0   0.00    0.6  0.090    0.0  0.000      1      1      0      0     38
08/15/1990   3876      0   2436   1440      6   1255     10    882      3    402      0      0      0   0.00   0.00      0   0.00    0.6  0.095    0.0  0.000      1      1      0      0     25
08/16/1990   3606      0   2088   1518      7   1440      9    836      3    399      0      0      0   0.00   0.00      0   0.00    0.7  0.096    0.0  0.000      1      0      0      0     17
08/17/1990   3332      0   1740   1592      8   1625      8    785      4    407      0      0      0   0.00   0.00      0   0.00    0.7  0.095    0.0  0.000      1      0      0      0     10
08/18/1990   3036      0   1392   1644      9   1811      8    728      4    415      0      0      0   0.00   0.00      0   0.00    0.8  0.093    0.0  0.000      0      0      0      0      6
08/19/1990   2726      0   1044   1682     10   1996      8    679      5    418      0      0      0   0.00   0.00      0   0.00    0.9  0.086    0.0  0.000      0      0      0      0      0
08/20/1990   2403      0    696   1707     11   2137      9    680      5    424      0      0      0   0.00   0.00      0   0.00    1.0  0.079    0.0  0.000      0      0      0      0      0
08/21/1990   2072      0    348   1724     13   2276      8    678      6    439      0      0      0   0.00   0.00      0   0.00    1.0  0.073    0.0  0.000      0      0      0      0      0
08/22/1990   1915      0    181   1734     14   2229      9    683      6    460      0      0      0   0.00   0.00      0   0.00    1.1  0.068    0.0  0.000      0      0      0      0      0
08/23/1990   1753      0    361   1392     15   2178     10    702      6    476      0      0      0   0.00   0.00      0   0.00    1.2  0.065    0.0  0.000      0      0      0      0      0
08/24/1990   1585      0    541   1044     16   2134     11    718      5    453      0      0      0   0.00   0.00      0   0.00    1.2  0.062    0.0  0.000      0      0      0      0      0
08/25/1990   1405      2    707    696     15   2110     12    736      4    390      0      0      0   0.00   0.00      0   0.00    1.2  0.061    0.0  0.000      0      0      0      0      0
08/26/1990   1239      3    888    348     15   2066     13    763      2    301      0      0      0   0.00   0.00      0   0.00    1.2  0.060    0.0  0.000      0      0      0      0      0
08/27/1990   1075      4   1071      0     16   2022     12    753      1    216      0      0      0   0.00   0.00      0   0.00    1.2  0.060    0.0  0.000      0      0      0      0      0
08/28/1990   1260      5   1255      0     16   1986     12    702      0    119      0      0      0   0.00   0.00      0   0.00    1.2  0.060    0.0  0.000      0      0      0      0      0
08/29/1990   1446      6   1440      0     17   1953     10    625      0     44      0      0      0   0.00   0.00      0   0.00    1.2  0.060    0.0  0.000      0      0      0      0      0
08/30/1990   1632      7   1625      0     18   1928      8    509      0      0      0      0      0   0.00   0.00      0   0.00    1.2  0.060    0.0  0.000      0      0      0      0      0
08/31/1990   1819      8   1811      0     19   1906      6    345      0      0      0      0      0   0.00   0.00      0   0.00    1.2  0.060    0.0  0.000      0      0      0      0      0
09/01/1990   2005      9   1996      0     20   1850      4    216      0      0      0      0      0   0.00   0.00      0   0.00    1.2  0.060    0.0  0.000      0      0      0      0      0
09/02/1990   2147     10   2137      0     21   1806      2    119      0      0      0      0      0   0.00   0.00      0   0.00    1.2  0.060    0.0  0.000      0      0      0      0      0
09/03/1990   2287     11   2276      0     21   1742      1     44      0      0      0      0      0   0.00   0.00      0   0.00    1.2  0.060    0.0  0.000      0      0      0      0      0
09/04/1990   2423     13   2410      0     20   1652      0      0      0      0      0      0      0   0.00   0.00      0   0.00    1.2  0.060    0.0  0.000      0      0      0      0      0
09/05/1990   2553     14   2539      0     19   1523      0      0      0      0      0      0      0   0.00   0.00      0   0.00    1.1  0.060    0.0  0.000      0      0      0      0      0
09/06/1990   2690     15   2675      0     18   1387      0      0      0      0      0      0      0   0.00   0.00      0   0.00    1.1  0.060    0.0  0.000      0      0      0      0      0
09/07/1990   2833     16   2817      0     17   1245      0      0      0      0      0      0      0   0.00   0.00      0   0.00    1.1  0.060    0.0  0.000      0      0      0      0      0
09/08/1990   2971     17   2954      0     16   1108      0      0      0      0      0      0      0   0.00   0.00      0   0.00    1.1  0.060    0.0  0.000      0      0      0      0      0
09/09/1990   3111     18   3093      0     15    969      0      0      0      0      0      0      0   0.00   0.00      0   0.00    1.1  0.060    0.0  0.000      0      0      0      0      0
09/10/1990   3261     20   3241      0     13    821      0      0      0      0      0      0      0   0.00   0.00      0   0.00    1.0  0.060    0.0  0.000      0      0      0      0      0
09/11/1990   3414     21   3393      0     12    669      0      0      0      0      0      0      0   0.00   0.00      0   0.00    1.0  0.060    0.0  0.000      0      0      0      0      0
09/12/1990   3576     23   3372    181     10    509      0      0      0      0      0      0      0   0.00   0.00      0   0.00    1.0  0.060    0.0  0.000      0      0      0      0      0
09/13/1990   3742     25   3356    361      8    345      0      0      0     26      0      0      0   0.00   0.00      0   0.00    1.0  0.060    0.0  0.000      0      0      0      0      0
09/14/1990   3873     27   3305    541      6    216      0      0      0     71      0      0      0   0.00   0.00      0   0.00    1.0  0.060    0.0  0.000      0      0      0      0      0
09/15/1990   3970     27   3236    707      4    119      0      0      0    134      0      0      0   0.00   0.00      0   0.00    1.0  0.060    0.0  0.000      0      0      0      0      0
09/16/1990   4046     28   3130    888      2     44      0     26      0    187      0      0      0   0.00   0.00      0   0.00    1.0  0.058    0.0  0.000      0      0      0      0      0
09/17/1990   3909     28   2991    890      1      0      0     71      1    237      0      0      0   0.00   0.00      0   0.00    1.0  0.057    0.0  0.000      0      0      0      0      0
09/18/1990   3729     28   2807    894      0      0      0    134      2    267      0      0      0   0.00   0.00      0   0.00    1.1  0.056    0.0  0.000      0      0      0      0      0
09/19/1990   3548     27   2622    899      0      0      0    213      3    280      0      0      0   0.00   0.00      0   0.00    1.1  0.055    0.0  0.000      0      0      0      0      0
09/20/1990   3381     26   2437    918      0      0      1    308      3    283      0      0      0   0.00   0.00      0   0.00    1.1  0.054    0.0  0.000      0      0      0      0      0
09/21/1990   3199     25   2251    923      0     26      2    375      3    291      0      0      0   0.00   0.00      0   0.00    1.1  0.053    0.0  0.000      0      0      0      0      0
09/22/1990   3015     24   2066    925      0     71      3    422      3    294      0      0      0   0.00   0.00      0   0.00    1.2  0.051    0.0  0.000      0      0      0      0      0
09/23/1990   2830     23   1925    882      0    134      4    457      3    286      0      0      0   0.00   0.00      0   0.00    1.2  0.050    0.0  0.000      0      0      0      0      0
09/24/1990   2644     22   1786    836      0    213      5    479      3    276      0      0      0   0.00   0.00      0   0.00    1.2  0.049    0.0  0.000      0      0      0      0      0
09/25/1990   2457     20   1652    785      0    308      6    479      3    267      0      0      0   0.00   0.00      0   0.00    1.2  0.049    0.0  0.000      0      0      0      0      0
09/26/1990   2270     19   1523    728      0    401      7    476      3    259      0      0      0   0.00   0.00      0   0.00    1.3  0.048    0.0  0.000      0      0      0      0      0
09/27/1990   2084     18   1387    679      1    493      7    475      3    246      0      0      0   0.00   0.00      0   0.00    1.3  0.047    0.0  0.000      0      0      0      0      0
09/28/1990   1942     17   1245    680      2    591      7    463      2    236      0      0      0   0.00   0.00      0   0.00    1.3  0.046    0.0  0.000      0      0      0      0      0
09/29/1990   1802     16   1108    678      3    692      7    444      2    233      0      0      0   0.00   0.00      0   0.00    1.3  0.046    0.0  0.000      0      0      0      0      0
09/30/1990   1667     15    969    683      4    787      7    427      2    236      0      0      0   0.00   0.00      0   0.00    1.3  0.045    0.0  0.000      0      0      0      0      0
10/01/1990   1536     13    821    702      5    877      6    413      3    242      0      0      0   0.00   0.00      0   0.00    1.4  0.044    0.0  0.000      0      0      0      0      0
10/02/1990   1399     12    669    718      6    968      6    401      3    242      0      0      0   0.00   0.00      0   0.00    1.4  0.043    0.0  0.000      0      0      0      0      0
10/03/1990   1255     10    509    736      7   1054      6    396      3    241      0      0      0   0.00   0.00      0   0.00    1.4  0.042    0.0  0.000      0      0      0      0      0
10/04/1990   1142      8    371    763      8   1110      6    396      3    248      0      0      0   0.00   0.00      0   0.00    1.4  0.041    0.0  0.000      0      0      0      0      0
10/05/1990   1046      6    287    753      9   1143      6    397      3    254      0      0      0   0.00   0.00      0   0.00    1.5  0.040    0.0  0.000      0      0      0      0      0
10/06/1990    959      4    253    702     10   1156      6    401      3    250      0      0      0   0.00   0.00      0   0.00    1.5  0.040    0.0  0.000      0      0      0      0      0
10/07/1990    884      2    257    625     11   1156      6    411      2    228      0      0      0   0.00   0.00      0   0.00    1.5  0.039    0.0  0.000      0      0      0      0      0
10/08/1990    818      1    308    509     11   1142      7    415      1    205      0      0      0   0.00   0.00      0   0.00    1.6  0.038    0.0  0.000      0      0      0      0      0
10/09/1990    746      0    401    345     12   1131      7    409      0    185      0      0      0   0.00   0.00      0   0.00    1.6  0.038    0.0  0.000      0      0      0      0      0
10/10/1990    709      0    493    216     13   1118      6    397      0    157      0      0      0   0.00   0.00      0   0.00    1.6  0.038    0.0  0.000      0      0      0      0      0
10/11/1990    711      1    591    119     13   1100      5    379      0    121      0      0      0   0.00   0.00      0   0.00    1.6  0.038    0.0  0.000      0      0      0      0      0
10/12/1990    738      2    692     44     13   1088      4    346      0     80      0      0      0   0.00   0.00      0   0.00    1.6  0.038    0.0  0.000      0      0      0      0      0
10/13/1990    790      3    787      0     13   1078      3    300      0     46      0      0      0   0.00   0.00      0   0.00    1.6  0.038    0.0  0.000      0      0      0      0      0
10/14/1990    881      4    877      0     13   1064      2    250      0     20      0      0      0   0.00   0.00      0   0.00    1.6  0.038    0.0  0.000      0      0      0      0      0
10/15/1990    973      5    968      0     13   1040      1    198      0      5      0      0      0   0.00   0.00      0   0.00    1.6  0.038    0.0  0.000      0      0      0      0      0
10/16/1990   1060      6   1054      0     13   1016      0    141      0      0      0      0      0   0.00   0.00      0   0.00    1.6  0.038    0.0  0.000      0      0      0      0      0
10/17/1990   1143      7   1136      0     12    990      0     85      0      0      0      0      0   0.00   0.00      0   0.00    1.5  0.038    0.0  0.000      0      0      0      0      0
10/18/1990   1222      8   1214      0     11    951      0     46      0      0      0      0      0   0.00   0.00      0   0.00    1.5  0.038    0.0  0.000      0      0      0      0      0
10/19/1990   1299      9   1290      0     10    901      0     20      0      0      0      0      0   0.00   0.00      0   0.00    1.5  0.038    0.0  0.000      0      0      0      0      0
10/20/1990   1379     10   1369      0      9    837      0      5      0      0      0      0      0   0.00   0.00      0   0.00    1.5  0.038    0.0  0.000      0      0      0      0      0
10/21/1990   1461     11   1450      0      8    761      0      0      0      0      0      0      0   0.00   0.00      0   0.00    1.5  0.038    0.0  0.000      0      0      0      0      0
10/22/1990   1543     11   1532      0      8    679      0      0      0      0      0      0      0   0.00   0.00      0   0.00    1.5  0.038    0.0  0.000      0      0      0      0      0
10/23/1990   1623     12   1611      0      7    600      0      0      0      0      0      0      0   0.00   0.00      0   0.00    1.5  0.038    0.0  0.000      0      0      0      0      0
10/24/1990   1704     13   1691      0      6    520      0      0      0      0      0      0      0   0.00   0.00      0   0.00    1.5  0.038    0.0  0.000      0      0      0      0      0
10/25/1990   1794     14   1754     26      5    431      0      0      0      0      0      0      0   0.00   0.00      0   0.00    1.5  0.038    0.0  0.000      0      0      0      0      0
10/26/1990   1880     15   1794     71      4    346      0      0      0      2      0      0      0   0.00   0.00      0   0.00    1.5  0.038    0.0  0.000      0      0      0      0      0
10/27/1990   1957     16   1807    134      3    270      0      0      0     10      0      0      0   0.00   0.00      0   0.00    1.5  0.038    0.0  0.000      0      0      0      0      0
10/28/1990   2025     17   1795    213      2    203      0      0      0     26      0      0      0   0.00   0.00      0   0.00    1.5  0.038    0.0  0.000      0      0      0      0      0
10/29/1990   2088     18   1762    308      1    141      0      2      0     47      0      0      0   0.00   0.00      0   0.00    1.5  0.038    0.0  0.000      0      0      0      0      0
10/30/1990   2119     19   1725    375      0     85      0     10      0     70      0      0      0   0.00   0.00      0   0.00    1.5  0.038    0.0  0.000      0      0      0      0      0
10/31/1990   2113     19   1672    422      0     46      0     26      0     89      0      0      0   0.00   0.00      0   0.00    1.5  0.037    0.0  0.000      0      0      0      0      0
11/01/1990   2070     18   1600    452      0     20      0     49      0     98      0      0      0   0.00   0.00      0   0.00    1.5  0.037    0.0  0.000      0      0      0      0      0
11/02/1990   2001     17   1514    470      0      5      0     80      0     98      0      0      0   0.00   0.00      0   0.00    1.5  0.037    0.0  0.000      0      0      0      0      0
11/03/1990   1907     16   1424    467      0      2      0    113      0     97      0      0      0   0.00   0.00      0   0.00    1.5  0.037    0.0  0.000      0      0      0      0      0
11/04/1990   1811     15   1334    462      0     10      0    137      0    102      0      0      0   0.00   0.00      0   0.00    1.5  0.036    0.0  0.000      0      0      0      0      0
11/05/1990   1717     14   1243    460      0     26      0    152      0    109      0      0      0   0.00   0.00      0   0.00    1.5  0.036    0.0  0.000      0      0      0      0      0
11/06/1990   1618     13   1157    448      0     49      0    163      0    107      0      0      0   0.00   0.00      0   0.00    1.5  0.036    0.0  0.000      0      0      0      0      0
11/07/1990   1516     12   1075    429      0     80      0    169      0    101      0      0      0   0.00   0.00      0   0.00    1.5  0.036    0.0  0.000      0      0      0      0      0
11/08/1990   1420     11    997    412      0    115      0    172      0     97      0      0      0   0.00   0.00      0   0.00    1.6  0.035    0.0  0.000      0      0      0      0      0
11/09/1990   1329     10    921    398      0    147      0    172      0     99      0      0      0   0.00   0.00      0   0.00    1.6  0.035    0.0  0.000      0      0      0      0      0
11/10/1990   1237      9    842    386      0    178      0    172      0    102      0      0      0   0.00   0.00      0   0.00    1.6  0.035    0.0  0.000      0      0      0      0      0
11/11/1990   1150      8    761    381      0    212      0    172      0    102      0      0      0   0.00   0.00      0   0.00    1.6  0.035    0.0  0.000      0      0      0      0      0
11/12/1990   1068      8    679    381      0    249      0    169      0    103      0      0      0   0.00   0.00      0   0.00    1.6  0.034    0.0  0.000      0      0      0      0      0
11/13/1990    989      7    600    382      0    287      0    165      0    105      0      0      0   0.00   0.00      0   0.00    1.6  0.034    0.0  0.000      0      0      0      0      0
11/14/1990    912      6    520    386      0    319      0    167      0    103      0      0      0   0.00   0.00      0   0.00    1.6  0.034    0.0  0.000      0      0      0      0      0
11/15/1990    832      5    431    396      0    350      0    171      0     99      0      0      0   0.00   0.00      0   0.00    1.6  0.034    0.0  0.000      0      0      0      0      0
11/16/1990    752      4    348    400      0    382      0    173      0     97      0      0      0   0.00   0.00      0   0.00    1.7  0.033    0.0  0.000      0      0      0      0      0
11/17/1990    677      3    280    394      0    408      0    171      0    101      0      0      0   0.00   0.00      0   0.00    1.7  0.033    0.0  0.000      0      0      0      0      0
11/18/1990    613      2    229    382      0    426      0    168      0    104      0      0      0   0.00   0.00      0   0.00    1.7  0.033    0.0  0.000      0      0      0      0      0
11/19/1990    555      1    190    364      0    437      0    168      0    104      0      0      0   0.00   0.00      0   0.00    1.7  0.032    0.0  0.000      0      0      0      0      0
11/20/1990    580      0    165    415      0    441      0    169      0     91      0      0      0   0.00   0.00      0   0.00    1.7  0.032    0.0  0.000      0      0      0      0      0
11/21/1990    527      0    161    366      0    442      0    167      0     80      0      0      0   0.00   0.00      0   0.00    1.7  0.032    0.0  0.000      0      0      0      0      0
11/22/1990    404      0    167    237      0    442      0    169      0     68      0      0      0   0.00   0.00      0   0.00    1.7  0.032    0.0  0.000      0      0      0      0      0
11/23/1990    368      0    183    185      0    442      0    161      0     60      0      0      0   0.00   0.00      0   0.00    1.7  0.031    0.0  0.000      0      0      0      0      0
11/24/1990    340      0    212    128      0    442      0    150      0     49      0      0      0   0.00   0.00      0   0.00    1.8  0.031    0.0  0.000      0      0      0      0      0
11/25/1990    372      0    249    123      0    441      0    136      0     36      0      0      0   0.00   0.00      0   0.00    1.8  0.031    0.0  0.000      0      0      0      0      0
11/26/1990    405      0    287    118      0    437      0    117      0     26      0      0      0   0.00   0.00      0   0.00    1.8  0.031    0.0  0.000      0      0      0      0      0
11/27/1990    432      0    319    113      0    439      0     95      0     19      0      0      0   0.00   0.00      0   0.00    1.7  0.031    0.0  0.000      0      0      0      0      0
11/28/1990    458      0    350    108      0    431      0     81      0     15      0      0      0   0.00   0.00      0   0.00    1.8  0.031    0.0  0.000      0      0      0      0      0
11/29/1990    410      0    384     26      0    420      0     63      0     16      0      0      0   0.00   0.00      0   0.00    1.8  0.031    0.0  0.000      0      0      0      0      0
11/30/1990    425      0    418      7      0    408      0     46      0     12      0      0      0   0.00   0.00      0   0.00    1.7  0.031    0.0  0.000      0      0      0      0      0
12/01/1990    458      0    452      6      0    389      0     36      0      7      0      0      0   0.00   0.00      0   0.00    1.7  0.031    0.0  0.000      0      0      0      0      0
12/02/1990    491      0    486      5      0    367      0     30      0      1      0      0      0   0.00   0.00      0   0.00    1.7  0.031    0.0  0.000      0      0      0      0      0
12/03/1990    521      0    521      0      0    341      0     22      0      0      0      0      0   0.00   0.00      0   0.00    1.7  0.031    0.0  0.000      0      0      0      0      0
12/04/1990    557      0    557      0      0    310      0     17      0      0      0      0      0   0.00   0.00      0   0.00    1.7  0.031    0.0  0.000      0      0      0      0      0
12/05/1990    589      0    589      0      0    283      0     12      0      0      0      0      0   0.00   0.00      0   0.00    1.7  0.031    0.0  0.000      0      0      0      0      0
12/06/1990    620      0    620      0      0    257      0      7      0      0      0      0      0   0.00   0.00      0   0.00    1.7  0.031    0.0  0.000      0      0      0      0      0
12/07/1990    653      0    652      1      0    229      0      1      0      0      0      0      0   0.00   0.00      0   0.00    1.7  0.031    0.0  0.000      0      0      0      0      0
12/08/1990    687      0    680      7      0    194      0      0      0      0      0      0      0   0.00   0.00      0   0.00    1.7  0.031    0.0  0.000      0      0      0      0      0
12/09/1990    719      0    698     21      0    160      0      0      0      0      0      0      0   0.00   0.00      0   0.00    1.7  0.031    0.0  0.000      0      0      0      0      0
12/10/1990    750      0    709     41      0    126      0      0      0      1      0      0      0   0.00   0.00      0   0.00    1.7  0.031    0.0  0.000      0      0      0      0      0
12/11/1990    769      0    701     68      0    103      0      0      0      4      0      0      0   0.00   0.00      0   0.00    1.7  0.031    0.0  0.000      0      0      0      0      0
12/12/1990    788      0    689     99      0     80      0      0      0      9      0      0      0   0.00   0.00      0   0.00    1.7  0.031    0.0  0.000      0      0      0      0      0
12/13/1990    806      0    679    127      0     58      0      1      0     13      0      0      0   0.00   0.00      0   0.00    1.7  0.031    0.0  0.000      0      0      0      0      0
12/14/1990    817      0    663    154      0     43      0      4      0     13      0      0      0   0.00   0.00      0   0.00    1.7  0.031    0.0  0.000      0      0      0      0      0
12/15/1990    825      0    641    184      0     31      0      9      0     13      0      0      0   0.00   0.00      0   0.00    1.7  0.031    0.0  0.000      0      0      0      0      0
12/16/1990    831      0    613    218      0     22      0     14      0     13      0      0      0   0.00   0.00      0   0.00    1.7  0.031    0.0  0.000      0      0      0      0      0
12/17/1990    833      0    580    253      0     17      0     17      0     17      0      0      0   0.00   0.00      0   0.00    1.7  0.031    0.0  0.000      0      0      0      0      0
12/18/1990    835      0    553    282      0     13      0     21      0     22      0      0      0   0.00   0.00      0   0.00    1.7  0.031    0.0  0.000      0      0      0      0      0
12/19/1990    837      0    527    310      0     11      0     23      0     27      0      0      0   0.00   0.00      0   0.00    1.7  0.031    0.0  0.000      0      0      0      0      0
12/20/1990    840      0    499    341      0     10      0     25      0     23      0      0      0   0.00   0.00      0   0.00    1.7  0.031    0.0  0.000      0      0      0      0      0
12/21/1990    838      0    466    372      0     14      0     30      0     13      0      0      0   0.00   0.00      0   0.00    1.7  0.031    0.0  0.000      0      0      0      0      0
12/22/1990    835      0    432    403      0     17      0     37      0      3      0      0      0   0.00   0.00      0   0.00    1.7  0.031    0.0  0.000      0      0      0      0      0
12/23/1990    832      0    398    434      0     22      0     35      0      0      0      0      0   0.00   0.00      0   0.00    1.7  0.031    0.0  0.000      0      0      0      0      0
12/24/1990    829      0    363    466      0     27      0     30      0      0      0      0      0   0.00   0.00      0   0.00    1.7  0.031    0.0  0.000      0      0      0      0      0
12/25/1990    827      0    327    500      0     34      0     23      0      2      0      0      0   0.00   0.00      0   0.00    1.7  0.031    0.0  0.000      0      0      0      0      0
12/26/1990    825      0    295    530      0     44      0     13      0      9      0      0      0   0.00   0.00      0   0.00    1.7  0.031    0.0  0.000      0      0      0      0      0
12/27/1990    823      0    264    559      0     54      0      3      0     20      0      0      0   0.00   0.00      0   0.00    1.7  0.031    0.0  0.000      0      0      0      0      0
12/28/1990    821      0    230    591      0     57      0      2      0     31      0      0      0   0.00   0.00      0   0.00    1.7  0.031    0.0  0.000      0      0      0      0      0
12/29/1990    819      0    194    625      0     57      0      9      0     29      0      0      0   0.00   0.00      0   0.00    1.7  0.031    0.0  0.000      0      0      0      0      0
12/30/1990    817      0    160    657      0     57      0     20      0     28      0      0      0   0.00   0.00      0   0.00    1.7  0.031    0.0  0.000      0      0      0      0      0
12/31/1990    816      0    127    689      0     56      0     33      0     26      0      0      0   0.00   0.00      0   0.00    1.7  0.031    0.0  0.000      0      0      0      0      0
