Varroa Population Simulation - Nov 24,2015  04:11:09 PM
VarroaPop Version 3.2.5.8  June, 2015

                                        Capped  Capped                                                                      Prop           Conc          Conc                                     
            Colony  Adult  Adult         Drone   Wkr    Drone  Wkr    Drone  Wkr  Free   DBrood WBrood DMite  WMite  Mites  Mites  Colony Pollen Colony Nectar   Dead   Dead   Dead   Dead   Dead
     Date   Size   Drones   Wkr   Forgrs Brood  Brood   Larv   Larv    Eggs  Eggs Mites  Mites  Mites  /Cell  /Cell  Dying  Dying  Pollen  Pest  Nectar  Pest    DLarv  WLarv  DAdlt  WAdlt  Forgrs
Initial     10000      0   6762   3238      0      0      0      0      0      0      0      0      0   0.00   0.00      0   0.00    0.0  0.000    0.0  0.000      0      0      0      0      0
05/01/1990   9678      0   6440   3238      0      0      0      0      3    190      0      0      0   0.00   0.00      0   0.00    0.1  0.000    0.0  0.000      0      0      0      0      0
05/02/1990   9356      0   6118   3238      0      0      0      0      6    395      0      0      0   0.00   0.00      0   0.00    0.2  0.000    0.0  0.000      0      0      0      0      0
05/03/1990   9034      0   5796   3238      0      0      0      0     10    618      0      0      0   0.00   0.00      0   0.00    0.3  0.000    0.0  0.000      0      0      0      0      0
05/04/1990   8712      0   5474   3238      0      0      3    190     11    660      0      0      0   0.00   0.00      0   0.00    0.4  0.000    0.0  0.000      0      0      0      0      0
05/05/1990   8390      0   5152   3238      0      0      6    395     12    692      0      0      0   0.00   0.00      0   0.00    0.5  0.000    0.0  0.000      0      0      0      0      0
05/06/1990   8068      0   4830   3238      0      0     10    618     12    701      0      0      0   0.00   0.00      0   0.00    0.6  0.000    0.0  0.000      0      0      0      0      0
05/07/1990   7746      0   4508   3238      0      0     14    850     12    684      0      0      0   0.00   0.00      0   0.00    0.7  0.000    0.0  0.000      0      0      0      0      0
05/08/1990   7424      0   4186   3238      0      0     18   1087     12    659      0      0      0   0.00   0.00      0   0.00    0.9  0.000    0.0  0.000      0      0      0      0      0
05/09/1990   7102      0   3864   3238      0    190     22   1129     12    622      0      0      0   0.00   0.00      0   0.00    1.0  0.000    0.0  0.000      0      0      0      0      0
05/10/1990   6762      0   3542   3220      0    395     26   1139     11    575      0      0      0   0.00   0.00      0   0.00    1.1  0.000    0.0  0.000      0      0      0      0      0
05/11/1990   6440      0   3220   3220      3    618     27   1128     10    549      0      0      0   0.00   0.00      0   0.00    1.2  0.000    0.0  0.000      0      0      0      0      0
05/12/1990   6118      0   2898   3220      6    850     28   1091     10    546      0      0      0   0.00   0.00      0   0.00    1.3  0.000    0.0  0.000      0      0      0      0      0
05/13/1990   5796      0   2576   3220     10   1087     27   1022     11    573      0      0      0   0.00   0.00      0   0.00    1.4  0.000    0.0  0.000      0      0      0      0      0
05/14/1990   5474      0   2254   3220     14   1319     26    976     12    581      0      0      0   0.00   0.00      0   0.00    1.6  0.000    0.0  0.000      0      0      0      0      0
05/15/1990   5152      0   1932   3220     18   1534     26    953     12    576      0      0      0   0.00   0.00      0   0.00    1.7  0.000    0.0  0.000      0      0      0      0      0
05/16/1990   4830      0   1610   3220     22   1746     26    936     12    590      0      0      0   0.00   0.00      0   0.00    1.8  0.000    0.0  0.000      0      0      0      0      0
05/17/1990   4508      0   1288   3220     26   1941     26    935     12    591      0      0      0   0.00   0.00      0   0.00    2.0  0.000    0.0  0.000      0      0      0      0      0
05/18/1990   4186      0    966   3220     30   2109     26    954     12    578      0      0      0   0.00   0.00      0   0.00    2.1  0.000    0.0  0.000      0      0      0      0      0
05/19/1990   3864      0    644   3220     34   2295     26    977     11    539      0      0      0   0.00   0.00      0   0.00    2.3  0.000    0.0  0.000      0      0      0      0      0
05/20/1990   3542      0    322   3220     37   2487     27    980     11    536      0      0      0   0.00   0.00      0   0.00    2.4  0.000    0.0  0.000      0      0      0      0      0
05/21/1990   3220      0      0   3220     40   2682     28    959     12    563      0      0      0   0.00   0.00      0   0.00    2.5  0.000    0.0  0.000      0      0      0      0      0
05/22/1990   3088      0    190   2898     44   2686     27    935     14    598      0      0      0   0.00   0.00      0   0.00    2.7  0.000    0.0  0.000      0      0      0      0      0
05/23/1990   3293      0    395   2898     48   2668     27    940     13    567      0      0      0   0.00   0.00      0   0.00    2.7  0.000    0.0  0.000      0      0      0      0      0
05/24/1990   3194      0    618   2576     52   2654     28    932     11    525      0      0      0   0.00   0.00      0   0.00    2.8  0.000    0.0  0.000      0      0      0      0      0
05/25/1990   3107      3    850   2254     53   2617     29    942      9    489      0      0      0   0.00   0.00      0   0.00    2.9  0.000    0.0  0.000      0      0      0      0      0
05/26/1990   3025      6   1087   1932     54   2554     28    929      9    487      0      0      0   0.00   0.00      0   0.00    3.0  0.000    0.0  0.000      0      0      0      0      0
05/27/1990   3261     10   1319   1932     54   2492     27    918      8    455      0      0      0   0.00   0.00      0   0.00    2.9  0.000    0.0  0.000      0      0      0      0      0
05/28/1990   3480     14   1534   1932     54   2469     26    895      7    411      0      0      0   0.00   0.00      0   0.00    2.9  0.000    0.0  0.000      0      0      0      0      0
05/29/1990   3374     18   1746   1610     53   2458     26    853      6    388      0      0      0   0.00   0.00      0   0.00    3.0  0.000    0.0  0.000      0      0      0      0      0
05/30/1990   3251     22   1941   1288     53   2468     24    775      6    384      0      0      0   0.00   0.00      0   0.00    3.0  0.000    0.0  0.000      0      0      0      0      0
05/31/1990   3101     26   2109    966     54   2461     21    739      5    361      0      0      0   0.00   0.00      0   0.00    3.1  0.000    0.0  0.000      0      0      0      0      0
06/01/1990   2969     30   2295    644     55   2434     18    716      4    310      0      0      0   0.00   0.00      0   0.00    3.1  0.000    0.0  0.000      0      0      0      0      0
06/02/1990   2843     34   2487    322     54   2411     17    670      2    259      0      0      0   0.00   0.00      0   0.00    3.1  0.000    0.0  0.000      0      0      0      0      0
06/03/1990   2719     37   2682      0     54   2375     15    613      1    198      0      0      0   0.00   0.00      0   0.00    3.1  0.000    0.0  0.000      0      0      0      0      0
06/04/1990   2916     40   2876      0     54   2308     13    571      0    113      0      0      0   0.00   0.00      0   0.00    3.1  0.000    0.0  0.000      0      0      0      0      0
06/05/1990   3107     44   3063      0     53   2246     10    518      0     41      0      0      0   0.00   0.00      0   0.00    3.0  0.000    0.0  0.000      0      0      0      0      0
06/06/1990   3320     48   3272      0     51   2173      8    423      0      0      0      0      0   0.00   0.00      0   0.00    3.0  0.000    0.0  0.000      0      0      0      0      0
06/07/1990   3519     52   3467      0     49   2101      6    300      0      0      0      0      0   0.00   0.00      0   0.00    3.0  0.000    0.0  0.000      0      0      0      0      0
06/08/1990   3697     56   3641      0     47   2029      4    198      0      0      0      0      0   0.00   0.00      0   0.00    3.0  0.000    0.0  0.000      0      0      0      0      0
06/09/1990   3871     60   3811      0     45   1944      2    113      0      0      0      0      0   0.00   0.00      0   0.00    2.9  0.000    0.0  0.000      0      0      0      0      0
06/10/1990   4067     64   4003      0     42   1824      1     41      0      0      0      0      0   0.00   0.00      0   0.00    2.9  0.000    0.0  0.000      0      0      0      0      0
06/11/1990   4272     68   4204      0     39   1664      0      0      0      0      0      0      0   0.00   0.00      0   0.00    2.9  0.000    0.0  0.000      0      0      0      0      0
06/12/1990   4480     71   4219    190     36   1459      0      0      0      0      0      0      0   0.00   0.00      0   0.00    2.9  0.000    0.0  0.000      0      0      0      0      0
06/13/1990   4645     75   4175    395     32   1298      0      0      0     23      0      0      0   0.00   0.00      0   0.00    2.8  0.000    0.0  0.000      0      0      0      0      0
06/14/1990   4809     80   4111    618     27   1139      0      0      0     67      0      0      0   0.00   0.00      0   0.00    2.8  0.000    0.0  0.000      0      0      0      0      0
06/15/1990   4980     82   4048    850     22    970      0      0      0    133      0      0      0   0.00   0.00      0   0.00    2.9  0.000    0.0  0.000      0      0      0      0      0
06/16/1990   5139     82   3970   1087     19    811      0     23      1    200      0      0      0   0.00   0.00      0   0.00    2.9  0.000    0.0  0.000      0      0      0      0      0
06/17/1990   5265     81   3865   1319     16    684      0     67      3    269      0      0      0   0.00   0.00      0   0.00    2.9  0.000    0.0  0.000      0      0      0      0      0
06/18/1990   5389     80   3775   1534     13    559      0    133      5    327      0      0      0   0.00   0.00      0   0.00    3.0  0.000    0.0  0.000      0      0      0      0      0
06/19/1990   5524     79   3699   1746     10    423      1    223      7    384      0      0      0   0.00   0.00      0   0.00    3.0  0.000    0.0  0.000      0      0      0      0      0
06/20/1990   5645     77   3627   1941      8    300      3    336      8    445      0      0      0   0.00   0.00      0   0.00    3.1  0.000    0.0  0.000      0      0      0      0      0
06/21/1990   5745     75   3561   2109      6    221      5    437     10    507      0      0      0   0.00   0.00      0   0.00    3.1  0.000    0.0  0.000      0      0      0      0      0
06/22/1990   5638     73   3460   2105      4    180      8    540     11    541      0      0      0   0.00   0.00      0   0.00    3.2  0.000    0.0  0.000      0      0      0      0      0
06/23/1990   5503     71   3340   2092      2    174     11    648     12    548      0      0      0   0.00   0.00      0   0.00    3.3  0.000    0.0  0.000      0      0      0      0      0
06/24/1990   5319     69   3186   2064      1    223     15    744     12    546      0      0      0   0.00   0.00      0   0.00    3.4  0.000    0.0  0.000      0      0      0      0      0
06/25/1990   5085     67   2992   2026      0    336     19    812     12    547      0      0      0   0.00   0.00      0   0.00    3.4  0.000    0.0  0.000      0      0      0      0      0
06/26/1990   4844     63   2805   1976      1    460     22    869     12    548      0      0      0   0.00   0.00      0   0.00    3.5  0.000    0.0  0.000      0      0      0      0      0
06/27/1990   4608     59   2596   1953      3    607     24    906     12    539      0      0      0   0.00   0.00      0   0.00    3.6  0.000    0.0  0.000      0      0      0      0      0
06/28/1990   4389     55   2401   1933      5    781     26    914     12    529      0      0      0   0.00   0.00      0   0.00    3.6  0.000    0.0  0.000      0      0      0      0      0
06/29/1990   4173     51   2227   1895      8    967     27    910     12    527      0      0      0   0.00   0.00      0   0.00    3.7  0.000    0.0  0.000      0      0      0      0      0
06/30/1990   3974     47   2057   1870     11   1148     28    904     12    531      0      0      0   0.00   0.00      0   0.00    3.8  0.000    0.0  0.000      0      0      0      0      0
07/01/1990   3802     43   1865   1894     15   1329     28    895     12    535      0      0      0   0.00   0.00      0   0.00    3.8  0.000    0.0  0.000      0      0      0      0      0
07/02/1990   3612     39   1664   1909     19   1513     28    891     12    526      0      0      0   0.00   0.00      0   0.00    3.9  0.000    0.0  0.000      0      0      0      0      0
07/03/1990   3417     36   1459   1922     23   1695     28    888     12    517      0      0      0   0.00   0.00      0   0.00    4.0  0.000    0.0  0.000      0      0      0      0      0
07/04/1990   3241     32   1321   1888     27   1854     28    882     12    505      0      0      0   0.00   0.00      0   0.00    4.1  0.000    0.0  0.000      0      0      0      0      0
07/05/1990   3086     27   1206   1853     31   1985     28    878     12    499      0      0      0   0.00   0.00      0   0.00    4.1  0.000    0.0  0.000      0      0      0      0      0
07/06/1990   2960     22   1103   1835     35   2091     28    876     12    493      0      0      0   0.00   0.00      0   0.00    4.2  0.000    0.0  0.000      0      0      0      0      0
07/07/1990   2838     19   1034   1785     39   2181     28    860     12    497      0      0      0   0.00   0.00      0   0.00    4.3  0.000    0.0  0.000      0      0      0      0      0
07/08/1990   2753     16   1020   1717     43   2247     28    846     12    498      0      0      0   0.00   0.00      0   0.00    4.3  0.000    0.0  0.000      0      0      0      0      0
07/09/1990   2700     13   1019   1668     47   2299     28    834     12    498      0      0      0   0.00   0.00      0   0.00    4.4  0.000    0.0  0.000      0      0      0      0      0
07/10/1990   2675     11   1030   1634     50   2323     28    831     12    497      0      0      0   0.00   0.00      0   0.00    4.5  0.000    0.0  0.000      0      0      0      0      0
07/11/1990   2657     11   1081   1565     52   2319     28    827     12    499      0      0      0   0.00   0.00      0   0.00    4.5  0.000    0.0  0.000      0      0      0      0      0
07/12/1990   2642     11   1165   1466     54   2297     28    827     12    498      0      0      0   0.00   0.00      0   0.00    4.6  0.000    0.0  0.000      0      0      0      0      0
07/13/1990   2619     12   1261   1346     55   2281     28    829     12    487      0      0      0   0.00   0.00      0   0.00    4.7  0.000    0.0  0.000      0      0      0      0      0
07/14/1990   2640     13   1370   1257     56   2264     28    833     12    466      0      0      0   0.00   0.00      0   0.00    4.7  0.000    0.0  0.000      0      0      0      0      0
07/15/1990   2668     16   1513   1139     56   2248     28    828     11    444      0      0      0   0.00   0.00      0   0.00    4.7  0.000    0.0  0.000      0      0      0      0      0
07/16/1990   2684     19   1695    970     56   2232     28    818     10    416      0      0      0   0.00   0.00      0   0.00    4.8  0.000    0.0  0.000      0      0      0      0      0
07/17/1990   2711     23   1877    811     56   2214     28    801      9    382      0      0      0   0.00   0.00      0   0.00    4.8  0.000    0.0  0.000      0      0      0      0      0
07/18/1990   2763     27   2052    684     56   2206     27    775      8    342      0      0      0   0.00   0.00      0   0.00    4.8  0.000    0.0  0.000      0      0      0      0      0
07/19/1990   2814     31   2224    559     56   2202     26    735      7    303      0      0      0   0.00   0.00      0   0.00    4.8  0.000    0.0  0.000      0      0      0      0      0
07/20/1990   2862     35   2404    423     56   2185     25    685      5    267      0      0      0   0.00   0.00      0   0.00    4.8  0.000    0.0  0.000      0      0      0      0      0
07/21/1990   2922     39   2583    300     56   2162     23    630      4    227      0      0      0   0.00   0.00      0   0.00    4.8  0.000    0.0  0.000      0      0      0      0      0
07/22/1990   3000     43   2759    198     56   2133     21    572      2    183      0      0      0   0.00   0.00      0   0.00    4.8  0.000    0.0  0.000      0      0      0      0      0
07/23/1990   3090     47   2930    113     56   2103     18    508      1    135      0      0      0   0.00   0.00      0   0.00    4.8  0.000    0.0  0.000      0      0      0      0      0
07/24/1990   3192     51   3100     41     56   2061     15    441      0     91      0      0      0   0.00   0.00      0   0.00    4.8  0.000    0.0  0.000      0      0      0      0      0
07/25/1990   3319     55   3241     23     55   2010     12    373      0     51      0      0      0   0.00   0.00      0   0.00    4.8  0.000    0.0  0.000      0      0      0      0      0
07/26/1990   3488     59   3362     67     54   1946      9    301      0     25      0      0      0   0.00   0.00      0   0.00    4.7  0.000    0.0  0.000      0      0      0      0      0
07/27/1990   3656     63   3460    133     53   1871      6    229      0     19      0      0      0   0.00   0.00      0   0.00    4.7  0.000    0.0  0.000      0      0      0      0      0
07/28/1990   3828     67   3538    223     51   1780      4    157      0     35      0      0      0   0.00   0.00      0   0.00    4.7  0.000    0.0  0.000      0      0      0      0      0
07/29/1990   3998     71   3591    336     49   1675      2     99      0     66      0      0      0   0.00   0.00      0   0.00    4.7  0.000    0.0  0.000      0      0      0      0      0
07/30/1990   4166     75   3631    460     46   1556      1     65      0    104      0      0      0   0.00   0.00      0   0.00    4.7  0.000    0.0  0.000      0      0      0      0      0
07/31/1990   4336     78   3651    607     43   1418      0     57      1    146      0      0      0   0.00   0.00      0   0.00    4.7  0.000    0.0  0.000      0      0      0      0      0
08/01/1990   4506     80   3645    781     39   1267      0     74      2    191      0      0      0   0.00   0.00      0   0.00    4.7  0.000    0.0  0.000      0      0      0      0      0
08/02/1990   4671     82   3622    967     35   1109      0    118      4    238      0      0      0   0.00   0.00      0   0.00    4.7  0.000    0.0  0.000      0      0      0      0      0
08/03/1990   4828     83   3597   1148     31    956      1    178      6    288      0      0      0   0.00   0.00      0   0.00    4.8  0.000    0.0  0.000      0      0      0      0      0
08/04/1990   4953     84   3563   1306     27    820      2    246      8    337      0      0      0   0.00   0.00      0   0.00    4.8  0.000    0.0  0.000      0      0      0      0      0
08/05/1990   5050     84   3520   1446     23    700      4    321     10    384      0      0      0   0.00   0.00      0   0.00    4.8  0.000    0.0  0.000      0      0      0      0      0
08/06/1990   5112     84   3466   1562     19    606      7    400     11    425      0      0      0   0.00   0.00      0   0.00    4.9  0.000    0.0  0.000      0      0      0      0      0
08/07/1990   5135     84   3397   1654     15    542     10    479     13    459      0      0      0   0.00   0.00      0   0.00    4.9  0.000    0.0  0.000      0      0      0      0      0
08/08/1990   5122     83   3323   1716     12    504     14    559     14    484      0      0      0   0.00   0.00      0   0.00    5.0  0.000    0.0  0.000      0      0      0      0      0
08/09/1990   5086     82   3240   1764      9    494     18    634     15    502      0      0      0   0.00   0.00      0   0.00    5.0  0.000    0.0  0.000      0      0      0      0      0
08/10/1990   5015     81   3137   1797      7    513     22    700     15    515      0      0      0   0.00   0.00      0   0.00    5.1  0.000    0.0  0.000      0      0      0      0      0
08/11/1990   4900     79   3019   1802      6    565     26    755     15    523      0      0      0   0.00   0.00      0   0.00    5.2  0.000    0.0  0.000      0      0      0      0      0
08/12/1990   4757     77   2888   1792      6    648     29    799     15    527      0      0      0   0.00   0.00      0   0.00    5.2  0.000    0.0  0.000      0      0      0      0      0
08/13/1990   4602     74   2746   1782      8    762     31    831     15    523      0      0      0   0.00   0.00      0   0.00    5.3  0.000    0.0  0.000      0      0      0      0      0
08/14/1990   4435     71   2593   1771     10    899     33    853     15    509      0      0      0   0.00   0.00      0   0.00    5.3  0.000    0.0  0.000      0      0      0      0      0
08/15/1990   4252     67   2434   1751     14   1056     34    867     15    483      0      0      0   0.00   0.00      0   0.00    5.4  0.000    0.0  0.000      0      0      0      0      0
08/16/1990   4069     63   2272   1734     18   1221     35    870     15    464      0      0      0   0.00   0.00      0   0.00    5.5  0.000    0.0  0.000      0      0      0      0      0
08/17/1990   3894     59   2119   1716     23   1382     35    860     15    455      0      0      0   0.00   0.00      0   0.00    5.5  0.000    0.0  0.000      0      0      0      0      0
08/18/1990   3736     55   1972   1709     28   1536     35    835     15    446      0      0      0   0.00   0.00      0   0.00    5.6  0.000    0.0  0.000      0      0      0      0      0
08/19/1990      0      0      0      0     33   1678     23    656     15    435      0      0      0   0.00   0.00      0   0.00    5.6  0.122    0.0  0.000     11    155     51   1840   1700
08/20/1990     49      0     49      0     35   1718     26    720     10    282      0      0      0   0.00   0.00      0   0.00    5.6  0.122    0.0  0.000      0      0      0      0      0
08/21/1990    112      0    112      0     37   1758     29    758      5    141      0      0      0   0.00   0.00      0   0.00    5.6  0.122    0.0  0.000      0      0      0      0      0
08/22/1990    191      0    191      0     39   1841     32    737      0      0      0      0      0   0.00   0.00      0   0.00    5.6  0.122    0.0  0.000      0      0      0      0      0
08/23/1990    287      0    287      0     41   1895     30    587      0      0      0      0      0   0.00   0.00      0   0.00    5.6  0.122    0.0  0.000      0      0      0      0      0
08/24/1990    401      1    400      0     45   1934     25    435      0      0      0      0      0   0.00   0.00      0   0.00    5.6  0.122    0.0  0.000      0      0      0      0      0
08/25/1990    530      2    528      0     49   1959     20    282      0      0      0      0      0   0.00   0.00      0   0.00    5.6  0.122    0.0  0.000      0      0      0      0      0
08/26/1990    675      4    671      0     52   1957     15    141      0      0      0      0      0   0.00   0.00      0   0.00    5.6  0.122    0.0  0.000      0      0      0      0      0
08/27/1990    832      7    825      0     54   1944     10      0      0      0      0      0      0   0.00   0.00      0   0.00    5.6  0.122    0.0  0.000      0      0      0      0      0
08/28/1990    997     10    987      0     56   1782      5      0      0      0      0      0      0   0.00   0.00      0   0.00    5.6  0.122    0.0  0.000      0      0      0      0      0
08/29/1990   1169     14   1155      0     57   1614      0      0      0      0      0      0      0   0.00   0.00      0   0.00    5.6  0.122    0.0  0.000      0      0      0      0      0
08/30/1990   1345     18   1327      0     53   1442      0      0      0      0      0      0      0   0.00   0.00      0   0.00    5.6  0.122    0.0  0.000      0      0      0      0      0
08/31/1990   1525     23   1502      0     48   1267      0      0      0      0      0      0      0   0.00   0.00      0   0.00    5.6  0.122    0.0  0.000      0      0      0      0      0
09/01/1990   1706     28   1678      0     43   1091      0      0      0      0      0      0      0   0.00   0.00      0   0.00    5.6  0.122    0.0  0.000      0      0      0      0      0
09/02/1990   1800     33   1767      0     38   1002      0      0      0      0      0      0      0   0.00   0.00      0   0.00    5.6  0.122    0.0  0.000      0      0      0      0      0
09/03/1990   1905     35   1870      0     36    899      0      0      0      0      0      0      0   0.00   0.00      0   0.00    5.6  0.122    0.0  0.000      0      0      0      0      0
09/04/1990   2069     37   2032      0     34    737      0      0      0      0      0      0      0   0.00   0.00      0   0.00    5.6  0.122    0.0  0.000      0      0      0      0      0
09/05/1990   2221     39   2182      0     32    587      0      0      0      0      0      0      0   0.00   0.00      0   0.00    5.5  0.122    0.0  0.000      0      0      0      0      0
09/06/1990   2375     41   2334      0     30    435      0      0      0      0      0      0      0   0.00   0.00      0   0.00    5.5  0.122    0.0  0.000      0      0      0      0      0
09/07/1990   2533     46   2487      0     25    282      0      0      0      0      0      0      0   0.00   0.00      0   0.00    5.5  0.122    0.0  0.000      0      0      0      0      0
09/08/1990   2679     51   2628      0     20    141      0      0      0      0      0      0      0   0.00   0.00      0   0.00    5.5  0.122    0.0  0.000      0      0      0      0      0
09/09/1990   2825     56   2769      0     15      0      0      0      0      0      0      0      0   0.00   0.00      0   0.00    5.5  0.122    0.0  0.000      0      0      0      0      0
09/10/1990   2830     61   2720     49     10      0      0      0      0      0      0      0      0   0.00   0.00      0   0.00    5.5  0.122    0.0  0.000      0      0      0      0      0
09/11/1990   2835     66   2657    112      5      0      0      0      0      7      0      0      0   0.00   0.00      0   0.00    5.4  0.122    0.0  0.000      0      0      0      0      0
09/12/1990   2840     71   2578    191      0      0      0      0      0     24      0      0      0   0.00   0.00      0   0.00    5.4  0.122    0.0  0.000      0      0      0      0      0
09/13/1990   2840     71   2482    287      0      0      0      0      0     51      0      0      0   0.00   0.00      0   0.00    5.4  0.122    0.0  0.000      0      0      0      0      0
09/14/1990   2839     70   2369    400      0      0      0      7      0     80      0      0      0   0.00   0.00      0   0.00    5.4  0.122    0.0  0.000      0      0      0      0      0
09/15/1990   2838     69   2241    528      0      0      0     24      1    110      0      0      0   0.00   0.00      0   0.00    5.4  0.122    0.0  0.000      0      0      0      0      0
09/16/1990   2836     67   2098    671      0      0      0     51      2    144      0      0      0   0.00   0.00      0   0.00    5.5  0.122    0.0  0.000      0      0      0      0      0
09/17/1990   2833     64   1944    825      0      0      0     87      4    182      0      0      0   0.00   0.00      0   0.00    5.5  0.121    0.0  0.000      0      0      0      0      0
09/18/1990   2830     61   1782    987      0      0      1    134      5    221      0      0      0   0.00   0.00      0   0.00    5.5  0.121    0.0  0.000      0      0      0      0      0
09/19/1990   2826     57   1614   1155      0      7      2    188      7    256      0      0      0   0.00   0.00      0   0.00    5.5  0.120    0.0  0.000      0      0      0      0      0
09/20/1990   2773     53   1442   1278      0     24      4    245      9    296      0      0      0   0.00   0.00      0   0.00    5.6  0.119    0.0  0.000      0      0      0      0      0
09/21/1990   2705     48   1267   1390      0     51      6    304     11    334      0      0      0   0.00   0.00      0   0.00    5.6  0.118    0.0  0.000      0      0      0      0      0
09/22/1990   2621     43   1091   1487      0     87      9    364     12    361      0      0      0   0.00   0.00      0   0.00    5.7  0.116    0.0  0.000      0      0      0      0      0
09/23/1990   2520     38   1002   1480      0    134     13    431     12    368      0      0      0   0.00   0.00      0   0.00    5.8  0.115    0.0  0.000      0      0      0      0      0
09/24/1990   2405     36    899   1470      0    195     17    494     12    372      0      0      0   0.00   0.00      0   0.00    5.8  0.114    0.0  0.000      0      0      0      0      0
09/25/1990   2275     34    737   1504      1    269     20    543     12    375      0      0      0   0.00   0.00      0   0.00    5.9  0.113    0.0  0.000      0      0      0      0      0
09/26/1990   2130     32    587   1511      2    355     23    578     12    381      0      0      0   0.00   0.00      0   0.00    5.9  0.112    0.0  0.000      0      0      0      0      0
09/27/1990   1974     30    435   1509      4    451     25    610     12    381      0      0      0   0.00   0.00      0   0.00    6.0  0.110    0.0  0.000      0      0      0      0      0
09/28/1990   1807     25    282   1500      6    565     27    622     13    385      0      0      0   0.00   0.00      0   0.00    6.1  0.109    0.0  0.000      0      0      0      0      0
09/29/1990   1634     20    141   1473      9    689     28    625     14    394      0      0      0   0.00   0.00      0   0.00    6.1  0.108    0.0  0.000      0      0      0      0      0
09/30/1990   1457     15      0   1442     13    812     28    630     15    404      0      0      0   0.00   0.00      0   0.00    6.2  0.107    0.0  0.000      0      0      0      0      0
10/01/1990   1277     10      0   1267     17    933     29    639     15    411      0      0      0   0.00   0.00      0   0.00    6.3  0.106    0.0  0.000      0      0      0      0      0
10/02/1990   1103      5      7   1091     21   1054     30    647     14    393      0      0      0   0.00   0.00      0   0.00    6.3  0.105    0.0  0.000      0      0      0      0      0
10/03/1990   1026      0     24   1002     25   1163     31    659     13    361      0      0      0   0.00   0.00      0   0.00    6.3  0.105    0.0  0.000      0      0      0      0      0
10/04/1990    950      0     51    899     29   1263     32    669     12    332      0      0      0   0.00   0.00      0   0.00    6.4  0.104    0.0  0.000      0      0      0      0      0
10/05/1990    824      0     87    737     33   1355     32    659     11    306      0      0      0   0.00   0.00      0   0.00    6.4  0.103    0.0  0.000      0      0      0      0      0
10/06/1990    721      0    134    587     37   1438     32    635      9    273      0      0      0   0.00   0.00      0   0.00    6.4  0.103    0.0  0.000      0      0      0      0      0
10/07/1990    630      0    195    435     41   1513     32    607      6    221      0      0      0   0.00   0.00      0   0.00    6.5  0.103    0.0  0.000      0      0      0      0      0
10/08/1990    551      0    269    282     46   1577     30    561      4    173      0      0      0   0.00   0.00      0   0.00    6.5  0.103    0.0  0.000      0      0      0      0      0
10/09/1990    497      1    355    141     50   1628     27    497      2    133      0      0      0   0.00   0.00      0   0.00    6.5  0.102    0.0  0.000      0      0      0      0      0
10/10/1990    453      2    451      0     54   1650     23    435      1     94      0      0      0   0.00   0.00      0   0.00    6.5  0.102    0.0  0.000      0      0      0      0      0
10/11/1990    569      4    565      0     57   1642     19    373      0     50      0      0      0   0.00   0.00      0   0.00    6.5  0.102    0.0  0.000      0      0      0      0      0
10/12/1990    695      6    689      0     59   1626     15    298      0     17      0      0      0   0.00   0.00      0   0.00    6.5  0.102    0.0  0.000      0      0      0      0      0
10/13/1990    821      9    812      0     60   1595     11    223      0      0      0      0      0   0.00   0.00      0   0.00    6.5  0.102    0.0  0.000      0      0      0      0      0
10/14/1990    946     13    933      0     60   1547      7    150      0      0      0      0      0   0.00   0.00      0   0.00    6.5  0.102    0.0  0.000      0      0      0      0      0
10/15/1990   1078     17   1061      0     59   1475      4     94      0      0      0      0      0   0.00   0.00      0   0.00    6.5  0.102    0.0  0.000      0      0      0      0      0
10/16/1990   1208     21   1187      0     57   1393      2     50      0      0      0      0      0   0.00   0.00      0   0.00    6.4  0.102    0.0  0.000      0      0      0      0      0
10/17/1990   1339     25   1314      0     54   1299      1     17      0      0      0      0      0   0.00   0.00      0   0.00    6.4  0.102    0.0  0.000      0      0      0      0      0
10/18/1990   1471     29   1442      0     51   1188      0      0      0      0      0      0      0   0.00   0.00      0   0.00    6.4  0.102    0.0  0.000      0      0      0      0      0
10/19/1990   1605     33   1572      0     47   1058      0      0      0      0      0      0      0   0.00   0.00      0   0.00    6.4  0.102    0.0  0.000      0      0      0      0      0
10/20/1990   1745     37   1708      0     43    922      0      0      0      0      0      0      0   0.00   0.00      0   0.00    6.4  0.102    0.0  0.000      0      0      0      0      0
10/21/1990   1887     41   1846      0     39    784      0      0      0      0      0      0      0   0.00   0.00      0   0.00    6.4  0.102    0.0  0.000      0      0      0      0      0
10/22/1990   2029     46   1983      0     34    647      0      0      0      0      0      0      0   0.00   0.00      0   0.00    6.4  0.102    0.0  0.000      0      0      0      0      0
10/23/1990   2152     51   2094      7     29    529      0      0      0      0      0      0      0   0.00   0.00      0   0.00    6.4  0.102    0.0  0.000      0      0      0      0      0
10/24/1990   2263     56   2183     24     24    423      0      0      0      0      0      0      0   0.00   0.00      0   0.00    6.4  0.102    0.0  0.000      0      0      0      0      0
10/25/1990   2376     61   2264     51     19    315      0      0      0      2      0      0      0   0.00   0.00      0   0.00    6.3  0.102    0.0  0.000      0      0      0      0      0
10/26/1990   2472     65   2320     87     15    223      0      0      0      7      0      0      0   0.00   0.00      0   0.00    6.3  0.102    0.0  0.000      0      0      0      0      0
10/27/1990   2549     69   2346    134     11    150      0      0      0     17      0      0      0   0.00   0.00      0   0.00    6.3  0.102    0.0  0.000      0      0      0      0      0
10/28/1990   2609     73   2341    195      7     94      0      2      0     30      0      0      0   0.00   0.00      0   0.00    6.3  0.102    0.0  0.000      0      0      0      0      0
10/29/1990   2656     76   2311    269      4     50      0      7      0     45      0      0      0   0.00   0.00      0   0.00    6.3  0.102    0.0  0.000      0      0      0      0      0
10/30/1990   2690     77   2258    355      2     17      0     17      0     61      0      0      0   0.00   0.00      0   0.00    6.3  0.102    0.0  0.000      0      0      0      0      0
10/31/1990   2707     77   2179    451      1      0      0     32      0     78      0      0      0   0.00   0.00      0   0.00    6.3  0.102    0.0  0.000      0      0      0      0      0
11/01/1990   2696     76   2065    555      0      0      0     52      0     90      0      0      0   0.00   0.00      0   0.00    6.3  0.102    0.0  0.000      0      0      0      0      0
11/02/1990   2678     74   1941    663      0      2      0     76      0     99      0      0      0   0.00   0.00      0   0.00    6.3  0.102    0.0  0.000      0      0      0      0      0
11/03/1990   2650     71   1818    761      0      7      0    103      1    109      0      0      0   0.00   0.00      0   0.00    6.4  0.102    0.0  0.000      0      0      0      0      0
11/04/1990   2612     67   1697    848      0     17      0    125      2    129      0      0      0   0.00   0.00      0   0.00    6.4  0.101    0.0  0.000      0      0      0      0      0
11/05/1990   2566     63   1569    934      0     32      0    145      3    153      0      0      0   0.00   0.00      0   0.00    6.4  0.101    0.0  0.000      0      0      0      0      0
11/06/1990   2510     59   1443   1008      0     52      1    167      3    164      0      0      0   0.00   0.00      0   0.00    6.5  0.100    0.0  0.000      0      0      0      0      0
11/07/1990   2441     55   1316   1070      0     78      2    193      3    167      0      0      0   0.00   0.00      0   0.00    6.5  0.100    0.0  0.000      0      0      0      0      0
11/08/1990   2360     51   1188   1121      0    110      3    220      4    173      0      0      0   0.00   0.00      0   0.00    6.5  0.099    0.0  0.000      0      0      0      0      0
11/09/1990   2268     47   1058   1163      0    142      4    241      5    191      0      0      0   0.00   0.00      0   0.00    6.6  0.098    0.0  0.000      0      0      0      0      0
11/10/1990   2167     43    922   1202      0    177      5    261      6    210      0      0      0   0.00   0.00      0   0.00    6.6  0.098    0.0  0.000      0      0      0      0      0
11/11/1990   2049     39    784   1226      0    219      7    284      6    224      0      0      0   0.00   0.00      0   0.00    6.7  0.097    0.0  0.000      0      0      0      0      0
11/12/1990   1920     34    647   1239      0    271      9    303      7    237      0      0      0   0.00   0.00      0   0.00    6.7  0.096    0.0  0.000      0      0      0      0      0
11/13/1990   1792     29    529   1234      1    330     10    318      8    250      0      0      0   0.00   0.00      0   0.00    6.8  0.095    0.0  0.000      0      0      0      0      0
11/14/1990   1666     24    423   1219      2    383     11    344      8    246      0      0      0   0.00   0.00      0   0.00    6.8  0.095    0.0  0.000      0      0      0      0      0
11/15/1990   1535     19    317   1199      3    436     13    373      7    233      0      0      0   0.00   0.00      0   0.00    6.9  0.094    0.0  0.000      0      0      0      0      0
11/16/1990   1410     15    230   1165      4    496     15    395      6    224      0      0      0   0.00   0.00      0   0.00    6.9  0.093    0.0  0.000      0      0      0      0      0
11/17/1990   1289     11    167   1111      5    557     16    399      7    228      0      0      0   0.00   0.00      0   0.00    7.0  0.093    0.0  0.000      0      0      0      0      0
11/18/1990   1172      7    126   1039      7    616     16    396      7    229      0      0      0   0.00   0.00      0   0.00    7.0  0.092    0.0  0.000      0      0      0      0      0
11/19/1990   1059      4    102    953      9    675     16    395      7    220      0      0      0   0.00   0.00      0   0.00    7.1  0.092    0.0  0.000      0      0      0      0      0
11/20/1990   1073      2     95    976     11    733     17    390      5    189      0      0      0   0.00   0.00      0   0.00    7.1  0.091    0.0  0.000      0      0      0      0      0
11/21/1990    969      1    110    858     13    788     17    375      4    159      0      0      0   0.00   0.00      0   0.00    7.1  0.091    0.0  0.000      0      0      0      0      0
11/22/1990    737      0    142    595     16    831     16    369      3    131      0      0      0   0.00   0.00      0   0.00    7.2  0.090    0.0  0.000      0      0      0      0      0
11/23/1990    656      0    177    479     19    867     14    346      2    115      0      0      0   0.00   0.00      0   0.00    7.2  0.090    0.0  0.000      0      0      0      0      0
11/24/1990    595      0    219    376     21    903     13    310      1    100      0      0      0   0.00   0.00      0   0.00    7.2  0.090    0.0  0.000      0      0      0      0      0
11/25/1990    640      0    271    369     23    930     12    272      0     83      0      0      0   0.00   0.00      0   0.00    7.2  0.090    0.0  0.000      0      0      0      0      0
11/26/1990    692      0    330    362     25    943     10    232      0     68      0      0      0   0.00   0.00      0   0.00    7.2  0.090    0.0  0.000      0      0      0      0      0
11/27/1990    739      1    383    355     27    959      7    190      0     55      0      0      0   0.00   0.00      0   0.00    7.2  0.090    0.0  0.000      0      0      0      0      0
11/28/1990    788      2    438    348     28    952      5    166      0     48      0      0      0   0.00   0.00      0   0.00    7.2  0.090    0.0  0.000      0      0      0      0      0
11/29/1990    676      3    503    170     29    929      3    141      0     50      0      0      0   0.00   0.00      0   0.00    7.2  0.090    0.0  0.000      0      0      0      0      0
11/30/1990    684      4    574    106     29    899      2    114      0     46      0      0      0   0.00   0.00      0   0.00    7.2  0.090    0.0  0.000      0      0      0      0      0
12/01/1990    755      5    648    102     29    857      1     99      0     34      0      0      0   0.00   0.00      0   0.00    7.2  0.090    0.0  0.000      0      0      0      0      0
12/02/1990    832      7    727     98     28    805      0     91      0     19      0      0      0   0.00   0.00      0   0.00    7.2  0.090    0.0  0.000      0      0      0      0      0
12/03/1990    874      9    811     54     26    745      0     77      0     14      0      0      0   0.00   0.00      0   0.00    7.2  0.090    0.0  0.000      0      0      0      0      0
12/04/1990    932     11    898     23     24    675      0     65      0     11      0      0      0   0.00   0.00      0   0.00    7.2  0.090    0.0  0.000      0      0      0      0      0
12/05/1990   1007     13    973     21     22    614      0     55      0      7      0      0      0   0.00   0.00      0   0.00    7.2  0.090    0.0  0.000      0      0      0      0      0
12/06/1990   1062     16   1042      4     19    560      0     43      0      2      0      0      0   0.00   0.00      0   0.00    7.2  0.090    0.0  0.000      0      0      0      0      0
12/07/1990   1139     19   1115      5     16    501      0     26      0      0      0      0      0   0.00   0.00      0   0.00    7.2  0.090    0.0  0.000      0      0      0      0      0
12/08/1990   1217     21   1184     12     14    432      0     16      0      0      0      0      0   0.00   0.00      0   0.00    7.2  0.090    0.0  0.000      0      0      0      0      0
12/09/1990   1288     23   1241     24     12    365      0     11      0      0      0      0      0   0.00   0.00      0   0.00    7.2  0.090    0.0  0.000      0      0      0      0      0
12/10/1990   1355     25   1290     40     10    300      0      7      0      1      0      0      0   0.00   0.00      0   0.00    7.2  0.090    0.0  0.000      0      0      0      0      0
12/11/1990   1401     28   1312     61      7    257      0      2      0      3      0      0      0   0.00   0.00      0   0.00    7.2  0.090    0.0  0.000      0      0      0      0      0
12/12/1990   1441     30   1322     89      5    217      0      0      0      7      0      0      0   0.00   0.00      0   0.00    7.2  0.090    0.0  0.000      0      0      0      0      0
12/13/1990   1480     32   1331    117      3    176      0      1      0     11      0      0      0   0.00   0.00      0   0.00    7.1  0.090    0.0  0.000      0      0      0      0      0
12/14/1990   1509     33   1328    148      2    144      0      3      0     12      0      0      0   0.00   0.00      0   0.00    7.1  0.090    0.0  0.000      0      0      0      0      0
12/15/1990   1533     34   1313    186      1    117      0      7      0     13      0      0      0   0.00   0.00      0   0.00    7.1  0.090    0.0  0.000      0      0      0      0      0
12/16/1990   1554     35   1285    234      0     93      0     12      0     13      0      0      0   0.00   0.00      0   0.00    7.1  0.090    0.0  0.000      0      0      0      0      0
12/17/1990   1567     35   1243    289      0     76      0     15      0     18      0      0      0   0.00   0.00      0   0.00    7.1  0.090    0.0  0.000      0      0      0      0      0
12/18/1990   1577     34   1204    339      0     63      0     19      0     24      0      0      0   0.00   0.00      0   0.00    7.1  0.090    0.0  0.000      0      0      0      0      0
12/19/1990   1590     33   1166    391      0     48      0     22      0     30      0      0      0   0.00   0.00      0   0.00    7.1  0.090    0.0  0.000      0      0      0      0      0
12/20/1990   1605     32   1120    453      0     33      0     26      0     26      0      0      0   0.00   0.00      0   0.00    7.1  0.090    0.0  0.000      0      0      0      0      0
12/21/1990   1611     31   1059    521      0     28      0     32      0     15      0      0      0   0.00   0.00      0   0.00    7.1  0.090    0.0  0.000      0      0      0      0      0
12/22/1990   1612     30    990    592      0     26      0     40      0      4      0      0      0   0.00   0.00      0   0.00    7.1  0.090    0.0  0.000      0      0      0      0      0
12/23/1990   1611     28    915    668      0     27      0     39      0      0      0      0      0   0.00   0.00      0   0.00    7.1  0.090    0.0  0.000      0      0      0      0      0
12/24/1990   1612     26    836    750      0     27      0     34      0      0      0      0      0   0.00   0.00      0   0.00    7.1  0.090    0.0  0.000      0      0      0      0      0
12/25/1990   1610     24    751    835      0     33      0     26      0      3      0      0      0   0.00   0.00      0   0.00    7.1  0.090    0.0  0.000      0      0      0      0      0
12/26/1990   1606     22    676    908      0     44      0     15      0     13      0      0      0   0.00   0.00      0   0.00    7.0  0.090    0.0  0.000      0      0      0      0      0
12/27/1990   1601     19    605    977      0     55      0      4      0     29      0      0      0   0.00   0.00      0   0.00    7.0  0.090    0.0  0.000      0      0      0      0      0
12/28/1990   1596     16    527   1053      0     59      0      3      0     45      0      0      0   0.00   0.00      0   0.00    7.0  0.090    0.0  0.000      0      0      0      0      0
12/29/1990   1592     14    448   1130      0     59      0     13      0     43      0      0      0   0.00   0.00      0   0.00    7.0  0.090    0.0  0.000      0      0      0      0      0
12/30/1990   1589     12    376   1201      0     59      0     29      0     42      0      0      0   0.00   0.00      0   0.00    7.0  0.090    0.0  0.000      0      0      0      0      0
12/31/1990   1587     10    308   1269      0     58      0     48      0     40      0      0      0   0.00   0.00      0   0.00    7.0  0.090    0.0  0.000      0      0      0      0      0
