Varroa Population Simulation - Nov 24,2015  04:09:12 PM
VarroaPop Version 3.2.5.8  June, 2015

                                        Capped  Capped                                                                      Prop           Conc          Conc                                     
            Colony  Adult  Adult         Drone   Wkr    Drone  Wkr    Drone  Wkr  Free   DBrood WBrood DMite  WMite  Mites  Mites  Colony Pollen Colony Nectar   Dead   Dead   Dead   Dead   Dead
     Date   Size   Drones   Wkr   Forgrs Brood  Brood   Larv   Larv    Eggs  Eggs Mites  Mites  Mites  /Cell  /Cell  Dying  Dying  Pollen  Pest  Nectar  Pest    DLarv  WLarv  DAdlt  WAdlt  Forgrs
Initial     10000      0   5985   4015      0      0      0      0      0      0      0      0      0   0.00   0.00      0   0.00    0.0  0.000    0.0  0.000      0      0      0      0      0
05/01/1990   9715      0   5700   4015      0      0      0      0      3    538      0      0      0   0.00   0.00      0   0.00    0.1  0.000    0.0  0.000      0      0      0      0      0
05/02/1990   9430      0   5415   4015      0      0      0      0      6   1118      0      0      0   0.00   0.00      0   0.00    0.3  0.000    0.0  0.000      0      0      0      0      0
05/03/1990   9145      0   5130   4015      0      0      0      0     10   1748      0      0      0   0.00   0.00      0   0.00    0.4  0.000    0.0  0.000      0      0      0      0      0
05/04/1990   8860      0   4845   4015      0      0      3    538     11   1866      0      0      0   0.00   0.00      0   0.00    0.6  0.000    0.0  0.000      0      0      0      0      0
05/05/1990   8575      0   4560   4015      0      0      6   1118     12   1955      0      0      0   0.00   0.00      0   0.00    0.7  0.000    0.0  0.000      0      0      0      0      0
05/06/1990   8290      0   4275   4015      0      0     10   1748     12   1982      0      0      0   0.00   0.00      0   0.00    0.9  0.000    0.0  0.000      0      0      0      0      0
05/07/1990   8005      0   3990   4015      0      0     14   2404     11   1936      0      0      0   0.00   0.00      0   0.00    1.0  0.000    0.0  0.000      0      0      0      0      0
05/08/1990   7720      0   3705   4015      0      0     18   3073     10   1867      0      0      0   0.00   0.00      0   0.00    1.2  0.000    0.0  0.000      0      0      0      0      0
05/09/1990   7435      0   3420   4015      0    538     22   3192      9   1764      0      0      0   0.00   0.00      0   0.00    1.3  0.000    0.0  0.000      0      0      0      0      0
05/10/1990   7150      0   3135   4015      0   1118     25   3222      8   1631      0      0      0   0.00   0.00      0   0.00    1.5  0.000    0.0  0.000      0      0      0      0      0
05/11/1990   6865      0   2850   4015      3   1748     25   3192      8   1557      0      0      0   0.00   0.00      0   0.00    1.6  0.000    0.0  0.000      0      0      0      0      0
05/12/1990   6580      0   2565   4015      6   2404     25   3090      8   1548      0      0      0   0.00   0.00      0   0.00    1.8  0.000    0.0  0.000      0      0      0      0      0
05/13/1990   6295      0   2280   4015     10   3073     23   2898      9   1626      0      0      0   0.00   0.00      0   0.00    1.9  0.000    0.0  0.000      0      0      0      0      0
05/14/1990   5985      0   1995   3990     14   3730     22   2767      9   1653      0      0      0   0.00   0.00      0   0.00    2.1  0.000    0.0  0.000      0      0      0      0      0
05/15/1990   5700      0   1710   3990     18   4340     21   2702      9   1636      0      0      0   0.00   0.00      0   0.00    2.3  0.000    0.0  0.000      0      0      0      0      0
05/16/1990   5415      0   1425   3990     22   4940     20   2657      9   1674      0      0      0   0.00   0.00      0   0.00    2.4  0.000    0.0  0.000      0      0      0      0      0
05/17/1990   5130      0   1140   3990     25   5494     20   2656      9   1674      0      0      0   0.00   0.00      0   0.00    2.6  0.000    0.0  0.000      0      0      0      0      0
05/18/1990   4845      0    855   3990     28   5971     20   2707      8   1641      0      0      0   0.00   0.00      0   0.00    2.8  0.000    0.0  0.000      0      0      0      0      0
05/19/1990   4560      0    570   3990     31   6497     20   2774      7   1529      0      0      0   0.00   0.00      0   0.00    2.9  0.000    0.0  0.000      0      0      0      0      0
05/20/1990   4275      0    285   3990     33   7042     21   2782      7   1521      0      0      0   0.00   0.00      0   0.00    3.1  0.000    0.0  0.000      0      0      0      0      0
05/21/1990   3990      0      0   3990     36   7597     20   2722      8   1597      0      0      0   0.00   0.00      0   0.00    3.3  0.000    0.0  0.000      0      0      0      0      0
05/22/1990   4243      0    538   3705     39   7612     19   2650      9   1699      0      0      0   0.00   0.00      0   0.00    3.5  0.000    0.0  0.000      0      0      0      0      0
05/23/1990   4823      0   1118   3705     42   7560     19   2667      8   1619      0      0      0   0.00   0.00      0   0.00    3.5  0.000    0.0  0.000      0      0      0      0      0
05/24/1990   5168      0   1748   3420     45   7523     19   2645      7   1509      0      0      0   0.00   0.00      0   0.00    3.6  0.000    0.0  0.000      0      0      0      0      0
05/25/1990   5542      3   2404   3135     45   7420     19   2675      6   1424      0      0      0   0.00   0.00      0   0.00    3.7  0.000    0.0  0.000      0      0      0      0      0
05/26/1990   5929      6   3073   2850     45   7246     18   2645      5   1446      0      0      0   0.00   0.00      0   0.00    3.8  0.000    0.0  0.000      0      0      0      0      0
05/27/1990   6590     10   3730   2850     44   7070     17   2625      4   1390      0      0      0   0.00   0.00      0   0.00    3.8  0.000    0.0  0.000      0      0      0      0      0
05/28/1990   7204     14   4340   2850     42   7005     17   2578      2   1293      0      0      0   0.00   0.00      0   0.00    3.8  0.000    0.0  0.000      0      0      0      0      0
05/29/1990   7523     18   4940   2565     40   6976     16   2494      2   1236      0      0      0   0.00   0.00      0   0.00    3.9  0.000    0.0  0.000      0      0      0      0      0
05/30/1990   7796     22   5494   2280     39   7005     14   2316      1   1244      0      0      0   0.00   0.00      0   0.00    3.9  0.000    0.0  0.000      0      0      0      0      0
05/31/1990   7991     25   5971   1995     39   6993     11   2252      1   1211      0      0      0   0.00   0.00      0   0.00    4.0  0.000    0.0  0.000      0      0      0      0      0
06/01/1990   8235     28   6497   1710     39   6928      9   2221      0   1132      0      0      0   0.00   0.00      0   0.00    4.0  0.000    0.0  0.000      0      0      0      0      0
06/02/1990   8498     31   7042   1425     38   6881      7   2136      0   1085      0      0      0   0.00   0.00      0   0.00    4.1  0.000    0.0  0.000      0      0      0      0      0
06/03/1990   8770     33   7597   1140     38   6813      5   2017      0   1055      0      0      0   0.00   0.00      0   0.00    4.1  0.000    0.0  0.000      0      0      0      0      0
06/04/1990   9041     36   8150    855     37   6665      3   1963      0    998      0      0      0   0.00   0.00      0   0.00    4.1  0.000    0.0  0.000      0      0      0      0      0
06/05/1990   9287     39   8678    570     35   6538      2   1928      0    870      0      0      0   0.00   0.00      0   0.00    4.0  0.000    0.0  0.000      0      0      0      0      0
06/06/1990   9598     42   9271    285     33   6375      1   1836      0    708      0      0      0   0.00   0.00      0   0.00    4.0  0.000    0.0  0.000      0      0      0      0      0
06/07/1990   9869     45   9824      0     30   6235      1   1717      0    510      0      0      0   0.00   0.00      0   0.00    3.9  0.000    0.0  0.000      0      0      0      0      0
06/08/1990  10367     48  10319      0     28   6108      0   1587      0    272      0      0      0   0.00   0.00      0   0.00    3.8  0.000    0.0  0.000      0      0      0      0      0
06/09/1990  10851     51  10800      0     25   5978      0   1412      0     96      0      0      0   0.00   0.00      0   0.00    3.7  0.000    0.0  0.000      0      0      0      0      0
06/10/1990  11399     54  11345      0     22   5799      0   1142      0      0      0      0      0   0.00   0.00      0   0.00    3.7  0.000    0.0  0.000      0      0      0      0      0
06/11/1990  11972     56  11916      0     20   5566      0    804      0      0      0      0      0   0.00   0.00      0   0.00    3.6  0.000    0.0  0.000      0      0      0      0      0
06/12/1990  12557     58  11961    538     18   5277      0    510      0      0      0      0      0   0.00   0.00      0   0.00    3.5  0.000    0.0  0.000      0      0      0      0      0
06/13/1990  13025     61  11846   1118     15   5050      0    272      0    150      0      0      0   0.00   0.00      0   0.00    3.5  0.000    0.0  0.000      0      0      0      0      0
06/14/1990  13489     64  11677   1748     12   4765      0     96      0    402      0      0      0   0.00   0.00      0   0.00    3.5  0.000    0.0  0.000      0      0      0      0      0
06/15/1990  13987     64  11519   2404      9   4363      0      0      0    753      0      0      0   0.00   0.00      0   0.00    3.5  0.000    0.0  0.000      0      0      0      0      0
06/16/1990  14473     63  11337   3073      7   3876      0    150      0   1060      0      0      0   0.00   0.00      0   0.00    3.6  0.000    0.0  0.000      0      0      0      0      0
06/17/1990  14876     61  11085   3730      5   3471      0    402      2   1358      0      0      0   0.00   0.00      0   0.00    3.7  0.000    0.0  0.000      0      0      0      0      0
06/18/1990  15275     59  10876   4340      3   3070      0    753      5   1588      0      0      0   0.00   0.00      0   0.00    3.8  0.000    0.0  0.000      0      0      0      0      0
06/19/1990  15702     56  10706   4940      2   2640      0   1210      9   1804      0      0      0   0.00   0.00      0   0.00    4.0  0.000    0.0  0.000      0      0      0      0      0
06/20/1990  16112     53  10565   5494      1   2227      2   1760     12   2026      0      0      0   0.00   0.00      0   0.00    4.1  0.000    0.0  0.000      0      0      0      0      0
06/21/1990  16477     50  10456   5971      1   2009      5   2191     15   2256      0      0      0   0.00   0.00      0   0.00    4.3  0.000    0.0  0.000      0      0      0      0      0
06/22/1990  16826     48  10281   6497      0   1910      9   2612     18   2369      0      0      0   0.00   0.00      0   0.00    4.5  0.000    0.0  0.000      0      0      0      0      0
06/23/1990  17189     45  10102   7042      0   1895     14   3033     21   2408      0      0      0   0.00   0.00      0   0.00    4.8  0.000    0.0  0.000      0      0      0      0      0
06/24/1990  17525     43   9885   7597      0   2014     20   3387     24   2452      0      0      0   0.00   0.00      0   0.00    5.1  0.000    0.0  0.000      0      0      0      0      0
06/25/1990  17816     40   9626   8150      0   2270     27   3623     27   2546      0      0      0   0.00   0.00      0   0.00    5.4  0.000    0.0  0.000      0      0      0      0      0
06/26/1990  17513     37   9336   8140      0   2613     35   3853     30   2651      0      0      0   0.00   0.00      0   0.00    5.7  0.000    0.0  0.000      0      0      0      0      0
06/27/1990  17106     34   8919   8153      2   3110     42   4035     32   2694      0      0      0   0.00   0.00      0   0.00    6.0  0.000    0.0  0.000      0      0      0      0      0
06/28/1990  16569     31   8462   8076      5   3786     49   4143     33   2698      0      0      0   0.00   0.00      0   0.00    6.3  0.000    0.0  0.000      0      0      0      0      0
06/29/1990  15910     28   7967   7915      9   4597     56   4248     33   2710      0      0      0   0.00   0.00      0   0.00    6.6  0.000    0.0  0.000      0      0      0      0      0
06/30/1990  15238     25   7486   7727     14   5383     62   4360     33   2738      0      0      0   0.00   0.00      0   0.00    6.8  0.000    0.0  0.000      0      0      0      0      0
07/01/1990  14578     22   6941   7615     20   6194     67   4433     33   2768      0      0      0   0.00   0.00      0   0.00    7.1  0.000    0.0  0.000      0      0      0      0      0
07/02/1990  13966     20   6370   7576     27   7049     71   4506     32   2713      0      0      0   0.00   0.00      0   0.00    7.4  0.000    0.0  0.000      0      0      0      0      0
07/03/1990  13364     18   5787   7559     35   7929     74   4552     31   2652      0      0      0   0.00   0.00      0   0.00    7.7  0.000    0.0  0.000      0      0      0      0      0
07/04/1990  12957     15   5472   7470     44   8695     76   4550     29   2571      0      0      0   0.00   0.00      0   0.00    8.0  0.000    0.0  0.000      0      0      0      0      0
07/05/1990  12729     12   5263   7454     54   9341     76   4525     28   2538      0      0      0   0.00   0.00      0   0.00    8.3  0.000    0.0  0.000      0      0      0      0      0
07/06/1990  12551      9   5116   7426     65   9874     75   4506     27   2515      0      0      0   0.00   0.00      0   0.00    8.6  0.000    0.0  0.000      0      0      0      0      0
07/07/1990  12461      7   5086   7368     76  10345     73   4411     27   2549      0      0      0   0.00   0.00      0   0.00    8.9  0.000    0.0  0.000      0      0      0      0      0
07/08/1990  12454      5   5231   7218     87  10721     71   4325     28   2581      0      0      0   0.00   0.00      0   0.00    9.2  0.000    0.0  0.000      0      0      0      0      0
07/09/1990  12480      3   5411   7066     98  11054     69   4253     28   2615      0      0      0   0.00   0.00      0   0.00    9.4  0.000    0.0  0.000      0      0      0      0      0
07/10/1990  12624      2   5654   6968    109  11254     67   4247     29   2647      0      0      0   0.00   0.00      0   0.00    9.7  0.000    0.0  0.000      0      0      0      0      0
07/11/1990  12804      3   6013   6788    118  11347     66   4254     29   2681      0      0      0   0.00   0.00      0   0.00   10.0  0.000    0.0  0.000      0      0      0      0      0
07/12/1990  13065      6   6456   6603    125  11369     65   4297     29   2703      0      0      0   0.00   0.00      0   0.00   10.2  0.000    0.0  0.000      0      0      0      0      0
07/13/1990  13359      9   6891   6459    131  11423     65   4356     28   2691      0      0      0   0.00   0.00      0   0.00   10.5  0.000    0.0  0.000      0      0      0      0      0
07/14/1990  13694     14   7336   6344    135  11454     66   4420     27   2663      0      0      0   0.00   0.00      0   0.00   10.7  0.000    0.0  0.000      0      0      0      0      0
07/15/1990  14010     20   7853   6137    138  11466     66   4451     26   2637      0      0      0   0.00   0.00      0   0.00   10.9  0.000    0.0  0.000      0      0      0      0      0
07/16/1990  14326     27   8439   5860    140  11458     66   4466     25   2586      0      0      0   0.00   0.00      0   0.00   11.2  0.000    0.0  0.000      0      0      0      0      0
07/17/1990  14667     35   9117   5515    141  11418     66   4468     23   2522      0      0      0   0.00   0.00      0   0.00   11.3  0.000    0.0  0.000      0      0      0      0      0
07/18/1990  15109     44   9839   5226    142  11419     64   4441     21   2458      0      0      0   0.00   0.00      0   0.00   11.5  0.000    0.0  0.000      0      0      0      0      0
07/19/1990  15542     54  10627   4861    141  11441     63   4371     19   2419      0      0      0   0.00   0.00      0   0.00   11.7  0.000    0.0  0.000      0      0      0      0      0
07/20/1990  15983     65  11555   4363    140  11411     60   4287     17   2381      0      0      0   0.00   0.00      0   0.00   11.8  0.000    0.0  0.000      0      0      0      0      0
07/21/1990  16433     76  12481   3876    139  11372     56   4208     16   2310      0      0      0   0.00   0.00      0   0.00   11.9  0.000    0.0  0.000      0      0      0      0      0
07/22/1990  16953     87  13395   3471    137  11336     53   4127     14   2207      0      0      0   0.00   0.00      0   0.00   12.0  0.000    0.0  0.000      0      0      0      0      0
07/23/1990  17436     98  14268   3070    135  11335     49   4031     12   2062      0      0      0   0.00   0.00      0   0.00   12.0  0.000    0.0  0.000      0      0      0      0      0
07/24/1990  17882    109  15133   2640    133  11306     45   3932      9   1886      0      0      0   0.00   0.00      0   0.00   12.0  0.000    0.0  0.000      0      0      0      0      0
07/25/1990  18313    120  15816   2377    130  11287     41   3812      6   1701      0      0      0   0.00   0.00      0   0.00   12.0  0.000    0.0  0.000      0      0      0      0      0
07/26/1990  18795    130  16404   2261    128  11255     36   3635      3   1563      0      0      0   0.00   0.00      0   0.00   12.0  0.000    0.0  0.000      0      0      0      0      0
07/27/1990  19296    140  16895   2261    125  11210     31   3399      1   1501      0      0      0   0.00   0.00      0   0.00   12.0  0.000    0.0  0.000      0      0      0      0      0
07/28/1990  19806    149  17305   2352    122  11119     26   3132      0   1501      0      0      0   0.00   0.00      0   0.00   12.0  0.000    0.0  0.000      0      0      0      0      0
07/29/1990  20349    158  17627   2564    119  10984     20   2888      0   1529      0      0      0   0.00   0.00      0   0.00   12.0  0.000    0.0  0.000      0      0      0      0      0
07/30/1990  20940    167  17922   2851    115  10802     15   2693      1   1577      0      0      0   0.00   0.00      0   0.00   12.0  0.000    0.0  0.000      0      0      0      0      0
07/31/1990  21610    176  18148   3286    111  10534     10   2571      2   1646      0      0      0   0.00   0.00      0   0.00   12.0  0.000    0.0  0.000      0      0      0      0      0
08/01/1990  22348    184  18282   3882    105  10189      6   2531      4   1746      0      0      0   0.00   0.00      0   0.00   12.0  0.000    0.0  0.000      0      0      0      0      0
08/02/1990  23156    190  18369   4597     99   9800      4   2569      7   1873      0      0      0   0.00   0.00      0   0.00   12.1  0.000    0.0  0.000      0      0      0      0      0
08/03/1990  24049    196  18470   5383     91   9406      3   2654     11   2025      0      0      0   0.00   0.00      0   0.00   12.2  0.000    0.0  0.000      0      0      0      0      0
08/04/1990  24932    201  18537   6194     82   9027      4   2776     15   2193      0      0      0   0.00   0.00      0   0.00   12.4  0.000    0.0  0.000      0      0      0      0      0
08/05/1990  25807    204  18554   7049     73   8664      8   2941     19   2379      0      0      0   0.00   0.00      0   0.00   12.6  0.000    0.0  0.000      0      0      0      0      0
08/06/1990  26645    206  18510   7929     64   8349     13   3150     24   2560      0      0      0   0.00   0.00      0   0.00   12.8  0.000    0.0  0.000      0      0      0      0      0
08/07/1990  27460    207  18408   8845     55   8082     19   3392     29   2727      0      0      0   0.00   0.00      0   0.00   13.1  0.000    0.0  0.000      0      0      0      0      0
08/08/1990  28117    206  18318   9593     47   7852     27   3674     33   2864      0      0      0   0.00   0.00      0   0.00   13.4  0.000    0.0  0.000      0      0      0      0      0
08/09/1990  28660    204  18231  10225     40   7676     36   3964     36   2982      0      0      0   0.00   0.00      0   0.00   13.7  0.000    0.0  0.000      0      0      0      0      0
08/10/1990  29081    200  18079  10802     34   7574     46   4246     39   3080      0      0      0   0.00   0.00      0   0.00   14.1  0.000    0.0  0.000      0      0      0      0      0
08/11/1990  29356    195  17890  11271     30   7567     56   4513     42   3158      0      0      0   0.00   0.00      0   0.00   14.5  0.000    0.0  0.000      0      0      0      0      0
08/12/1990  29495    190  17670  11635     28   7662     65   4753     45   3218      0      0      0   0.00   0.00      0   0.00   14.9  0.000    0.0  0.000      0      0      0      0      0
08/13/1990  29539    184  17428  11927     28   7891     74   4947     47   3239      0      0      0   0.00   0.00      0   0.00   15.3  0.000    0.0  0.000      0      0      0      0      0
08/14/1990  29421    178  17124  12119     29   8241     83   5111     47   3191      0      0      0   0.00   0.00      0   0.00   15.7  0.000    0.0  0.000      0      0      0      0      0
08/15/1990  29151    171  16800  12180     33   8688     91   5244     45   3063      0      0      0   0.00   0.00      0   0.00   16.1  0.000    0.0  0.000      0      0      0      0      0
08/16/1990  28826    164  16453  12209     40   9192     97   5322     44   2969      0      0      0   0.00   0.00      0   0.00   16.6  0.000    0.0  0.000      0      0      0      0      0
08/17/1990  28531    156  16110  12265     49   9722    101   5320     44   2943      0      0      0   0.00   0.00      0   0.00   17.0  0.000    0.0  0.000      0      0      0      0      0
08/18/1990  28221    148  15752  12321     60  10267    103   5227     44   2912      0      0      0   0.00   0.00      0   0.00   17.4  0.000    0.0  0.000      0      0      0      0      0
08/19/1990  26664    120  15060  11484     73  10821    105   5133     43   2860      0      0      0   0.00   0.00      0   0.00   17.9  0.001    0.0  0.000      0      0      8    337    851
08/20/1990  26384    114  14777  11493     87  11363    106   5045     42   2813      0      0      0   0.00   0.00      0   0.00   18.3  0.001    0.0  0.000      0      0      0      0      0
08/21/1990  26135    108  14525  11502    102  11860    105   4900     42   2851      0      0      0   0.00   0.00      0   0.00   18.7  0.001    0.0  0.000      0      0      0      0      0
08/22/1990  25929    102  14316  11511    118  12266    103   4802     43   2933      0      0      0   0.00   0.00      0   0.00   19.1  0.001    0.0  0.000      0      0      0      0      0
08/23/1990  25777     97  14160  11520    133  12553    101   4795     44   3012      0      0      0   0.00   0.00      0   0.00   19.5  0.001    0.0  0.000      0      0      0      0      0
08/24/1990  25681     92  14060  11529    147  12804    100   4782     43   2979      0      0      0   0.00   0.00      0   0.00   19.9  0.001    0.0  0.000      0      0      0      0      0
08/25/1990  25645     88  14019  11538    159  13016    101   4792     40   2832      0      0      0   0.00   0.00      0   0.00   20.3  0.001    0.0  0.000      0      0      0      0      0
08/26/1990  25682     86  14049  11547    170  13086    101   4895     38   2699      0      0      0   0.00   0.00      0   0.00   20.8  0.001    0.0  0.000      0      0      0      0      0
08/27/1990  25771     85  14130  11556    180  13104     99   4901     39   2714      0      0      0   0.00   0.00      0   0.00   21.2  0.001    0.0  0.000      0      0      0      0      0
08/28/1990  25906     85  14256  11565    188  13102     97   4811     41   2836      0      0      0   0.00   0.00      0   0.00   21.6  0.001    0.0  0.000      0      0      0      0      0
08/29/1990  26084     87  14423  11574    194  13073     96   4743     43   2953      0      0      0   0.00   0.00      0   0.00   22.0  0.001    0.0  0.000      0      0      0      0      0
08/30/1990  26296     91  14622  11583    198  13055     96   4682     43   2980      0      0      0   0.00   0.00      0   0.00   22.5  0.001    0.0  0.000      0      0      0      0      0
08/31/1990  26534     96  14900  11538    201  13034     96   4635     43   2962      0      0      0   0.00   0.00      0   0.00   22.9  0.001    0.0  0.000      0      0      0      0      0
09/01/1990  26794    102  15238  11454    204  12894     96   4717     42   2945      0      0      0   0.00   0.00      0   0.00   23.3  0.001    0.0  0.000      0      0      0      0      0
09/02/1990  27890    109  15633  12148    206  12669     95   4830     42   2971      0      0      0   0.00   0.00      0   0.00   23.2  0.001    0.0  0.000      0      0      0      0      0
09/03/1990  28162    117  16077  11968    205  12494     96   4898     43   3017      0      0      0   0.00   0.00      0   0.00   23.6  0.001    0.0  0.000      0      0      0      0      0
09/04/1990  28368    126  16543  11699    202  12417     98   4948     44   3020      0      0      0   0.00   0.00      0   0.00   24.0  0.001    0.0  0.000      0      0      0      0      0
09/05/1990  28509    136  16995  11378    199  12442     99   4965     45   3031      0      0      0   0.00   0.00      0   0.00   24.4  0.001    0.0  0.000      0      0      0      0      0
09/06/1990  28670    146  17483  11041    197  12478    100   4962     45   3026      0      0      0   0.00   0.00      0   0.00   24.8  0.001    0.0  0.000      0      0      0      0      0
09/07/1990  28850    155  17985  10710    196  12454    101   4988     44   3014      0      0      0   0.00   0.00      0   0.00   25.2  0.001    0.0  0.000      0      0      0      0      0
09/08/1990  28958    163  18406  10389    197  12492    101   5034     42   2969      0      0      0   0.00   0.00      0   0.00   25.5  0.001    0.0  0.000      0      0      0      0      0
09/09/1990  29072    178  18814  10080    196  12563    102   5043     40   2931      0      0      0   0.00   0.00      0   0.00   25.8  0.001    0.0  0.000      0      0      0      0      0
09/10/1990  29211    193  19221   9797    195  12612    102   5031     39   2937      0      0      0   0.00   0.00      0   0.00   26.1  0.001    0.0  0.000      0      0      0      0      0
09/11/1990  29363    207  19611   9545    195  12658    101   4986     38   2925      0      0      0   0.00   0.00      0   0.00   26.4  0.001    0.0  0.000      0      0      0      0      0
09/12/1990  29558    221  20001   9336    195  12650    100   4954     37   2893      0      0      0   0.00   0.00      0   0.00   26.7  0.001    0.0  0.000      0      0      0      0      0
09/13/1990  29774    234  20360   9180    196  12631     98   4937     35   2825      0      0      0   0.00   0.00      0   0.00   27.0  0.001    0.0  0.000      0      0      0      0      0
09/14/1990  29892    247  20565   9080    197  12705     95   4885     34   2724      0      0      0   0.00   0.00      0   0.00   27.3  0.001    0.0  0.000      0      0      0      0      0
09/15/1990  29993    260  20640   9093    197  12832     92   4833     33   2630      0      0      0   0.00   0.00      0   0.00   27.5  0.001    0.0  0.000      0      0      0      0      0
09/16/1990  29473    271  20680   8522    197  12901     88   4793     33   2546      0      0      0   0.00   0.00      0   0.00   27.8  0.001    0.0  0.000      0      0      0      0      0
09/17/1990  29800    279  20719   8802    198  12922     85   4678     32   2533      0      0      0   0.00   0.00      0   0.00   28.0  0.001    0.0  0.000      0      0      0      0      0
09/18/1990  30231    285  20749   9197    199  12933     83   4526     31   2526      0      0      0   0.00   0.00      0   0.00   28.3  0.001    0.0  0.000      0      0      0      0      0
09/19/1990  30744    290  20769   9685    199  12873     81   4414     31   2520      0      0      0   0.00   0.00      0   0.00   28.6  0.001    0.0  0.000      0      0      0      0      0
09/20/1990  31232    294  20717  10221    198  12835     78   4318     32   2583      0      0      0   0.00   0.00      0   0.00   28.9  0.001    0.0  0.000      0      0      0      0      0
09/21/1990  31704    297  20631  10776    196  12796     76   4227     34   2676      0      0      0   0.00   0.00      0   0.00   29.2  0.001    0.0  0.000      0      0      0      0      0
09/22/1990  32198    300  20556  11342    193  12652     75   4210     35   2730      0      0      0   0.00   0.00      0   0.00   29.6  0.001    0.0  0.000      0      0      0      0      0
09/23/1990  32681    301  20470  11910    190  12494     75   4271     36   2679      0      0      0   0.00   0.00      0   0.00   30.0  0.001    0.0  0.000      0      0      0      0      0
09/24/1990  33148    301  20409  12438    187  12325     76   4357     37   2668      0      0      0   0.00   0.00      0   0.00   30.4  0.001    0.0  0.000      0      0      0      0      0
09/25/1990  33572    300  20385  12887    184  12165     77   4407     39   2701      0      0      0   0.00   0.00      0   0.00   30.8  0.001    0.0  0.000      0      0      0      0      0
09/26/1990  33963    298  20438  13227    181  11989     78   4424     41   2781      0      0      0   0.00   0.00      0   0.00   31.3  0.001    0.0  0.000      0      0      0      0      0
09/27/1990  34297    297  20466  13534    176  11819     81   4505     43   2806      0      0      0   0.00   0.00      0   0.00   31.8  0.001    0.0  0.000      0      0      0      0      0
09/28/1990  34558    297  20456  13805    171  11734     85   4525     45   2854      0      0      0   0.00   0.00      0   0.00   32.2  0.001    0.0  0.000      0      0      0      0      0
09/29/1990  34739    298  20495  13946    167  11696     88   4529     48   2945      0      0      0   0.00   0.00      0   0.00   32.7  0.001    0.0  0.000      0      0      0      0      0
09/30/1990  34850    298  20537  14015    163  11618     92   4581     50   3059      0      0      0   0.00   0.00      0   0.00   33.2  0.001    0.0  0.000      0      0      0      0      0
10/01/1990  34935    297  20580  14058    161  11476     96   4700     51   3154      0      0      0   0.00   0.00      0   0.00   33.7  0.001    0.0  0.000      0      0      0      0      0
10/02/1990  34935    296  20569  14070    160  11439    101   4806     50   3128      0      0      0   0.00   0.00      0   0.00   34.2  0.001    0.0  0.000      0      0      0      0      0
10/03/1990  34876    295  20497  14084    159  11426    106   4939     50   3076      0      0      0   0.00   0.00      0   0.00   34.7  0.001    0.0  0.000      0      0      0      0      0
10/04/1990  34775    294  20393  14088    159  11432    110   5073     50   3099      0      0      0   0.00   0.00      0   0.00   35.2  0.001    0.0  0.000      0      0      0      0      0
10/05/1990  34575    292  20314  13969    161  11521    112   5128     50   3104      0      0      0   0.00   0.00      0   0.00   35.7  0.001    0.0  0.000      0      0      0      0      0
10/06/1990  34342    289  20295  13758    163  11650    115   5161     48   3012      0      0      0   0.00   0.00      0   0.00   36.1  0.001    0.0  0.000      0      0      0      0      0
10/07/1990  34094    285  20240  13569    167  11831    117   5227     44   2760      0      0      0   0.00   0.00      0   0.00   36.6  0.001    0.0  0.000      0      0      0      0      0
10/08/1990  33860    283  20133  13444    172  12047    117   5173     41   2608      0      0      0   0.00   0.00      0   0.00   37.1  0.001    0.0  0.000      0      0      0      0      0
10/09/1990  33670    282  19985  13403    178  12278    115   5019     40   2599      0      0      0   0.00   0.00      0   0.00   37.5  0.001    0.0  0.000      0      0      0      0      0
10/10/1990  33546    280  19807  13459    184  12439    111   4859     41   2643      0      0      0   0.00   0.00      0   0.00   38.0  0.001    0.0  0.000      0      0      0      0      0
10/11/1990  33467    276  19736  13455    191  12540    107   4705     42   2677      0      0      0   0.00   0.00      0   0.00   38.5  0.001    0.0  0.000      0      0      0      0      0
10/12/1990  33393    272  19699  13422    197  12701    105   4519     42   2671      0      0      0   0.00   0.00      0   0.00   38.9  0.001    0.0  0.000      0      0      0      0      0
10/13/1990  33352    268  19592  13492    203  12813    102   4398     42   2673      0      0      0   0.00   0.00      0   0.00   39.4  0.001    0.0  0.000      0      0      0      0      0
10/14/1990  33275    265  19444  13566    209  12873     99   4370     42   2686      0      0      0   0.00   0.00      0   0.00   39.9  0.001    0.0  0.000      0      0      0      0      0
10/15/1990  33239    263  19350  13626    213  12793     97   4430     42   2699      0      0      0   0.00   0.00      0   0.00   40.4  0.001    0.0  0.000      0      0      0      0      0
10/16/1990  33195    261  19273  13661    216  12720     96   4463     42   2709      0      0      0   0.00   0.00      0   0.00   40.8  0.001    0.0  0.000      0      0      0      0      0
10/17/1990  33117    259  19194  13664    217  12691     97   4457     42   2703      0      0      0   0.00   0.00      0   0.00   41.3  0.001    0.0  0.000      0      0      0      0      0
10/18/1990  33027    257  19130  13640    217  12630     98   4486     42   2702      0      0      0   0.00   0.00      0   0.00   41.8  0.001    0.0  0.000      0      0      0      0      0
10/19/1990  33065    256  19113  13696    217  12543     98   4495     40   2616      0      0      0   0.00   0.00      0   0.00   42.3  0.001    0.0  0.000      0      0      0      0      0
10/20/1990  33226    255  19170  13801    217  12417     98   4489     37   2469      0      0      0   0.00   0.00      0   0.00   42.8  0.001    0.0  0.000      0      0      0      0      0
10/21/1990  33385    255  19258  13872    216  12244     98   4515     36   2379      0      0      0   0.00   0.00      0   0.00   43.3  0.001    0.0  0.000      0      0      0      0      0
10/22/1990  33506    257  19330  13919    214  12075     96   4425     37   2399      0      0      0   0.00   0.00      0   0.00   43.8  0.001    0.0  0.000      0      0      0      0      0
10/23/1990  33524    261  19373  13890    211  11988     93   4259     39   2503      0      0      0   0.00   0.00      0   0.00   44.2  0.001    0.0  0.000      0      0      0      0      0
10/24/1990  33518    265  19441  13812    208  11877     92   4185     40   2576      0      0      0   0.00   0.00      0   0.00   44.7  0.001    0.0  0.000      0      0      0      0      0
10/25/1990  33637    269  19604  13764    205  11679     91   4121     41   2654      0      0      0   0.00   0.00      0   0.00   45.2  0.001    0.0  0.000      0      0      0      0      0
10/26/1990  33678    273  19753  13652    203  11586     90   4060     41   2641      0      0      0   0.00   0.00      0   0.00   45.7  0.001    0.0  0.000      0      0      0      0      0
10/27/1990  33598    278  19823  13497    200  11481     90   4145     41   2616      0      0      0   0.00   0.00      0   0.00   46.2  0.001    0.0  0.000      0      0      0      0      0
10/28/1990  33441    284  19818  13339    197  11388     90   4306     40   2542      0      0      0   0.00   0.00      0   0.00   46.6  0.001    0.0  0.000      0      0      0      0      0
10/29/1990  33285    289  19828  13168    193  11357     91   4322     39   2522      0      0      0   0.00   0.00      0   0.00   47.1  0.001    0.0  0.000      0      0      0      0      0
10/30/1990  33192    293  19896  13003    189  11281     94   4362     36   2405      0      0      0   0.00   0.00      0   0.00   47.5  0.001    0.0  0.000      0      0      0      0      0
10/31/1990  33064    295  19941  12828    189  11248     94   4345     34   2288      0      0      0   0.00   0.00      0   0.00   48.0  0.001    0.0  0.000      0      0      0      0      0
11/01/1990  32931    298  19922  12711    189  11256     93   4268     31   2053      0      0      0   0.00   0.00      0   0.00   48.4  0.001    0.0  0.000      0      0      0      0      0
11/02/1990  32831    302  19891  12638    188  11264     91   4113     28   1839      0      0      0   0.00   0.00      0   0.00   48.8  0.001    0.0  0.000      0      0      0      0      0
11/03/1990  32739    305  19884  12550    188  11216     88   3992     25   1694      0      0      0   0.00   0.00      0   0.00   49.3  0.001    0.0  0.000      0      0      0      0      0
11/04/1990  32660    308  19929  12423    188  11186     83   3705     25   1740      0      0      0   0.00   0.00      0   0.00   49.7  0.001    0.0  0.000      0      0      0      0      0
11/05/1990  32568    310  19922  12336    187  11107     78   3410     27   1847      0      0      0   0.00   0.00      0   0.00   50.1  0.001    0.0  0.000      0      0      0      0      0
11/06/1990  32500    312  19892  12296    187  11029     72   3164     27   1816      0      0      0   0.00   0.00      0   0.00   50.5  0.001    0.0  0.000      0      0      0      0      0
11/07/1990  32449    314  19851  12284    186  10888     68   3040     25   1719      0      0      0   0.00   0.00      0   0.00   50.9  0.001    0.0  0.000      0      0      0      0      0
11/08/1990  32426    315  19818  12293    184  10693     66   2969     24   1678      0      0      0   0.00   0.00      0   0.00   51.3  0.001    0.0  0.000      0      0      0      0      0
11/09/1990  32374    315  19654  12405    181  10466     63   2927     25   1772      0      0      0   0.00   0.00      0   0.00   51.8  0.001    0.0  0.000      0      0      0      0      0
11/10/1990  32271    315  19375  12581    178  10258     59   2920     28   1892      0      0      0   0.00   0.00      0   0.00   52.2  0.001    0.0  0.000      0      0      0      0      0
11/11/1990  32243    314  19138  12791    173  10008     59   2953     29   1969      0      0      0   0.00   0.00      0   0.00   52.6  0.001    0.0  0.000      0      0      0      0      0
11/12/1990  32223    310  18899  13014    169   9807     60   2959     31   2053      0      0      0   0.00   0.00      0   0.00   53.1  0.001    0.0  0.000      0      0      0      0      0
11/13/1990  32228    304  18750  13174    166   9602     62   2965     32   2148      0      0      0   0.00   0.00      0   0.00   53.6  0.001    0.0  0.000      0      0      0      0      0
11/14/1990  32279    300  18638  13341    162   9248     63   3106     32   2116      0      0      0   0.00   0.00      0   0.00   54.0  0.001    0.0  0.000      0      0      0      0      0
11/15/1990  32277    296  18454  13527    159   8872     64   3293     31   2018      0      0      0   0.00   0.00      0   0.00   54.5  0.001    0.0  0.000      0      0      0      0      0
11/16/1990  32181    293  18287  13601    154   8639     67   3435     31   1957      0      0      0   0.00   0.00      0   0.00   55.0  0.001    0.0  0.000      0      0      0      0      0
11/17/1990  32155    290  18242  13623    147   8404     70   3450     32   2028      0      0      0   0.00   0.00      0   0.00   55.5  0.001    0.0  0.000      0      0      0      0      0
11/18/1990  32131    287  18236  13608    142   8222     71   3419     33   2079      0      0      0   0.00   0.00      0   0.00   56.0  0.001    0.0  0.000      0      0      0      0      0
11/19/1990  32026    284  18201  13541    138   8086     73   3423     33   2080      0      0      0   0.00   0.00      0   0.00   56.5  0.001    0.0  0.000      0      0      0      0      0
11/20/1990  32764    283  18048  14433    134   8052     74   3425     29   1864      0      0      0   0.00   0.00      0   0.00   57.0  0.001    0.0  0.000      0      0      0      0      0
11/21/1990  32556    283  17881  14392    131   8082     75   3350     25   1643      0      0      0   0.00   0.00      0   0.00   57.5  0.001    0.0  0.000      0      0      0      0      0
11/22/1990  31273    282  17577  13414    130   8149     75   3387     21   1439      0      0      0   0.00   0.00      0   0.00   58.0  0.001    0.0  0.000      0      0      0      0      0
11/23/1990  30835    279  17216  13340    130   8231     71   3271     21   1410      0      0      0   0.00   0.00      0   0.00   58.5  0.001    0.0  0.000      0      0      0      0      0
11/24/1990  30378    276  16902  13200    129   8345     68   3036     21   1443      0      0      0   0.00   0.00      0   0.00   58.9  0.000    0.0  0.000      0      0      0      0      0
11/25/1990  30987    271  16631  14085    130   8437     65   2798     22   1498      0      0      0   0.00   0.00      0   0.00   58.8  0.000    0.0  0.000      0      0      0      0      0
11/26/1990  31612    265  16364  14983    133   8463     61   2602     20   1392      0      0      0   0.00   0.00      0   0.00   58.7  0.000    0.0  0.000      0      0      0      0      0
11/27/1990  32131    259  16009  15863    136   8609     57   2399     18   1246      0      0      0   0.00   0.00      0   0.00   58.6  0.000    0.0  0.000      0      0      0      0      0
11/28/1990  32642    254  15647  16741    138   8582     54   2432     16   1114      0      0      0   0.00   0.00      0   0.00   59.2  0.000    0.0  0.000      0      0      0      0      0
11/29/1990  31134    250  15340  15544    139   8428     48   2351     19   1226      0      0      0   0.00   0.00      0   0.00   59.8  0.000    0.0  0.000      0      0      0      0      0
11/30/1990  30764    244  15165  15355    138   8276     46   2206     22   1373      0      0      0   0.00   0.00      0   0.00   60.4  0.000    0.0  0.000      0      0      0      0      0
12/01/1990  31393    237  15070  16086    138   8100     45   2136     22   1368      0      0      0   0.00   0.00      0   0.00   61.0  0.000    0.0  0.000      0      0      0      0      0
12/02/1990  32053    232  14930  16891    136   7902     46   2134     19   1231      0      0      0   0.00   0.00      0   0.00   60.9  0.000    0.0  0.000      0      0      0      0      0
12/03/1990  31764    229  14819  16716    134   7721     47   2081     17   1144      0      0      0   0.00   0.00      0   0.00   61.6  0.000    0.0  0.000      0      0      0      0      0
12/04/1990  31420    228  14715  16477    131   7344     46   2112     18   1179      0      0      0   0.00   0.00      0   0.00   62.2  0.000    0.0  0.000      0      0      0      0      0
12/05/1990  32049    225  14470  17354    129   7032     43   2119     18   1187      0      0      0   0.00   0.00      0   0.00   62.1  0.000    0.0  0.000      0      0      0      0      0
12/06/1990  31665    223  14183  17259    123   6817     44   2111     19   1220      0      0      0   0.00   0.00      0   0.00   62.8  0.000    0.0  0.000      0      0      0      0      0
12/07/1990  30615    221  14031  16363    117   6613     46   2065     20   1250      0      0      0   0.00   0.00      0   0.00   63.4  0.000    0.0  0.000      0      0      0      0      0
12/08/1990  30480    217  13882  16381    113   6377     45   1933     22   1350      0      0      0   0.00   0.00      0   0.00   64.1  0.000    0.0  0.000      0      0      0      0      0
12/09/1990  30242    213  13720  16309    111   6106     44   1963     23   1391      0      0      0   0.00   0.00      0   0.00   64.7  0.000    0.0  0.000      0      0      0      0      0
12/10/1990  30043    211  13589  16243    108   5764     44   2084     26   1540      0      0      0   0.00   0.00      0   0.00   65.3  0.000    0.0  0.000      0      0      0      0      0
12/11/1990  29659    208  13341  16110    103   5657     45   2139     29   1698      0      0      0   0.00   0.00      0   0.00   66.0  0.000    0.0  0.000      0      0      0      0      0
12/12/1990  30090    206  13075  16809     97   5642     48   2175     30   1781      0      0      0   0.00   0.00      0   0.00   65.9  0.000    0.0  0.000      0      0      0      0      0
12/13/1990  30554    205  12975  17374     92   5512     53   2437     27   1657      0      0      0   0.00   0.00      0   0.00   66.6  0.000    0.0  0.000      0      0      0      0      0
12/14/1990  31007    201  12912  17894     92   5467     56   2617     20   1272      0      0      0   0.00   0.00      0   0.00   66.5  0.000    0.0  0.000      0      0      0      0      0
12/15/1990  31468    197  12824  18447     90   5449     60   2706     16   1007      0      0      0   0.00   0.00      0   0.00   66.4  0.000    0.0  0.000      0      0      0      0      0
12/16/1990  31984    195  12733  19056     90   5364     61   2744     12    782      0      0      0   0.00   0.00      0   0.00   66.3  0.000    0.0  0.000      0      0      0      0      0
12/17/1990  32333    194  12457  19682     91   5466     56   2498     14    863      0      0      0   0.00   0.00      0   0.00   66.2  0.000    0.0  0.000      0      0      0      0      0
12/18/1990  32650    193  12254  20203     91   5743     54   2173     15    922      0      0      0   0.00   0.00      0   0.00   66.1  0.000    0.0  0.000      0      0      0      0      0
12/19/1990  33034    192  12128  20714     91   5948     50   1828     16    962      0      0      0   0.00   0.00      0   0.00   66.0  0.000    0.0  0.000      0      0      0      0      0
12/20/1990  33490    187  12005  21298     97   6021     44   1580     12    758      0      0      0   0.00   0.00      0   0.00   66.0  0.000    0.0  0.000      0      0      0      0      0
12/21/1990  33950    184  11855  21911    102   6027     40   1438      6    409      0      0      0   0.00   0.00      0   0.00   65.9  0.000    0.0  0.000      0      0      0      0      0
12/22/1990  34328    183  11604  22541    105   5852     36   1518      1    103      0      0      0   0.00   0.00      0   0.00   65.8  0.000    0.0  0.000      0      0      0      0      0
12/23/1990  34650    182  11267  23201    105   5797     29   1331      0      0      0      0      0   0.00   0.00      0   0.00   65.7  0.000    0.0  0.000      0      0      0      0      0
12/24/1990  35024    181  10946  23897    100   5665     26   1065      0      0      0      0      0   0.00   0.00      0   0.00   65.6  0.000    0.0  0.000      0      0      0      0      0
12/25/1990  35433    177  10635  24621     99   5536     21    758      0     62      0      0      0   0.00   0.00      0   0.00   65.6  0.000    0.0  0.000      0      0      0      0      0
12/26/1990  35757    172  10338  25247     98   5532     17    409      2    210      0      0      0   0.00   0.00      0   0.00   65.5  0.000    0.0  0.000      0      0      0      0      0
12/27/1990  36159    167  10148  25844     97   5407     12    103      6    418      0      0      0   0.00   0.00      0   0.00   65.4  0.000    0.0  0.000      0      0      0      0      0
12/28/1990  36596    163   9928  26505     96   5044      6     62     11    597      0      0      0   0.00   0.00      0   0.00   65.3  0.000    0.0  0.000      0      0      0      0      0
12/29/1990  37019    158   9660  27201     96   4591      3    210     10    553      0      0      0   0.00   0.00      0   0.00   65.3  0.000    0.0  0.000      0      0      0      0      0
12/30/1990  37462    155   9460  27847     90   4119      6    418      9    524      0      0      0   0.00   0.00      0   0.00   65.2  0.000    0.0  0.000      0      0      0      0      0
12/31/1990  38048    152   9388  28508     82   3504     11    659      7    470      0      0      0   0.00   0.00      0   0.00   65.2  0.000    0.0  0.000      0      0      0      0      0
