Varroa Population Simulation - Nov 23,2015  02:36:20 PM
VarroaPop Version 3.2.5.8  June, 2015

                                        Capped  Capped                                                                      Prop           Conc          Conc                                     
            Colony  Adult  Adult         Drone   Wkr    Drone  Wkr    Drone  Wkr  Free   DBrood WBrood DMite  WMite  Mites  Mites  Colony Pollen Colony Nectar   Dead   Dead   Dead   Dead   Dead
     Date   Size   Drones   Wkr   Forgrs Brood  Brood   Larv   Larv    Eggs  Eggs Mites  Mites  Mites  /Cell  /Cell  Dying  Dying  Pollen  Pest  Nectar  Pest    DLarv  WLarv  DAdlt  WAdlt  Forgrs
Initial     10000      0   8064   1936      0      0      0      0      0      0      0      0      0   0.00   0.00      0   0.00    0.0  0.000    0.0  0.000      0      0      0      0      0
08/01/1990   9616      0   7680   1936      0      0      0      0      0    275      0      0      0   0.00   0.00      0   0.00    0.0  0.000    0.0  0.000      0      0      0      0      0
08/02/1990   9232      0   7296   1936      0      0      0      0      0    549      0      0      0   0.00   0.00      0   0.00    0.1  0.000    0.0  0.000      0      0      0      0      0
08/03/1990   8848      0   6912   1936      0      0      0      0      0    823      0      0      0   0.00   0.00      0   0.00    0.1  0.000    0.0  0.000      0      0      0      0      0
08/04/1990   8464      0   6528   1936      0      0      0    275      0    824      0      0      0   0.00   0.00      0   0.00    0.2  0.000    0.0  0.000      0      0      0      0      0
08/05/1990   8064      0   6144   1920      0      0      0    549      0    833      0      0      0   0.00   0.00      0   0.00    0.2  0.000    0.0  0.000      0      0      0      0      0
08/06/1990   7680      0   5760   1920      0      0      0    823      0    842      0      0      0   0.00   0.00      0   0.00    0.2  0.000    0.0  0.000      0      0      0      0      0
08/07/1990   7296      0   5376   1920      0      0      0   1099      0    849      0      0      0   0.00   0.00      0   0.00    0.3  0.000    0.0  0.000      0      0      0      0      0
08/08/1990   6912      0   4992   1920      0      0      0   1382      0    849      0      0      0   0.00   0.00      0   0.00    0.3  0.000    0.0  0.000      0      0      0      0      0
08/09/1990   6528      0   4608   1920      0    275      0   1390      0    849      0      0      0   0.00   0.00      0   0.00    0.4  0.000    0.0  0.000      0      0      0      0      0
08/10/1990   6144      0   4224   1920      0    549      0   1399      0    849      0      0      0   0.00   0.00      0   0.00    0.4  0.000    0.0  0.000      0      0      0      0      0
08/11/1990   4319      0   2959   1360      0    823      0   1288      0    849      0      0      0   0.00   0.00      0   0.00    0.5  0.042    0.0  0.000      0    120      0    872    559
08/12/1990   3981      0   2690   1291      0   1025      0   1337      0    792      0      0      0   0.00   0.00      0   0.00    0.5  0.056    0.0  0.000      0     32      0      0     66
08/13/1990   3654      0   2421   1233      0   1262      0   1361      0    722      0      0      0   0.00   0.00      0   0.00    0.6  0.062    0.0  0.000      0     22      0      0     55
08/14/1990   3382      0   2152   1230      0   1513      0   1393      0    634      0      0      0   0.00   0.00      0   0.00    0.6  0.064    0.0  0.000      0      0      0      0      0
08/15/1990   3110      0   1883   1227      0   1774      0   1358      0    589      0      0      0   0.00   0.00      0   0.00    0.6  0.064    0.0  0.000      0      0      0      0      0
08/16/1990   2838      0   1614   1224      0   2057      0   1288      0    561      0      0      0   0.00   0.00      0   0.00    0.7  0.062    0.0  0.000      0      0      0      0      0
08/17/1990   2635      0   1345   1290      0   2340      0   1200      0    554      0      0      0   0.00   0.00      0   0.00    0.7  0.059    0.0  0.000      0      0      0      0      0
08/18/1990   2421      0   1076   1345      0   2623      0   1098      0    554      0      0      0   0.00   0.00      0   0.00    0.8  0.056    0.0  0.000      0      0      0      0      0
08/19/1990   2152      0    807   1345      0   2906      0   1000      0    555      0      0      0   0.00   0.00      0   0.00    0.8  0.053    0.0  0.000      0      0      0      0      0
08/20/1990   1883      0    538   1345      0   3132      0    962      0    562      0      0      0   0.00   0.00      0   0.00    0.9  0.049    0.0  0.000      0      0      0      0      0
08/21/1990   1614      0    269   1345      0   3345      0    930      0    579      0      0      0   0.00   0.00      0   0.00    0.9  0.046    0.0  0.000      0      0      0      0      0
08/22/1990   1620      0    275   1345      0   3265      0    921      0    600      0      0      0   0.00   0.00      0   0.00    1.0  0.043    0.0  0.000      0      0      0      0      0
08/23/1990   1625      0    549   1076      0   3172      0    935      0    617      0      0      0   0.00   0.00      0   0.00    1.0  0.042    0.0  0.000      0      0      0      0      0
08/24/1990   1630      0    823    807      0   3083      0    948      0    583      0      0      0   0.00   0.00      0   0.00    1.1  0.040    0.0  0.000      0      0      0      0      0
08/25/1990   1563      0   1025    538      0   3069      0    967      0    499      0      0      0   0.00   0.00      0   0.00    1.1  0.040    0.0  0.000      0      0      0      0      0
08/26/1990   1531      0   1262    269      0   3013      0    998      0    380      0      0      0   0.00   0.00      0   0.00    1.1  0.040    0.0  0.000      0      0      0      0      0
08/27/1990   1513      0   1513      0      0   2948      0    976      0    270      0      0      0   0.00   0.00      0   0.00    1.1  0.040    0.0  0.000      0      0      0      0      0
08/28/1990   1774      0   1774      0      0   2882      0    904      0    147      0      0      0   0.00   0.00      0   0.00    1.1  0.040    0.0  0.000      0      0      0      0      0
08/29/1990   2057      0   2057      0      0   2797      0    799      0     54      0      0      0   0.00   0.00      0   0.00    1.1  0.040    0.0  0.000      0      0      0      0      0
08/30/1990   2340      0   2340      0      0   2721      0    646      0      0      0      0      0   0.00   0.00      0   0.00    1.1  0.040    0.0  0.000      0      0      0      0      0
08/31/1990   2623      0   2623      0      0   2650      0    434      0      0      0      0      0   0.00   0.00      0   0.00    1.0  0.040    0.0  0.000      0      0      0      0      0
09/01/1990   2906      0   2906      0      0   2531      0    270      0      0      0      0      0   0.00   0.00      0   0.00    1.0  0.040    0.0  0.000      0      0      0      0      0
09/02/1990   3132      0   3132      0      0   2428      0    147      0      0      0      0      0   0.00   0.00      0   0.00    1.0  0.040    0.0  0.000      0      0      0      0      0
09/03/1990   3345      0   3345      0      0   2308      0     54      0      0      0      0      0   0.00   0.00      0   0.00    1.0  0.040    0.0  0.000      0      0      0      0      0
09/04/1990   3540      0   3540      0      0   2167      0      0      0      0      0      0      0   0.00   0.00      0   0.00    1.0  0.040    0.0  0.000      0      0      0      0      0
09/05/1990   3721      0   3721      0      0   1986      0      0      0      0      0      0      0   0.00   0.00      0   0.00    0.9  0.039    0.0  0.000      0      0      0      0      0
09/06/1990   3906      0   3906      0      0   1801      0      0      0      0      0      0      0   0.00   0.00      0   0.00    0.9  0.039    0.0  0.000      0      0      0      0      0
09/07/1990   4094      0   4094      0      0   1613      0      0      0      0      0      0      0   0.00   0.00      0   0.00    0.9  0.039    0.0  0.000      0      0      0      0      0
09/08/1990   4275      0   4275      0      0   1432      0      0      0      0      0      0      0   0.00   0.00      0   0.00    0.9  0.039    0.0  0.000      0      0      0      0      0
09/09/1990   4461      0   4461      0      0   1246      0      0      0      0      0      0      0   0.00   0.00      0   0.00    0.8  0.039    0.0  0.000      0      0      0      0      0
09/10/1990   4656      0   4656      0      0   1051      0      0      0      0      0      0      0   0.00   0.00      0   0.00    0.8  0.039    0.0  0.000      0      0      0      0      0
09/11/1990   4854      0   4854      0      0    853      0      0      0      0      0      0      0   0.00   0.00      0   0.00    0.8  0.039    0.0  0.000      0      0      0      0      0
09/12/1990   5061      0   4786    275      0    646      0      0      0      0      0      0      0   0.00   0.00      0   0.00    0.7  0.039    0.0  0.000      0      0      0      0      0
09/13/1990   5273      0   4724    549      0    434      0      0      0     58      0      0      0   0.00   0.00      0   0.00    0.7  0.039    0.0  0.000      0      0      0      0      0
09/14/1990   5437      0   4614    823      0    270      0      0      0    156      0      0      0   0.00   0.00      0   0.00    0.7  0.039    0.0  0.000      0      0      0      0      0
09/15/1990   5560      0   4535   1025      0    147      0      0      0    290      0      0      0   0.00   0.00      0   0.00    0.8  0.038    0.0  0.000      0      0      0      0      0
09/16/1990   5653      0   4391   1262      0     54      0     58      0    390      0      0      0   0.00   0.00      0   0.00    0.8  0.037    0.0  0.000      0      0      0      0      0
09/17/1990   5432      0   4194   1238      0      0      0    156      0    478      0      0      0   0.00   0.00      0   0.00    0.8  0.036    0.0  0.000      0      0      0      0      0
09/18/1990   5158      0   3933   1225      0      0      0    290      0    525      0      0      0   0.00   0.00      0   0.00    0.8  0.034    0.0  0.000      0      0      0      0      0
09/19/1990   4884      0   3650   1234      0      0      0    448      0    543      0      0      0   0.00   0.00      0   0.00    0.9  0.033    0.0  0.000      0      0      0      0      0
09/20/1990   4682      0   3367   1315      0      0      0    634      0    544      0      0      0   0.00   0.00      0   0.00    0.9  0.032    0.0  0.000      0      0      0      0      0
09/21/1990   4445      0   3084   1361      0     58      0    757      0    561      0      0      0   0.00   0.00      0   0.00    0.9  0.031    0.0  0.000      0      0      0      0      0
09/22/1990   4194      0   2801   1393      0    156      0    835      0    575      0      0      0   0.00   0.00      0   0.00    1.0  0.029    0.0  0.000      0      0      0      0      0
09/23/1990   3933      0   2575   1358      0    290      0    888      0    569      0      0      0   0.00   0.00      0   0.00    1.0  0.028    0.0  0.000      0      0      0      0      0
09/24/1990   3650      0   2362   1288      0    448      0    928      0    560      0      0      0   0.00   0.00      0   0.00    1.1  0.027    0.0  0.000      0      0      0      0      0
09/25/1990   3367      0   2167   1200      0    634      0    932      0    551      0      0      0   0.00   0.00      0   0.00    1.1  0.026    0.0  0.000      0      0      0      0      0
09/26/1990   3084      0   1986   1098      0    815      0    932      0    541      0      0      0   0.00   0.00      0   0.00    1.1  0.025    0.0  0.000      0      0      0      0      0
09/27/1990   2801      0   1801   1000      0    991      0    945      0    514      0      0      0   0.00   0.00      0   0.00    1.2  0.025    0.0  0.000      0      0      0      0      0
09/28/1990   2575      0   1613    962      0   1178      0    939      0    487      0      0      0   0.00   0.00      0   0.00    1.2  0.024    0.0  0.000      0      0      0      0      0
09/29/1990   2362      0   1432    930      0   1376      0    912      0    474      0      0      0   0.00   0.00      0   0.00    1.2  0.024    0.0  0.000      0      0      0      0      0
09/30/1990   2167      0   1246    921      0   1566      0    884      0    470      0      0      0   0.00   0.00      0   0.00    1.2  0.023    0.0  0.000      0      0      0      0      0
10/01/1990   1986      0   1051    935      0   1747      0    857      0    474      0      0      0   0.00   0.00      0   0.00    1.3  0.022    0.0  0.000      0      0      0      0      0
10/02/1990   1801      0    853    948      0   1936      0    826      0    465      0      0      0   0.00   0.00      0   0.00    1.3  0.022    0.0  0.000      0      0      0      0      0
10/03/1990   1613      0    646    967      0   2117      0    803      0    459      0      0      0   0.00   0.00      0   0.00    1.4  0.021    0.0  0.000      0      0      0      0      0
10/04/1990   1490      0    492    998      0   2230      0    790      0    468      0      0      0   0.00   0.00      0   0.00    1.4  0.021    0.0  0.000      0      0      0      0      0
10/05/1990   1402      0    426    976      0   2294      0    777      0    477      0      0      0   0.00   0.00      0   0.00    1.4  0.020    0.0  0.000      0      0      0      0      0
10/06/1990   1341      0    437    904      0   2314      0    775      0    466      0      0      0   0.00   0.00      0   0.00    1.5  0.019    0.0  0.000      0      0      0      0      0
10/07/1990   1301      0    502    799      0   2314      0    784      0    423      0      0      0   0.00   0.00      0   0.00    1.5  0.019    0.0  0.000      0      0      0      0      0
10/08/1990   1280      0    634    646      0   2286      0    784      0    379      0      0      0   0.00   0.00      0   0.00    1.5  0.019    0.0  0.000      0      0      0      0      0
10/09/1990   1249      0    815    434      0   2263      0    767      0    341      0      0      0   0.00   0.00      0   0.00    1.5  0.019    0.0  0.000      0      0      0      0      0
10/10/1990   1261      0    991    270      0   2236      0    742      0    290      0      0      0   0.00   0.00      0   0.00    1.6  0.019    0.0  0.000      0      0      0      0      0
10/11/1990   1325      0   1178    147      0   2201      0    704      0    224      0      0      0   0.00   0.00      0   0.00    1.6  0.019    0.0  0.000      0      0      0      0      0
10/12/1990   1430      0   1376     54      0   2170      0    640      0    149      0      0      0   0.00   0.00      0   0.00    1.5  0.019    0.0  0.000      0      0      0      0      0
10/13/1990   1566      0   1566      0      0   2138      0    555      0     86      0      0      0   0.00   0.00      0   0.00    1.5  0.019    0.0  0.000      0      0      0      0      0
10/14/1990   1747      0   1747      0      0   2098      0    462      0     38      0      0      0   0.00   0.00      0   0.00    1.5  0.019    0.0  0.000      0      0      0      0      0
10/15/1990   1936      0   1936      0      0   2033      0    366      0     10      0      0      0   0.00   0.00      0   0.00    1.5  0.019    0.0  0.000      0      0      0      0      0
10/16/1990   2117      0   2117      0      0   1966      0    262      0      0      0      0      0   0.00   0.00      0   0.00    1.5  0.019    0.0  0.000      0      0      0      0      0
10/17/1990   2288      0   2288      0      0   1898      0    159      0      0      0      0      0   0.00   0.00      0   0.00    1.5  0.018    0.0  0.000      0      0      0      0      0
10/18/1990   2450      0   2450      0      0   1809      0     86      0      0      0      0      0   0.00   0.00      0   0.00    1.5  0.018    0.0  0.000      0      0      0      0      0
10/19/1990   2604      0   2604      0      0   1703      0     38      0      0      0      0      0   0.00   0.00      0   0.00    1.5  0.018    0.0  0.000      0      0      0      0      0
10/20/1990   2762      0   2762      0      0   1573      0     10      0      0      0      0      0   0.00   0.00      0   0.00    1.4  0.018    0.0  0.000      0      0      0      0      0
10/21/1990   2920      0   2920      0      0   1425      0      0      0      0      0      0      0   0.00   0.00      0   0.00    1.4  0.018    0.0  0.000      0      0      0      0      0
10/22/1990   3078      0   3078      0      0   1267      0      0      0      0      0      0      0   0.00   0.00      0   0.00    1.4  0.018    0.0  0.000      0      0      0      0      0
10/23/1990   3227      0   3227      0      0   1118      0      0      0      0      0      0      0   0.00   0.00      0   0.00    1.4  0.018    0.0  0.000      0      0      0      0      0
10/24/1990   3379      0   3379      0      0    966      0      0      0      0      0      0      0   0.00   0.00      0   0.00    1.4  0.018    0.0  0.000      0      0      0      0      0
10/25/1990   3546      0   3488     58      0    799      0      0      0      0      0      0      0   0.00   0.00      0   0.00    1.3  0.018    0.0  0.000      0      0      0      0      0
10/26/1990   3704      0   3548    156      0    641      0      0      0     10      0      0      0   0.00   0.00      0   0.00    1.3  0.018    0.0  0.000      0      0      0      0      0
10/27/1990   3845      0   3555    290      0    500      0      0      0     38      0      0      0   0.00   0.00      0   0.00    1.3  0.018    0.0  0.000      0      0      0      0      0
10/28/1990   3969      0   3521    448      0    376      0      0      0     86      0      0      0   0.00   0.00      0   0.00    1.3  0.018    0.0  0.000      0      0      0      0      0
10/29/1990   4083      0   3449    634      0    262      0     10      0    145      0      0      0   0.00   0.00      0   0.00    1.3  0.018    0.0  0.000      0      0      0      0      0
10/30/1990   4128      0   3371    757      0    159      0     38      0    202      0      0      0   0.00   0.00      0   0.00    1.3  0.018    0.0  0.000      0      0      0      0      0
10/31/1990   4103      0   3268    835      0     86      0     86      0    248      0      0      0   0.00   0.00      0   0.00    1.3  0.018    0.0  0.000      0      0      0      0      0
11/01/1990   4012      0   3129    883      0     38      0    155      0    262      0      0      0   0.00   0.00      0   0.00    1.4  0.018    0.0  0.000      0      0      0      0      0
11/02/1990   3878      0   2959    919      0     10      0    240      0    257      0      0      0   0.00   0.00      0   0.00    1.4  0.018    0.0  0.000      0      0      0      0      0
11/03/1990   3699      0   2779    920      0     10      0    324      0    251      0      0      0   0.00   0.00      0   0.00    1.4  0.017    0.0  0.000      0      0      0      0      0
11/04/1990   3516      0   2598    918      0     38      0    379      0    264      0      0      0   0.00   0.00      0   0.00    1.4  0.017    0.0  0.000      0      0      0      0      0
11/05/1990   3339      0   2409    930      0     86      0    411      0    284      0      0      0   0.00   0.00      0   0.00    1.4  0.017    0.0  0.000      0      0      0      0      0
11/06/1990   3152      0   2228    924      0    155      0    430      0    281      0      0      0   0.00   0.00      0   0.00    1.5  0.016    0.0  0.000      0      0      0      0      0
11/07/1990   2954      0   2057    897      0    240      0    441      0    268      0      0      0   0.00   0.00      0   0.00    1.5  0.016    0.0  0.000      0      0      0      0      0
11/08/1990   2764      0   1895    869      0    334      0    447      0    260      0      0      0   0.00   0.00      0   0.00    1.5  0.016    0.0  0.000      0      0      0      0      0
11/09/1990   2583      0   1741    842      0    417      0    449      0    270      0      0      0   0.00   0.00      0   0.00    1.5  0.016    0.0  0.000      0      0      0      0      0
11/10/1990   2394      0   1583    811      0    497      0    452      0    282      0      0      0   0.00   0.00      0   0.00    1.6  0.015    0.0  0.000      0      0      0      0      0
11/11/1990   2213      0   1425    788      0    585      0    456      0    286      0      0      0   0.00   0.00      0   0.00    1.6  0.015    0.0  0.000      0      0      0      0      0
11/12/1990   2042      0   1267    775      0    681      0    455      0    289      0      0      0   0.00   0.00      0   0.00    1.6  0.015    0.0  0.000      0      0      0      0      0
11/13/1990   1880      0   1118    762      0    781      0    450      0    294      0      0      0   0.00   0.00      0   0.00    1.6  0.015    0.0  0.000      0      0      0      0      0
11/14/1990   1726      0    966    760      0    866      0    461      0    283      0      0      0   0.00   0.00      0   0.00    1.7  0.014    0.0  0.000      0      0      0      0      0
11/15/1990   1568      0    799    769      0    949      0    476      0    266      0      0      0   0.00   0.00      0   0.00    1.7  0.014    0.0  0.000      0      0      0      0      0
11/16/1990   1420      0    651    769      0   1031      0    484      0    256      0      0      0   0.00   0.00      0   0.00    1.7  0.014    0.0  0.000      0      0      0      0      0
11/17/1990   1290      0    538    752      0   1098      0    474      0    266      0      0      0   0.00   0.00      0   0.00    1.8  0.014    0.0  0.000      0      0      0      0      0
11/18/1990   1189      0    462    727      0   1145      0    460      0    271      0      0      0   0.00   0.00      0   0.00    1.8  0.014    0.0  0.000      0      0      0      0      0
11/19/1990   1106      0    417    689      0   1172      0    454      0    267      0      0      0   0.00   0.00      0   0.00    1.8  0.013    0.0  0.000      0      0      0      0      0
11/20/1990   1186      0    399    787      0   1185      0    451      0    233      0      0      0   0.00   0.00      0   0.00    1.8  0.013    0.0  0.000      0      0      0      0      0
11/21/1990   1114      0    420    694      0   1191      0    437      0    206      0      0      0   0.00   0.00      0   0.00    1.9  0.013    0.0  0.000      0      0      0      0      0
11/22/1990    904      0    455    449      0   1193      0    438      0    177      0      0      0   0.00   0.00      0   0.00    1.9  0.013    0.0  0.000      0      0      0      0      0
11/23/1990    860      0    507    353      0   1194      0    418      0    156      0      0      0   0.00   0.00      0   0.00    1.9  0.013    0.0  0.000      0      0      0      0      0
11/24/1990    834      0    585    249      0   1196      0    387      0    131      0      0      0   0.00   0.00      0   0.00    1.9  0.013    0.0  0.000      0      0      0      0      0
11/25/1990    925      0    681    244      0   1195      0    349      0    102      0      0      0   0.00   0.00      0   0.00    1.9  0.013    0.0  0.000      0      0      0      0      0
11/26/1990   1020      0    781    239      0   1181      0    303      0     79      0      0      0   0.00   0.00      0   0.00    1.9  0.013    0.0  0.000      0      0      0      0      0
11/27/1990   1100      0    866    234      0   1182      0    251      0     61      0      0      0   0.00   0.00      0   0.00    1.9  0.013    0.0  0.000      0      0      0      0      0
11/28/1990   1178      0    949    229      0   1160      0    218      0     51      0      0      0   0.00   0.00      0   0.00    1.9  0.013    0.0  0.000      0      0      0      0      0
11/29/1990   1106      0   1041     65      0   1127      0    176      0     55      0      0      0   0.00   0.00      0   0.00    1.9  0.013    0.0  0.000      0      0      0      0      0
11/30/1990   1159      0   1136     23      0   1089      0    135      0     44      0      0      0   0.00   0.00      0   0.00    1.9  0.013    0.0  0.000      0      0      0      0      0
12/01/1990   1252      0   1231     21      0   1034      0    113      0     27      0      0      0   0.00   0.00      0   0.00    1.9  0.013    0.0  0.000      0      0      0      0      0
12/02/1990   1346      0   1327     19      0    972      0    100      0      6      0      0      0   0.00   0.00      0   0.00    1.9  0.013    0.0  0.000      0      0      0      0      0
12/03/1990   1425      0   1425      0      0    902      0     77      0      1      0      0      0   0.00   0.00      0   0.00    1.9  0.013    0.0  0.000      0      0      0      0      0
12/04/1990   1525      0   1525      0      0    819      0     61      0      0      0      0      0   0.00   0.00      0   0.00    1.9  0.013    0.0  0.000      0      0      0      0      0
12/05/1990   1610      0   1610      0      0    750      0     45      0      0      0      0      0   0.00   0.00      0   0.00    1.8  0.013    0.0  0.000      0      0      0      0      0
12/06/1990   1691      0   1691      0      0    687      0     27      0      0      0      0      0   0.00   0.00      0   0.00    1.8  0.013    0.0  0.000      0      0      0      0      0
12/07/1990   1780      0   1771      9      0    618      0      6      0      0      0      0      0   0.00   0.00      0   0.00    1.8  0.013    0.0  0.000      0      0      0      0      0
12/08/1990   1873      0   1838     35      0    528      0      1      0      0      0      0      0   0.00   0.00      0   0.00    1.8  0.013    0.0  0.000      0      0      0      0      0
12/09/1990   1956      0   1876     80      0    443      0      0      0      3      0      0      0   0.00   0.00      0   0.00    1.8  0.013    0.0  0.000      0      0      0      0      0
12/10/1990   2038      0   1893    145      0    357      0      0      0     13      0      0      0   0.00   0.00      0   0.00    1.8  0.013    0.0  0.000      0      0      0      0      0
12/11/1990   2094      0   1869    225      0    296      0      0      0     30      0      0      0   0.00   0.00      0   0.00    1.8  0.013    0.0  0.000      0      0      0      0      0
12/12/1990   2148      0   1834    314      0    237      0      3      0     51      0      0      0   0.00   0.00      0   0.00    1.8  0.013    0.0  0.000      0      0      0      0      0
12/13/1990   2200      0   1808    392      0    180      0     13      0     69      0      0      0   0.00   0.00      0   0.00    1.8  0.013    0.0  0.000      0      0      0      0      0
12/14/1990   2235      0   1768    467      0    140      0     30      0     67      0      0      0   0.00   0.00      0   0.00    1.8  0.013    0.0  0.000      0      0      0      0      0
12/15/1990   2264      0   1714    550      0    106      0     54      0     65      0      0      0   0.00   0.00      0   0.00    1.8  0.013    0.0  0.000      0      0      0      0      0
12/16/1990   2287      0   1646    641      0     78      0     82      0     60      0      0      0   0.00   0.00      0   0.00    1.8  0.013    0.0  0.000      0      0      0      0      0
12/17/1990   2300      0   1563    737      0     64      0     94      0     76      0      0      0   0.00   0.00      0   0.00    1.7  0.013    0.0  0.000      0      0      0      0      0
12/18/1990   2312      0   1494    818      0     58      0    106      0     93      0      0      0   0.00   0.00      0   0.00    1.7  0.013    0.0  0.000      0      0      0      0      0
12/19/1990   2326      0   1429    897      0     57      0    112      0    107      0      0      0   0.00   0.00      0   0.00    1.7  0.013    0.0  0.000      0      0      0      0      0
12/20/1990   2343      0   1358    985      0     60      0    119      0     88      0      0      0   0.00   0.00      0   0.00    1.7  0.013    0.0  0.000      0      0      0      0      0
12/21/1990   2344      0   1268   1076      0     83      0    130      0     49      0      0      0   0.00   0.00      0   0.00    1.7  0.013    0.0  0.000      0      0      0      0      0
12/22/1990   2341      0   1174   1167      0     97      0    152      0     12      0      0      0   0.00   0.00      0   0.00    1.7  0.013    0.0  0.000      0      0      0      0      0
12/23/1990   2337      0   1078   1259      0    119      0    142      0      0      0      0      0   0.00   0.00      0   0.00    1.7  0.013    0.0  0.000      0      0      0      0      0
12/24/1990   2333      0    980   1353      0    142      0    119      0      0      0      0      0   0.00   0.00      0   0.00    1.7  0.013    0.0  0.000      0      0      0      0      0
12/25/1990   2329      0    880   1449      0    173      0     88      0     10      0      0      0   0.00   0.00      0   0.00    1.7  0.013    0.0  0.000      0      0      0      0      0
12/26/1990   2325      0    795   1530      0    212      0     49      0     35      0      0      0   0.00   0.00      0   0.00    1.7  0.013    0.0  0.000      0      0      0      0      0
12/27/1990   2321      0    714   1607      0    249      0     12      0     71      0      0      0   0.00   0.00      0   0.00    1.7  0.013    0.0  0.000      0      0      0      0      0
12/28/1990   2316      0    624   1692      0    261      0     10      0    104      0      0      0   0.00   0.00      0   0.00    1.7  0.013    0.0  0.000      0      0      0      0      0
12/29/1990   2311      0    529   1782      0    261      0     35      0     98      0      0      0   0.00   0.00      0   0.00    1.6  0.013    0.0  0.000      0      0      0      0      0
12/30/1990   2309      0    446   1863      0    258      0     71      0     96      0      0      0   0.00   0.00      0   0.00    1.6  0.013    0.0  0.000      0      0      0      0      0
12/31/1990   2314      0    370   1944      0    248      0    114      0     89      0      0      0   0.00   0.00      0   0.00    1.6  0.013    0.0  0.000      0      0      0      0      0
