Varroa Population Simulation - Dec 10,2015  03:21:19 PM
VarroaPop Version 3.2.5.5  March, 2015

                                        Capped  Capped                                                                      Prop                                                                 
            Colony  Adult  Adult         Drone   Wkr    Drone  Wkr    Drone  Wkr  Free   DBrood WBrood DMite  WMite  Mites  Mites  Colony Pollen Colony Nectar   Dead   Dead   Dead   Dead   Dead
     Date   Size   Drones   Wkr   Forgrs Brood  Brood   Larv   Larv    Eggs  Eggs Mites  Mites  Mites  /Cell  /Cell  Dying  Dying  Pollen  Pest  Nectar  Pest    DLarv  WLarv  DAdlt  WAdlt  Forgrs
Initial     10000      0   6552   3448      0      0      0      0      0      0      0      0      0   0.00   0.00      0   0.00      0   0.00      0   0.00      0      0      0      0      0
01/07/1988   9919      0   4368   5551      0      0      3   1030      5    913      0      0      0   0.00   0.00      0   0.00      0   0.00      0   0.00      0      0      0      0      0
01/14/1988   9829      0   2184   7645      3   1689     18   1795      9   1016      0      0      0   0.00   0.00      0   0.00      0   0.00      0   0.00      0      0      0      0      0
01/21/1988   9729      0      0   9729     21   4117     28   2088     10    869      0      0      0   0.00   0.00      0   0.00      0   0.00      0   0.00      0      0      0      0      0
01/28/1988   9291      3   1943   7345     46   4917     30   2013     18   1730      0      0      0   0.00   0.00      0   0.00      3   0.00      0   0.00      0      0      0      0      0
02/04/1988   4521     21   4500      0     58   5465     34   2396      6    719      0      0      0   0.00   0.00      0   0.00      4   0.00      0   0.00      0      0      0      0      0
02/11/1988   7123     49   7074      0     64   5964      6     42      0      0      0      0      0   0.00   0.00      0   0.00      3   0.00      0   0.00      0      0      0      0      0
02/18/1988  10651     76   8660   1915     40   2477      0    206      0    603      0      0      0   0.00   0.00      0   0.00      3   0.00      0   0.00      0      0      0      0      0
02/25/1988  12507     92   8580   3835      6    582      1   1506      5   1399      0      0      0   0.00   0.00      0   0.00      4   0.00      0   0.00      0      0      0      0      0
03/03/1988  11356     70   6006   5280      1   2989     17   2657     10   1335      0      0      0   0.00   0.00      0   0.00      4   0.00      0   0.00      0      0      0      0      0
03/10/1988  10060     40   3286   6734     18   5680     29   2738     13   1653      0      0      0   0.00   0.00      0   0.00      5   0.00      0   0.00      0      0      0      0      0
03/17/1988   8594      7   3487   5100     46   6979     32   2493     15   1666      0      0      0   0.00   0.00      0   0.00      7   0.00      0   0.00      0      0      0      0      0
03/24/1988   7978     18   6981    979     61   7066     31   3024      0   1087      0      0      0   0.00   0.00      0   0.00      8   0.00      0   0.00      0      0      0      0      0
03/31/1988  10906     47  10071    788     63   6996      0    892      0    315      0      0      0   0.00   0.00      0   0.00      7   0.00      0   0.00      0      0      0      0      0
04/07/1988  14618     78  11138   3402     31   4305      0   1321      2   1529      0      0      0   0.00   0.00      0   0.00      8   0.00      0   0.00      0      0      0      0      0
04/14/1988  16882     92  11177   5613      0   3061     17   3187     13   1861      0      0      0   0.00   0.00      0   0.00      8   0.00      0   0.00      0      0      0      0      0
04/21/1988  15093     63   8203   6827     17   6724     34   2954     17   1852      0      0      0   0.00   0.00      0   0.00      9   0.00      0   0.00      0      0      0      0      0
04/28/1988  14286     31   7155   7100     51   8195     42   3243     25   2424      0      0      0   0.00   0.00      0   0.00     11   0.00      0   0.00      0      0      0      0      0
05/05/1988  14465     17   8109   6339     76   8633     51   3435     17   1907      0      0      0   0.00   0.00      0   0.00     12   0.00      0   0.00      0      0      0      0      0
05/12/1988  14777     51  11530   3196     93   9134     37   2971     14   2227      0      0      0   0.00   0.00      0   0.00     13   0.00      0   0.00      0      0      0      0      0
05/19/1988  16996     93  13862   3041     88   8607     18   2857      1   1472      0      0      0   0.00   0.00      0   0.00     14   0.00      0   0.00      0      0      0      0      0
05/26/1988  20493    127  13975   6391     55   7758     17   3594     22   2486      0      0      0   0.00   0.00      0   0.00     15   0.00      0   0.00      0      0      0      0      0
06/02/1988  21442    130  14332   6980     35   8312     51   3872     30   2782      0      0      0   0.00   0.00      0   0.00     16   0.00      0   0.00      0      0      0      0      0
06/09/1988  20624    106  12936   7582     68  10343     59   4067     25   2405      0      0      0   0.00   0.00      0   0.00     18   0.00      0   0.00      0      0      0      0      0
06/16/1988  21670     72  13838   7760    110  10425     69   4767     35   3205      0      0      0   0.00   0.00      0   0.00     19   0.00      0   0.00      0      0      0      0      0
06/23/1988  22362     86  14966   7310    128  11551     81   5174     32   3052      0      0      0   0.00   0.00      0   0.00     21   0.00      0   0.00      0      0      0      0      0
06/30/1988  23493    127  16815   6551    150  13230     76   5127     30   2908      0      0      0   0.00   0.00      0   0.00     22   0.00      0   0.00      0      0      0      0      0
07/07/1988  25990    179  18397   7414    157  13196     70   4986     31   2970      0      0      0   0.00   0.00      0   0.00     24   0.00      0   0.00      0      0      0      0      0
07/14/1988  29114    209  19777   9128    146  12892     80   5462     40   3261      0      0      0   0.00   0.00      0   0.00     25   0.00      0   0.00      0      0      0      0      0
07/21/1988  30498    226  21265   9007    150  13531     99   5789     45   3536      0      0      0   0.00   0.00      0   0.00     27   0.00      0   0.00      0      0      0      0      0
07/28/1988  31557    227  21152  10178    179  14709    107   5960     49   3641      0      0      0   0.00   0.00      0   0.00     29   0.00      0   0.00      0      0      0      0      0
08/04/1988  33311    226  21615  11470    206  15410    117   6156     51   3614      0      0      0   0.00   0.00      0   0.00     32   0.00      0   0.00      0      0      0      0      0
08/11/1988  34125    249  22856  11020    224  15752    118   5865     51   3567      0      0      0   0.00   0.00      0   0.00     34   0.00      0   0.00      0      0      0      0      0
08/18/1988  35485    286  24310  10889    235  15620    113   5451     51   3552      0      0      0   0.00   0.00      0   0.00     36   0.00      0   0.00      0      0      0      0      0
08/25/1988  37086    323  25180  11583    231  14876    119   5981     53   3702      0      0      0   0.00   0.00      0   0.00     39   0.00      0   0.00      0      0      0      0      0
09/01/1988  38088    342  25184  12562    232  15099    130   6427     60   3953      0      0      0   0.00   0.00      0   0.00     41   0.00      0   0.00      0      0      0      0      0
09/08/1988  38122    348  24623  13151    249  16302    142   6613     60   3851      0      0      0   0.00   0.00      0   0.00     44   0.00      0   0.00      0      0      0      0      0
09/15/1988  38295    350  24559  13386    272  17038    132   5934     55   3525      0      0      0   0.00   0.00      0   0.00     47   0.00      0   0.00      0      0      0      0      0
09/22/1988  38888    362  25479  13047    274  16179    126   5691     50   3150      0      0      0   0.00   0.00      0   0.00     50   0.00      0   0.00      0      0      0      0      0
09/29/1988  39789    391  26766  12632    258  14798    116   5326     50   3289      0      0      0   0.00   0.00      0   0.00     53   0.00      0   0.00      0      0      0      0      0
10/06/1988  40021    404  26497  13120    242  14062    120   5660     50   3240      0      0      0   0.00   0.00      0   0.00     56   0.00      0   0.00      0      0      0      0      0
10/13/1988  39438    400  25020  14018    236  14256    117   5333     49   3071      0      0      0   0.00   0.00      0   0.00     59   0.00      0   0.00      0      0      0      0      0
10/20/1988  38189    374  23413  14402    237  14112    118   5219     55   3420      0      0      0   0.00   0.00      0   0.00     62   0.00      0   0.00      0      0      0      0      0
10/27/1988  36722    362  22962  13398    235  13853    125   5487     47   2925      0      0      0   0.00   0.00      0   0.00     65   0.00      0   0.00      0      0      0      0      0
11/03/1988  35327    353  22660  12314    243  14008     98   4289     40   2704      0      0      0   0.00   0.00      0   0.00     68   0.00      0   0.00      0      0      0      0      0
11/10/1988  34876    355  22751  11770    223  12452     92   4408     34   2324      0      0      0   0.00   0.00      0   0.00     71   0.00      0   0.00      0      0      0      0      0
11/17/1988  38881    360  22265  16256    190  11059     77   3720     30   1850      0      0      0   0.00   0.00      0   0.00     72   0.00      0   0.00      0      0      0      0      0
11/24/1988  39598    341  21001  18256    169   9931     69   2922     37   2170      0      0      0   0.00   0.00      0   0.00     75   0.00      0   0.00      0      0      0      0      0
12/01/1988  40870    315  19184  21371    146   8582     80   3036     33   1834      0      0      0   0.00   0.00      0   0.00     78   0.00      0   0.00      0      0      0      0      0
12/08/1988  42133    267  16629  25237    149   8187     76   2832     28   1426      0      0      0   0.00   0.00      0   0.00     78   0.00      0   0.00      0      0      0      0      0
12/15/1988  41245    238  15023  25984    156   7510     73   2676     31   1547      0      0      0   0.00   0.00      0   0.00     79   0.00      0   0.00      0      0      0      0      0
12/22/1988  45311    226  13452  31633    149   7027     82   2887     35   1667      0      0      0   0.00   0.00      0   0.00     78   0.00      0   0.00      0      0      0      0      0
12/29/1988  48829    225  12445  36159    155   7484     70   2022     15    776      0      0      0   0.00   0.00      0   0.00     78   0.00      0   0.00      0      0      0      0      0
01/05/1989  52395    229  11733  40433    152   6244     44   1601     21    947      0      0      0   0.00   0.00      0   0.00     77   0.00      0   0.00      0      0      0      0      0
01/12/1989  56260    231  11581  44448    114   4229     45   1600     30   1217      0      0      0   0.00   0.00      0   0.00     77   0.00      0   0.00      0      0      0      0      0
01/19/1989  58417    225  10282  47910     89   4290     62   1681     32   1272      0      0      0   0.00   0.00      0   0.00     76   0.00      0   0.00      0      0      0      0      0
01/26/1989  54465    196   8792  45477    107   4449     95   2963     41   1656      0      0      0   0.00   0.00      0   0.00     84   0.00      0   0.00      0      0      0      0      0
02/02/1989  41728    159   7046  34523    157   6163    100   2962     43   1919      0      0      0   0.00   0.00      0   0.00     92   0.00      0   0.00      0      0      0      0      0
02/09/1989  44116    151   7243  36722    195   7885     67   1651     25   1131      0      0      0   0.00   0.00      0   0.00     92   0.00      0   0.00      0      0      0      0      0
02/16/1989  21585    202   9068  12315    167   5890     70   2734     42   1826      0      0      0   0.00   0.00      0   0.00     94   0.00      0   0.00      0      0      0      0      0
02/23/1989  20531    257  11044   9230    137   5411     76   3150     26   2021      0      0      0   0.00   0.00      0   0.00     97   0.00      0   0.00      0      0      0      0      0
03/02/1989  15107    262  10667   4178    146   7716     46   2882      3   1033      0      0      0   0.00   0.00      0   0.00     97   0.00      0   0.00      0      0      0      0      0
03/09/1989  17316    237  10450   6629    122   7388     15   2046     17   2007      0      0      0   0.00   0.00      0   0.00     98   0.00      0   0.00      0      0      0      0      0
03/16/1989  18003    213  10582   7208     61   6312     40   3192     15   1533      0      0      0   0.00   0.00      0   0.00    100   0.00      0   0.00      0      0      0      0      0
03/23/1989  16663    192  11631   4840     55   7297     35   2686     13   1732      0      0      0   0.00   0.00      0   0.00    101   0.00      0   0.00      0      0      0      0      0
03/30/1989  16737    137  11441   5159     75   7435     26   2424     11   1613      0      0      0   0.00   0.00      0   0.00    102   0.00      0   0.00      0      0      0      0      0
04/06/1989  17917    101  11037   6779     61   6885     31   2861     20   2201      0      0      0   0.00   0.00      0   0.00    104   0.00      0   0.00      0      0      0      0      0
04/13/1989  17676     90  11715   5871     57   7209     54   4055     21   2239      0      0      0   0.00   0.00      0   0.00    105   0.00      0   0.00      0      0      0      0      0
04/20/1989  16731    101  11472   5158     85   9292     42   3429     15   1997      0      0      0   0.00   0.00      0   0.00    106   0.00      0   0.00      0      0      0      0      0
04/27/1989  18682     92  11947   6643     96   9524     33   2835     15   1682      0      0      0   0.00   0.00      0   0.00    107   0.00      0   0.00      0      0      0      0      0
05/04/1989  19663    111  13503   6049     75   7919     39   3354     21   2280      0      0      0   0.00   0.00      0   0.00    109   0.00      0   0.00      0      0      0      0      0
05/11/1989  21213    127  14718   6368     72   8087     49   4008     15   1705      0      0      0   0.00   0.00      0   0.00    110   0.00      0   0.00      0      0      0      0      0
05/18/1989  21629    129  14041   7459     88   9397     38   3200     23   2272      0      0      0   0.00   0.00      0   0.00    111   0.00      0   0.00      0      0      0      0      0
05/25/1989  22009    114  13553   8342     87   9139     60   3680     31   2152      0      0      0   0.00   0.00      0   0.00    113   0.00      0   0.00      0      0      0      0      0
06/01/1989  21664    121  13800   7743     98   9295     80   3754     46   2448      0      0      0   0.00   0.00      0   0.00    115   0.00      0   0.00      0      0      0      0      0
06/08/1989  21488    126  14869   6493    140   9699    111   4027     51   2266      0      0      0   0.00   0.00      0   0.00    116   0.00      0   0.00      0      0      0      0      0
06/15/1989  22306    147  14971   7188    191  10114    124   3668     70   2420      0      0      0   0.00   0.00      0   0.00    118   0.00      0   0.00      0      0      0      0      0
06/22/1989  23570    178  15497   7895    235   9930    185   4157    101   2572      0      0      0   0.00   0.00      0   0.00    119   0.00      0   0.00      0      0      0      0      0
06/29/1989  23650    251  15992   7407    309  10355    241   4108    106   2215      0      0      0   0.00   0.00      0   0.00    121   0.00      0   0.00      0      0      0      0      0
07/06/1989  24600    315  16202   8083    426  10630    270   3799    149   2527      0      0      0   0.00   0.00      0   0.00    123   0.00      0   0.00      0      0      0      0      0
07/13/1989  25386    420  16659   8307    511  10194    372   4241    176   2426      0      0      0   0.00   0.00      0   0.00    124   0.00      0   0.00      0      0      0      0      0
07/20/1989  25785    550  16678   8557    642  10616    434   4044    225   2572      0      0      0   0.00   0.00      0   0.00    126   0.00      0   0.00      0      0      0      0      0
07/27/1989  26002    696  16956   8350    806  10763    551   4234    251   2385      0      0      0   0.00   0.00      0   0.00    128   0.00      0   0.00      0      0      0      0      0
08/03/1989  26809    883  16861   9065    985  10785    599   3849    279   2262      0      0      0   0.00   0.00      0   0.00    130   0.00      0   0.00      0      0      0      0      0
08/10/1989  27152   1076  17232   8844   1150  10312    707   3977    346   2386      0      0      0   0.00   0.00      0   0.00    132   0.00      0   0.00      0      0      0      0      0
08/17/1989  27372   1357  17382   8633   1306  10119    817   3813    361   2164      0      0      0   0.00   0.00      0   0.00    134   0.00      0   0.00      0      0      0      0      0
08/24/1989  27624   1584  16896   9144   1524  10099    855   3453    387   2036      0      0      0   0.00   0.00      0   0.00    136   0.00      0   0.00      0      0      0      0      0
08/31/1989  27581   1857  16675   9049   1672   9335    950   3432    414   1914      0      0      0   0.00   0.00      0   0.00    138   0.00      0   0.00      0      0      0      0      0
09/07/1989  27390   2123  16096   9171   1805   8852   1042   3381    472   1939      0      0      0   0.00   0.00      0   0.00    140   0.00      0   0.00      0      0      0      0      0
09/14/1989  26506   2379  15588   8539   1992   8777   1109   3054    519   1914      0      0      0   0.00   0.00      0   0.00    142   0.00      0   0.00      0      0      0      0      0
09/21/1989  27412   2622  14681  10109   2151   8417   1142   2830    493   1632      0      0      0   0.00   0.00      0   0.00    143   0.00      0   0.00      0      0      0      0      0
09/28/1989  26999   2847  14172   9980   2251   7610   1265   3023    560   1679      0      0      0   0.00   0.00      0   0.00    146   0.00      0   0.00      0      0      0      0      0
10/05/1989  24583   3101  13745   7737   2407   7388   1225   2452    469   1306      0      0      0   0.00   0.00      0   0.00    148   0.00      0   0.00      0      0      0      0      0
10/12/1989  23574   3293  12879   7402   2490   6875   1186   2373    555   1425      0      0      0   0.00   0.00      0   0.00    149   0.00      0   0.00      0      0      0      0      0
10/19/1989  23124   3516  12312   7296   2411   6089   1227   2136    559   1329      0      0      0   0.00   0.00      0   0.00    151   0.00      0   0.00      0      0      0      0      0
10/26/1989  22486   3632  11146   7708   2413   5881   1293   2128    438    974      0      0      0   0.00   0.00      0   0.00    153   0.00      0   0.00      0      0      0      0      0
11/02/1989  20651   3676  10673   6302   2520   5361    979   1455    397    841      0      0      0   0.00   0.00      0   0.00    154   0.00      0   0.00      0      0      0      0      0
11/09/1989  19334   3638   9554   6142   2272   4391    951   1419    386    780      0      0      0   0.00   0.00      0   0.00    156   0.00      0   0.00      0      0      0      0      0
11/16/1989  18679   3706   8983   5990   1930   3680    955   1383    321    619      0      0      0   0.00   0.00      0   0.00    157   0.00      0   0.00      0      0      0      0      0
11/23/1989  16632   3499   7657   5476   1906   3486    836   1159    359    671      0      0      0   0.00   0.00      0   0.00    158   0.00      0   0.00      0      0      0      0      0
11/30/1989  15587   3223   6590   5774   1791   3185    790    987    276    494      0      0      0   0.00   0.00      0   0.00    159   0.00      0   0.00      0      0      0      0      0
12/07/1989  13280   2885   5682   4713   1626   2759    639    804    309    538      0      0      0   0.00   0.00      0   0.00    161   0.00      0   0.00      0      0      0      0      0
12/14/1989  13506   2742   5316   5448   1429   2279    617    711    177    302      0      0      0   0.00   0.00      0   0.00    161   0.00      0   0.00      0      0      0      0      0
12/21/1989  13251   2581   4666   6004   1256   1910    420    516    136    230      0      0      0   0.00   0.00      0   0.00    161   0.00      0   0.00      0      0      0      0      0
12/28/1989  14028   2265   4101   7662   1037   1404    287    330    175    288      0      0      0   0.00   0.00      0   0.00    161   0.00      0   0.00      0      0      0      0      0
01/04/1990  14192   2046   3292   8854    707   1071    469    590    219    350      0      0      0   0.00   0.00      0   0.00    161   0.00      0   0.00      0      0      0      0      0
01/11/1990  11303   1676   2656   6971    756   1274    599    693    388    604      0      0      0   0.00   0.00      0   0.00    163   0.00      0   0.00      0      0      0      0      0
01/18/1990  11397   1324   2022   8051   1068   1804    921   1042    208    317      0      0      0   0.00   0.00      0   0.00    163   0.00      0   0.00      0      0      0      0      0
01/25/1990  11972   1176   2011   8785   1520   2241    492    518    182    272      0      0      0   0.00   0.00      0   0.00    163   0.00      0   0.00      0      0      0      0      0
02/01/1990  12540   1355   2571   8614   1413   1716    557    659    336    484      0      0      0   0.00   0.00      0   0.00    164   0.00      0   0.00      0      0      0      0      0
02/08/1990   9190   1989   3163   4038   1049   1564    683    657    178    260      0      0      0   0.00   0.00      0   0.00    164   0.00      0   0.00      0      0      0      0      0
02/15/1990   9201   2012   3031   4158   1240   1709    534    589    120    170      0      0      0   0.00   0.00      0   0.00    165   0.00      0   0.00      0      0      0      0      0
02/22/1990   9975   1970   2859   5146   1217   1400    361    374    257    354      0      0      0   0.00   0.00      0   0.00    165   0.00      0   0.00      0      0      0      0      0
03/01/1990   7186   1732   2481   2973    895   1232    699    747    313    428      0      0      0   0.00   0.00      0   0.00    166   0.00      0   0.00      0      0      0      0      0
03/08/1990   5769   1774   2468   1527   1060   1596    671    614    218    295      0      0      0   0.00   0.00      0   0.00    166   0.00      0   0.00      0      0      0      0      0
03/15/1990   5438   1578   2128   1732   1370   1735    400    331    154    209      0      0      0   0.00   0.00      0   0.00    166   0.00      0   0.00      0      0      0      0      0
03/22/1990   5576   1594   2407   1575   1071   1161    481    509    248    327      0      0      0   0.00   0.00      0   0.00    167   0.00      0   0.00      0      0      0      0      0
03/29/1990   5206   1731   2505    970    881   1111    515    456    167    217      0      0      0   0.00   0.00      0   0.00    167   0.00      0   0.00      0      0      0      0      0
04/05/1990   5029   1770   2275    984    996   1256    381    347    179    228      0      0      0   0.00   0.00      0   0.00    167   0.00      0   0.00      0      0      0      0      0
04/12/1990   5011   1552   1997   1462    896    999    398    351    231    293      0      0      0   0.00   0.00      0   0.00    167   0.00      0   0.00      0      0      0      0      0
04/19/1990   4545   1396   1784   1365    779    977    555    504    221    275      0      0      0   0.00   0.00      0   0.00    168   0.00      0   0.00      0      0      0      0      0
04/26/1990   4179   1377   1831    971    953   1160    479    406    181    220      0      0      0   0.00   0.00      0   0.00    168   0.00      0   0.00      0      0      0      0      0
05/03/1990   4006   1294   1643   1069   1034   1137    409    353    187    225      0      0      0   0.00   0.00      0   0.00    168   0.00      0   0.00      0      0      0      0      0
05/10/1990   4085   1334   1756    995    888    953    480    433    181    215      0      0      0   0.00   0.00      0   0.00    168   0.00      0   0.00      0      0      0      0      0
05/17/1990   4015   1432   1786    797    889   1004    399    317    151    175      0      0      0   0.00   0.00      0   0.00    169   0.00      0   0.00      0      0      0      0      0
05/24/1990   4098   1443   1715    940    879    939    329    267    137    159      0      0      0   0.00   0.00      0   0.00    169   0.00      0   0.00      0      0      0      0      0
05/31/1990   4219   1368   1601   1250    728    748    346    292    176    203      0      0      0   0.00   0.00      0   0.00    169   0.00      0   0.00      0      0      0      0      0
06/07/1990   3890   1288   1496   1106    675    745    451    381    209    235      0      0      0   0.00   0.00      0   0.00    169   0.00      0   0.00      0      0      0      0      0
06/14/1990   3361   1208   1365    788    797    917    447    342    139    155      0      0      0   0.00   0.00      0   0.00    169   0.00      0   0.00      0      0      0      0      0
06/21/1990   3167   1074   1243    850    898    923    336    266    173    189      0      0      0   0.00   0.00      0   0.00    170   0.00      0   0.00      0      0      0      0      0
06/28/1990   3216   1126   1361    729    783    765    391    305    154    166      0      0      0   0.00   0.00      0   0.00    170   0.00      0   0.00      0      0      0      0      0
07/05/1990   3264   1244   1414    606    727    762    340    252    121    131      0      0      0   0.00   0.00      0   0.00    170   0.00      0   0.00      0      0      0      0      0
07/12/1990   3270   1234   1378    658    731    695    279    217    131    138      0      0      0   0.00   0.00      0   0.00    170   0.00      0   0.00      0      0      0      0      0
07/19/1990   3222   1174   1236    812    619    596    313    244    149    157      0      0      0   0.00   0.00      0   0.00    170   0.00      0   0.00      0      0      0      0      0
07/26/1990   2953   1067   1145    741    592    612    354    272    136    143      0      0      0   0.00   0.00      0   0.00    170   0.00      0   0.00      0      0      0      0      0
08/02/1990   2679   1010   1050    619    667    668    308    228    116    122      0      0      0   0.00   0.00      0   0.00    171   0.00      0   0.00      0      0      0      0      0
08/09/1990   2581    932    997    652    662    624    271    199    120    123      0      0      0   0.00   0.00      0   0.00    171   0.00      0   0.00      0      0      0      0      0
08/16/1990   2530    946   1027    557    579    544    274    199     95     98      0      0      0   0.00   0.00      0   0.00    171   0.00      0   0.00      0      0      0      0      0
08/23/1990   2482    975   1018    489    545    506    205    146     83     84      0      0      0   0.00   0.00      0   0.00    171   0.00      0   0.00      0      0      0      0      0
08/30/1990   2415    933    946    536    479    426    178    127     82     82      0      0      0   0.00   0.00      0   0.00    171   0.00      0   0.00      0      0      0      0      0
09/06/1990   2312    853    841    618    383    352    195    140     91     91      0      0      0   0.00   0.00      0   0.00    171   0.00      0   0.00      0      0      0      0      0
09/13/1990   1984    750    736    498    373    354    209    150     83     85      0      0      0   0.00   0.00      0   0.00    171   0.00      0   0.00      0      0      0      0      0
09/20/1990   1739    657    635    447    404    380    169    114     59     62      0      0      0   0.00   0.00      0   0.00    171   0.00      0   0.00      0      0      0      0      0
09/27/1990   1581    578    583    420    378    331    133     95     52     52      0      0      0   0.00   0.00      0   0.00    171   0.00      0   0.00      0      0      0      0      0
10/04/1990   1505    582    589    334    302    257    120     85     46     46      0      0      0   0.00   0.00      0   0.00    172   0.00      0   0.00      0      0      0      0      0
10/11/1990   1422    573    556    293    253    225     92     62     32     32      0      0      0   0.00   0.00      0   0.00    172   0.00      0   0.00      0      0      0      0      0
10/18/1990   1301    511    478    312    212    182     73     54     31     30      0      0      0   0.00   0.00      0   0.00    172   0.00      0   0.00      0      0      0      0      0
10/25/1990   1135    422    388    325    165    142     66     48     30     31      0      0      0   0.00   0.00      0   0.00    172   0.00      0   0.00      0      0      0      0      0
11/01/1990    916    345    319    252    139    131     65     47     18     18      0      0      0   0.00   0.00      0   0.00    172   0.00      0   0.00      0      0      0      0      0
11/08/1990    700    285    266    149    131    118     34     24      8      8      0      0      0   0.00   0.00      0   0.00    172   0.00      0   0.00      0      0      0      0      0
11/15/1990    570    231    221    118     99     79     16     14      5      7      0      0      0   0.00   0.00      0   0.00    172   0.00      0   0.00      0      0      0      0      0
11/22/1990    478    204    196     78     50     44     11     10      0      1      0      0      0   0.00   0.00      0   0.00    172   0.00      0   0.00      0      0      0      0      0
11/29/1990    380    165    150     65     27     28      0      0      0      0      0      0      0   0.00   0.00      0   0.00    172   0.00      0   0.00      0      0      0      0      0
12/06/1990    303    115    100     88     11      9      0      0      0      0      0      0      0   0.00   0.00      0   0.00    172   0.00      0   0.00      0      0      0      0      0
12/13/1990    166     61     55     50      0      0      0      0      0      0      0      0      0   0.00   0.00      0   0.00    172   0.00      0   0.00      0      0      0      0      0
12/20/1990     94     27     28     39      0      0      0      0      0      0      0      0      0   0.00   0.00      0   0.00    172   0.00      0   0.00      0      0      0      0      0
12/27/1990     67     11      9     47      0      0      0      0      0      0      0      0      0   0.00   0.00      0   0.00    172   0.00      0   0.00      0      0      0      0      0
