Varroa Population Simulation - Dec 11,2015  02:33:12 PM
VarroaPop Version 3.2.5.5  March, 2015

                                        Capped  Capped                                                                      Prop                                                                 
            Colony  Adult  Adult         Drone   Wkr    Drone  Wkr    Drone  Wkr  Free   DBrood WBrood DMite  WMite  Mites  Mites  Colony Pollen Colony Nectar   Dead   Dead   Dead   Dead   Dead
     Date   Size   Drones   Wkr   Forgrs Brood  Brood   Larv   Larv    Eggs  Eggs Mites  Mites  Mites  /Cell  /Cell  Dying  Dying  Pollen  Pest  Nectar  Pest    DLarv  WLarv  DAdlt  WAdlt  Forgrs
Initial     10000      0   5817   4183      0      0      0      0      0      0      0      0      0   0.00   0.00      0   0.00      0   0.00      0   0.00      0      0      0      0      0
01/07/1988   9892      0   3878   6014      0      0      5    363      5    313      0      0      0   0.00   0.00      0   0.00      0   0.00      0   0.00      0      0      0      0      0
01/14/1988   9775      0   1939   7836      5    590     14    608      7    337      0      0      0   0.00   0.00      0   0.00      0   0.00      0   0.00      0      0      0      0      0
01/21/1988   9651      0      0   9651     19   1408     21    691      6    285      0      0      0   0.00   0.00      0   0.00      0   0.00      0   0.00      0      0      0      0      0
01/28/1988   8207      5    676   7526     35   1638     23    658     15    571      0      0      0   0.00   0.00      0   0.00      3   0.00      0   0.00      0      0      0      0      0
02/04/1988   8035     19   1535   6481     44   1797     30    796      8    333      0      0      0   0.00   0.00      0   0.00      4   0.00      0   0.00      0      0      0      0      0
02/11/1988   2424     40   2384      0     53   1970     17    475      0      0      0      0      0   0.00   0.00      0   0.00      5   0.00      0   0.00      0      0      0      0      0
02/18/1988   3573     58   2867    648     47   1286      0     24      0     87      0      0      0   0.00   0.00      0   0.00      5   0.00      0   0.00      0      0      0      0      0
02/25/1988   4430     74   2926   1430     17    445      0    239      2    241      0      0      0   0.00   0.00      0   0.00      5   0.00      0   0.00      0      0      0      0      0
03/03/1988   4630     70   2445   2115      0    469      6    513      3    272      0      0      0   0.00   0.00      0   0.00      5   0.00      0   0.00      0      0      0      0      0
03/10/1988   4015     47   1397   2571      6   1042     11    554      6    339      0      0      0   0.00   0.00      0   0.00      6   0.00      0   0.00      0      0      0      0      0
03/17/1988   3452     17    925   2510     17   1404     14    516      9    383      0      0      0   0.00   0.00      0   0.00      6   0.00      0   0.00      0      0      0      0      0
03/24/1988   2834      6   1254   1574     25   1473     21    700      7    364      0      0      0   0.00   0.00      0   0.00      7   0.00      0   0.00      0      0      0      0      0
03/31/1988   2468     17   1935    516     35   1635     12    474      1    166      0      0      0   0.00   0.00      0   0.00      7   0.00      0   0.00      0      0      0      0      0
04/07/1988   2875     31   2303    541     33   1410      1    224      0    127      0      0      0   0.00   0.00      0   0.00      7   0.00      0   0.00      0      0      0      0      0
04/14/1988   3787     46   2537   1204     13    780      4    335      4    240      0      0      0   0.00   0.00      0   0.00      7   0.00      0   0.00      0      0      0      0      0
04/21/1988   4052     47   2275   1730      5    763     10    420      6    287      0      0      0   0.00   0.00      0   0.00      8   0.00      0   0.00      0      0      0      0      0
04/28/1988   3773     34   1761   1978     14   1069     16    523     11    404      0      0      0   0.00   0.00      0   0.00      8   0.00      0   0.00      0      0      0      0      0
05/05/1988   3565     17   1355   2193     26   1345     24    593      9    351      0      0      0   0.00   0.00      0   0.00      8   0.00      0   0.00      0      0      0      0      0
05/12/1988   3202     15   1470   1717     40   1551     22    564     15    461      0      0      0   0.00   0.00      0   0.00      9   0.00      0   0.00      0      0      0      0      0
05/19/1988   3090     30   1996   1064     46   1600     30    660      9    319      0      0      0   0.00   0.00      0   0.00      9   0.00      0   0.00      0      0      0      0      0
05/26/1988   3215     50   2289    876     52   1649     19    510      6    257      0      0      0   0.00   0.00      0   0.00      9   0.00      0   0.00      0      0      0      0      0
06/02/1988   3858     62   2576   1220     49   1400     14    399     10    321      0      0      0   0.00   0.00      0   0.00     10   0.00      0   0.00      0      0      0      0      0
06/09/1988   4188     76   2579   1533     33   1173     23    515     10    328      0      0      0   0.00   0.00      0   0.00     10   0.00      0   0.00      0      0      0      0      0
06/16/1988   4232     71   2416   1745     37   1239     29    678     15    472      0      0      0   0.00   0.00      0   0.00     10   0.00      0   0.00      0      0      0      0      0
06/23/1988   4059     63   2120   1876     52   1603     36    787     17    486      0      0      0   0.00   0.00      0   0.00     11   0.00      0   0.00      0      0      0      0      0
06/30/1988   3926     56   2016   1854     65   1981     41    827     18    481      0      0      0   0.00   0.00      0   0.00     11   0.00      0   0.00      0      0      0      0      0
07/07/1988   4089     66   2389   1634     77   2098     45    823     18    463      0      0      0   0.00   0.00      0   0.00     12   0.00      0   0.00      0      0      0      0      0
07/14/1988   4367     88   2876   1403     86   2103     41    755     15    395      0      0      0   0.00   0.00      0   0.00     12   0.00      0   0.00      0      0      0      0      0
07/21/1988   4840    106   3289   1445     86   1981     38    689     18    424      0      0      0   0.00   0.00      0   0.00     12   0.00      0   0.00      0      0      0      0      0
07/28/1988   5377    122   3384   1871     79   1829     45    737     23    490      0      0      0   0.00   0.00      0   0.00     13   0.00      0   0.00      0      0      0      0      0
08/04/1988   5653    127   3253   2273     83   1897     58    840     28    512      0      0      0   0.00   0.00      0   0.00     13   0.00      0   0.00      0      0      0      0      0
08/11/1988   5629    124   3094   2411    103   2095     67    862     32    538      0      0      0   0.00   0.00      0   0.00     14   0.00      0   0.00      0      0      0      0      0
08/18/1988   5611    124   3056   2431    125   2238     72    827     33    541      0      0      0   0.00   0.00      0   0.00     14   0.00      0   0.00      0      0      0      0      0
08/25/1988   5668    141   3249   2278    139   2238     77    900     33    537      0      0      0   0.00   0.00      0   0.00     15   0.00      0   0.00      0      0      0      0      0
09/01/1988   5794    170   3495   2129    149   2271     77    900     33    527      0      0      0   0.00   0.00      0   0.00     16   0.00      0   0.00      0      0      0      0      0
09/08/1988   6001    197   3606   2198    154   2328     77    867     33    498      0      0      0   0.00   0.00      0   0.00     16   0.00      0   0.00      0      0      0      0      0
09/15/1988   6303    216   3675   2412    154   2277     77    783     33    475      0      0      0   0.00   0.00      0   0.00     17   0.00      0   0.00      0      0      0      0      0
09/22/1988   6501    226   3698   2577    154   2127     77    780     33    443      0      0      0   0.00   0.00      0   0.00     17   0.00      0   0.00      0      0      0      0      0
09/29/1988   6520    231   3693   2596    154   2007     79    756     36    470      0      0      0   0.00   0.00      0   0.00     18   0.00      0   0.00      0      0      0      0      0
10/06/1988   6388    231   3535   2622    156   1974     86    811     37    459      0      0      0   0.00   0.00      0   0.00     19   0.00      0   0.00      0      0      0      0      0
10/13/1988   6266    231   3350   2685    165   2034     86    746     35    428      0      0      0   0.00   0.00      0   0.00     19   0.00      0   0.00      0      0      0      0      0
10/20/1988   6084    233   3233   2618    172   1994     83    716     40    460      0      0      0   0.00   0.00      0   0.00     20   0.00      0   0.00      0      0      0      0      0
10/27/1988   5947    242   3244   2461    169   1910     92    728     34    384      0      0      0   0.00   0.00      0   0.00     21   0.00      0   0.00      0      0      0      0      0
11/03/1988   5738    251   3208   2279    175   1877     75    561     32    350      0      0      0   0.00   0.00      0   0.00     21   0.00      0   0.00      0      0      0      0      0
11/10/1988   5617    255   3170   2192    167   1634     74    563     27    293      0      0      0   0.00   0.00      0   0.00     22   0.00      0   0.00      0      0      0      0      0
11/17/1988   6039    261   3022   2756    149   1424     60    467     21    233      0      0      0   0.00   0.00      0   0.00     22   0.00      0   0.00      0      0      0      0      0
11/24/1988   6060    250   2788   3022    134   1255     47    370     26    274      0      0      0   0.00   0.00      0   0.00     22   0.00      0   0.00      0      0      0      0      0
12/01/1988   6172    241   2490   3441    107   1082     55    387     24    233      0      0      0   0.00   0.00      0   0.00     23   0.00      0   0.00      0      0      0      0      0
12/08/1988   6502    209   2124   4169    102   1040     54    366     19    188      0      0      0   0.00   0.00      0   0.00     23   0.00      0   0.00      0      0      0      0      0
12/15/1988   6542    181   1899   4462    109    967     50    359     21    209      0      0      0   0.00   0.00      0   0.00     23   0.00      0   0.00      0      0      0      0      0
12/22/1988   6959    162   1702   5095    104    932     56    390     24    225      0      0      0   0.00   0.00      0   0.00     23   0.00      0   0.00      0      0      0      0      0
12/29/1988   7329    156   1594   5579    106   1010     48    277     11    109      0      0      0   0.00   0.00      0   0.00     23   0.00      0   0.00      0      0      0      0      0
01/05/1989   7729    159   1535   6035    104    850     30    227     14    135      0      0      0   0.00   0.00      0   0.00     23   0.00      0   0.00      0      0      0      0      0
01/12/1989   8171    160   1547   6464     78    591     30    231     19    178      0      0      0   0.00   0.00      0   0.00     23   0.00      0   0.00      0      0      0      0      0
01/19/1989   8382    154   1396   6832     60    615     41    248     21    189      0      0      0   0.00   0.00      0   0.00     23   0.00      0   0.00      0      0      0      0      0
01/26/1989   7692    134   1212   6346     71    651     64    434     28    236      0      0      0   0.00   0.00      0   0.00     24   0.00      0   0.00      0      0      0      0      0
02/02/1989   6830    108   1000   5722    105    901     69    420     31    257      0      0      0   0.00   0.00      0   0.00     25   0.00      0   0.00      0      0      0      0      0
02/09/1989   7090    101   1052   5937    133   1119     47    218     18    151      0      0      0   0.00   0.00      0   0.00     25   0.00      0   0.00      0      0      0      0      0
02/16/1989   7295    135   1321   5839    116    804     51    365     30    245      0      0      0   0.00   0.00      0   0.00     26   0.00      0   0.00      0      0      0      0      0
02/23/1989   3168    174   1578   1416     98    720     79    500     20    193      0      0      0   0.00   0.00      0   0.00     27   0.00      0   0.00      0      0      0      0      0
03/02/1989   2368    180   1488    700    130   1056     44    296     12    111      0      0      0   0.00   0.00      0   0.00     27   0.00      0   0.00      0      0      0      0      0
03/09/1989   2636    167   1414   1055    123    918     25    150     15    151      0      0      0   0.00   0.00      0   0.00     27   0.00      0   0.00      0      0      0      0      0
03/16/1989   2915    177   1413   1325     69    571     36    250     15    123      0      0      0   0.00   0.00      0   0.00     27   0.00      0   0.00      0      0      0      0      0
03/23/1989   2491    174   1463    854     61    559     36    235     15    132      0      0      0   0.00   0.00      0   0.00     27   0.00      0   0.00      0      0      0      0      0
03/30/1989   2204    148   1219    837     72    607     31    182     14    122      0      0      0   0.00   0.00      0   0.00     28   0.00      0   0.00      0      0      0      0      0
04/06/1989   2243    105    944   1194     67    550     33    198     18    163      0      0      0   0.00   0.00      0   0.00     28   0.00      0   0.00      0      0      0      0      0
04/13/1989   2059     97    926   1036     64    522     47    316     18    170      0      0      0   0.00   0.00      0   0.00     28   0.00      0   0.00      0      0      0      0      0
04/20/1989   1697    103    911    683     80    690     39    246     15    119      0      0      0   0.00   0.00      0   0.00     28   0.00      0   0.00      0      0      0      0      0
04/27/1989   1634    100    911    623     86    694     27    154      9     78      0      0      0   0.00   0.00      0   0.00     29   0.00      0   0.00      0      0      0      0      0
05/04/1989   1820    111   1008    701     66    473     24    161     15    118      0      0      0   0.00   0.00      0   0.00     29   0.00      0   0.00      0      0      0      0      0
05/11/1989   1847    119   1055    673     51    403     35    201      9     81      0      0      0   0.00   0.00      0   0.00     29   0.00      0   0.00      0      0      0      0      0
05/18/1989   1754    113    926    715     59    466     24    150     12    106      0      0      0   0.00   0.00      0   0.00     29   0.00      0   0.00      0      0      0      0      0
05/25/1989   1667     90    752    825     59    439     28    169     12    102      0      0      0   0.00   0.00      0   0.00     29   0.00      0   0.00      0      0      0      0      0
06/01/1989   1565     86    685    794     52    433     30    179     14    115      0      0      0   0.00   0.00      0   0.00     29   0.00      0   0.00      0      0      0      0      0
06/08/1989   1363     83    722    558     58    456     32    181     10     89      0      0      0   0.00   0.00      0   0.00     30   0.00      0   0.00      0      0      0      0      0
06/15/1989   1280     87    710    483     62    459     22    128      9     75      0      0      0   0.00   0.00      0   0.00     30   0.00      0   0.00      0      0      0      0      0
06/22/1989   1329     82    727    520     54    379     21    124      9     77      0      0      0   0.00   0.00      0   0.00     30   0.00      0   0.00      0      0      0      0      0
06/29/1989   1328     90    726    512     43    324     21    123      7     67      0      0      0   0.00   0.00      0   0.00     30   0.00      0   0.00      0      0      0      0      0
07/06/1989   1241     84    662    495     42    317     15    111      6     69      0      0      0   0.00   0.00      0   0.00     30   0.00      0   0.00      0      0      0      0      0
07/13/1989   1184     75    580    529     36    298     16    116      6     68      0      0      0   0.00   0.00      0   0.00     30   0.00      0   0.00      0      0      0      0      0
07/20/1989   1101     64    514    523     31    296     14    113      7     69      0      0      0   0.00   0.00      0   0.00     30   0.00      0   0.00      0      0      0      0      0
07/27/1989    999     57    497    445     30    297     15    110      6     56      0      0      0   0.00   0.00      0   0.00     31   0.00      0   0.00      0      0      0      0      0
08/03/1989    913     52    482    379     29    284     11     83      3     43      0      0      0   0.00   0.00      0   0.00     31   0.00      0   0.00      0      0      0      0      0
08/10/1989    887     45    478    364     26    236      7     73      3     41      0      0      0   0.00   0.00      0   0.00     31   0.00      0   0.00      0      0      0      0      0
08/17/1989    856     45    463    348     18    194      7     62      2     34      0      0      0   0.00   0.00      0   0.00     31   0.00      0   0.00      0      0      0      0      0
08/24/1989    791     40    410    341     14    171      2     55      0     31      0      0      0   0.00   0.00      0   0.00     31   0.00      0   0.00      0      0      0      0      0
08/31/1989    726     33    350    343      9    148      0     53      0     28      0      0      0   0.00   0.00      0   0.00     31   0.00      0   0.00      0      0      0      0      0
09/07/1989    640     25    290    325      2    137      0     49      0     25      0      0      0   0.00   0.00      0   0.00     31   0.00      0   0.00      0      0      0      0      0
09/14/1989    547     16    257    274      0    129      0     35      0     19      0      0      0   0.00   0.00      0   0.00     31   0.00      0   0.00      0      0      0      0      0
09/21/1989    501      9    229    263      0    106      0     27      0     15      0      0      0   0.00   0.00      0   0.00     31   0.00      0   0.00      0      0      0      0      0
09/28/1989    438      2    211    225      0     78      0     25      0     13      0      0      0   0.00   0.00      0   0.00     31   0.00      0   0.00      0      0      0      0      0
10/05/1989    354      0    183    171      0     65      0     17      0      6      0      0      0   0.00   0.00      0   0.00     31   0.00      0   0.00      0      0      0      0      0
10/12/1989    305      0    148    157      0     50      0     10      0      5      0      0      0   0.00   0.00      0   0.00     31   0.00      0   0.00      0      0      0      0      0
10/19/1989    262      0    116    146      0     31      0      5      0      3      0      0      0   0.00   0.00      0   0.00     31   0.00      0   0.00      0      0      0      0      0
10/26/1989    218      0     88    130      0     19      0      2      0      0      0      0      0   0.00   0.00      0   0.00     31   0.00      0   0.00      0      0      0      0      0
11/02/1989    135      0     65     70      0      8      0      0      0      0      0      0      0   0.00   0.00      0   0.00     31   0.00      0   0.00      0      0      0      0      0
11/09/1989     47      0     39      8      0      1      0      0      0      0      0      0      0   0.00   0.00      0   0.00     31   0.00      0   0.00      0      0      0      0      0
11/16/1989     23      0     21      2      0      0      0      0      0      0      0      0      0   0.00   0.00      0   0.00     31   0.00      0   0.00      0      0      0      0      0
11/23/1989      8      0      8      0      0      0      0      0      0      0      0      0      0   0.00   0.00      0   0.00     31   0.00      0   0.00      0      0      0      0      0
11/30/1989      1      0      1      0      0      0      0      0      0      0      0      0      0   0.00   0.00      0   0.00     31   0.00      0   0.00      0      0      0      0      0
12/07/1989      0      0      0      0      0      0      0      0      0      0      0      0      0   0.00   0.00      0   0.00     31   0.00      0   0.00      0      0      0      0      0
12/14/1989      0      0      0      0      0      0      0      0      0      0      0      0      0   0.00   0.00      0   0.00     31   0.00      0   0.00      0      0      0      0      0
12/21/1989      0      0      0      0      0      0      0      0      0      0      0      0      0   0.00   0.00      0   0.00     31   0.00      0   0.00      0      0      0      0      0
12/28/1989      0      0      0      0      0      0      0      0      0      0      0      0      0   0.00   0.00      0   0.00     31   0.00      0   0.00      0      0      0      0      0
01/04/1990      0      0      0      0      0      0      0      0      0      0      0      0      0   0.00   0.00      0   0.00     31   0.00      0   0.00      0      0      0      0      0
01/11/1990      0      0      0      0      0      0      0      0      0      0      0      0      0   0.00   0.00      0   0.00     31   0.00      0   0.00      0      0      0      0      0
01/18/1990      0      0      0      0      0      0      0      0      0      0      0      0      0   0.00   0.00      0   0.00     31   0.00      0   0.00      0      0      0      0      0
01/25/1990      0      0      0      0      0      0      0      0      0      0      0      0      0   0.00   0.00      0   0.00     31   0.00      0   0.00      0      0      0      0      0
02/01/1990      0      0      0      0      0      0      0      0      0      0      0      0      0   0.00   0.00      0   0.00     31   0.00      0   0.00      0      0      0      0      0
02/08/1990      0      0      0      0      0      0      0      0      0      0      0      0      0   0.00   0.00      0   0.00     31   0.00      0   0.00      0      0      0      0      0
02/15/1990      0      0      0      0      0      0      0      0      0      0      0      0      0   0.00   0.00      0   0.00     31   0.00      0   0.00      0      0      0      0      0
02/22/1990      0      0      0      0      0      0      0      0      0      0      0      0      0   0.00   0.00      0   0.00     31   0.00      0   0.00      0      0      0      0      0
03/01/1990      0      0      0      0      0      0      0      0      0      0      0      0      0   0.00   0.00      0   0.00     31   0.00      0   0.00      0      0      0      0      0
03/08/1990      0      0      0      0      0      0      0      0      0      0      0      0      0   0.00   0.00      0   0.00     31   0.00      0   0.00      0      0      0      0      0
03/15/1990      0      0      0      0      0      0      0      0      0      0      0      0      0   0.00   0.00      0   0.00     31   0.00      0   0.00      0      0      0      0      0
03/22/1990      0      0      0      0      0      0      0      0      0      0      0      0      0   0.00   0.00      0   0.00     31   0.00      0   0.00      0      0      0      0      0
03/29/1990      0      0      0      0      0      0      0      0      0      0      0      0      0   0.00   0.00      0   0.00     31   0.00      0   0.00      0      0      0      0      0
04/05/1990      0      0      0      0      0      0      0      0      0      0      0      0      0   0.00   0.00      0   0.00     31   0.00      0   0.00      0      0      0      0      0
04/12/1990      0      0      0      0      0      0      0      0      0      0      0      0      0   0.00   0.00      0   0.00     31   0.00      0   0.00      0      0      0      0      0
04/19/1990      0      0      0      0      0      0      0      0      0      0      0      0      0   0.00   0.00      0   0.00     31   0.00      0   0.00      0      0      0      0      0
04/26/1990      0      0      0      0      0      0      0      0      0      0      0      0      0   0.00   0.00      0   0.00     31   0.00      0   0.00      0      0      0      0      0
05/03/1990      0      0      0      0      0      0      0      0      0      0      0      0      0   0.00   0.00      0   0.00     31   0.00      0   0.00      0      0      0      0      0
05/10/1990      0      0      0      0      0      0      0      0      0      0      0      0      0   0.00   0.00      0   0.00     31   0.00      0   0.00      0      0      0      0      0
05/17/1990      0      0      0      0      0      0      0      0      0      0      0      0      0   0.00   0.00      0   0.00     31   0.00      0   0.00      0      0      0      0      0
05/24/1990      0      0      0      0      0      0      0      0      0      0      0      0      0   0.00   0.00      0   0.00     31   0.00      0   0.00      0      0      0      0      0
05/31/1990      0      0      0      0      0      0      0      0      0      0      0      0      0   0.00   0.00      0   0.00     31   0.00      0   0.00      0      0      0      0      0
06/07/1990      0      0      0      0      0      0      0      0      0      0      0      0      0   0.00   0.00      0   0.00     31   0.00      0   0.00      0      0      0      0      0
06/14/1990      0      0      0      0      0      0      0      0      0      0      0      0      0   0.00   0.00      0   0.00     31   0.00      0   0.00      0      0      0      0      0
06/21/1990      0      0      0      0      0      0      0      0      0      0      0      0      0   0.00   0.00      0   0.00     31   0.00      0   0.00      0      0      0      0      0
06/28/1990      0      0      0      0      0      0      0      0      0      0      0      0      0   0.00   0.00      0   0.00     31   0.00      0   0.00      0      0      0      0      0
07/05/1990      0      0      0      0      0      0      0      0      0      0      0      0      0   0.00   0.00      0   0.00     31   0.00      0   0.00      0      0      0      0      0
07/12/1990      0      0      0      0      0      0      0      0      0      0      0      0      0   0.00   0.00      0   0.00     31   0.00      0   0.00      0      0      0      0      0
07/19/1990      0      0      0      0      0      0      0      0      0      0      0      0      0   0.00   0.00      0   0.00     31   0.00      0   0.00      0      0      0      0      0
07/26/1990      0      0      0      0      0      0      0      0      0      0      0      0      0   0.00   0.00      0   0.00     31   0.00      0   0.00      0      0      0      0      0
08/02/1990      0      0      0      0      0      0      0      0      0      0      0      0      0   0.00   0.00      0   0.00     31   0.00      0   0.00      0      0      0      0      0
08/09/1990      0      0      0      0      0      0      0      0      0      0      0      0      0   0.00   0.00      0   0.00     31   0.00      0   0.00      0      0      0      0      0
08/16/1990      0      0      0      0      0      0      0      0      0      0      0      0      0   0.00   0.00      0   0.00     31   0.00      0   0.00      0      0      0      0      0
08/23/1990      0      0      0      0      0      0      0      0      0      0      0      0      0   0.00   0.00      0   0.00     31   0.00      0   0.00      0      0      0      0      0
08/30/1990      0      0      0      0      0      0      0      0      0      0      0      0      0   0.00   0.00      0   0.00     31   0.00      0   0.00      0      0      0      0      0
09/06/1990      0      0      0      0      0      0      0      0      0      0      0      0      0   0.00   0.00      0   0.00     31   0.00      0   0.00      0      0      0      0      0
09/13/1990      0      0      0      0      0      0      0      0      0      0      0      0      0   0.00   0.00      0   0.00     31   0.00      0   0.00      0      0      0      0      0
09/20/1990      0      0      0      0      0      0      0      0      0      0      0      0      0   0.00   0.00      0   0.00     31   0.00      0   0.00      0      0      0      0      0
09/27/1990      0      0      0      0      0      0      0      0      0      0      0      0      0   0.00   0.00      0   0.00     31   0.00      0   0.00      0      0      0      0      0
10/04/1990      0      0      0      0      0      0      0      0      0      0      0      0      0   0.00   0.00      0   0.00     31   0.00      0   0.00      0      0      0      0      0
10/11/1990      0      0      0      0      0      0      0      0      0      0      0      0      0   0.00   0.00      0   0.00     31   0.00      0   0.00      0      0      0      0      0
10/18/1990      0      0      0      0      0      0      0      0      0      0      0      0      0   0.00   0.00      0   0.00     31   0.00      0   0.00      0      0      0      0      0
10/25/1990      0      0      0      0      0      0      0      0      0      0      0      0      0   0.00   0.00      0   0.00     31   0.00      0   0.00      0      0      0      0      0
11/01/1990      0      0      0      0      0      0      0      0      0      0      0      0      0   0.00   0.00      0   0.00     31   0.00      0   0.00      0      0      0      0      0
11/08/1990      0      0      0      0      0      0      0      0      0      0      0      0      0   0.00   0.00      0   0.00     31   0.00      0   0.00      0      0      0      0      0
11/15/1990      0      0      0      0      0      0      0      0      0      0      0      0      0   0.00   0.00      0   0.00     31   0.00      0   0.00      0      0      0      0      0
11/22/1990      0      0      0      0      0      0      0      0      0      0      0      0      0   0.00   0.00      0   0.00     31   0.00      0   0.00      0      0      0      0      0
11/29/1990      0      0      0      0      0      0      0      0      0      0      0      0      0   0.00   0.00      0   0.00     31   0.00      0   0.00      0      0      0      0      0
12/06/1990      0      0      0      0      0      0      0      0      0      0      0      0      0   0.00   0.00      0   0.00     31   0.00      0   0.00      0      0      0      0      0
12/13/1990      0      0      0      0      0      0      0      0      0      0      0      0      0   0.00   0.00      0   0.00     31   0.00      0   0.00      0      0      0      0      0
12/20/1990      0      0      0      0      0      0      0      0      0      0      0      0      0   0.00   0.00      0   0.00     31   0.00      0   0.00      0      0      0      0      0
12/27/1990      0      0      0      0      0      0      0      0      0      0      0      0      0   0.00   0.00      0   0.00     31   0.00      0   0.00      0      0      0      0      0
