Varroa Population Simulation - Dec 10,2015  03:19:44 PM
VarroaPop Version 3.2.5.5  March, 2015

                                        Capped  Capped                                                                      Prop                                                                 
            Colony  Adult  Adult         Drone   Wkr    Drone  Wkr    Drone  Wkr  Free   DBrood WBrood DMite  WMite  Mites  Mites  Colony Pollen Colony Nectar   Dead   Dead   Dead   Dead   Dead
     Date   Size   Drones   Wkr   Forgrs Brood  Brood   Larv   Larv    Eggs  Eggs Mites  Mites  Mites  /Cell  /Cell  Dying  Dying  Pollen  Pest  Nectar  Pest    DLarv  WLarv  DAdlt  WAdlt  Forgrs
Initial     10000      0   8400   1600      0      0      0      0      0      0      0      0      0   0.00   0.00      0   0.00      0   0.00      0   0.00      0      0      0      0      0
01/07/1988   9966      0   5600   4366      0      0      0    389      0    387      0      0      0   0.00   0.00      0   0.00      0   0.00      0   0.00      0      0      0      0      0
01/14/1988   9921      0   2800   7121      0    664      1    820      2    485      0      0      0   0.00   0.00      0   0.00      0   0.00      0   0.00      0      0      0      0      0
01/21/1988   9864      0      0   9864      1   1784      7   1022      2    433      0      0      0   0.00   0.00      0   0.00      0   0.00      0   0.00      0      0      0      0      0
01/28/1988    776      0    776      0      8   2356      8    792      0      0      0      0      0   0.00   0.00      0   0.00      1   0.00      0   0.00      0      0      0      0      0
02/04/1988   1970      1   1969      0     15   1955      0      0      0      0      0      0      0   0.00   0.00      0   0.00      1   0.00      0   0.00      0      0      0      0      0
02/11/1988   3247      8   3239      0      8    685      0      0      0      0      0      0      0   0.00   0.00      0   0.00      1   0.00      0   0.00      0      0      0      0      0
02/18/1988   3713     16   3148    549      0      0      0     39      0    138      0      0      0   0.00   0.00      0   0.00      1   0.00      0   0.00      0      0      0      0      0
02/25/1988   2644     15   1955    674      0    126      0    278      0    236      0      0      0   0.00   0.00      0   0.00      1   0.00      0   0.00      0      0      0      0      0
03/03/1988   2127      8    685   1434      0    560      0    474      0    318      0      0      0   0.00   0.00      0   0.00      1   0.00      0   0.00      0      0      0      0      0
03/10/1988    434      0    177    257      0   1052      0    604      0    171      0      0      0   0.00   0.00      0   0.00      1   0.00      0   0.00      0      0      0      0      0
03/17/1988    640      0    640      0      0   1340      0     49      0      0      0      0      0   0.00   0.00      0   0.00      1   0.00      0   0.00      0      0      0      0      0
03/24/1988   1352      0   1352      0      0    677      0      0      0      0      0      0      0   0.00   0.00      0   0.00      1   0.00      0   0.00      0      0      0      0      0
03/31/1988   1982      0   1827    155      0     25      0      0      0     32      0      0      0   0.00   0.00      0   0.00      1   0.00      0   0.00      0      0      0      0      0
04/07/1988   1688      0   1389    299      0     15      0    144      0    138      0      0      0   0.00   0.00      0   0.00      1   0.00      0   0.00      0      0      0      0      0
04/14/1988   1202      0    677    525      0    247      0    285      0    175      0      0      0   0.00   0.00      0   0.00      1   0.00      0   0.00      0      0      0      0      0
04/21/1988    432      0     57    375      0    632      0    346      0    189      0      0      0   0.00   0.00      0   0.00      1   0.00      0   0.00      0      0      0      0      0
04/28/1988    297      0    297      0      0    840      0    210      0      9      0      0      0   0.00   0.00      0   0.00      1   0.00      0   0.00      0      0      0      0      0
05/05/1988    707      0    707      0      0    649      0      0      0      0      0      0      0   0.00   0.00      0   0.00      1   0.00      0   0.00      0      0      0      0      0
05/12/1988   1199      0   1167     32      0    157      0      0      0      2      0      0      0   0.00   0.00      0   0.00      1   0.00      0   0.00      0      0      0      0      0
05/19/1988   1233      0   1059    174      0      0      0     53      0     80      0      0      0   0.00   0.00      0   0.00      1   0.00      0   0.00      0      0      0      0      0
05/26/1988    895      0    649    246      0    100      0    201      0    146      0      0      0   0.00   0.00      0   0.00      1   0.00      0   0.00      0      0      0      0      0
06/02/1988    434      0    159    275      0    396      0    211      0    175      0      0      0   0.00   0.00      0   0.00      1   0.00      0   0.00      0      0      0      0      0
06/09/1988    159      0    133     26      0    590      0    217      0     54      0      0      0   0.00   0.00      0   0.00      1   0.00      0   0.00      0      0      0      0      0
06/16/1988    447      0    447      0      0    535      0     18      0      0      0      0      0   0.00   0.00      0   0.00      1   0.00      0   0.00      0      0      0      0      0
06/23/1988    784      0    782      2      0    216      0      0      0      0      0      0      0   0.00   0.00      0   0.00      1   0.00      0   0.00      0      0      0      0      0
06/30/1988    958      0    861     97      0      6      0     12      0     43      0      0      0   0.00   0.00      0   0.00      1   0.00      0   0.00      0      0      0      0      0
07/07/1988    744      0    553    191      0     37      0    133      0    115      0      0      0   0.00   0.00      0   0.00      1   0.00      0   0.00      0      0      0      0      0
07/14/1988    432      0    216    216      0    243      0    211      0    112      0      0      0   0.00   0.00      0   0.00      1   0.00      0   0.00      0      0      0      0      0
07/21/1988    144      0     61     83      0    470      0    232      0     91      0      0      0   0.00   0.00      0   0.00      1   0.00      0   0.00      0      0      0      0      0
07/28/1988    285      0    285      0      0    538      0     72      0      0      0      0      0   0.00   0.00      0   0.00      1   0.00      0   0.00      0      0      0      0      0
08/04/1988    566      0    566      0      0    329      0      0      0      0      0      0      0   0.00   0.00      0   0.00      1   0.00      0   0.00      0      0      0      0      0
08/11/1988    844      0    793     51      0     47      0      0      0     14      0      0      0   0.00   0.00      0   0.00      1   0.00      0   0.00      0      0      0      0      0
08/18/1988    758      0    610    148      0      7      0     66      0     82      0      0      0   0.00   0.00      0   0.00      1   0.00      0   0.00      0      0      0      0      0
08/25/1988    479      0    329    150      0    125      0    170      0    106      0      0      0   0.00   0.00      0   0.00      1   0.00      0   0.00      0      0      0      0      0
09/01/1988    196      0     61    135      0    353      0    185      0    121      0      0      0   0.00   0.00      0   0.00      1   0.00      0   0.00      0      0      0      0      0
09/08/1988    159      0    155      4      0    482      0    129      0     18      0      0      0   0.00   0.00      0   0.00      1   0.00      0   0.00      0      0      0      0      0
09/15/1988    401      0    401      0      0    381      0      2      0      0      0      0      0   0.00   0.00      0   0.00      1   0.00      0   0.00      0      0      0      0      0
09/22/1988    673      0    659     14      0    111      0      0      0      0      0      0      0   0.00   0.00      0   0.00      1   0.00      0   0.00      0      0      0      0      0
09/29/1988    731      0    629    102      0      0      0     19      0     42      0      0      0   0.00   0.00      0   0.00      1   0.00      0   0.00      0      0      0      0      0
10/06/1988    526      0    383    143      0     44      0    108      0     79      0      0      0   0.00   0.00      0   0.00      1   0.00      0   0.00      0      0      0      0      0
10/13/1988    274      0    111    163      0    205      0    127      0     80      0      0      0   0.00   0.00      0   0.00      1   0.00      0   0.00      0      0      0      0      0
10/20/1988     95      0     61     34      0    324      0    123      0     40      0      0      0   0.00   0.00      0   0.00      1   0.00      0   0.00      0      0      0      0      0
10/27/1988    231      0    231      0      0    307      0     19      0      0      0      0      0   0.00   0.00      0   0.00      1   0.00      0   0.00      0      0      0      0      0
11/03/1988    412      0    412      0      0    145      0      0      0      0      0      0      0   0.00   0.00      0   0.00      1   0.00      0   0.00      0      0      0      0      0
11/10/1988    527      0    487     40      0      9      0      0      0      6      0      0      0   0.00   0.00      0   0.00      1   0.00      0   0.00      0      0      0      0      0
11/17/1988    489      0    326    163      0      2      0     31      0     34      0      0      0   0.00   0.00      0   0.00      1   0.00      0   0.00      0      0      0      0      0
11/24/1988    285      0    145    140      0     54      0     75      0     33      0      0      0   0.00   0.00      0   0.00      1   0.00      0   0.00      0      0      0      0      0
12/01/1988    113      0     15     98      0    145      0     66      0     39      0      0      0   0.00   0.00      0   0.00      1   0.00      0   0.00      0      0      0      0      0
12/08/1988    125      0     67     58      0    183      0     31      0     11      0      0      0   0.00   0.00      0   0.00      1   0.00      0   0.00      0      0      0      0      0
12/15/1988    162      0    162      0      0    127      0     10      0      0      0      0      0   0.00   0.00      0   0.00      1   0.00      0   0.00      0      0      0      0      0
12/22/1988    254      0    250      4      0     43      0      0      0      0      0      0      0   0.00   0.00      0   0.00      1   0.00      0   0.00      0      0      0      0      0
12/29/1988    283      0    225     58      0      7      0      0      0      0      0      0      0   0.00   0.00      0   0.00      1   0.00      0   0.00      0      0      0      0      0
01/05/1989    283      0    137    146      0      0      0     10      0     13      0      0      0   0.00   0.00      0   0.00      1   0.00      0   0.00      0      0      0      0      0
01/12/1989    276      0     43    233      0     16      0     26      0     30      0      0      0   0.00   0.00      0   0.00      1   0.00      0   0.00      0      0      0      0      0
01/19/1989    269      0      7    262      0     63      0     45      0     37      0      0      0   0.00   0.00      0   0.00      1   0.00      0   0.00      0      0      0      0      0
01/26/1989    278      0     23    255      0    107      0     89      0     50      0      0      0   0.00   0.00      0   0.00      1   0.00      0   0.00      0      0      0      0      0
02/02/1989     72      0     72      0      0    180      0     32      0      0      0      0      0   0.00   0.00      0   0.00      1   0.00      0   0.00      0      0      0      0      0
02/09/1989    145      0    145      0      0    139      0      0      0      0      0      0      0   0.00   0.00      0   0.00      1   0.00      0   0.00      0      0      0      0      0
02/16/1989    261      0    246     15      0     15      0      0      0      0      0      0      0   0.00   0.00      0   0.00      1   0.00      0   0.00      0      0      0      0      0
02/23/1989    239      0    212     27      0      0      0      1      0      3      0      0      0   0.00   0.00      0   0.00      1   0.00      0   0.00      0      0      0      0      0
03/02/1989    179      0    139     40      0      2      0     12      0      4      0      0      0   0.00   0.00      0   0.00      1   0.00      0   0.00      0      0      0      0      0
03/09/1989     74      0     15     59      0     16      0     24      0     35      0      0      0   0.00   0.00      0   0.00      1   0.00      0   0.00      0      0      0      0      0
03/16/1989      4      0      4      0      0     63      0     28      0      0      0      0      0   0.00   0.00      0   0.00      1   0.00      0   0.00      0      0      0      0      0
03/23/1989     18      0     18      0      0     77      0      0      0      0      0      0      0   0.00   0.00      0   0.00      1   0.00      0   0.00      0      0      0      0      0
03/30/1989     75      0     75      0      0     20      0      0      0      0      0      0      0   0.00   0.00      0   0.00      1   0.00      0   0.00      0      0      0      0      0
04/06/1989     94      0     91      3      0      0      0      0      0      0      0      0      0   0.00   0.00      0   0.00      1   0.00      0   0.00      0      0      0      0      0
04/13/1989     83      0     77      6      0      0      0      1      0      0      0      0      0   0.00   0.00      0   0.00      1   0.00      0   0.00      0      0      0      0      0
04/20/1989     65      0     20     45      0      1      0      1      0     11      0      0      0   0.00   0.00      0   0.00      1   0.00      0   0.00      0      0      0      0      0
04/27/1989      2      0      0      2      0      8      0     20      0      1      0      0      0   0.00   0.00      0   0.00      1   0.00      0   0.00      0      0      0      0      0
05/04/1989      1      0      1      0      0     28      0      0      0      0      0      0      0   0.00   0.00      0   0.00      1   0.00      0   0.00      0      0      0      0      0
05/11/1989     13      0     13      0      0     16      0      0      0      0      0      0      0   0.00   0.00      0   0.00      1   0.00      0   0.00      0      0      0      0      0
05/18/1989     29      0     29      0      0      0      0      0      0      0      0      0      0   0.00   0.00      0   0.00      1   0.00      0   0.00      0      0      0      0      0
05/25/1989     29      0     28      1      0      0      0      0      0      0      0      0      0   0.00   0.00      0   0.00      1   0.00      0   0.00      0      0      0      0      0
06/01/1989     28      0     16     12      0      0      0      0      0      0      0      0      0   0.00   0.00      0   0.00      1   0.00      0   0.00      0      0      0      0      0
06/08/1989      3      0      0      3      0      0      0      5      0      1      0      0      0   0.00   0.00      0   0.00      1   0.00      0   0.00      0      0      0      0      0
06/15/1989      0      0      0      0      0      6      0      0      0      0      0      0      0   0.00   0.00      0   0.00      1   0.00      0   0.00      0      0      0      0      0
06/22/1989      0      0      0      0      0      6      0      0      0      0      0      0      0   0.00   0.00      0   0.00      1   0.00      0   0.00      0      0      0      0      0
06/29/1989      6      0      6      0      0      0      0      0      0      0      0      0      0   0.00   0.00      0   0.00      1   0.00      0   0.00      0      0      0      0      0
07/06/1989      6      0      6      0      0      0      0      0      0      0      0      0      0   0.00   0.00      0   0.00      1   0.00      0   0.00      0      0      0      0      0
07/13/1989      6      0      6      0      0      0      0      0      0      0      0      0      0   0.00   0.00      0   0.00      1   0.00      0   0.00      0      0      0      0      0
07/20/1989      3      0      0      3      0      0      0      0      0      0      0      0      0   0.00   0.00      0   0.00      1   0.00      0   0.00      0      0      0      0      0
07/27/1989      0      0      0      0      0      0      0      0      0      0      0      0      0   0.00   0.00      0   0.00      1   0.00      0   0.00      0      0      0      0      0
08/03/1989      0      0      0      0      0      0      0      0      0      0      0      0      0   0.00   0.00      0   0.00      1   0.00      0   0.00      0      0      0      0      0
08/10/1989      0      0      0      0      0      0      0      0      0      0      0      0      0   0.00   0.00      0   0.00      1   0.00      0   0.00      0      0      0      0      0
08/17/1989      0      0      0      0      0      0      0      0      0      0      0      0      0   0.00   0.00      0   0.00      1   0.00      0   0.00      0      0      0      0      0
08/24/1989      0      0      0      0      0      0      0      0      0      0      0      0      0   0.00   0.00      0   0.00      1   0.00      0   0.00      0      0      0      0      0
08/31/1989      0      0      0      0      0      0      0      0      0      0      0      0      0   0.00   0.00      0   0.00      1   0.00      0   0.00      0      0      0      0      0
09/07/1989      0      0      0      0      0      0      0      0      0      0      0      0      0   0.00   0.00      0   0.00      1   0.00      0   0.00      0      0      0      0      0
09/14/1989      0      0      0      0      0      0      0      0      0      0      0      0      0   0.00   0.00      0   0.00      1   0.00      0   0.00      0      0      0      0      0
09/21/1989      0      0      0      0      0      0      0      0      0      0      0      0      0   0.00   0.00      0   0.00      1   0.00      0   0.00      0      0      0      0      0
09/28/1989      0      0      0      0      0      0      0      0      0      0      0      0      0   0.00   0.00      0   0.00      1   0.00      0   0.00      0      0      0      0      0
10/05/1989      0      0      0      0      0      0      0      0      0      0      0      0      0   0.00   0.00      0   0.00      1   0.00      0   0.00      0      0      0      0      0
10/12/1989      0      0      0      0      0      0      0      0      0      0      0      0      0   0.00   0.00      0   0.00      1   0.00      0   0.00      0      0      0      0      0
10/19/1989      0      0      0      0      0      0      0      0      0      0      0      0      0   0.00   0.00      0   0.00      1   0.00      0   0.00      0      0      0      0      0
10/26/1989      0      0      0      0      0      0      0      0      0      0      0      0      0   0.00   0.00      0   0.00      1   0.00      0   0.00      0      0      0      0      0
11/02/1989      0      0      0      0      0      0      0      0      0      0      0      0      0   0.00   0.00      0   0.00      1   0.00      0   0.00      0      0      0      0      0
11/09/1989      0      0      0      0      0      0      0      0      0      0      0      0      0   0.00   0.00      0   0.00      1   0.00      0   0.00      0      0      0      0      0
11/16/1989      0      0      0      0      0      0      0      0      0      0      0      0      0   0.00   0.00      0   0.00      1   0.00      0   0.00      0      0      0      0      0
11/23/1989      0      0      0      0      0      0      0      0      0      0      0      0      0   0.00   0.00      0   0.00      1   0.00      0   0.00      0      0      0      0      0
11/30/1989      0      0      0      0      0      0      0      0      0      0      0      0      0   0.00   0.00      0   0.00      1   0.00      0   0.00      0      0      0      0      0
12/07/1989      0      0      0      0      0      0      0      0      0      0      0      0      0   0.00   0.00      0   0.00      1   0.00      0   0.00      0      0      0      0      0
12/14/1989      0      0      0      0      0      0      0      0      0      0      0      0      0   0.00   0.00      0   0.00      1   0.00      0   0.00      0      0      0      0      0
12/21/1989      0      0      0      0      0      0      0      0      0      0      0      0      0   0.00   0.00      0   0.00      1   0.00      0   0.00      0      0      0      0      0
12/28/1989      0      0      0      0      0      0      0      0      0      0      0      0      0   0.00   0.00      0   0.00      1   0.00      0   0.00      0      0      0      0      0
01/04/1990      0      0      0      0      0      0      0      0      0      0      0      0      0   0.00   0.00      0   0.00      1   0.00      0   0.00      0      0      0      0      0
01/11/1990      0      0      0      0      0      0      0      0      0      0      0      0      0   0.00   0.00      0   0.00      1   0.00      0   0.00      0      0      0      0      0
01/18/1990      0      0      0      0      0      0      0      0      0      0      0      0      0   0.00   0.00      0   0.00      1   0.00      0   0.00      0      0      0      0      0
01/25/1990      0      0      0      0      0      0      0      0      0      0      0      0      0   0.00   0.00      0   0.00      1   0.00      0   0.00      0      0      0      0      0
02/01/1990      0      0      0      0      0      0      0      0      0      0      0      0      0   0.00   0.00      0   0.00      1   0.00      0   0.00      0      0      0      0      0
02/08/1990      0      0      0      0      0      0      0      0      0      0      0      0      0   0.00   0.00      0   0.00      1   0.00      0   0.00      0      0      0      0      0
02/15/1990      0      0      0      0      0      0      0      0      0      0      0      0      0   0.00   0.00      0   0.00      1   0.00      0   0.00      0      0      0      0      0
02/22/1990      0      0      0      0      0      0      0      0      0      0      0      0      0   0.00   0.00      0   0.00      1   0.00      0   0.00      0      0      0      0      0
03/01/1990      0      0      0      0      0      0      0      0      0      0      0      0      0   0.00   0.00      0   0.00      1   0.00      0   0.00      0      0      0      0      0
03/08/1990      0      0      0      0      0      0      0      0      0      0      0      0      0   0.00   0.00      0   0.00      1   0.00      0   0.00      0      0      0      0      0
03/15/1990      0      0      0      0      0      0      0      0      0      0      0      0      0   0.00   0.00      0   0.00      1   0.00      0   0.00      0      0      0      0      0
03/22/1990      0      0      0      0      0      0      0      0      0      0      0      0      0   0.00   0.00      0   0.00      1   0.00      0   0.00      0      0      0      0      0
03/29/1990      0      0      0      0      0      0      0      0      0      0      0      0      0   0.00   0.00      0   0.00      1   0.00      0   0.00      0      0      0      0      0
04/05/1990      0      0      0      0      0      0      0      0      0      0      0      0      0   0.00   0.00      0   0.00      1   0.00      0   0.00      0      0      0      0      0
04/12/1990      0      0      0      0      0      0      0      0      0      0      0      0      0   0.00   0.00      0   0.00      1   0.00      0   0.00      0      0      0      0      0
04/19/1990      0      0      0      0      0      0      0      0      0      0      0      0      0   0.00   0.00      0   0.00      1   0.00      0   0.00      0      0      0      0      0
04/26/1990      0      0      0      0      0      0      0      0      0      0      0      0      0   0.00   0.00      0   0.00      1   0.00      0   0.00      0      0      0      0      0
05/03/1990      0      0      0      0      0      0      0      0      0      0      0      0      0   0.00   0.00      0   0.00      1   0.00      0   0.00      0      0      0      0      0
05/10/1990      0      0      0      0      0      0      0      0      0      0      0      0      0   0.00   0.00      0   0.00      1   0.00      0   0.00      0      0      0      0      0
05/17/1990      0      0      0      0      0      0      0      0      0      0      0      0      0   0.00   0.00      0   0.00      1   0.00      0   0.00      0      0      0      0      0
05/24/1990      0      0      0      0      0      0      0      0      0      0      0      0      0   0.00   0.00      0   0.00      1   0.00      0   0.00      0      0      0      0      0
05/31/1990      0      0      0      0      0      0      0      0      0      0      0      0      0   0.00   0.00      0   0.00      1   0.00      0   0.00      0      0      0      0      0
06/07/1990      0      0      0      0      0      0      0      0      0      0      0      0      0   0.00   0.00      0   0.00      1   0.00      0   0.00      0      0      0      0      0
06/14/1990      0      0      0      0      0      0      0      0      0      0      0      0      0   0.00   0.00      0   0.00      1   0.00      0   0.00      0      0      0      0      0
06/21/1990      0      0      0      0      0      0      0      0      0      0      0      0      0   0.00   0.00      0   0.00      1   0.00      0   0.00      0      0      0      0      0
06/28/1990      0      0      0      0      0      0      0      0      0      0      0      0      0   0.00   0.00      0   0.00      1   0.00      0   0.00      0      0      0      0      0
07/05/1990      0      0      0      0      0      0      0      0      0      0      0      0      0   0.00   0.00      0   0.00      1   0.00      0   0.00      0      0      0      0      0
07/12/1990      0      0      0      0      0      0      0      0      0      0      0      0      0   0.00   0.00      0   0.00      1   0.00      0   0.00      0      0      0      0      0
07/19/1990      0      0      0      0      0      0      0      0      0      0      0      0      0   0.00   0.00      0   0.00      1   0.00      0   0.00      0      0      0      0      0
07/26/1990      0      0      0      0      0      0      0      0      0      0      0      0      0   0.00   0.00      0   0.00      1   0.00      0   0.00      0      0      0      0      0
08/02/1990      0      0      0      0      0      0      0      0      0      0      0      0      0   0.00   0.00      0   0.00      1   0.00      0   0.00      0      0      0      0      0
08/09/1990      0      0      0      0      0      0      0      0      0      0      0      0      0   0.00   0.00      0   0.00      1   0.00      0   0.00      0      0      0      0      0
08/16/1990      0      0      0      0      0      0      0      0      0      0      0      0      0   0.00   0.00      0   0.00      1   0.00      0   0.00      0      0      0      0      0
08/23/1990      0      0      0      0      0      0      0      0      0      0      0      0      0   0.00   0.00      0   0.00      1   0.00      0   0.00      0      0      0      0      0
08/30/1990      0      0      0      0      0      0      0      0      0      0      0      0      0   0.00   0.00      0   0.00      1   0.00      0   0.00      0      0      0      0      0
09/06/1990      0      0      0      0      0      0      0      0      0      0      0      0      0   0.00   0.00      0   0.00      1   0.00      0   0.00      0      0      0      0      0
09/13/1990      0      0      0      0      0      0      0      0      0      0      0      0      0   0.00   0.00      0   0.00      1   0.00      0   0.00      0      0      0      0      0
09/20/1990      0      0      0      0      0      0      0      0      0      0      0      0      0   0.00   0.00      0   0.00      1   0.00      0   0.00      0      0      0      0      0
09/27/1990      0      0      0      0      0      0      0      0      0      0      0      0      0   0.00   0.00      0   0.00      1   0.00      0   0.00      0      0      0      0      0
10/04/1990      0      0      0      0      0      0      0      0      0      0      0      0      0   0.00   0.00      0   0.00      1   0.00      0   0.00      0      0      0      0      0
10/11/1990      0      0      0      0      0      0      0      0      0      0      0      0      0   0.00   0.00      0   0.00      1   0.00      0   0.00      0      0      0      0      0
10/18/1990      0      0      0      0      0      0      0      0      0      0      0      0      0   0.00   0.00      0   0.00      1   0.00      0   0.00      0      0      0      0      0
10/25/1990      0      0      0      0      0      0      0      0      0      0      0      0      0   0.00   0.00      0   0.00      1   0.00      0   0.00      0      0      0      0      0
11/01/1990      0      0      0      0      0      0      0      0      0      0      0      0      0   0.00   0.00      0   0.00      1   0.00      0   0.00      0      0      0      0      0
11/08/1990      0      0      0      0      0      0      0      0      0      0      0      0      0   0.00   0.00      0   0.00      1   0.00      0   0.00      0      0      0      0      0
11/15/1990      0      0      0      0      0      0      0      0      0      0      0      0      0   0.00   0.00      0   0.00      1   0.00      0   0.00      0      0      0      0      0
11/22/1990      0      0      0      0      0      0      0      0      0      0      0      0      0   0.00   0.00      0   0.00      1   0.00      0   0.00      0      0      0      0      0
11/29/1990      0      0      0      0      0      0      0      0      0      0      0      0      0   0.00   0.00      0   0.00      1   0.00      0   0.00      0      0      0      0      0
12/06/1990      0      0      0      0      0      0      0      0      0      0      0      0      0   0.00   0.00      0   0.00      1   0.00      0   0.00      0      0      0      0      0
12/13/1990      0      0      0      0      0      0      0      0      0      0      0      0      0   0.00   0.00      0   0.00      1   0.00      0   0.00      0      0      0      0      0
12/20/1990      0      0      0      0      0      0      0      0      0      0      0      0      0   0.00   0.00      0   0.00      1   0.00      0   0.00      0      0      0      0      0
12/27/1990      0      0      0      0      0      0      0      0      0      0      0      0      0   0.00   0.00      0   0.00      1   0.00      0   0.00      0      0      0      0      0
