Varroa Population Simulation - Dec 10,2015  03:17:28 PM
VarroaPop Version 3.2.5.5  March, 2015

                                        Capped  Capped                                                                      Prop                                                                 
            Colony  Adult  Adult         Drone   Wkr    Drone  Wkr    Drone  Wkr  Free   DBrood WBrood DMite  WMite  Mites  Mites  Colony Pollen Colony Nectar   Dead   Dead   Dead   Dead   Dead
     Date   Size   Drones   Wkr   Forgrs Brood  Brood   Larv   Larv    Eggs  Eggs Mites  Mites  Mites  /Cell  /Cell  Dying  Dying  Pollen  Pest  Nectar  Pest    DLarv  WLarv  DAdlt  WAdlt  Forgrs
Initial     10000      0   7770   2230      0      0      0      0      0      0      0      0      0   0.00   0.00      0   0.00      0   0.00      0   0.00      0      0      0      0      0
01/07/1988   9954      0   5180   4774      0      0      0    730      1    688      0      0      0   0.00   0.00      0   0.00      0   0.00      0   0.00      0      0      0      0      0
01/14/1988   9896      0   2590   7306      0   1223      8   1414      6    822      0      0      0   0.00   0.00      0   0.00      0   0.00      0   0.00      0      0      0      0      0
01/21/1988   9827      0      0   9827      8   3148     20   1715      7    725      0      0      0   0.00   0.00      0   0.00      0   0.00      0   0.00      0      0      0      0      0
01/28/1988   1418      0   1418      0     28   3991     25   1677      5    499      0      0      0   0.00   0.00      0   0.00      2   0.00      0   0.00      0      0      0      0      0
02/04/1988   3467      8   3459      0     45   4126      5      0      0      0      0      0      0   0.00   0.00      0   0.00      2   0.00      0   0.00      0      0      0      0      0
02/11/1988   5616     28   5588      0     30   1997      0      0      0      0      0      0      0   0.00   0.00      0   0.00      1   0.00      0   0.00      0      0      0      0      0
02/18/1988   7569     53   6167   1349      5      0      0    123      0    396      0      0      0   0.00   0.00      0   0.00      1   0.00      0   0.00      0      0      0      0      0
02/25/1988   5900     50   4126   1724      0    367      0    940      0    742      0      0      0   0.00   0.00      0   0.00      2   0.00      0   0.00      0      0      0      0      0
03/03/1988   4938     30   1997   2911      0   1784      0   1475      0    835      0      0      0   0.00   0.00      0   0.00      2   0.00      0   0.00      0      0      0      0      0
03/10/1988   2494      5    519   1970      0   3260      3   1728      1    873      0      0      0   0.00   0.00      0   0.00      2   0.00      0   0.00      0      0      0      0      0
03/17/1988   2049      0   2049      0      3   4138      1    924      0    111      0      0      0   0.00   0.00      0   0.00      2   0.00      0   0.00      0      0      0      0      0
03/24/1988   4094      0   4094      0      4   3128      0      0      0      0      0      0      0   0.00   0.00      0   0.00      2   0.00      0   0.00      0      0      0      0      0
03/31/1988   6362      3   5861    498      1    842      0     11      0    169      0      0      0   0.00   0.00      0   0.00      2   0.00      0   0.00      0      0      0      0      0
04/07/1988   6545      4   5173   1368      0     95      0    765      0    789      0      0      0   0.00   0.00      0   0.00      2   0.00      0   0.00      0      0      0      0      0
04/14/1988   5177      4   3128   2045      0   1371      0   1537      0    878      0      0      0   0.00   0.00      0   0.00      2   0.00      0   0.00      0      0      0      0      0
04/21/1988   3309      1   1022   2286      0   3392      0   1463      0    957      0      0      0   0.00   0.00      0   0.00      3   0.00      0   0.00      0      0      0      0      0
04/28/1988   2290      0   1649    641      0   4009      0   1583      0    849      0      0      0   0.00   0.00      0   0.00      3   0.00      0   0.00      0      0      0      0      0
05/05/1988   3786      0   3786      0      0   4092      0    540      0      3      0      0      0   0.00   0.00      0   0.00      3   0.00      0   0.00      0      0      0      0      0
05/12/1988   5992      0   5812    180      0   2429      0      0      0     53      0      0      0   0.00   0.00      0   0.00      3   0.00      0   0.00      0      0      0      0      0
05/19/1988   7787      0   6441   1346      0    350      0    478      0    713      0      0      0   0.00   0.00      0   0.00      3   0.00      0   0.00      0      0      0      0      0
05/26/1988   6528      0   4635   1893      0    914      0   1771      0   1151      0      0      0   0.00   0.00      0   0.00      3   0.00      0   0.00      0      0      0      0      0
06/02/1988   4442      0   2482   1960      0   3408      0   1692      0   1158      0      0      0   0.00   0.00      0   0.00      4   0.00      0   0.00      0      0      0      0      0
06/09/1988   3361      0   1541   1820      0   4680      0   1767      0   1022      0      0      0   0.00   0.00      0   0.00      4   0.00      0   0.00      0      0      0      0      0
06/16/1988   4014      0   3836    178      0   4474      0   1753      0    548      0      0      0   0.00   0.00      0   0.00      4   0.00      0   0.00      0      0      0      0      0
06/23/1988   6311      0   6258     53      0   4189      0    221      0      7      0      0      0   0.00   0.00      0   0.00      4   0.00      0   0.00      0      0      0      0      0
06/30/1988   8572      0   7469   1103      0   2042      0    263      0    608      0      0      0   0.00   0.00      0   0.00      4   0.00      0   0.00      0      0      0      0      0
07/07/1988   9056      0   6775   2281      0    728      0   1735      0   1379      0      0      0   0.00   0.00      0   0.00      4   0.00      0   0.00      0      0      0      0      0
07/14/1988   6519      0   4417   2102      0   3231      0   2485      0   1347      0      0      0   0.00   0.00      0   0.00      5   0.00      0   0.00      0      0      0      0      0
07/21/1988   4875      0   2913   1962      0   5743      0   2412      0   1461      0      0      0   0.00   0.00      0   0.00      5   0.00      0   0.00      0      0      0      0      0
07/28/1988   5397      0   3842   1555      0   6279      0   2396      0   1413      0      0      0   0.00   0.00      0   0.00      6   0.00      0   0.00      0      0      0      0      0
08/04/1988   7118      0   7063     55      0   6301      0   1691      0    259      0      0      0   0.00   0.00      0   0.00      5   0.00      0   0.00      0      0      0      0      0
08/11/1988  10459      0   9616    843      0   4792      0    153      0    420      0      0      0   0.00   0.00      0   0.00      5   0.00      0   0.00      0      0      0      0      0
08/18/1988  12634      0  10088   2546      0   1849      0   1360      0   1382      0      0      0   0.00   0.00      0   0.00      5   0.00      0   0.00      0      0      0      0      0
08/25/1988  11087      0   8251   2836      0   2594      4   2615      3   1684      0      0      0   0.00   0.00      0   0.00      6   0.00      0   0.00      0      0      0      0      0
09/01/1988   8324      0   5365   2959      4   5801      7   2831      4   1738      0      0      0   0.00   0.00      0   0.00      6   0.00      0   0.00      0      0      0      0      0
09/08/1988   7454      0   4591   2863     11   7232     10   2900      3   1658      0      0      0   0.00   0.00      0   0.00      7   0.00      0   0.00      0      0      0      0      0
09/15/1988   7994      4   6893   1097     17   7450      6   2469      0   1144      0      0      0   0.00   0.00      0   0.00      7   0.00      0   0.00      0      0      0      0      0
09/22/1988  10891     11  10370    510     16   6720      0   1044      0    241      0      0      0   0.00   0.00      0   0.00      7   0.00      0   0.00      0      0      0      0      0
09/29/1988  14148     21  11790   2337      6   3925      0    918      0   1083      0      0      0   0.00   0.00      0   0.00      7   0.00      0   0.00      0      0      0      0      0
10/06/1988  14367     23  11063   3281      0   2439      2   2291      3   1475      0      0      0   0.00   0.00      0   0.00      7   0.00      0   0.00      0      0      0      0      0
10/13/1988  11454     16   8005   3433      2   4774     10   2455      6   1414      0      0      0   0.00   0.00      0   0.00      8   0.00      0   0.00      0      0      0      0      0
10/20/1988   9329      6   5926   3397     12   6281     13   2397      6   1562      0      0      0   0.00   0.00      0   0.00      9   0.00      0   0.00      0      0      0      0      0
10/27/1988   8775      2   6205   2568     23   6368     12   2459      2   1234      0      0      0   0.00   0.00      0   0.00      9   0.00      0   0.00      0      0      0      0      0
11/03/1988   9322     12   8643    667     25   6302      2   1603      0    648      0      0      0   0.00   0.00      0   0.00      9   0.00      0   0.00      0      0      0      0      0
11/10/1988  11997     25  10240   1732     14   4877      0    760      0    608      0      0      0   0.00   0.00      0   0.00      9   0.00      0   0.00      0      0      0      0      0
11/17/1988  14491     35  10061   4395      2   2816      0   1316      1    847      0      0      0   0.00   0.00      0   0.00      9   0.00      0   0.00      0      0      0      0      0
11/24/1988  13410     27   8553   4830      0   2810      7   1465      5   1061      0      0      0   0.00   0.00      0   0.00     10   0.00      0   0.00      0      0      0      0      0
12/01/1988  11645     14   6245   5386      7   3847     11   1501      5    888      0      0      0   0.00   0.00      0   0.00     10   0.00      0   0.00      0      0      0      0      0
12/08/1988  12987      2   4979   8006     18   4063     13   1440      7    780      0      0      0   0.00   0.00      0   0.00     10   0.00      0   0.00      0      0      0      0      0
12/15/1988  11892      7   5336   6549     24   3797     18   1466      5    782      0      0      0   0.00   0.00      0   0.00     11   0.00      0   0.00      0      0      0      0      0
12/22/1988  13940     18   6236   7686     31   3723     16   1468      7    852      0      0      0   0.00   0.00      0   0.00     11   0.00      0   0.00      0      0      0      0      0
12/29/1988  15850     31   6283   9536     34   3887     14   1070      2    432      0      0      0   0.00   0.00      0   0.00     10   0.00      0   0.00      0      0      0      0      0
01/05/1989  17791     42   6045  11704     30   3242     10    920      6    571      0      0      0   0.00   0.00      0   0.00     10   0.00      0   0.00      0      0      0      0      0
01/12/1989  19803     47   6043  13713     24   2362     13    987     11    777      0      0      0   0.00   0.00      0   0.00     10   0.00      0   0.00      0      0      0      0      0
01/19/1989  21018     48   5389  15581     23   2602     22   1097     12    853      0      0      0   0.00   0.00      0   0.00      9   0.00      0   0.00      0      0      0      0      0
01/26/1989  17896     40   4733  13123     35   2865     36   1969     14   1044      0      0      0   0.00   0.00      0   0.00     12   0.00      0   0.00      0      0      0      0      0
02/02/1989   6454     37   4126   2291     58   4045     29   1644      0    544      0      0      0   0.00   0.00      0   0.00     13   0.00      0   0.00      0      0      0      0      0
02/09/1989   8144     45   4552   3547     65   4353      0    483      0    401      0      0      0   0.00   0.00      0   0.00     13   0.00      0   0.00      0      0      0      0      0
02/16/1989  10333     71   5878   4384     29   2328      0   1023      2    748      0      0      0   0.00   0.00      0   0.00     13   0.00      0   0.00      0      0      0      0      0
02/23/1989   7576     87   6233   1256      0   1967      7   1601      0    556      0      0      0   0.00   0.00      0   0.00     13   0.00      0   0.00      0      0      0      0      0
03/02/1989   7004     65   5237   1702      7   3213      0    992      0    467      0      0      0   0.00   0.00      0   0.00     13   0.00      0   0.00      0      0      0      0      0
03/09/1989   7404     29   4099   3276      7   2981      0   1069      2   1144      0      0      0   0.00   0.00      0   0.00     14   0.00      0   0.00      0      0      0      0      0
03/16/1989   5939      7   4124   1808      0   2945      3   1607      0    609      0      0      0   0.00   0.00      0   0.00     14   0.00      0   0.00      0      0      0      0      0
03/23/1989   5236      7   4672    557      3   3700      0    889      0    334      0      0      0   0.00   0.00      0   0.00     14   0.00      0   0.00      0      0      0      0      0
03/30/1989   6710      7   5194   1509      3   2767      0    573      0    622      0      0      0   0.00   0.00      0   0.00     14   0.00      0   0.00      0      0      0      0      0
04/06/1989   6718      3   5161   1554      0   1914      0   1146      0    883      0      0      0   0.00   0.00      0   0.00     15   0.00      0   0.00      0      0      0      0      0
04/13/1989   6023      3   4923   1097      0   2593      0   1404      0    696      0      0      0   0.00   0.00      0   0.00     15   0.00      0   0.00      0      0      0      0      0
04/20/1989   5875      3   3962   1910      0   3368      0   1064      0    805      0      0      0   0.00   0.00      0   0.00     15   0.00      0   0.00      0      0      0      0      0
04/27/1989   5393      0   3943   1450      0   3133      0   1345      0    702      0      0      0   0.00   0.00      0   0.00     15   0.00      0   0.00      0      0      0      0      0
05/04/1989   5541      0   4693    848      0   3152      0   1151      0    656      0      0      0   0.00   0.00      0   0.00     16   0.00      0   0.00      0      0      0      0      0
05/11/1989   6329      0   5237   1092      0   3106      0    957      0    425      0      0      0   0.00   0.00      0   0.00     16   0.00      0   0.00      0      0      0      0      0
05/18/1989   6988      0   5180   1808      0   2585      0   1035      0    867      0      0      0   0.00   0.00      0   0.00     16   0.00      0   0.00      0      0      0      0      0
05/25/1989   6457      0   4959   1498      0   2645      0   1399      0    748      0      0      0   0.00   0.00      0   0.00     16   0.00      0   0.00      0      0      0      0      0
06/01/1989   5907      0   4488   1419      0   3374      0   1209      0    757      0      0      0   0.00   0.00      0   0.00     16   0.00      0   0.00      0      0      0      0      0
06/08/1989   5947      0   4487   1460      0   3313      0   1389      0    852      0      0      0   0.00   0.00      0   0.00     16   0.00      0   0.00      0      0      0      0      0
06/15/1989   6128      0   4792   1336      0   3400      0   1320      0    834      0      0      0   0.00   0.00      0   0.00     17   0.00      0   0.00      0      0      0      0      0
06/22/1989   6298      0   5340    958      0   3562      0   1327      0    704      0      0      0   0.00   0.00      0   0.00     17   0.00      0   0.00      0      0      0      0      0
06/29/1989   7106      0   5554   1552      0   3396      0   1076      0    722      0      0      0   0.00   0.00      0   0.00     17   0.00      0   0.00      0      0      0      0      0
07/06/1989   7144      0   5554   1590      0   3068      0   1424      0    943      0      0      0   0.00   0.00      0   0.00     17   0.00      0   0.00      0      0      0      0      0
07/13/1989   7038      0   5593   1445      0   3367      0   1517      0    827      0      0      0   0.00   0.00      0   0.00     17   0.00      0   0.00      0      0      0      0      0
07/20/1989   6869      0   5194   1675      0   3870      0   1403      0    959      0      0      0   0.00   0.00      0   0.00     18   0.00      0   0.00      0      0      0      0      0
07/27/1989   7043      0   5435   1608      0   3793      0   1582      0    887      0      0      0   0.00   0.00      0   0.00     18   0.00      0   0.00      0      0      0      0      0
08/03/1989   7197      0   5711   1486      0   3940      0   1439      0    822      0      0      0   0.00   0.00      0   0.00     18   0.00      0   0.00      0      0      0      0      0
08/10/1989   7580      0   6232   1348      0   3838      0   1352      0    775      0      0      0   0.00   0.00      0   0.00     18   0.00      0   0.00      0      0      0      0      0
08/17/1989   8105      0   6262   1843      0   3559      0   1341      0    878      0      0      0   0.00   0.00      0   0.00     18   0.00      0   0.00      0      0      0      0      0
08/24/1989   7913      0   6201   1712      0   3530      0   1459      0    840      0      0      0   0.00   0.00      0   0.00     19   0.00      0   0.00      0      0      0      0      0
08/31/1989   7772      0   5965   1807      0   3707      0   1372      0    784      0      0      0   0.00   0.00      0   0.00     19   0.00      0   0.00      0      0      0      0      0
09/07/1989   7608      0   5778   1830      0   3635      0   1455      0    852      0      0      0   0.00   0.00      0   0.00     19   0.00      0   0.00      0      0      0      0      0
09/14/1989   7498      0   5829   1669      0   3671      0   1323      0    823      0      0      0   0.00   0.00      0   0.00     19   0.00      0   0.00      0      0      0      0      0
09/21/1989   7990      0   5863   2127      0   3652      0   1228      0    780      0      0      0   0.00   0.00      0   0.00     20   0.00      0   0.00      0      0      0      0      0
09/28/1989   7648      0   5942   1706      0   3339      0   1395      0    693      0      0      0   0.00   0.00      0   0.00     20   0.00      0   0.00      0      0      0      0      0
10/05/1989   7544      0   5817   1727      0   3308      0   1106      0    628      0      0      0   0.00   0.00      0   0.00     20   0.00      0   0.00      0      0      0      0      0
10/12/1989   7269      0   5660   1609      0   3093      0   1145      0    682      0      0      0   0.00   0.00      0   0.00     20   0.00      0   0.00      0      0      0      0      0
10/19/1989   7181      0   5427   1754      0   2887      0   1036      0    682      0      0      0   0.00   0.00      0   0.00     21   0.00      0   0.00      0      0      0      0      0
10/26/1989   6935      0   5042   1893      0   2862      0   1133      0    524      0      0      0   0.00   0.00      0   0.00     21   0.00      0   0.00      0      0      0      0      0
11/02/1989   6355      0   4920   1435      0   2762      0    743      0    409      0      0      0   0.00   0.00      0   0.00     21   0.00      0   0.00      0      0      0      0      0
11/09/1989   6095      0   4605   1490      0   2287      0    733      0    427      0      0      0   0.00   0.00      0   0.00     21   0.00      0   0.00      0      0      0      0      0
11/16/1989   6000      0   4519   1481      0   1885      0    704      0    304      0      0      0   0.00   0.00      0   0.00     22   0.00      0   0.00      0      0      0      0      0
11/23/1989   5267      0   3914   1353      0   1803      0    619      0    372      0      0      0   0.00   0.00      0   0.00     22   0.00      0   0.00      0      0      0      0      0
11/30/1989   5139      0   3447   1692      0   1662      0    530      0    288      0      0      0   0.00   0.00      0   0.00     22   0.00      0   0.00      0      0      0      0      0
12/07/1989   4065      0   2893   1172      0   1514      0    479      0    280      0      0      0   0.00   0.00      0   0.00     22   0.00      0   0.00      0      0      0      0      0
12/14/1989   4502      0   2794   1708      0   1282      0    382      0    188      0      0      0   0.00   0.00      0   0.00     22   0.00      0   0.00      0      0      0      0      0
12/21/1989   4602      0   2480   2122      0   1074      0    319      0    150      0      0      0   0.00   0.00      0   0.00     22   0.00      0   0.00      0      0      0      0      0
12/28/1989   5220      0   2273   2947      0    832      0    227      0    213      0      0      0   0.00   0.00      0   0.00     22   0.00      0   0.00      0      0      0      0      0
01/04/1990   5523      0   1852   3671      0    707      0    447      0    274      0      0      0   0.00   0.00      0   0.00     22   0.00      0   0.00      0      0      0      0      0
01/11/1990   2143      0   1543    600      0    950      0    545      0    389      0      0      0   0.00   0.00      0   0.00     23   0.00      0   0.00      0      0      0      0      0
01/18/1990   2491      0   1272   1219      0   1390      0    354      0    122      0      0      0   0.00   0.00      0   0.00     23   0.00      0   0.00      0      0      0      0      0
01/25/1990   3085      0   1428   1657      0   1191      0    228      0    132      0      0      0   0.00   0.00      0   0.00     23   0.00      0   0.00      0      0      0      0      0
02/01/1990   3630      0   1884   1746      0    636      0    336      0    255      0      0      0   0.00   0.00      0   0.00     23   0.00      0   0.00      0      0      0      0      0
02/08/1990   3819      0   1866   1953      0    770      0    398      0    203      0      0      0   0.00   0.00      0   0.00     23   0.00      0   0.00      0      0      0      0      0
02/15/1990   2518      0   1551    967      0    988      0    379      0     72      0      0      0   0.00   0.00      0   0.00     23   0.00      0   0.00      0      0      0      0      0
02/22/1990   2995      0   1227   1768      0    887      0    193      0    224      0      0      0   0.00   0.00      0   0.00     23   0.00      0   0.00      0      0      0      0      0
03/01/1990   1663      0   1371    292      0    698      0    526      0    177      0      0      0   0.00   0.00      0   0.00     23   0.00      0   0.00      0      0      0      0      0
03/08/1990   1772      0   1439    333      0    982      0    132      0     84      0      0      0   0.00   0.00      0   0.00     23   0.00      0   0.00      0      0      0      0      0
03/15/1990   1869      0   1304    565      0    773      0    126      0    107      0      0      0   0.00   0.00      0   0.00     23   0.00      0   0.00      0      0      0      0      0
03/22/1990   1832      0   1401    431      0    354      0    264      0    148      0      0      0   0.00   0.00      0   0.00     23   0.00      0   0.00      0      0      0      0      0
03/29/1990   1473      0   1198    275      0    533      0    221      0    110      0      0      0   0.00   0.00      0   0.00     23   0.00      0   0.00      0      0      0      0      0
04/05/1990   1362      0   1006    356      0    623      0    129      0     87      0      0      0   0.00   0.00      0   0.00     23   0.00      0   0.00      0      0      0      0      0
04/12/1990   1271      0    766    505      0    432      0    199      0    190      0      0      0   0.00   0.00      0   0.00     24   0.00      0   0.00      0      0      0      0      0
04/19/1990   1022      0    864    158      0    475      0    230      0     51      0      0      0   0.00   0.00      0   0.00     24   0.00      0   0.00      0      0      0      0      0
04/26/1990   1046      0    839    207      0    557      0     84      0     58      0      0      0   0.00   0.00      0   0.00     24   0.00      0   0.00      0      0      0      0      0
05/03/1990   1139      0    821    318      0    322      0    123      0    102      0      0      0   0.00   0.00      0   0.00     24   0.00      0   0.00      0      0      0      0      0
05/10/1990    995      0    756    239      0    290      0    180      0     78      0      0      0   0.00   0.00      0   0.00     24   0.00      0   0.00      0      0      0      0      0
05/17/1990    853      0    699    154      0    401      0    104      0     48      0      0      0   0.00   0.00      0   0.00     24   0.00      0   0.00      0      0      0      0      0
05/24/1990    902      0    547    355      0    335      0     79      0     69      0      0      0   0.00   0.00      0   0.00     24   0.00      0   0.00      0      0      0      0      0
05/31/1990    829      0    548    281      0    237      0    153      0     99      0      0      0   0.00   0.00      0   0.00     24   0.00      0   0.00      0      0      0      0      0
06/07/1990    661      0    553    108      0    329      0    103      0     30      0      0      0   0.00   0.00      0   0.00     24   0.00      0   0.00      0      0      0      0      0
06/14/1990    662      0    483    179      0    319      0     57      0     39      0      0      0   0.00   0.00      0   0.00     24   0.00      0   0.00      0      0      0      0      0
06/21/1990    670      0    489    181      0    176      0     82      0     61      0      0      0   0.00   0.00      0   0.00     24   0.00      0   0.00      0      0      0      0      0
06/28/1990    570      0    462    108      0    196      0     80      0     33      0      0      0   0.00   0.00      0   0.00     24   0.00      0   0.00      0      0      0      0      0
07/05/1990    535      0    415    120      0    213      0     45      0     25      0      0      0   0.00   0.00      0   0.00     24   0.00      0   0.00      0      0      0      0      0
07/12/1990    514      0    319    195      0    144      0     57      0     49      0      0      0   0.00   0.00      0   0.00     24   0.00      0   0.00      0      0      0      0      0
07/19/1990    390      0    309     81      0    140      0     78      0     27      0      0      0   0.00   0.00      0   0.00     24   0.00      0   0.00      0      0      0      0      0
07/26/1990    358      0    283     75      0    178      0     28      0     15      0      0      0   0.00   0.00      0   0.00     24   0.00      0   0.00      0      0      0      0      0
08/02/1990    365      0    250    115      0    119      0     26      0     20      0      0      0   0.00   0.00      0   0.00     24   0.00      0   0.00      0      0      0      0      0
08/09/1990    321      0    245     76      0     70      0     37      0     16      0      0      0   0.00   0.00      0   0.00     24   0.00      0   0.00      0      0      0      0      0
08/16/1990    271      0    221     50      0     82      0     21      0      7      0      0      0   0.00   0.00      0   0.00     24   0.00      0   0.00      0      0      0      0      0
08/23/1990    252      0    165     87      0     67      0     10      0     10      0      0      0   0.00   0.00      0   0.00     24   0.00      0   0.00      0      0      0      0      0
08/30/1990    194      0    123     71      0     37      0     20      0     11      0      0      0   0.00   0.00      0   0.00     24   0.00      0   0.00      0      0      0      0      0
09/06/1990    146      0    110     36      0     42      0     12      0      3      0      0      0   0.00   0.00      0   0.00     24   0.00      0   0.00      0      0      0      0      0
09/13/1990    123      0     87     36      0     38      0      1      0      0      0      0      0   0.00   0.00      0   0.00     24   0.00      0   0.00      0      0      0      0      0
09/20/1990    106      0     68     38      0     12      0      0      0      0      0      0      0   0.00   0.00      0   0.00     24   0.00      0   0.00      0      0      0      0      0
09/27/1990     75      0     57     18      0      0      0      0      0      0      0      0      0   0.00   0.00      0   0.00     24   0.00      0   0.00      0      0      0      0      0
10/04/1990     55      0     39     16      0      0      0      0      0      0      0      0      0   0.00   0.00      0   0.00     24   0.00      0   0.00      0      0      0      0      0
10/11/1990     35      0     12     23      0      0      0      0      0      0      0      0      0   0.00   0.00      0   0.00     24   0.00      0   0.00      0      0      0      0      0
10/18/1990      9      0      0      9      0      0      0      0      0      0      0      0      0   0.00   0.00      0   0.00     24   0.00      0   0.00      0      0      0      0      0
10/25/1990      0      0      0      0      0      0      0      0      0      0      0      0      0   0.00   0.00      0   0.00     24   0.00      0   0.00      0      0      0      0      0
11/01/1990      0      0      0      0      0      0      0      0      0      0      0      0      0   0.00   0.00      0   0.00     24   0.00      0   0.00      0      0      0      0      0
11/08/1990      0      0      0      0      0      0      0      0      0      0      0      0      0   0.00   0.00      0   0.00     24   0.00      0   0.00      0      0      0      0      0
11/15/1990      0      0      0      0      0      0      0      0      0      0      0      0      0   0.00   0.00      0   0.00     24   0.00      0   0.00      0      0      0      0      0
11/22/1990      0      0      0      0      0      0      0      0      0      0      0      0      0   0.00   0.00      0   0.00     24   0.00      0   0.00      0      0      0      0      0
11/29/1990      0      0      0      0      0      0      0      0      0      0      0      0      0   0.00   0.00      0   0.00     24   0.00      0   0.00      0      0      0      0      0
12/06/1990      0      0      0      0      0      0      0      0      0      0      0      0      0   0.00   0.00      0   0.00     24   0.00      0   0.00      0      0      0      0      0
12/13/1990      0      0      0      0      0      0      0      0      0      0      0      0      0   0.00   0.00      0   0.00     24   0.00      0   0.00      0      0      0      0      0
12/20/1990      0      0      0      0      0      0      0      0      0      0      0      0      0   0.00   0.00      0   0.00     24   0.00      0   0.00      0      0      0      0      0
12/27/1990      0      0      0      0      0      0      0      0      0      0      0      0      0   0.00   0.00      0   0.00     24   0.00      0   0.00      0      0      0      0      0
