Varroa Population Simulation - Dec 10,2015  03:18:04 PM
VarroaPop Version 3.2.5.5  March, 2015

                                        Capped  Capped                                                                      Prop                                                                 
            Colony  Adult  Adult         Drone   Wkr    Drone  Wkr    Drone  Wkr  Free   DBrood WBrood DMite  WMite  Mites  Mites  Colony Pollen Colony Nectar   Dead   Dead   Dead   Dead   Dead
     Date   Size   Drones   Wkr   Forgrs Brood  Brood   Larv   Larv    Eggs  Eggs Mites  Mites  Mites  /Cell  /Cell  Dying  Dying  Pollen  Pest  Nectar  Pest    DLarv  WLarv  DAdlt  WAdlt  Forgrs
Initial     10000      0   6174   3826      0      0      0      0      0      0      0      0      0   0.00   0.00      0   0.00      0   0.00      0   0.00      0      0      0      0      0
01/07/1988   9906      0   4116   5790      0      0      2    712      1    625      0      0      0   0.00   0.00      0   0.00      0   0.00      0   0.00      0      0      0      0      0
01/14/1988   9803      0   2058   7745      2   1164      8   1216      5    682      0      0      0   0.00   0.00      0   0.00      0   0.00      0   0.00      0      0      0      0      0
01/21/1988   9691      0      0   9691     10   2805     16   1398      5    579      0      0      0   0.00   0.00      0   0.00      0   0.00      0   0.00      0      0      0      0      0
01/28/1988   8776      2   1337   7437     24   3303     18   1342     13   1158      0      0      0   0.00   0.00      0   0.00      3   0.00      0   0.00      0      0      0      0      0
02/04/1988   9408     10   3062   6336     34   3651     23   1607      4    673      0      0      0   0.00   0.00      0   0.00      4   0.00      0   0.00      0      0      0      0      0
02/11/1988   4808     26   4782      0     41   3993      6    461      0      0      0      0      0   0.00   0.00      0   0.00      4   0.00      0   0.00      0      0      0      0      0
02/18/1988   7154     42   5803   1309     29   2096      0     99      0    309      0      0      0   0.00   0.00      0   0.00      4   0.00      0   0.00      0      0      0      0      0
02/25/1988   8908     57   5931   2920      6    533      0    796      0    768      0      0      0   0.00   0.00      0   0.00      4   0.00      0   0.00      0      0      0      0      0
03/03/1988   8433     47   4454   3932      0   1576      1   1556      1    793      0      0      0   0.00   0.00      0   0.00      5   0.00      0   0.00      0      0      0      0      0
03/10/1988   7454     29   2504   4921      1   3226      5   1592      4    966      0      0      0   0.00   0.00      0   0.00      6   0.00      0   0.00      0      0      0      0      0
03/17/1988   6217      6   2097   4114      6   4097     10   1461      5   1031      0      0      0   0.00   0.00      0   0.00      7   0.00      0   0.00      0      0      0      0      0
03/24/1988   5546      1   3925   1620     15   4183     12   1878      1    902      0      0      0   0.00   0.00      0   0.00      8   0.00      0   0.00      0      0      0      0      0
03/31/1988   6177      6   5784    387     22   4449      1   1022      0    320      0      0      0   0.00   0.00      0   0.00      8   0.00      0   0.00      0      0      0      0      0
04/07/1988   8438     16   6589   1833     13   3448      0    560      0    681      0      0      0   0.00   0.00      0   0.00      8   0.00      0   0.00      0      0      0      0      0
04/14/1988  10507     27   6963   3517      1   1988      0   1560      1    978      0      0      0   0.00   0.00      0   0.00      8   0.00      0   0.00      0      0      0      0      0
04/21/1988  10430     23   5791   4616      0   3186      5   1596      5   1027      0      0      0   0.00   0.00      0   0.00      9   0.00      0   0.00      0      0      0      0      0
04/28/1988   9747     13   4689   5045      5   4305     15   1819      9   1368      0      0      0   0.00   0.00      0   0.00     10   0.00      0   0.00      0      0      0      0      0
05/05/1988   9464      1   4526   4937     20   4785     19   1975      6   1132      0      0      0   0.00   0.00      0   0.00     11   0.00      0   0.00      0      0      0      0      0
05/12/1988   9354      5   5809   3540     34   5220     14   1795      8   1455      0      0      0   0.00   0.00      0   0.00     12   0.00      0   0.00      0      0      0      0      0
05/19/1988   9513     20   7492   2001     33   5168     11   2023      0    958      0      0      0   0.00   0.00      0   0.00     13   0.00      0   0.00      0      0      0      0      0
05/26/1988  11283     39   7892   3352     25   5136      0   1802      2   1186      0      0      0   0.00   0.00      0   0.00     13   0.00      0   0.00      0      0      0      0      0
06/02/1988  12942     48   8470   4424     11   4769      7   1938      8   1476      0      0      0   0.00   0.00      0   0.00     14   0.00      0   0.00      0      0      0      0      0
06/09/1988  13137     44   8149   4944      7   5143     17   2223      7   1311      0      0      0   0.00   0.00      0   0.00     15   0.00      0   0.00      0      0      0      0      0
06/16/1988  13342     25   8124   5193     24   5534     23   2639     14   1782      0      0      0   0.00   0.00      0   0.00     16   0.00      0   0.00      0      0      0      0      0
06/23/1988  13396     18   8183   5195     40   6375     32   2932     14   1758      0      0      0   0.00   0.00      0   0.00     18   0.00      0   0.00      0      0      0      0      0
06/30/1988  13826     24   8677   5125     55   7448     34   2987     14   1720      0      0      0   0.00   0.00      0   0.00     19   0.00      0   0.00      0      0      0      0      0
07/07/1988  14772     47   9955   4770     66   7634     33   2972     12   1690      0      0      0   0.00   0.00      0   0.00     20   0.00      0   0.00      0      0      0      0      0
07/14/1988  16452     72  11065   5315     67   7588     28   2935     13   1710      0      0      0   0.00   0.00      0   0.00     21   0.00      0   0.00      0      0      0      0      0
07/21/1988  17853     89  12155   5609     61   7551     33   3091     15   1928      0      0      0   0.00   0.00      0   0.00     22   0.00      0   0.00      0      0      0      0      0
07/28/1988  18832     99  12296   6437     61   7850     35   3276     18   2037      0      0      0   0.00   0.00      0   0.00     23   0.00      0   0.00      0      0      0      0      0
08/04/1988  19874     95  12233   7546     68   8418     43   3408     21   2027      0      0      0   0.00   0.00      0   0.00     25   0.00      0   0.00      0      0      0      0      0
08/11/1988  20328     94  12570   7664     78   8736     48   3326     21   2039      0      0      0   0.00   0.00      0   0.00     27   0.00      0   0.00      0      0      0      0      0
08/18/1988  20832     96  13163   7573     91   8780     45   3132     21   2050      0      0      0   0.00   0.00      0   0.00     29   0.00      0   0.00      0      0      0      0      0
08/25/1988  21493    111  13853   7529     93   8517     49   3427     21   2089      0      0      0   0.00   0.00      0   0.00     30   0.00      0   0.00      0      0      0      0      0
09/01/1988  22133    126  14101   7906     94   8652     53   3579     24   2187      0      0      0   0.00   0.00      0   0.00     32   0.00      0   0.00      0      0      0      0      0
09/08/1988  22610    136  13962   8512    102   9161     56   3668     24   2149      0      0      0   0.00   0.00      0   0.00     34   0.00      0   0.00      0      0      0      0      0
09/15/1988  22949    142  14033   8774    109   9457     54   3332     23   1985      0      0      0   0.00   0.00      0   0.00     36   0.00      0   0.00      0      0      0      0      0
09/22/1988  23313    147  14418   8748    110   9043     52   3212     20   1785      0      0      0   0.00   0.00      0   0.00     38   0.00      0   0.00      0      0      0      0      0
09/29/1988  23670    158  14978   8534    106   8343     46   3026     21   1872      0      0      0   0.00   0.00      0   0.00     40   0.00      0   0.00      0      0      0      0      0
10/06/1988  23669    163  14774   8732     98   7973     51   3224     21   1836      0      0      0   0.00   0.00      0   0.00     42   0.00      0   0.00      0      0      0      0      0
10/13/1988  23389    162  14040   9187     97   8111     48   3012     20   1732      0      0      0   0.00   0.00      0   0.00     44   0.00      0   0.00      0      0      0      0      0
10/20/1988  22825    152  13241   9432     99   7998     47   2933     24   1919      0      0      0   0.00   0.00      0   0.00     47   0.00      0   0.00      0      0      0      0      0
10/27/1988  22161    149  13033   8979     95   7800     53   3083     18   1648      0      0      0   0.00   0.00      0   0.00     49   0.00      0   0.00      0      0      0      0      0
11/03/1988  21248    145  12855   8248    100   7870     38   2420     16   1519      0      0      0   0.00   0.00      0   0.00     51   0.00      0   0.00      0      0      0      0      0
11/10/1988  20885    146  12850   7889     91   7010     36   2474     14   1303      0      0      0   0.00   0.00      0   0.00     53   0.00      0   0.00      0      0      0      0      0
11/17/1988  23021    148  12531  10342     74   6218     32   2078     12   1028      0      0      0   0.00   0.00      0   0.00     54   0.00      0   0.00      0      0      0      0      0
11/24/1988  23371    138  11809  11424     68   5557     28   1622     15   1204      0      0      0   0.00   0.00      0   0.00     56   0.00      0   0.00      0      0      0      0      0
12/01/1988  24222    127  10787  13308     60   4774     33   1682     14   1016      0      0      0   0.00   0.00      0   0.00     57   0.00      0   0.00      0      0      0      0      0
12/08/1988  26087    106   9324  16657     61   4540     34   1590     12    812      0      0      0   0.00   0.00      0   0.00     58   0.00      0   0.00      0      0      0      0      0
12/15/1988  24198     96   8383  15719     67   4197     32   1535     13    853      0      0      0   0.00   0.00      0   0.00     58   0.00      0   0.00      0      0      0      0      0
12/22/1988  26421     93   7472  18856     66   3979     32   1597     14    924      0      0      0   0.00   0.00      0   0.00     58   0.00      0   0.00      0      0      0      0      0
12/29/1988  28382     95   6942  21345     64   4186     28   1143      6    449      0      0      0   0.00   0.00      0   0.00     58   0.00      0   0.00      0      0      0      0      0
01/05/1989  30368     99   6585  23684     60   3492     18    937      9    564      0      0      0   0.00   0.00      0   0.00     57   0.00      0   0.00      0      0      0      0      0
01/12/1989  32473     98   6500  25875     46   2445     20    961     14    744      0      0      0   0.00   0.00      0   0.00     57   0.00      0   0.00      0      0      0      0      0
01/19/1989  33672     92   5778  27802     38   2563     29   1036     15    794      0      0      0   0.00   0.00      0   0.00     57   0.00      0   0.00      0      0      0      0      0
01/26/1989  33208     78   4993  28137     49   2725     46   1853     20   1033      0      0      0   0.00   0.00      0   0.00     61   0.00      0   0.00      0      0      0      0      0
02/02/1989  28243     66   4150  24027     75   3838     48   1835     21   1144      0      0      0   0.00   0.00      0   0.00     67   0.00      0   0.00      0      0      0      0      0
02/09/1989  29691     67   4393  25231     94   4871     30    984     13    679      0      0      0   0.00   0.00      0   0.00     67   0.00      0   0.00      0      0      0      0      0
02/16/1989  27385     95   5611  21679     78   3565     37   1650     23   1110      0      0      0   0.00   0.00      0   0.00     69   0.00      0   0.00      0      0      0      0      0
02/23/1989  12898    123   6817   5958     67   3260     50   1997     13   1068      0      0      0   0.00   0.00      0   0.00     71   0.00      0   0.00      0      0      0      0      0
03/02/1989   9599    124   6534   2941     87   4659     30   1721      0    544      0      0      0   0.00   0.00      0   0.00     72   0.00      0   0.00      0      0      0      0      0
03/09/1989  10993    115   6325   4553     80   4383      6   1060     11   1046      0      0      0   0.00   0.00      0   0.00     73   0.00      0   0.00      0      0      0      0      0
03/16/1989  12323    117   6325   5881     36   3503     29   1672     13    820      0      0      0   0.00   0.00      0   0.00     74   0.00      0   0.00      0      0      0      0      0
03/23/1989  10596    117   6924   3555     35   3798     32   1463     12    914      0      0      0   0.00   0.00      0   0.00     75   0.00      0   0.00      0      0      0      0      0
03/30/1989  10170     86   6489   3595     61   3948     26   1294     14    849      0      0      0   0.00   0.00      0   0.00     75   0.00      0   0.00      0      0      0      0      0
04/06/1989  11019     65   5995   4959     58   3676     34   1448     23   1144      0      0      0   0.00   0.00      0   0.00     77   0.00      0   0.00      0      0      0      0      0
04/13/1989  10378     67   6175   4136     60   3734     62   2104     29   1162      0      0      0   0.00   0.00      0   0.00     78   0.00      0   0.00      0      0      0      0      0
04/20/1989   9701     87   6091   3523     96   4775     62   1744     26   1008      0      0      0   0.00   0.00      0   0.00     79   0.00      0   0.00      0      0      0      0      0
04/27/1989  10267     92   6268   3907    124   4877     51   1378     21    774      0      0      0   0.00   0.00      0   0.00     79   0.00      0   0.00      0      0      0      0      0
05/04/1989  11036    122   7000   3914    113   3903     62   1585     34   1104      0      0      0   0.00   0.00      0   0.00     80   0.00      0   0.00      0      0      0      0      0
05/11/1989  11639    158   7527   3954    113   3844     86   1918     28    806      0      0      0   0.00   0.00      0   0.00     81   0.00      0   0.00      0      0      0      0      0
05/18/1989  11661    175   7029   4457    148   4492     73   1508     43   1057      0      0      0   0.00   0.00      0   0.00     82   0.00      0   0.00      0      0      0      0      0
05/25/1989  11929    175   6592   5162    159   4320    103   1702     47    996      0      0      0   0.00   0.00      0   0.00     83   0.00      0   0.00      0      0      0      0      0
06/01/1989  11561    199   6568   4794    176   4330    115   1752     59   1144      0      0      0   0.00   0.00      0   0.00     84   0.00      0   0.00      0      0      0      0      0
06/08/1989  11102    221   7057   3824    218   4511    137   1876     56   1034      0      0      0   0.00   0.00      0   0.00     85   0.00      0   0.00      0      0      0      0      0
06/15/1989  11203    262   7018   3923    252   4710    129   1642     64   1068      0      0      0   0.00   0.00      0   0.00     86   0.00      0   0.00      0      0      0      0      0
06/22/1989  11961    291   7226   4444    266   4510    155   1809     76   1133      0      0      0   0.00   0.00      0   0.00     87   0.00      0   0.00      0      0      0      0      0
06/29/1989  12030    355   7421   4254    284   4558    175   1823     71    989      0      0      0   0.00   0.00      0   0.00     88   0.00      0   0.00      0      0      0      0      0
07/06/1989  12167    381   7420   4366    330   4683    174   1673     86   1096      0      0      0   0.00   0.00      0   0.00     89   0.00      0   0.00      0      0      0      0      0
07/13/1989  12454    421   7452   4581    349   4497    208   1854     91   1066      0      0      0   0.00   0.00      0   0.00     90   0.00      0   0.00      0      0      0      0      0
07/20/1989  12498    459   7370   4669    382   4642    220   1777    107   1135      0      0      0   0.00   0.00      0   0.00     91   0.00      0   0.00      0      0      0      0      0
07/27/1989  12418    504   7452   4462    428   4724    252   1862    107   1053      0      0      0   0.00   0.00      0   0.00     92   0.00      0   0.00      0      0      0      0      0
08/03/1989  12594    557   7417   4620    472   4746    247   1674    106    976      0      0      0   0.00   0.00      0   0.00     93   0.00      0   0.00      0      0      0      0      0
08/10/1989  12804    602   7554   4648    499   4505    263   1718    122   1042      0      0      0   0.00   0.00      0   0.00     95   0.00      0   0.00      0      0      0      0      0
08/17/1989  12810    680   7639   4491    510   4382    283   1674    120    953      0      0      0   0.00   0.00      0   0.00     96   0.00      0   0.00      0      0      0      0      0
08/24/1989  12780    719   7396   4665    546   4410    277   1514    119    889      0      0      0   0.00   0.00      0   0.00     97   0.00      0   0.00      0      0      0      0      0
08/31/1989  12749    762   7265   4722    560   4096    288   1511    122    852      0      0      0   0.00   0.00      0   0.00     98   0.00      0   0.00      0      0      0      0      0
09/07/1989  12533    793   7009   4731    565   3892    302   1506    130    868      0      0      0   0.00   0.00      0   0.00     99   0.00      0   0.00      0      0      0      0      0
09/14/1989  12103    823   6813   4467    590   3899    304   1371    137    863      0      0      0   0.00   0.00      0   0.00    100   0.00      0   0.00      0      0      0      0      0
09/21/1989  12381    848   6459   5074    606   3769    298   1275    125    736      0      0      0   0.00   0.00      0   0.00    101   0.00      0   0.00      0      0      0      0      0
09/28/1989  12175    867   6266   5042    602   3425    316   1367    135    762      0      0      0   0.00   0.00      0   0.00    102   0.00      0   0.00      0      0      0      0      0
10/05/1989  11082    894   6133   4055    614   3336    300   1151    109    598      0      0      0   0.00   0.00      0   0.00    103   0.00      0   0.00      0      0      0      0      0
10/12/1989  10559    904   5780   3875    616   3158    272   1085    123    650      0      0      0   0.00   0.00      0   0.00    104   0.00      0   0.00      0      0      0      0      0
10/19/1989  10331    918   5554   3859    572   2815    271    978    121    613      0      0      0   0.00   0.00      0   0.00    105   0.00      0   0.00      0      0      0      0      0
10/26/1989  10062    914   5085   4063    543   2692    277    987     91    452      0      0      0   0.00   0.00      0   0.00    106   0.00      0   0.00      0      0      0      0      0
11/02/1989   9447    888   4893   3666    548   2474    203    678     83    395      0      0      0   0.00   0.00      0   0.00    107   0.00      0   0.00      0      0      0      0      0
11/09/1989   8453    843   4406   3204    480   2041    195    668     76    361      0      0      0   0.00   0.00      0   0.00    108   0.00      0   0.00      0      0      0      0      0
11/16/1989   8215    820   4131   3264    398   1721    186    629     62    287      0      0      0   0.00   0.00      0   0.00    108   0.00      0   0.00      0      0      0      0      0
11/23/1989   7231    751   3547   2933    381   1611    160    535     66    308      0      0      0   0.00   0.00      0   0.00    109   0.00      0   0.00      0      0      0      0      0
11/30/1989   6943    675   3070   3198    346   1461    145    449     50    224      0      0      0   0.00   0.00      0   0.00    110   0.00      0   0.00      0      0      0      0      0
12/07/1989   5948    584   2637   2727    305   1261    115    369     53    242      0      0      0   0.00   0.00      0   0.00    110   0.00      0   0.00      0      0      0      0      0
12/14/1989   5995    541   2454   3000    260   1035    108    332     32    144      0      0      0   0.00   0.00      0   0.00    111   0.00      0   0.00      0      0      0      0      0
12/21/1989   5718    491   2134   3093    223    882     71    234     21    100      0      0      0   0.00   0.00      0   0.00    111   0.00      0   0.00      0      0      0      0      0
12/28/1989   6091    420   1872   3799    179    649     43    142     28    124      0      0      0   0.00   0.00      0   0.00    111   0.00      0   0.00      0      0      0      0      0
01/04/1990   6161    368   1511   4282    114    468     75    257     34    151      0      0      0   0.00   0.00      0   0.00    111   0.00      0   0.00      0      0      0      0      0
01/11/1990   5391    294   1216   3881    118    551     94    298     60    257      0      0      0   0.00   0.00      0   0.00    112   0.00      0   0.00      0      0      0      0      0
01/18/1990   5455    222    915   4318    169    777    149    462     33    142      0      0      0   0.00   0.00      0   0.00    112   0.00      0   0.00      0      0      0      0      0
01/25/1990   5682    189    876   4617    243    980     76    229     27    118      0      0      0   0.00   0.00      0   0.00    112   0.00      0   0.00      0      0      0      0      0
02/01/1990   5325    212   1106   4007    225    763     84    283     49    198      0      0      0   0.00   0.00      0   0.00    112   0.00      0   0.00      0      0      0      0      0
02/08/1990   5677    318   1381   3978    160    670    105    300     36    145      0      0      0   0.00   0.00      0   0.00    112   0.00      0   0.00      0      0      0      0      0
02/15/1990   3486    319   1327   1840    189    768     91    270     12     60      0      0      0   0.00   0.00      0   0.00    113   0.00      0   0.00      0      0      0      0      0
02/22/1990   3798    309   1244   2245    196    654     37    131     29    124      0      0      0   0.00   0.00      0   0.00    113   0.00      0   0.00      0      0      0      0      0
03/01/1990   2826    265   1115   1446    128    481     86    284     34    146      0      0      0   0.00   0.00      0   0.00    113   0.00      0   0.00      0      0      0      0      0
03/08/1990   2175    280   1098    797    123    580     72    203     28    117      0      0      0   0.00   0.00      0   0.00    114   0.00      0   0.00      0      0      0      0      0
03/15/1990   1899    233    909    757    158    621     45    117     14     62      0      0      0   0.00   0.00      0   0.00    114   0.00      0   0.00      0      0      0      0      0
03/22/1990   1890    214    911    765    117    396     41    146     22     93      0      0      0   0.00   0.00      0   0.00    114   0.00      0   0.00      0      0      0      0      0
03/29/1990   1622    195    900    527     86    329     47    140     15     65      0      0      0   0.00   0.00      0   0.00    114   0.00      0   0.00      0      0      0      0      0
04/05/1990   1432    203    800    429     88    371     32     96     12     57      0      0      0   0.00   0.00      0   0.00    114   0.00      0   0.00      0      0      0      0      0
04/12/1990   1386    158    635    593     79    289     27     82     15     64      0      0      0   0.00   0.00      0   0.00    114   0.00      0   0.00      0      0      0      0      0
04/19/1990   1269    133    534    602     59    238     34    113     15     64      0      0      0   0.00   0.00      0   0.00    114   0.00      0   0.00      0      0      0      0      0
04/26/1990   1062    120    524    418     61    262     32     92     11     47      0      0      0   0.00   0.00      0   0.00    115   0.00      0   0.00      0      0      0      0      0
05/03/1990    900    106    435    359     66    257     22     71      9     39      0      0      0   0.00   0.00      0   0.00    115   0.00      0   0.00      0      0      0      0      0
05/10/1990    870     93    415    362     54    198     21     69      7     33      0      0      0   0.00   0.00      0   0.00    115   0.00      0   0.00      0      0      0      0      0
05/17/1990    772     93    401    278     43    172     15     51      4     26      0      0      0   0.00   0.00      0   0.00    115   0.00      0   0.00      0      0      0      0      0
05/24/1990    715     88    367    260     36    147      8     33      1     17      0      0      0   0.00   0.00      0   0.00    115   0.00      0   0.00      0      0      0      0      0
05/31/1990    695     75    300    320     23    103      4     29      3     18      0      0      0   0.00   0.00      0   0.00    115   0.00      0   0.00      0      0      0      0      0
06/07/1990    602     58    249    295     12     77      7     33      3     21      0      0      0   0.00   0.00      0   0.00    115   0.00      0   0.00      0      0      0      0      0
06/14/1990    433     44    197    192     11     82      6     29      0     10      0      0      0   0.00   0.00      0   0.00    115   0.00      0   0.00      0      0      0      0      0
06/21/1990    343     27    150    166     13     77      0     15      0      9      0      0      0   0.00   0.00      0   0.00    115   0.00      0   0.00      0      0      0      0      0
06/28/1990    291     19    131    141      6     50      0     15      0      6      0      0      0   0.00   0.00      0   0.00    115   0.00      0   0.00      0      0      0      0      0
07/05/1990    236     17    121     98      0     37      0      7      0      1      0      0      0   0.00   0.00      0   0.00    115   0.00      0   0.00      0      0      0      0      0
07/12/1990    190     13    101     76      0     24      0      0      0      0      0      0      0   0.00   0.00      0   0.00    115   0.00      0   0.00      0      0      0      0      0
07/19/1990    160      6     71     83      0      6      0      0      0      0      0      0      0   0.00   0.00      0   0.00    115   0.00      0   0.00      0      0      0      0      0
07/26/1990    119      0     45     74      0      0      0      0      0      0      0      0      0   0.00   0.00      0   0.00    115   0.00      0   0.00      0      0      0      0      0
08/02/1990     71      0     24     47      0      0      0      0      0      0      0      0      0   0.00   0.00      0   0.00    115   0.00      0   0.00      0      0      0      0      0
08/09/1990     42      0      6     36      0      0      0      0      0      0      0      0      0   0.00   0.00      0   0.00    115   0.00      0   0.00      0      0      0      0      0
08/16/1990     21      0      0     21      0      0      0      0      0      0      0      0      0   0.00   0.00      0   0.00    115   0.00      0   0.00      0      0      0      0      0
08/23/1990      4      0      0      4      0      0      0      0      0      0      0      0      0   0.00   0.00      0   0.00    115   0.00      0   0.00      0      0      0      0      0
08/30/1990      0      0      0      0      0      0      0      0      0      0      0      0      0   0.00   0.00      0   0.00    115   0.00      0   0.00      0      0      0      0      0
09/06/1990      0      0      0      0      0      0      0      0      0      0      0      0      0   0.00   0.00      0   0.00    115   0.00      0   0.00      0      0      0      0      0
09/13/1990      0      0      0      0      0      0      0      0      0      0      0      0      0   0.00   0.00      0   0.00    115   0.00      0   0.00      0      0      0      0      0
09/20/1990      0      0      0      0      0      0      0      0      0      0      0      0      0   0.00   0.00      0   0.00    115   0.00      0   0.00      0      0      0      0      0
09/27/1990      0      0      0      0      0      0      0      0      0      0      0      0      0   0.00   0.00      0   0.00    115   0.00      0   0.00      0      0      0      0      0
10/04/1990      0      0      0      0      0      0      0      0      0      0      0      0      0   0.00   0.00      0   0.00    115   0.00      0   0.00      0      0      0      0      0
10/11/1990      0      0      0      0      0      0      0      0      0      0      0      0      0   0.00   0.00      0   0.00    115   0.00      0   0.00      0      0      0      0      0
10/18/1990      0      0      0      0      0      0      0      0      0      0      0      0      0   0.00   0.00      0   0.00    115   0.00      0   0.00      0      0      0      0      0
10/25/1990      0      0      0      0      0      0      0      0      0      0      0      0      0   0.00   0.00      0   0.00    115   0.00      0   0.00      0      0      0      0      0
11/01/1990      0      0      0      0      0      0      0      0      0      0      0      0      0   0.00   0.00      0   0.00    115   0.00      0   0.00      0      0      0      0      0
11/08/1990      0      0      0      0      0      0      0      0      0      0      0      0      0   0.00   0.00      0   0.00    115   0.00      0   0.00      0      0      0      0      0
11/15/1990      0      0      0      0      0      0      0      0      0      0      0      0      0   0.00   0.00      0   0.00    115   0.00      0   0.00      0      0      0      0      0
11/22/1990      0      0      0      0      0      0      0      0      0      0      0      0      0   0.00   0.00      0   0.00    115   0.00      0   0.00      0      0      0      0      0
11/29/1990      0      0      0      0      0      0      0      0      0      0      0      0      0   0.00   0.00      0   0.00    115   0.00      0   0.00      0      0      0      0      0
12/06/1990      0      0      0      0      0      0      0      0      0      0      0      0      0   0.00   0.00      0   0.00    115   0.00      0   0.00      0      0      0      0      0
12/13/1990      0      0      0      0      0      0      0      0      0      0      0      0      0   0.00   0.00      0   0.00    115   0.00      0   0.00      0      0      0      0      0
12/20/1990      0      0      0      0      0      0      0      0      0      0      0      0      0   0.00   0.00      0   0.00    115   0.00      0   0.00      0      0      0      0      0
12/27/1990      0      0      0      0      0      0      0      0      0      0      0      0      0   0.00   0.00      0   0.00    115   0.00      0   0.00      0      0      0      0      0
