Varroa Population Simulation - Dec 11,2015  03:55:33 PM
VarroaPop Version 3.2.5.5  March, 2015

                                        Capped  Capped                                                                      Prop                                                                 
            Colony  Adult  Adult         Drone   Wkr    Drone  Wkr    Drone  Wkr  Free   DBrood WBrood DMite  WMite  Mites  Mites  Colony Pollen Colony Nectar   Dead   Dead   Dead   Dead   Dead
     Date   Size   Drones   Wkr   Forgrs Brood  Brood   Larv   Larv    Eggs  Eggs Mites  Mites  Mites  /Cell  /Cell  Dying  Dying  Pollen  Pest  Nectar  Pest    DLarv  WLarv  DAdlt  WAdlt  Forgrs
Initial     10000      0   6552   3448      0      0      0      0      0      0      0      0      0   0.00   0.00      0   0.00      0   0.00      0   0.00      0      0      0      0      0
01/07/1988   9919      0   4368   5551      0      0      1    687      1    609      0      0      0   0.00   0.00      0   0.00      0   0.00      0   0.00      0      0      0      0      0
01/14/1988   9829      0   2184   7645      1   1126      6   1200      5    676      0      0      0   0.00   0.00      0   0.00      0   0.00      0   0.00      0      0      0      0      0
01/21/1988   9729      0      0   9729      7   2747     16   1393      5    579      0      0      0   0.00   0.00      0   0.00      0   0.00      0   0.00      0      0      0      0      0
01/28/1988   8642      1   1296   7345     22   3281     18   1342     13   1153      0      0      0   0.00   0.00      0   0.00      3   0.00      0   0.00      0      0      0      0      0
02/04/1988   3009      7   3002      0     34   3645     23   1598      3    480      0      0      0   0.00   0.00      0   0.00      4   0.00      0   0.00      0      0      0      0      0
02/11/1988   4742     23   4719      0     41   3978      3     28      0      0      0      0      0   0.00   0.00      0   0.00      3   0.00      0   0.00      0      0      0      0      0
02/18/1988   7084     40   5776   1268     26   1653      0     96      0    300      0      0      0   0.00   0.00      0   0.00      3   0.00      0   0.00      0      0      0      0      0
02/25/1988   8317     57   5723   2537      3    282      0    779      0    747      0      0      0   0.00   0.00      0   0.00      4   0.00      0   0.00      0      0      0      0      0
03/03/1988   7538     44   4006   3488      0   1542      0   1429      0    729      0      0      0   0.00   0.00      0   0.00      4   0.00      0   0.00      0      0      0      0      0
03/10/1988   6534     26   2049   4459      0   3034      4   1502      2    912      0      0      0   0.00   0.00      0   0.00      5   0.00      0   0.00      0      0      0      0      0
03/17/1988   5191      3   1808   3380      4   3807      7   1387      3    914      0      0      0   0.00   0.00      0   0.00      6   0.00      0   0.00      0      0      0      0      0
03/24/1988   4340      0   3700    640     11   3899      4   1643      0    553      0      0      0   0.00   0.00      0   0.00      6   0.00      0   0.00      0      0      0      0      0
03/31/1988   5827      4   5448    375     11   3812      0    421      0    105      0      0      0   0.00   0.00      0   0.00      6   0.00      0   0.00      0      0      0      0      0
04/07/1988   7883     11   6108   1764      4   2213      0    510      0    670      0      0      0   0.00   0.00      0   0.00      6   0.00      0   0.00      0      0      0      0      0
04/14/1988   9127     15   6095   3017      0   1262      0   1492      0    906      0      0      0   0.00   0.00      0   0.00      7   0.00      0   0.00      0      0      0      0      0
04/21/1988   8081     11   4338   3732      0   3048      2   1466      2    934      0      0      0   0.00   0.00      0   0.00      7   0.00      0   0.00      0      0      0      0      0
04/28/1988   7316      4   3393   3919      2   3998      7   1648      5   1240      0      0      0   0.00   0.00      0   0.00      8   0.00      0   0.00      0      0      0      0      0
05/05/1988   7089      0   3660   3429      9   4361     10   1751      2    959      0      0      0   0.00   0.00      0   0.00      9   0.00      0   0.00      0      0      0      0      0
05/12/1988   7028      2   5448   1578     17   4649      2   1468      0   1045      0      0      0   0.00   0.00      0   0.00     10   0.00      0   0.00      0      0      0      0      0
05/19/1988   8136      9   6886   1241     12   4278      0   1214      0    539      0      0      0   0.00   0.00      0   0.00     10   0.00      0   0.00      0      0      0      0      0
05/26/1988  10060     19   7071   2970      2   3485      0   1447      0   1120      0      0      0   0.00   0.00      0   0.00     10   0.00      0   0.00      0      0      0      0      0
06/02/1988  10633     19   7162   3452      0   3408      3   1803      5   1332      0      0      0   0.00   0.00      0   0.00     11   0.00      0   0.00      0      0      0      0      0
06/09/1988   9893     12   6031   3850      3   4633      9   1958      4   1175      0      0      0   0.00   0.00      0   0.00     11   0.00      0   0.00      0      0      0      0      0
06/16/1988  10000      2   6052   3946     12   4978     13   2346      9   1581      0      0      0   0.00   0.00      0   0.00     12   0.00      0   0.00      0      0      0      0      0
06/23/1988  10126      3   6543   3580     22   5647     18   2541      6   1476      0      0      0   0.00   0.00      0   0.00     13   0.00      0   0.00      0      0      0      0      0
06/30/1988  10592     12   7766   2814     31   6493     13   2439      3   1325      0      0      0   0.00   0.00      0   0.00     14   0.00      0   0.00      0      0      0      0      0
07/07/1988  11991     25   8905   3061     31   6324      5   2181      2   1279      0      0      0   0.00   0.00      0   0.00     14   0.00      0   0.00      0      0      0      0      0
07/14/1988  13929     40   9664   4225     18   5812      9   2438      8   1526      0      0      0   0.00   0.00      0   0.00     15   0.00      0   0.00      0      0      0      0      0
07/21/1988  14641     44  10257   4340     14   5999     21   2770      9   1705      0      0      0   0.00   0.00      0   0.00     16   0.00      0   0.00      0      0      0      0      0
07/28/1988  14818     36   9784   4998     30   6888     25   2896     12   1789      0      0      0   0.00   0.00      0   0.00     17   0.00      0   0.00      0      0      0      0      0
08/04/1988  15419     27   9776   5616     46   7460     32   3054     15   1801      0      0      0   0.00   0.00      0   0.00     18   0.00      0   0.00      0      0      0      0      0
08/11/1988  15721     35  10474   5212     57   7761     35   2915     14   1758      0      0      0   0.00   0.00      0   0.00     19   0.00      0   0.00      0      0      0      0      0
08/18/1988  16443     55  11573   4815     67   7757     30   2654     12   1695      0      0      0   0.00   0.00      0   0.00     20   0.00      0   0.00      0      0      0      0      0
08/25/1988  17582     78  12315   5189     65   7285     28   2827     14   1755      0      0      0   0.00   0.00      0   0.00     21   0.00      0   0.00      0      0      0      0      0
09/01/1988  18499     92  12434   5973     58   7208     34   3092     15   1939      0      0      0   0.00   0.00      0   0.00     23   0.00      0   0.00      0      0      0      0      0
09/08/1988  18598     97  12106   6395     62   7804     36   3274     16   1921      0      0      0   0.00   0.00      0   0.00     24   0.00      0   0.00      0      0      0      0      0
09/15/1988  18585     93  11867   6625     70   8365     36   2970     15   1773      0      0      0   0.00   0.00      0   0.00     25   0.00      0   0.00      0      0      0      0      0
09/22/1988  18806     92  12239   6475     72   8074     35   2867     15   1586      0      0      0   0.00   0.00      0   0.00     27   0.00      0   0.00      0      0      0      0      0
09/29/1988  19239     98  12999   6142     71   7439     35   2672     15   1637      0      0      0   0.00   0.00      0   0.00     28   0.00      0   0.00      0      0      0      0      0
10/06/1988  19445    106  13108   6231     70   7061     35   2804     15   1595      0      0      0   0.00   0.00      0   0.00     30   0.00      0   0.00      0      0      0      0      0
10/13/1988  19386    107  12527   6752     70   7087     35   2627     15   1520      0      0      0   0.00   0.00      0   0.00     31   0.00      0   0.00      0      0      0      0      0
10/20/1988  18974    106  11748   7120     70   6966     35   2599     15   1717      0      0      0   0.00   0.00      0   0.00     33   0.00      0   0.00      0      0      0      0      0
10/27/1988  18270    105  11460   6705     70   6878     35   2759     14   1470      0      0      0   0.00   0.00      0   0.00     34   0.00      0   0.00      0      0      0      0      0
11/03/1988  17523    105  11234   6184     70   7022     30   2150     12   1349      0      0      0   0.00   0.00      0   0.00     36   0.00      0   0.00      0      0      0      0      0
11/10/1988  17253    105  11282   5866     65   6247     27   2195      9   1150      0      0      0   0.00   0.00      0   0.00     37   0.00      0   0.00      0      0      0      0      0
11/17/1988  19241    105  11107   8029     57   5514     20   1840      9    925      0      0      0   0.00   0.00      0   0.00     38   0.00      0   0.00      0      0      0      0      0
11/24/1988  19596    100  10521   8975     47   4929     20   1472     11   1093      0      0      0   0.00   0.00      0   0.00     39   0.00      0   0.00      0      0      0      0      0
12/01/1988  20231     92   9592  10547     40   4290     25   1540     11    935      0      0      0   0.00   0.00      0   0.00     40   0.00      0   0.00      0      0      0      0      0
12/08/1988  20854     77   8279  12498     45   4143     26   1446      9    734      0      0      0   0.00   0.00      0   0.00     40   0.00      0   0.00      0      0      0      0      0
12/15/1988  20481     67   7494  12920     51   3830     24   1381     10    797      0      0      0   0.00   0.00      0   0.00     41   0.00      0   0.00      0      0      0      0      0
12/22/1988  22528     65   6765  15698     50   3611     29   1495     12    870      0      0      0   0.00   0.00      0   0.00     41   0.00      0   0.00      0      0      0      0      0
12/29/1988  24314     71   6323  17920     53   3872     23   1078      5    425      0      0      0   0.00   0.00      0   0.00     40   0.00      0   0.00      0      0      0      0      0
01/05/1989  26132     75   6008  20049     52   3284     16    889      8    536      0      0      0   0.00   0.00      0   0.00     40   0.00      0   0.00      0      0      0      0      0
01/12/1989  28121     79   5976  22066     39   2315     18    914     12    710      0      0      0   0.00   0.00      0   0.00     40   0.00      0   0.00      0      0      0      0      0
01/19/1989  29267     76   5375  23816     34   2437     24    993     13    760      0      0      0   0.00   0.00      0   0.00     40   0.00      0   0.00      0      0      0      0      0
01/26/1989  27533     68   4709  22756     42   2604     39   1767     16    971      0      0      0   0.00   0.00      0   0.00     43   0.00      0   0.00      0      0      0      0      0
02/02/1989  21396     57   3939  17400     63   3656     40   1733     17   1035      0      0      0   0.00   0.00      0   0.00     48   0.00      0   0.00      0      0      0      0      0
02/09/1989  22811     58   4190  18563     79   4577     25    891      9    620      0      0      0   0.00   0.00      0   0.00     48   0.00      0   0.00      0      0      0      0      0
02/16/1989  11872     81   5342   6449     65   3288     29   1509     17   1016      0      0      0   0.00   0.00      0   0.00     48   0.00      0   0.00      0      0      0      0      0
02/23/1989  11569    103   6424   5042     54   2975     25   1592      6    982      0      0      0   0.00   0.00      0   0.00     50   0.00      0   0.00      0      0      0      0      0
03/02/1989   8623    104   6088   2431     54   4025     10   1382      0    480      0      0      0   0.00   0.00      0   0.00     50   0.00      0   0.00      0      0      0      0      0
03/09/1989   9807     94   5813   3900     35   3566      0    977      3    979      0      0      0   0.00   0.00      0   0.00     51   0.00      0   0.00      0      0      0      0      0
03/16/1989   9733     79   5549   4105     10   3018      7   1566      2    752      0      0      0   0.00   0.00      0   0.00     52   0.00      0   0.00      0      0      0      0      0
03/23/1989   8573     64   5887   2622      7   3561      2   1283      0    796      0      0      0   0.00   0.00      0   0.00     53   0.00      0   0.00      0      0      0      0      0
03/30/1989   8374     35   5522   2817      9   3585      0   1099      0    729      0      0      0   0.00   0.00      0   0.00     53   0.00      0   0.00      0      0      0      0      0
04/06/1989   8813     17   5336   3460      2   3181      1   1311      3   1004      0      0      0   0.00   0.00      0   0.00     54   0.00      0   0.00      0      0      0      0      0
04/13/1989   8461      9   5640   2812      1   3286      7   1821      0    976      0      0      0   0.00   0.00      0   0.00     55   0.00      0   0.00      0      0      0      0      0
04/20/1989   7890      9   5413   2468      8   4193      0   1460      0    835      0      0      0   0.00   0.00      0   0.00     55   0.00      0   0.00      0      0      0      0      0
04/27/1989   8751      3   5496   3252      7   4137      0   1200      0    730      0      0      0   0.00   0.00      0   0.00     56   0.00      0   0.00      0      0      0      0      0
05/04/1989   8975      8   6083   2884      0   3357      4   1456      3    976      0      0      0   0.00   0.00      0   0.00     56   0.00      0   0.00      0      0      0      0      0
05/11/1989   9414      8   6488   2918      4   3482      7   1687      3    707      0      0      0   0.00   0.00      0   0.00     57   0.00      0   0.00      0      0      0      0      0
05/18/1989   9473      7   6067   3399     11   3995      8   1324      6    946      0      0      0   0.00   0.00      0   0.00     57   0.00      0   0.00      0      0      0      0      0
05/25/1989   9531      4   5789   3738     15   3805     17   1543     10    906      0      0      0   0.00   0.00      0   0.00     58   0.00      0   0.00      0      0      0      0      0
06/01/1989   9201     11   5876   3314     25   3879     24   1568     13   1002      0      0      0   0.00   0.00      0   0.00     59   0.00      0   0.00      0      0      0      0      0
06/08/1989   9042     19   6265   2758     41   4051     29   1619     12    893      0      0      0   0.00   0.00      0   0.00     60   0.00      0   0.00      0      0      0      0      0
06/15/1989   9388     32   6254   3102     53   4113     28   1446     15    966      0      0      0   0.00   0.00      0   0.00     60   0.00      0   0.00      0      0      0      0      0
06/22/1989   9831     49   6449   3333     57   3942     37   1678     19   1042      0      0      0   0.00   0.00      0   0.00     61   0.00      0   0.00      0      0      0      0      0
06/29/1989   9706     70   6563   3073     65   4148     43   1649     16    880      0      0      0   0.00   0.00      0   0.00     62   0.00      0   0.00      0      0      0      0      0
07/06/1989   9991     81   6525   3385     80   4278     42   1510     25   1015      0      0      0   0.00   0.00      0   0.00     63   0.00      0   0.00      0      0      0      0      0
07/13/1989  10211     94   6662   3455     85   4069     61   1713     27    981      0      0      0   0.00   0.00      0   0.00     63   0.00      0   0.00      0      0      0      0      0
07/20/1989  10230    108   6677   3445    103   4265     68   1637     33   1038      0      0      0   0.00   0.00      0   0.00     64   0.00      0   0.00      0      0      0      0      0
07/27/1989  10231    122   6803   3306    129   4353     77   1698     33    949      0      0      0   0.00   0.00      0   0.00     65   0.00      0   0.00      0      0      0      0      0
08/03/1989  10558    146   6763   3649    145   4338     77   1540     35    918      0      0      0   0.00   0.00      0   0.00     66   0.00      0   0.00      0      0      0      0      0
08/10/1989  10663    171   6940   3552    154   4131     90   1631     43    983      0      0      0   0.00   0.00      0   0.00     66   0.00      0   0.00      0      0      0      0      0
08/17/1989  10649    206   7000   3443    167   4116     99   1568     42    888      0      0      0   0.00   0.00      0   0.00     67   0.00      0   0.00      0      0      0      0      0
08/24/1989  10705    222   6796   3687    189   4150     99   1430     44    853      0      0      0   0.00   0.00      0   0.00     68   0.00      0   0.00      0      0      0      0      0
08/31/1989  10648    244   6745   3659    198   3856    109   1449     46    813      0      0      0   0.00   0.00      0   0.00     69   0.00      0   0.00      0      0      0      0      0
09/07/1989  10516    266   6572   3678    208   3715    114   1441     50    831      0      0      0   0.00   0.00      0   0.00     70   0.00      0   0.00      0      0      0      0      0
09/14/1989  10147    288   6433   3426    223   3732    118   1311     53    822      0      0      0   0.00   0.00      0   0.00     70   0.00      0   0.00      0      0      0      0      0
09/21/1989  10548    307   6118   4123    232   3604    116   1222     50    727      0      0      0   0.00   0.00      0   0.00     71   0.00      0   0.00      0      0      0      0      0
09/28/1989  10411    322   5987   4102    234   3290    129   1355     57    760      0      0      0   0.00   0.00      0   0.00     72   0.00      0   0.00      0      0      0      0      0
10/05/1989   9411    341   5865   3205    245   3278    121   1100     45    580      0      0      0   0.00   0.00      0   0.00     73   0.00      0   0.00      0      0      0      0      0
10/12/1989   9022    348   5553   3121    250   3085    113   1059     51    641      0      0      0   0.00   0.00      0   0.00     73   0.00      0   0.00      0      0      0      0      0
10/19/1989   8878    363   5405   3110    234   2721    114    966     51    606      0      0      0   0.00   0.00      0   0.00     74   0.00      0   0.00      0      0      0      0      0
10/26/1989   8629    366   4958   3305    227   2650    117    980     38    452      0      0      0   0.00   0.00      0   0.00     75   0.00      0   0.00      0      0      0      0      0
11/02/1989   7874    363   4785   2726    231   2455     84    674     33    388      0      0      0   0.00   0.00      0   0.00     75   0.00      0   0.00      0      0      0      0      0
11/09/1989   7358    348   4293   2717    201   2033     78    649     33    359      0      0      0   0.00   0.00      0   0.00     76   0.00      0   0.00      0      0      0      0      0
11/16/1989   7071    344   4082   2645    162   1696     79    641     25    285      0      0      0   0.00   0.00      0   0.00     77   0.00      0   0.00      0      0      0      0      0
11/23/1989   6239    315   3517   2407    157   1607     68    532     28    306      0      0      0   0.00   0.00      0   0.00     77   0.00      0   0.00      0      0      0      0      0
11/30/1989   5882    279   3041   2562    147   1468     60    451     20    227      0      0      0   0.00   0.00      0   0.00     78   0.00      0   0.00      0      0      0      0      0
12/07/1989   4992    241   2622   2129    128   1264     46    369     22    246      0      0      0   0.00   0.00      0   0.00     78   0.00      0   0.00      0      0      0      0      0
12/14/1989   5123    225   2445   2453    106   1044     43    320     13    136      0      0      0   0.00   0.00      0   0.00     78   0.00      0   0.00      0      0      0      0      0
12/21/1989   5048    207   2146   2695     89    868     30    232      9    104      0      0      0   0.00   0.00      0   0.00     79   0.00      0   0.00      0      0      0      0      0
12/28/1989   5478    174   1879   3425     73    630     17    151     13    133      0      0      0   0.00   0.00      0   0.00     79   0.00      0   0.00      0      0      0      0      0
01/04/1990   5593    149   1500   3944     47    486     33    273     16    161      0      0      0   0.00   0.00      0   0.00     79   0.00      0   0.00      0      0      0      0      0
01/11/1990   4457    119   1204   3134     50    586     45    322     29    279      0      0      0   0.00   0.00      0   0.00     79   0.00      0   0.00      0      0      0      0      0
01/18/1990   4594     90    914   3590     78    834     69    473     14    143      0      0      0   0.00   0.00      0   0.00     79   0.00      0   0.00      0      0      0      0      0
01/25/1990   4881     80    920   3881    114   1025     33    233     12    122      0      0      0   0.00   0.00      0   0.00     79   0.00      0   0.00      0      0      0      0      0
02/01/1990   5115     95   1187   3833    102    773     37    294     24    216      0      0      0   0.00   0.00      0   0.00     80   0.00      0   0.00      0      0      0      0      0
02/08/1990   3317    147   1450   1720     70    699     45    281     10    101      0      0      0   0.00   0.00      0   0.00     80   0.00      0   0.00      0      0      0      0      0
02/15/1990   3338    147   1380   1811     82    740     30    226      5     66      0      0      0   0.00   0.00      0   0.00     80   0.00      0   0.00      0      0      0      0      0
02/22/1990   3676    139   1283   2254     75    558     17    145     14    139      0      0      0   0.00   0.00      0   0.00     80   0.00      0   0.00      0      0      0      0      0
03/01/1990   2508    115   1081   1312     47    477     35    283     15    156      0      0      0   0.00   0.00      0   0.00     81   0.00      0   0.00      0      0      0      0      0
03/08/1990   1787    112   1032    643     52    607     32    222     10     98      0      0      0   0.00   0.00      0   0.00     81   0.00      0   0.00      0      0      0      0      0
03/15/1990   1661     92    842    727     67    632     16    101      5     62      0      0      0   0.00   0.00      0   0.00     81   0.00      0   0.00      0      0      0      0      0
03/22/1990   1636     82    916    638     48    387     17    155      9     97      0      0      0   0.00   0.00      0   0.00     81   0.00      0   0.00      0      0      0      0      0
03/29/1990   1345     84    927    334     33    335     17    124      3     53      0      0      0   0.00   0.00      0   0.00     81   0.00      0   0.00      0      0      0      0      0
04/05/1990   1248     83    795    370     34    359      7     78      3     52      0      0      0   0.00   0.00      0   0.00     81   0.00      0   0.00      0      0      0      0      0
04/12/1990   1256     65    639    552     24    243      7     84      6     70      0      0      0   0.00   0.00      0   0.00     81   0.00      0   0.00      0      0      0      0      0
04/19/1990   1050     50    512    488     14    227     13    122      5     63      0      0      0   0.00   0.00      0   0.00     81   0.00      0   0.00      0      0      0      0      0
04/26/1990    844     41    489    314     20    277      8     88      3     41      0      0      0   0.00   0.00      0   0.00     82   0.00      0   0.00      0      0      0      0      0
05/03/1990    749     31    397    321     21    255      4     63      1     36      0      0      0   0.00   0.00      0   0.00     82   0.00      0   0.00      0      0      0      0      0
05/10/1990    712     27    412    273     12    180      4     68      0     33      0      0      0   0.00   0.00      0   0.00     82   0.00      0   0.00      0      0      0      0      0
05/17/1990    620     28    406    186      8    164      0     42      0     18      0      0      0   0.00   0.00      0   0.00     82   0.00      0   0.00      0      0      0      0      0
05/24/1990    600     25    354    221      4    133      0     27      0     16      0      0      0   0.00   0.00      0   0.00     82   0.00      0   0.00      0      0      0      0      0
05/31/1990    595     16    281    298      0     83      0     29      0     19      0      0      0   0.00   0.00      0   0.00     82   0.00      0   0.00      0      0      0      0      0
06/07/1990    474      8    224    242      0     74      0     36      0     20      0      0      0   0.00   0.00      0   0.00     82   0.00      0   0.00      0      0      0      0      0
06/14/1990    320      4    176    140      0     86      0     27      0     10      0      0      0   0.00   0.00      0   0.00     82   0.00      0   0.00      0      0      0      0      0
06/21/1990    265      0    131    134      0     77      0     14      0      9      0      0      0   0.00   0.00      0   0.00     82   0.00      0   0.00      0      0      0      0      0
06/28/1990    227      0    130     97      0     47      0     11      0      4      0      0      0   0.00   0.00      0   0.00     82   0.00      0   0.00      0      0      0      0      0
07/05/1990    185      0    123     62      0     31      0      3      0      0      0      0      0   0.00   0.00      0   0.00     82   0.00      0   0.00      0      0      0      0      0
07/12/1990    165      0    100     65      0     14      0      0      0      0      0      0      0   0.00   0.00      0   0.00     82   0.00      0   0.00      0      0      0      0      0
07/19/1990    137      0     62     75      0      2      0      0      0      0      0      0      0   0.00   0.00      0   0.00     82   0.00      0   0.00      0      0      0      0      0
07/26/1990     92      0     34     58      0      0      0      0      0      0      0      0      0   0.00   0.00      0   0.00     82   0.00      0   0.00      0      0      0      0      0
08/02/1990     48      0     14     34      0      0      0      0      0      0      0      0      0   0.00   0.00      0   0.00     82   0.00      0   0.00      0      0      0      0      0
08/09/1990     26      0      2     24      0      0      0      0      0      0      0      0      0   0.00   0.00      0   0.00     82   0.00      0   0.00      0      0      0      0      0
08/16/1990      8      0      0      8      0      0      0      0      0      0      0      0      0   0.00   0.00      0   0.00     82   0.00      0   0.00      0      0      0      0      0
08/23/1990      0      0      0      0      0      0      0      0      0      0      0      0      0   0.00   0.00      0   0.00     82   0.00      0   0.00      0      0      0      0      0
08/30/1990      0      0      0      0      0      0      0      0      0      0      0      0      0   0.00   0.00      0   0.00     82   0.00      0   0.00      0      0      0      0      0
09/06/1990      0      0      0      0      0      0      0      0      0      0      0      0      0   0.00   0.00      0   0.00     82   0.00      0   0.00      0      0      0      0      0
09/13/1990      0      0      0      0      0      0      0      0      0      0      0      0      0   0.00   0.00      0   0.00     82   0.00      0   0.00      0      0      0      0      0
09/20/1990      0      0      0      0      0      0      0      0      0      0      0      0      0   0.00   0.00      0   0.00     82   0.00      0   0.00      0      0      0      0      0
09/27/1990      0      0      0      0      0      0      0      0      0      0      0      0      0   0.00   0.00      0   0.00     82   0.00      0   0.00      0      0      0      0      0
10/04/1990      0      0      0      0      0      0      0      0      0      0      0      0      0   0.00   0.00      0   0.00     82   0.00      0   0.00      0      0      0      0      0
10/11/1990      0      0      0      0      0      0      0      0      0      0      0      0      0   0.00   0.00      0   0.00     82   0.00      0   0.00      0      0      0      0      0
10/18/1990      0      0      0      0      0      0      0      0      0      0      0      0      0   0.00   0.00      0   0.00     82   0.00      0   0.00      0      0      0      0      0
10/25/1990      0      0      0      0      0      0      0      0      0      0      0      0      0   0.00   0.00      0   0.00     82   0.00      0   0.00      0      0      0      0      0
11/01/1990      0      0      0      0      0      0      0      0      0      0      0      0      0   0.00   0.00      0   0.00     82   0.00      0   0.00      0      0      0      0      0
11/08/1990      0      0      0      0      0      0      0      0      0      0      0      0      0   0.00   0.00      0   0.00     82   0.00      0   0.00      0      0      0      0      0
11/15/1990      0      0      0      0      0      0      0      0      0      0      0      0      0   0.00   0.00      0   0.00     82   0.00      0   0.00      0      0      0      0      0
11/22/1990      0      0      0      0      0      0      0      0      0      0      0      0      0   0.00   0.00      0   0.00     82   0.00      0   0.00      0      0      0      0      0
11/29/1990      0      0      0      0      0      0      0      0      0      0      0      0      0   0.00   0.00      0   0.00     82   0.00      0   0.00      0      0      0      0      0
12/06/1990      0      0      0      0      0      0      0      0      0      0      0      0      0   0.00   0.00      0   0.00     82   0.00      0   0.00      0      0      0      0      0
12/13/1990      0      0      0      0      0      0      0      0      0      0      0      0      0   0.00   0.00      0   0.00     82   0.00      0   0.00      0      0      0      0      0
12/20/1990      0      0      0      0      0      0      0      0      0      0      0      0      0   0.00   0.00      0   0.00     82   0.00      0   0.00      0      0      0      0      0
12/27/1990      0      0      0      0      0      0      0      0      0      0      0      0      0   0.00   0.00      0   0.00     82   0.00      0   0.00      0      0      0      0      0
