Varroa Population Simulation - Dec 10,2015  09:01:47 AM
VarroaPop Version 3.2.5.5  March, 2015

                                        Capped  Capped                                                                      Prop                                                                 
            Colony  Adult  Adult         Drone   Wkr    Drone  Wkr    Drone  Wkr  Free   DBrood WBrood DMite  WMite  Mites  Mites  Colony Pollen Colony Nectar   Dead   Dead   Dead   Dead   Dead
     Date   Size   Drones   Wkr   Forgrs Brood  Brood   Larv   Larv    Eggs  Eggs Mites  Mites  Mites  /Cell  /Cell  Dying  Dying  Pollen  Pest  Nectar  Pest    DLarv  WLarv  DAdlt  WAdlt  Forgrs
Initial     10000      0   7770   2230      0      0      0      0      0      0      0      0      0   0.00   0.00      0   0.00      0   0.00      0   0.00      0      0      0      0      0
01/07/1988   9954      0   5180   4774      0      0      0    437      0    413      0      0      0   0.00   0.00      0   0.00      0   0.00      0   0.00      0      0      0      0      0
01/14/1988   9896      0   2590   7306      0    733      1    848      2    492      0      0      0   0.00   0.00      0   0.00      0   0.00      0   0.00      0      0      0      0      0
01/21/1988   9827      0      0   9827      1   1886      8   1029      2    435      0      0      0   0.00   0.00      0   0.00      0   0.00      0   0.00      0      0      0      0      0
01/28/1988    850      0    850      0      9   2393     10   1006      2    300      0      0      0   0.00   0.00      0   0.00      2   0.00      0   0.00      0      0      0      0      0
02/04/1988   2074      1   2073      0     18   2476      2      0      0      0      0      0      0   0.00   0.00      0   0.00      2   0.00      0   0.00      0      0      0      0      0
02/11/1988   3359      9   3350      0     12   1199      0      0      0      0      0      0      0   0.00   0.00      0   0.00      1   0.00      0   0.00      0      0      0      0      0
02/18/1988   4519     19   3699    801      2      0      0     44      0    159      0      0      0   0.00   0.00      0   0.00      1   0.00      0   0.00      0      0      0      0      0
02/25/1988   3521     20   2476   1025      0    141      0    390      0    312      0      0      0   0.00   0.00      0   0.00      2   0.00      0   0.00      0      0      0      0      0
03/03/1988   2940     12   1199   1729      0    731      0    629      0    368      0      0      0   0.00   0.00      0   0.00      2   0.00      0   0.00      0      0      0      0      0
03/10/1988   1377      2    203   1172      0   1385      0    770      0    381      0      0      0   0.00   0.00      0   0.00      2   0.00      0   0.00      0      0      0      0      0
03/17/1988    843      0    843      0      0   1813      0    386      0     41      0      0      0   0.00   0.00      0   0.00      2   0.00      0   0.00      0      0      0      0      0
03/24/1988   1728      0   1728      0      0   1355      0      0      0      0      0      0      0   0.00   0.00      0   0.00      2   0.00      0   0.00      0      0      0      0      0
03/31/1988   2721      0   2536    185      0    344      0      0      0     36      0      0      0   0.00   0.00      0   0.00      2   0.00      0   0.00      0      0      0      0      0
04/07/1988   2813      0   2240    573      0     16      0    206      0    241      0      0      0   0.00   0.00      0   0.00      2   0.00      0   0.00      0      0      0      0      0
04/14/1988   2240      0   1355    885      0    377      0    490      0    290      0      0      0   0.00   0.00      0   0.00      2   0.00      0   0.00      0      0      0      0      0
04/21/1988   1391      0    380   1011      0   1050      0    505      0    343      0      0      0   0.00   0.00      0   0.00      2   0.00      0   0.00      0      0      0      0      0
04/28/1988    722      0    463    259      0   1351      0    557      0    270      0      0      0   0.00   0.00      0   0.00      3   0.00      0   0.00      0      0      0      0      0
05/05/1988   1157      0   1157      0      0   1421      0    148      0      0      0      0      0   0.00   0.00      0   0.00      3   0.00      0   0.00      0      0      0      0      0
05/12/1988   1934      0   1898     36      0    792      0      0      0      3      0      0      0   0.00   0.00      0   0.00      2   0.00      0   0.00      0      0      0      0      0
05/19/1988   2575      0   2178    397      0     85      0     71      0    150      0      0      0   0.00   0.00      0   0.00      2   0.00      0   0.00      0      0      0      0      0
05/26/1988   2186      0   1569    617      0    155      0    426      0    307      0      0      0   0.00   0.00      0   0.00      3   0.00      0   0.00      0      0      0      0      0
06/02/1988   1488      0    795    693      0    784      0    459      0    325      0      0      0   0.00   0.00      0   0.00      3   0.00      0   0.00      0      0      0      0      0
06/09/1988    916      0    306    610      0   1230      0    508      0    290      0      0      0   0.00   0.00      0   0.00      3   0.00      0   0.00      0      0      0      0      0
06/16/1988    931      0    888     43      0   1258      0    457      0    105      0      0      0   0.00   0.00      0   0.00      3   0.00      0   0.00      0      0      0      0      0
06/23/1988   1571      0   1568      3      0   1119      0     31      0      0      0      0      0   0.00   0.00      0   0.00      3   0.00      0   0.00      0      0      0      0      0
06/30/1988   2240      0   2028    212      0    472      0     16      0     72      0      0      0   0.00   0.00      0   0.00      3   0.00      0   0.00      0      0      0      0      0
07/07/1988   2407      0   1820    587      0     67      0    296      0    302      0      0      0   0.00   0.00      0   0.00      3   0.00      0   0.00      0      0      0      0      0
07/14/1988   1732      0   1150    582      0    540      0    578      0    317      0      0      0   0.00   0.00      0   0.00      3   0.00      0   0.00      0      0      0      0      0
07/21/1988   1120      0    560    560      0   1239      0    586      0    360      0      0      0   0.00   0.00      0   0.00      3   0.00      0   0.00      0      0      0      0      0
07/28/1988   1021      0    665    356      0   1504      0    578      0    312      0      0      0   0.00   0.00      0   0.00      3   0.00      0   0.00      0      0      0      0      0
08/04/1988   1439      0   1435      4      0   1518      0    300      0     23      0      0      0   0.00   0.00      0   0.00      3   0.00      0   0.00      0      0      0      0      0
08/11/1988   2273      0   2185     88      0   1001      0      2      0     20      0      0      0   0.00   0.00      0   0.00      3   0.00      0   0.00      0      0      0      0      0
08/18/1988   2910      0   2394    516      0    239      0    140      0    231      0      0      0   0.00   0.00      0   0.00      3   0.00      0   0.00      0      0      0      0      0
08/25/1988   2508      0   1841    667      0    290      0    531      0    377      0      0      0   0.00   0.00      0   0.00      3   0.00      0   0.00      0      0      0      0      0
09/01/1988   1751      0   1023    728      0   1052      0    636      0    403      0      0      0   0.00   0.00      0   0.00      3   0.00      0   0.00      0      0      0      0      0
09/08/1988   1269      0    610    659      0   1595      0    677      0    376      0      0      0   0.00   0.00      0   0.00      4   0.00      0   0.00      0      0      0      0      0
09/15/1988   1351      0   1198    153      0   1710      0    518      0    177      0      0      0   0.00   0.00      0   0.00      4   0.00      0   0.00      0      0      0      0      0
09/22/1988   2111      0   2091     20      0   1447      0    104      0      1      0      0      0   0.00   0.00      0   0.00      4   0.00      0   0.00      0      0      0      0      0
09/29/1988   2991      0   2648    343      0    634      0     38      0    115      0      0      0   0.00   0.00      0   0.00      3   0.00      0   0.00      0      0      0      0      0
10/06/1988   3121      0   2405    716      0    161      0    362      0    302      0      0      0   0.00   0.00      0   0.00      4   0.00      0   0.00      0      0      0      0      0
10/13/1988   2336      0   1552    784      0    663      0    535      0    316      0      0      0   0.00   0.00      0   0.00      4   0.00      0   0.00      0      0      0      0      0
10/20/1988   1568      0    787    781      0   1258      0    546      0    358      0      0      0   0.00   0.00      0   0.00      4   0.00      0   0.00      0      0      0      0      0
10/27/1988   1288      0    825    463      0   1431      0    545      0    242      0      0      0   0.00   0.00      0   0.00      4   0.00      0   0.00      0      0      0      0      0
11/03/1988   1535      0   1514     21      0   1401      0    247      0     47      0      0      0   0.00   0.00      0   0.00      4   0.00      0   0.00      0      0      0      0      0
11/10/1988   2290      0   2162    128      0    888      0     11      0     21      0      0      0   0.00   0.00      0   0.00      4   0.00      0   0.00      0      0      0      0      0
11/17/1988   2903      0   2218    685      0    239      0    114      0    129      0      0      0   0.00   0.00      0   0.00      4   0.00      0   0.00      0      0      0      0      0
11/24/1988   2713      0   1695   1018      0    208      0    276      0    231      0      0      0   0.00   0.00      0   0.00      4   0.00      0   0.00      0      0      0      0      0
12/01/1988   2115      0    920   1195      0    623      0    344      0    209      0      0      0   0.00   0.00      0   0.00      4   0.00      0   0.00      0      0      0      0      0
12/08/1988   2202      0    482   1720      0    883      0    352      0    199      0      0      0   0.00   0.00      0   0.00      4   0.00      0   0.00      0      0      0      0      0
12/15/1988   1909      0    715   1194      0    911      0    368      0    175      0      0      0   0.00   0.00      0   0.00      4   0.00      0   0.00      0      0      0      0      0
12/22/1988   2353      0   1176   1177      0    917      0    318      0    176      0      0      0   0.00   0.00      0   0.00      4   0.00      0   0.00      0      0      0      0      0
12/29/1988   2800      0   1434   1366      0    882      0    216      0     86      0      0      0   0.00   0.00      0   0.00      4   0.00      0   0.00      0      0      0      0      0
01/05/1989   3237      0   1454   1783      0    675      0    191      0    124      0      0      0   0.00   0.00      0   0.00      4   0.00      0   0.00      0      0      0      0      0
01/12/1989   3638      0   1411   2227      0    484      0    224      0    186      0      0      0   0.00   0.00      0   0.00      4   0.00      0   0.00      0      0      0      0      0
01/19/1989   3854      0   1184   2670      0    579      0    269      0    218      0      0      0   0.00   0.00      0   0.00      4   0.00      0   0.00      0      0      0      0      0
01/26/1989   3271      0    990   2281      0    692      0    509      0    257      0      0      0   0.00   0.00      0   0.00      4   0.00      0   0.00      0      0      0      0      0
02/02/1989   1359      0    894    465      0   1023      0    400      0     98      0      0      0   0.00   0.00      0   0.00      5   0.00      0   0.00      0      0      0      0      0
02/09/1989   1751      0   1066    685      0   1061      0     81      0     73      0      0      0   0.00   0.00      0   0.00      5   0.00      0   0.00      0      0      0      0      0
02/16/1989   2316      0   1458    858      0    493      0    193      0    147      0      0      0   0.00   0.00      0   0.00      5   0.00      0   0.00      0      0      0      0      0
02/23/1989   1802      0   1521    281      0    364      0    321      0     86      0      0      0   0.00   0.00      0   0.00      5   0.00      0   0.00      0      0      0      0      0
03/02/1989   1622      0   1215    407      0    615      0    163      0     79      0      0      0   0.00   0.00      0   0.00      5   0.00      0   0.00      0      0      0      0      0
03/09/1989   1648      0    833    815      0    534      0    209      0    247      0      0      0   0.00   0.00      0   0.00      5   0.00      0   0.00      0      0      0      0      0
03/16/1989   1154      0    771    383      0    557      0    329      0    106      0      0      0   0.00   0.00      0   0.00      5   0.00      0   0.00      0      0      0      0      0
03/23/1989    937      0    857     80      0    749      0    124      0     28      0      0      0   0.00   0.00      0   0.00      5   0.00      0   0.00      0      0      0      0      0
03/30/1989   1263      0    990    273      0    465      0     55      0     78      0      0      0   0.00   0.00      0   0.00      5   0.00      0   0.00      0      0      0      0      0
04/06/1989   1279      0    992    287      0    219      0    161      0    132      0      0      0   0.00   0.00      0   0.00      5   0.00      0   0.00      0      0      0      0      0
04/13/1989   1086      0    901    185      0    344      0    183      0     81      0      0      0   0.00   0.00      0   0.00      5   0.00      0   0.00      0      0      0      0      0
04/20/1989   1000      0    598    402      0    456      0    125      0    115      0      0      0   0.00   0.00      0   0.00      5   0.00      0   0.00      0      0      0      0      0
04/27/1989    779      0    512    267      0    387      0    219      0    107      0      0      0   0.00   0.00      0   0.00      5   0.00      0   0.00      0      0      0      0      0
05/04/1989    699      0    608     91      0    460      0    145      0     58      0      0      0   0.00   0.00      0   0.00      5   0.00      0   0.00      0      0      0      0      0
05/11/1989    821      0    696    125      0    433      0     61      0     27      0      0      0   0.00   0.00      0   0.00      5   0.00      0   0.00      0      0      0      0      0
05/18/1989    977      0    713    264      0    229      0     87      0     91      0      0      0   0.00   0.00      0   0.00      5   0.00      0   0.00      0      0      0      0      0
05/25/1989    841      0    663    178      0    209      0    152      0     70      0      0      0   0.00   0.00      0   0.00      5   0.00      0   0.00      0      0      0      0      0
06/01/1989    709      0    521    188      0    338      0    101      0     63      0      0      0   0.00   0.00      0   0.00      5   0.00      0   0.00      0      0      0      0      0
06/08/1989    641      0    407    234      0    311      0    139      0     99      0      0      0   0.00   0.00      0   0.00      5   0.00      0   0.00      0      0      0      0      0
06/15/1989    569      0    431    138      0    324      0    141      0     70      0      0      0   0.00   0.00      0   0.00      5   0.00      0   0.00      0      0      0      0      0
06/22/1989    559      0    502     57      0    371      0     85      0     29      0      0      0   0.00   0.00      0   0.00      5   0.00      0   0.00      0      0      0      0      0
06/29/1989    701      0    549    152      0    262      0     44      0     43      0      0      0   0.00   0.00      0   0.00      5   0.00      0   0.00      0      0      0      0      0
07/06/1989    696      0    535    161      0    153      0    104      0     71      0      0      0   0.00   0.00      0   0.00      5   0.00      0   0.00      0      0      0      0      0
07/13/1989    604      0    485    119      0    213      0    101      0     49      0      0      0   0.00   0.00      0   0.00      5   0.00      0   0.00      0      0      0      0      0
07/20/1989    536      0    349    187      0    269      0     84      0     69      0      0      0   0.00   0.00      0   0.00      5   0.00      0   0.00      0      0      0      0      0
07/27/1989    477      0    328    149      0    240      0    123      0     63      0      0      0   0.00   0.00      0   0.00      5   0.00      0   0.00      0      0      0      0      0
08/03/1989    436      0    363     73      0    279      0     86      0     33      0      0      0   0.00   0.00      0   0.00      5   0.00      0   0.00      0      0      0      0      0
08/10/1989    492      0    422     70      0    251      0     39      0     19      0      0      0   0.00   0.00      0   0.00      5   0.00      0   0.00      0      0      0      0      0
08/17/1989    565      0    426    139      0    140      0     48      0     43      0      0      0   0.00   0.00      0   0.00      5   0.00      0   0.00      0      0      0      0      0
08/24/1989    503      0    398    105      0    118      0     74      0     37      0      0      0   0.00   0.00      0   0.00      5   0.00      0   0.00      0      0      0      0      0
08/31/1989    430      0    309    121      0    170      0     55      0     32      0      0      0   0.00   0.00      0   0.00      5   0.00      0   0.00      0      0      0      0      0
09/07/1989    368      0    231    137      0    162      0     68      0     43      0      0      0   0.00   0.00      0   0.00      6   0.00      0   0.00      0      0      0      0      0
09/14/1989    309      0    229     80      0    164      0     60      0     30      0      0      0   0.00   0.00      0   0.00      6   0.00      0   0.00      0      0      0      0      0
09/21/1989    315      0    257     58      0    169      0     33      0     15      0      0      0   0.00   0.00      0   0.00      6   0.00      0   0.00      0      0      0      0      0
09/28/1989    349      0    273     76      0    112      0     24      0     15      0      0      0   0.00   0.00      0   0.00      6   0.00      0   0.00      0      0      0      0      0
10/05/1989    336      0    254     82      0     68      0     28      0     16      0      0      0   0.00   0.00      0   0.00      6   0.00      0   0.00      0      0      0      0      0
10/12/1989    282      0    217     65      0     67      0     27      0     15      0      0      0   0.00   0.00      0   0.00      6   0.00      0   0.00      0      0      0      0      0
10/19/1989    239      0    151     88      0     70      0     24      0     17      0      0      0   0.00   0.00      0   0.00      6   0.00      0   0.00      0      0      0      0      0
10/26/1989    190      0    112     78      0     66      0     29      0     12      0      0      0   0.00   0.00      0   0.00      6   0.00      0   0.00      0      0      0      0      0
11/02/1989    129      0    109     20      0     68      0     13      0      2      0      0      0   0.00   0.00      0   0.00      6   0.00      0   0.00      0      0      0      0      0
11/09/1989    120      0    111      9      0     47      0      0      0      0      0      0      0   0.00   0.00      0   0.00      6   0.00      0   0.00      0      0      0      0      0
11/16/1989    121      0    107     14      0     12      0      0      0      0      0      0      0   0.00   0.00      0   0.00      6   0.00      0   0.00      0      0      0      0      0
11/23/1989     93      0     83     10      0      0      0      0      0      0      0      0      0   0.00   0.00      0   0.00      6   0.00      0   0.00      0      0      0      0      0
11/30/1989     65      0     47     18      0      0      0      0      0      0      0      0      0   0.00   0.00      0   0.00      6   0.00      0   0.00      0      0      0      0      0
12/07/1989     21      0     12      9      0      0      0      0      0      0      0      0      0   0.00   0.00      0   0.00      6   0.00      0   0.00      0      0      0      0      0
12/14/1989      4      0      0      4      0      0      0      0      0      0      0      0      0   0.00   0.00      0   0.00      6   0.00      0   0.00      0      0      0      0      0
12/21/1989      0      0      0      0      0      0      0      0      0      0      0      0      0   0.00   0.00      0   0.00      6   0.00      0   0.00      0      0      0      0      0
12/28/1989      0      0      0      0      0      0      0      0      0      0      0      0      0   0.00   0.00      0   0.00      6   0.00      0   0.00      0      0      0      0      0
01/04/1990      0      0      0      0      0      0      0      0      0      0      0      0      0   0.00   0.00      0   0.00      6   0.00      0   0.00      0      0      0      0      0
01/11/1990      0      0      0      0      0      0      0      0      0      0      0      0      0   0.00   0.00      0   0.00      6   0.00      0   0.00      0      0      0      0      0
01/18/1990      0      0      0      0      0      0      0      0      0      0      0      0      0   0.00   0.00      0   0.00      6   0.00      0   0.00      0      0      0      0      0
01/25/1990      0      0      0      0      0      0      0      0      0      0      0      0      0   0.00   0.00      0   0.00      6   0.00      0   0.00      0      0      0      0      0
02/01/1990      0      0      0      0      0      0      0      0      0      0      0      0      0   0.00   0.00      0   0.00      6   0.00      0   0.00      0      0      0      0      0
02/08/1990      0      0      0      0      0      0      0      0      0      0      0      0      0   0.00   0.00      0   0.00      6   0.00      0   0.00      0      0      0      0      0
02/15/1990      0      0      0      0      0      0      0      0      0      0      0      0      0   0.00   0.00      0   0.00      6   0.00      0   0.00      0      0      0      0      0
02/22/1990      0      0      0      0      0      0      0      0      0      0      0      0      0   0.00   0.00      0   0.00      6   0.00      0   0.00      0      0      0      0      0
03/01/1990      0      0      0      0      0      0      0      0      0      0      0      0      0   0.00   0.00      0   0.00      6   0.00      0   0.00      0      0      0      0      0
03/08/1990      0      0      0      0      0      0      0      0      0      0      0      0      0   0.00   0.00      0   0.00      6   0.00      0   0.00      0      0      0      0      0
03/15/1990      0      0      0      0      0      0      0      0      0      0      0      0      0   0.00   0.00      0   0.00      6   0.00      0   0.00      0      0      0      0      0
03/22/1990      0      0      0      0      0      0      0      0      0      0      0      0      0   0.00   0.00      0   0.00      6   0.00      0   0.00      0      0      0      0      0
03/29/1990      0      0      0      0      0      0      0      0      0      0      0      0      0   0.00   0.00      0   0.00      6   0.00      0   0.00      0      0      0      0      0
04/05/1990      0      0      0      0      0      0      0      0      0      0      0      0      0   0.00   0.00      0   0.00      6   0.00      0   0.00      0      0      0      0      0
04/12/1990      0      0      0      0      0      0      0      0      0      0      0      0      0   0.00   0.00      0   0.00      6   0.00      0   0.00      0      0      0      0      0
04/19/1990      0      0      0      0      0      0      0      0      0      0      0      0      0   0.00   0.00      0   0.00      6   0.00      0   0.00      0      0      0      0      0
04/26/1990      0      0      0      0      0      0      0      0      0      0      0      0      0   0.00   0.00      0   0.00      6   0.00      0   0.00      0      0      0      0      0
05/03/1990      0      0      0      0      0      0      0      0      0      0      0      0      0   0.00   0.00      0   0.00      6   0.00      0   0.00      0      0      0      0      0
05/10/1990      0      0      0      0      0      0      0      0      0      0      0      0      0   0.00   0.00      0   0.00      6   0.00      0   0.00      0      0      0      0      0
05/17/1990      0      0      0      0      0      0      0      0      0      0      0      0      0   0.00   0.00      0   0.00      6   0.00      0   0.00      0      0      0      0      0
05/24/1990      0      0      0      0      0      0      0      0      0      0      0      0      0   0.00   0.00      0   0.00      6   0.00      0   0.00      0      0      0      0      0
05/31/1990      0      0      0      0      0      0      0      0      0      0      0      0      0   0.00   0.00      0   0.00      6   0.00      0   0.00      0      0      0      0      0
06/07/1990      0      0      0      0      0      0      0      0      0      0      0      0      0   0.00   0.00      0   0.00      6   0.00      0   0.00      0      0      0      0      0
06/14/1990      0      0      0      0      0      0      0      0      0      0      0      0      0   0.00   0.00      0   0.00      6   0.00      0   0.00      0      0      0      0      0
06/21/1990      0      0      0      0      0      0      0      0      0      0      0      0      0   0.00   0.00      0   0.00      6   0.00      0   0.00      0      0      0      0      0
06/28/1990      0      0      0      0      0      0      0      0      0      0      0      0      0   0.00   0.00      0   0.00      6   0.00      0   0.00      0      0      0      0      0
07/05/1990      0      0      0      0      0      0      0      0      0      0      0      0      0   0.00   0.00      0   0.00      6   0.00      0   0.00      0      0      0      0      0
07/12/1990      0      0      0      0      0      0      0      0      0      0      0      0      0   0.00   0.00      0   0.00      6   0.00      0   0.00      0      0      0      0      0
07/19/1990      0      0      0      0      0      0      0      0      0      0      0      0      0   0.00   0.00      0   0.00      6   0.00      0   0.00      0      0      0      0      0
07/26/1990      0      0      0      0      0      0      0      0      0      0      0      0      0   0.00   0.00      0   0.00      6   0.00      0   0.00      0      0      0      0      0
08/02/1990      0      0      0      0      0      0      0      0      0      0      0      0      0   0.00   0.00      0   0.00      6   0.00      0   0.00      0      0      0      0      0
08/09/1990      0      0      0      0      0      0      0      0      0      0      0      0      0   0.00   0.00      0   0.00      6   0.00      0   0.00      0      0      0      0      0
08/16/1990      0      0      0      0      0      0      0      0      0      0      0      0      0   0.00   0.00      0   0.00      6   0.00      0   0.00      0      0      0      0      0
08/23/1990      0      0      0      0      0      0      0      0      0      0      0      0      0   0.00   0.00      0   0.00      6   0.00      0   0.00      0      0      0      0      0
08/30/1990      0      0      0      0      0      0      0      0      0      0      0      0      0   0.00   0.00      0   0.00      6   0.00      0   0.00      0      0      0      0      0
09/06/1990      0      0      0      0      0      0      0      0      0      0      0      0      0   0.00   0.00      0   0.00      6   0.00      0   0.00      0      0      0      0      0
09/13/1990      0      0      0      0      0      0      0      0      0      0      0      0      0   0.00   0.00      0   0.00      6   0.00      0   0.00      0      0      0      0      0
09/20/1990      0      0      0      0      0      0      0      0      0      0      0      0      0   0.00   0.00      0   0.00      6   0.00      0   0.00      0      0      0      0      0
09/27/1990      0      0      0      0      0      0      0      0      0      0      0      0      0   0.00   0.00      0   0.00      6   0.00      0   0.00      0      0      0      0      0
10/04/1990      0      0      0      0      0      0      0      0      0      0      0      0      0   0.00   0.00      0   0.00      6   0.00      0   0.00      0      0      0      0      0
10/11/1990      0      0      0      0      0      0      0      0      0      0      0      0      0   0.00   0.00      0   0.00      6   0.00      0   0.00      0      0      0      0      0
10/18/1990      0      0      0      0      0      0      0      0      0      0      0      0      0   0.00   0.00      0   0.00      6   0.00      0   0.00      0      0      0      0      0
10/25/1990      0      0      0      0      0      0      0      0      0      0      0      0      0   0.00   0.00      0   0.00      6   0.00      0   0.00      0      0      0      0      0
11/01/1990      0      0      0      0      0      0      0      0      0      0      0      0      0   0.00   0.00      0   0.00      6   0.00      0   0.00      0      0      0      0      0
11/08/1990      0      0      0      0      0      0      0      0      0      0      0      0      0   0.00   0.00      0   0.00      6   0.00      0   0.00      0      0      0      0      0
11/15/1990      0      0      0      0      0      0      0      0      0      0      0      0      0   0.00   0.00      0   0.00      6   0.00      0   0.00      0      0      0      0      0
11/22/1990      0      0      0      0      0      0      0      0      0      0      0      0      0   0.00   0.00      0   0.00      6   0.00      0   0.00      0      0      0      0      0
11/29/1990      0      0      0      0      0      0      0      0      0      0      0      0      0   0.00   0.00      0   0.00      6   0.00      0   0.00      0      0      0      0      0
12/06/1990      0      0      0      0      0      0      0      0      0      0      0      0      0   0.00   0.00      0   0.00      6   0.00      0   0.00      0      0      0      0      0
12/13/1990      0      0      0      0      0      0      0      0      0      0      0      0      0   0.00   0.00      0   0.00      6   0.00      0   0.00      0      0      0      0      0
12/20/1990      0      0      0      0      0      0      0      0      0      0      0      0      0   0.00   0.00      0   0.00      6   0.00      0   0.00      0      0      0      0      0
12/27/1990      0      0      0      0      0      0      0      0      0      0      0      0      0   0.00   0.00      0   0.00      6   0.00      0   0.00      0      0      0      0      0
