Varroa Population Simulation - Dec 10,2015  09:02:08 AM
VarroaPop Version 3.2.5.5  March, 2015

                                        Capped  Capped                                                                      Prop                                                                 
            Colony  Adult  Adult         Drone   Wkr    Drone  Wkr    Drone  Wkr  Free   DBrood WBrood DMite  WMite  Mites  Mites  Colony Pollen Colony Nectar   Dead   Dead   Dead   Dead   Dead
     Date   Size   Drones   Wkr   Forgrs Brood  Brood   Larv   Larv    Eggs  Eggs Mites  Mites  Mites  /Cell  /Cell  Dying  Dying  Pollen  Pest  Nectar  Pest    DLarv  WLarv  DAdlt  WAdlt  Forgrs
Initial     10000      0   7770   2230      0      0      0      0      0      0      0      0      0   0.00   0.00      0   0.00      0   0.00      0   0.00      0      0      0      0      0
01/07/1988   9954      0   5180   4774      0      0      3    285      3    270      0      0      0   0.00   0.00      0   0.00      0   0.00      0   0.00      0      0      0      0      0
01/14/1988   9896      0   2590   7306      3    479     12    554      6    324      0      0      0   0.00   0.00      0   0.00      0   0.00      0   0.00      0      0      0      0      0
01/21/1988   9827      0      0   9827     15   1234     19    676      5    285      0      0      0   0.00   0.00      0   0.00      0   0.00      0   0.00      0      0      0      0      0
01/28/1988    558      3    555      0     31   1570     22    659      5    197      0      0      0   0.00   0.00      0   0.00      2   0.00      0   0.00      0      0      0      0      0
02/04/1988   1372     15   1357      0     41   1624      5      0      0      0      0      0      0   0.00   0.00      0   0.00      2   0.00      0   0.00      0      0      0      0      0
02/11/1988   2229     34   2195      0     27    786      0      0      0      0      0      0      0   0.00   0.00      0   0.00      2   0.00      0   0.00      0      0      0      0      0
02/18/1988   2995     53   2426    516      5      0      0     18      0     72      0      0      0   0.00   0.00      0   0.00      2   0.00      0   0.00      0      0      0      0      0
02/25/1988   2335     46   1624    665      0     62      0    182      0    146      0      0      0   0.00   0.00      0   0.00      2   0.00      0   0.00      0      0      0      0      0
03/03/1988   1935     27    786   1122      0    337      0    302      0    180      0      0      0   0.00   0.00      0   0.00      2   0.00      0   0.00      0      0      0      0      0
03/10/1988    854      5     90    759      0    660      0    381      1    185      0      0      0   0.00   0.00      0   0.00      2   0.00      0   0.00      0      0      0      0      0
03/17/1988    390      0    390      0      0    886      1    183      0     17      0      0      0   0.00   0.00      0   0.00      2   0.00      0   0.00      0      0      0      0      0
03/24/1988    819      0    819      0      1    657      0      0      0      0      0      0      0   0.00   0.00      0   0.00      2   0.00      0   0.00      0      0      0      0      0
03/31/1988   1301      0   1226     75      1    160      0      0      0      8      0      0      0   0.00   0.00      0   0.00      2   0.00      0   0.00      0      0      0      0      0
04/07/1988   1356      1   1086    269      0      3      0     61      0     80      0      0      0   0.00   0.00      0   0.00      2   0.00      0   0.00      0      0      0      0      0
04/14/1988   1087      1    657    429      0    115      0    171      0    104      0      0      0   0.00   0.00      0   0.00      2   0.00      0   0.00      0      0      0      0      0
04/21/1988    666      1    168    497      0    356      0    186      0    130      0      0      0   0.00   0.00      0   0.00      2   0.00      0   0.00      0      0      0      0      0
04/28/1988    263      0    144    119      0    490      0    210      0     94      0      0      0   0.00   0.00      0   0.00      2   0.00      0   0.00      0      0      0      0      0
05/05/1988    390      0    390      0      0    527      0     45      0      0      0      0      0   0.00   0.00      0   0.00      2   0.00      0   0.00      0      0      0      0      0
05/12/1988    680      0    672      8      0    282      0      0      0      0      0      0      0   0.00   0.00      0   0.00      2   0.00      0   0.00      0      0      0      0      0
05/19/1988    922      0    794    128      0     24      0     10      0     31      0      0      0   0.00   0.00      0   0.00      2   0.00      0   0.00      0      0      0      0      0
05/26/1988    791      0    572    219      0     26      0    104      0     81      0      0      0   0.00   0.00      0   0.00      2   0.00      0   0.00      0      0      0      0      0
06/02/1988    541      0    282    259      0    184      0    123      0     91      0      0      0   0.00   0.00      0   0.00      2   0.00      0   0.00      0      0      0      0      0
06/09/1988    286      0     65    221      0    323      0    145      0     82      0      0      0   0.00   0.00      0   0.00      2   0.00      0   0.00      0      0      0      0      0
06/16/1988    222      0    211     11      0    352      0    119      0     20      0      0      0   0.00   0.00      0   0.00      2   0.00      0   0.00      0      0      0      0      0
06/23/1988    398      0    398      0      0    301      0      3      0      0      0      0      0   0.00   0.00      0   0.00      2   0.00      0   0.00      0      0      0      0      0
06/30/1988    591      0    550     41      0    111      0      0      0      4      0      0      0   0.00   0.00      0   0.00      2   0.00      0   0.00      0      0      0      0      0
07/07/1988    642      0    491    151      0      1      0     41      0     57      0      0      0   0.00   0.00      0   0.00      2   0.00      0   0.00      0      0      0      0      0
07/14/1988    464      0    304    160      0     77      0    113      0     65      0      0      0   0.00   0.00      0   0.00      2   0.00      0   0.00      0      0      0      0      0
07/21/1988    274      0    115    159      0    229      0    123      0     78      0      0      0   0.00   0.00      0   0.00      2   0.00      0   0.00      0      0      0      0      0
07/28/1988    182      0     99     83      0    310      0    121      0     59      0      0      0   0.00   0.00      0   0.00      2   0.00      0   0.00      0      0      0      0      0
08/04/1988    255      0    255      0      0    317      0     45      0      0      0      0      0   0.00   0.00      0   0.00      2   0.00      0   0.00      0      0      0      0      0
08/11/1988    434      0    430      4      0    183      0      0      0      0      0      0      0   0.00   0.00      0   0.00      2   0.00      0   0.00      0      0      0      0      0
08/18/1988    580      0    490     90      0     28      0      4      0     24      0      0      0   0.00   0.00      0   0.00      2   0.00      0   0.00      0      0      0      0      0
08/25/1988    496      0    362    134      0     17      0     72      0     56      0      0      0   0.00   0.00      0   0.00      2   0.00      0   0.00      0      0      0      0      0
09/01/1988    340      0    183    157      0    126      0    100      0     66      0      0      0   0.00   0.00      0   0.00      2   0.00      0   0.00      0      0      0      0      0
09/08/1988    187      0     56    131      0    242      0    111      0     61      0      0      0   0.00   0.00      0   0.00      2   0.00      0   0.00      0      0      0      0      0
09/15/1988    161      0    145     16      0    278      0     75      0     16      0      0      0   0.00   0.00      0   0.00      2   0.00      0   0.00      0      0      0      0      0
09/22/1988    292      0    292      0      0    219      0      4      0      0      0      0      0   0.00   0.00      0   0.00      2   0.00      0   0.00      0      0      0      0      0
09/29/1988    442      0    414     28      0     73      0      0      0      1      0      0      0   0.00   0.00      0   0.00      2   0.00      0   0.00      0      0      0      0      0
10/06/1988    473      0    369    104      0      1      0     23      0     32      0      0      0   0.00   0.00      0   0.00      2   0.00      0   0.00      0      0      0      0      0
10/13/1988    350      0    223    127      0     44      0     60      0     38      0      0      0   0.00   0.00      0   0.00      2   0.00      0   0.00      0      0      0      0      0
10/20/1988    201      0     74    127      0    128      0     69      0     46      0      0      0   0.00   0.00      0   0.00      3   0.00      0   0.00      0      0      0      0      0
10/27/1988    111      0     56     55      0    174      0     66      0     24      0      0      0   0.00   0.00      0   0.00      3   0.00      0   0.00      0      0      0      0      0
11/03/1988    142      0    142      0      0    171      0     16      0      0      0      0      0   0.00   0.00      0   0.00      3   0.00      0   0.00      0      0      0      0      0
11/10/1988    243      0    243      0      0     85      0      0      0      0      0      0      0   0.00   0.00      0   0.00      3   0.00      0   0.00      0      0      0      0      0
11/17/1988    306      0    264     42      0     10      0      0      0      1      0      0      0   0.00   0.00      0   0.00      3   0.00      0   0.00      0      0      0      0      0
11/24/1988    273      0    187     86      0      0      0     10      0     14      0      0      0   0.00   0.00      0   0.00      3   0.00      0   0.00      0      0      0      0      0
12/01/1988    203      0     85    118      0     20      0     22      0     15      0      0      0   0.00   0.00      0   0.00      3   0.00      0   0.00      0      0      0      0      0
12/08/1988    161      0     11    150      0     51      0     26      0     16      0      0      0   0.00   0.00      0   0.00      3   0.00      0   0.00      0      0      0      0      0
12/15/1988    100      0     24     76      0     65      0     25      0      9      0      0      0   0.00   0.00      0   0.00      3   0.00      0   0.00      0      0      0      0      0
12/22/1988    112      0     57     55      0     64      0     13      0      6      0      0      0   0.00   0.00      0   0.00      3   0.00      0   0.00      0      0      0      0      0
12/29/1988    132      0     93     39      0     45      0      3      0      0      0      0      0   0.00   0.00      0   0.00      3   0.00      0   0.00      0      0      0      0      0
01/05/1989    147      0     99     48      0     19      0      0      0      1      0      0      0   0.00   0.00      0   0.00      3   0.00      0   0.00      0      0      0      0      0
01/12/1989    150      0     83     67      0      2      0      1      0      3      0      0      0   0.00   0.00      0   0.00      3   0.00      0   0.00      0      0      0      0      0
01/19/1989    138      0     48     90      0      3      0      3      0      6      0      0      0   0.00   0.00      0   0.00      3   0.00      0   0.00      0      0      0      0      0
01/26/1989     99      0     20     79      0      8      0     16      0      8      0      0      0   0.00   0.00      0   0.00      3   0.00      0   0.00      0      0      0      0      0
02/02/1989      9      0      6      3      0     26      0     10      0      0      0      0      0   0.00   0.00      0   0.00      3   0.00      0   0.00      0      0      0      0      0
02/09/1989     12      0     12      0      0     28      0      0      0      0      0      0      0   0.00   0.00      0   0.00      3   0.00      0   0.00      0      0      0      0      0
02/16/1989     32      0     32      0      0      7      0      0      0      0      0      0      0   0.00   0.00      0   0.00      3   0.00      0   0.00      0      0      0      0      0
02/23/1989     36      0     36      0      0      0      0      0      0      0      0      0      0   0.00   0.00      0   0.00      3   0.00      0   0.00      0      0      0      0      0
03/02/1989     31      0     28      3      0      0      0      0      0      0      0      0      0   0.00   0.00      0   0.00      3   0.00      0   0.00      0      0      0      0      0
03/09/1989     11      0      7      4      0      0      0      0      0      0      0      0      0   0.00   0.00      0   0.00      3   0.00      0   0.00      0      0      0      0      0
03/16/1989      0      0      0      0      0      0      0      0      0      0      0      0      0   0.00   0.00      0   0.00      3   0.00      0   0.00      0      0      0      0      0
03/23/1989      0      0      0      0      0      0      0      0      0      0      0      0      0   0.00   0.00      0   0.00      3   0.00      0   0.00      0      0      0      0      0
03/30/1989      0      0      0      0      0      0      0      0      0      0      0      0      0   0.00   0.00      0   0.00      3   0.00      0   0.00      0      0      0      0      0
04/06/1989      0      0      0      0      0      0      0      0      0      0      0      0      0   0.00   0.00      0   0.00      3   0.00      0   0.00      0      0      0      0      0
04/13/1989      0      0      0      0      0      0      0      0      0      0      0      0      0   0.00   0.00      0   0.00      3   0.00      0   0.00      0      0      0      0      0
04/20/1989      0      0      0      0      0      0      0      0      0      0      0      0      0   0.00   0.00      0   0.00      3   0.00      0   0.00      0      0      0      0      0
04/27/1989      0      0      0      0      0      0      0      0      0      0      0      0      0   0.00   0.00      0   0.00      3   0.00      0   0.00      0      0      0      0      0
05/04/1989      0      0      0      0      0      0      0      0      0      0      0      0      0   0.00   0.00      0   0.00      3   0.00      0   0.00      0      0      0      0      0
05/11/1989      0      0      0      0      0      0      0      0      0      0      0      0      0   0.00   0.00      0   0.00      3   0.00      0   0.00      0      0      0      0      0
05/18/1989      0      0      0      0      0      0      0      0      0      0      0      0      0   0.00   0.00      0   0.00      3   0.00      0   0.00      0      0      0      0      0
05/25/1989      0      0      0      0      0      0      0      0      0      0      0      0      0   0.00   0.00      0   0.00      3   0.00      0   0.00      0      0      0      0      0
06/01/1989      0      0      0      0      0      0      0      0      0      0      0      0      0   0.00   0.00      0   0.00      3   0.00      0   0.00      0      0      0      0      0
06/08/1989      0      0      0      0      0      0      0      0      0      0      0      0      0   0.00   0.00      0   0.00      3   0.00      0   0.00      0      0      0      0      0
06/15/1989      0      0      0      0      0      0      0      0      0      0      0      0      0   0.00   0.00      0   0.00      3   0.00      0   0.00      0      0      0      0      0
06/22/1989      0      0      0      0      0      0      0      0      0      0      0      0      0   0.00   0.00      0   0.00      3   0.00      0   0.00      0      0      0      0      0
06/29/1989      0      0      0      0      0      0      0      0      0      0      0      0      0   0.00   0.00      0   0.00      3   0.00      0   0.00      0      0      0      0      0
07/06/1989      0      0      0      0      0      0      0      0      0      0      0      0      0   0.00   0.00      0   0.00      3   0.00      0   0.00      0      0      0      0      0
07/13/1989      0      0      0      0      0      0      0      0      0      0      0      0      0   0.00   0.00      0   0.00      3   0.00      0   0.00      0      0      0      0      0
07/20/1989      0      0      0      0      0      0      0      0      0      0      0      0      0   0.00   0.00      0   0.00      3   0.00      0   0.00      0      0      0      0      0
07/27/1989      0      0      0      0      0      0      0      0      0      0      0      0      0   0.00   0.00      0   0.00      3   0.00      0   0.00      0      0      0      0      0
08/03/1989      0      0      0      0      0      0      0      0      0      0      0      0      0   0.00   0.00      0   0.00      3   0.00      0   0.00      0      0      0      0      0
08/10/1989      0      0      0      0      0      0      0      0      0      0      0      0      0   0.00   0.00      0   0.00      3   0.00      0   0.00      0      0      0      0      0
08/17/1989      0      0      0      0      0      0      0      0      0      0      0      0      0   0.00   0.00      0   0.00      3   0.00      0   0.00      0      0      0      0      0
08/24/1989      0      0      0      0      0      0      0      0      0      0      0      0      0   0.00   0.00      0   0.00      3   0.00      0   0.00      0      0      0      0      0
08/31/1989      0      0      0      0      0      0      0      0      0      0      0      0      0   0.00   0.00      0   0.00      3   0.00      0   0.00      0      0      0      0      0
09/07/1989      0      0      0      0      0      0      0      0      0      0      0      0      0   0.00   0.00      0   0.00      3   0.00      0   0.00      0      0      0      0      0
09/14/1989      0      0      0      0      0      0      0      0      0      0      0      0      0   0.00   0.00      0   0.00      3   0.00      0   0.00      0      0      0      0      0
09/21/1989      0      0      0      0      0      0      0      0      0      0      0      0      0   0.00   0.00      0   0.00      3   0.00      0   0.00      0      0      0      0      0
09/28/1989      0      0      0      0      0      0      0      0      0      0      0      0      0   0.00   0.00      0   0.00      3   0.00      0   0.00      0      0      0      0      0
10/05/1989      0      0      0      0      0      0      0      0      0      0      0      0      0   0.00   0.00      0   0.00      3   0.00      0   0.00      0      0      0      0      0
10/12/1989      0      0      0      0      0      0      0      0      0      0      0      0      0   0.00   0.00      0   0.00      3   0.00      0   0.00      0      0      0      0      0
10/19/1989      0      0      0      0      0      0      0      0      0      0      0      0      0   0.00   0.00      0   0.00      3   0.00      0   0.00      0      0      0      0      0
10/26/1989      0      0      0      0      0      0      0      0      0      0      0      0      0   0.00   0.00      0   0.00      3   0.00      0   0.00      0      0      0      0      0
11/02/1989      0      0      0      0      0      0      0      0      0      0      0      0      0   0.00   0.00      0   0.00      3   0.00      0   0.00      0      0      0      0      0
11/09/1989      0      0      0      0      0      0      0      0      0      0      0      0      0   0.00   0.00      0   0.00      3   0.00      0   0.00      0      0      0      0      0
11/16/1989      0      0      0      0      0      0      0      0      0      0      0      0      0   0.00   0.00      0   0.00      3   0.00      0   0.00      0      0      0      0      0
11/23/1989      0      0      0      0      0      0      0      0      0      0      0      0      0   0.00   0.00      0   0.00      3   0.00      0   0.00      0      0      0      0      0
11/30/1989      0      0      0      0      0      0      0      0      0      0      0      0      0   0.00   0.00      0   0.00      3   0.00      0   0.00      0      0      0      0      0
12/07/1989      0      0      0      0      0      0      0      0      0      0      0      0      0   0.00   0.00      0   0.00      3   0.00      0   0.00      0      0      0      0      0
12/14/1989      0      0      0      0      0      0      0      0      0      0      0      0      0   0.00   0.00      0   0.00      3   0.00      0   0.00      0      0      0      0      0
12/21/1989      0      0      0      0      0      0      0      0      0      0      0      0      0   0.00   0.00      0   0.00      3   0.00      0   0.00      0      0      0      0      0
12/28/1989      0      0      0      0      0      0      0      0      0      0      0      0      0   0.00   0.00      0   0.00      3   0.00      0   0.00      0      0      0      0      0
01/04/1990      0      0      0      0      0      0      0      0      0      0      0      0      0   0.00   0.00      0   0.00      3   0.00      0   0.00      0      0      0      0      0
01/11/1990      0      0      0      0      0      0      0      0      0      0      0      0      0   0.00   0.00      0   0.00      3   0.00      0   0.00      0      0      0      0      0
01/18/1990      0      0      0      0      0      0      0      0      0      0      0      0      0   0.00   0.00      0   0.00      3   0.00      0   0.00      0      0      0      0      0
01/25/1990      0      0      0      0      0      0      0      0      0      0      0      0      0   0.00   0.00      0   0.00      3   0.00      0   0.00      0      0      0      0      0
02/01/1990      0      0      0      0      0      0      0      0      0      0      0      0      0   0.00   0.00      0   0.00      3   0.00      0   0.00      0      0      0      0      0
02/08/1990      0      0      0      0      0      0      0      0      0      0      0      0      0   0.00   0.00      0   0.00      3   0.00      0   0.00      0      0      0      0      0
02/15/1990      0      0      0      0      0      0      0      0      0      0      0      0      0   0.00   0.00      0   0.00      3   0.00      0   0.00      0      0      0      0      0
02/22/1990      0      0      0      0      0      0      0      0      0      0      0      0      0   0.00   0.00      0   0.00      3   0.00      0   0.00      0      0      0      0      0
03/01/1990      0      0      0      0      0      0      0      0      0      0      0      0      0   0.00   0.00      0   0.00      3   0.00      0   0.00      0      0      0      0      0
03/08/1990      0      0      0      0      0      0      0      0      0      0      0      0      0   0.00   0.00      0   0.00      3   0.00      0   0.00      0      0      0      0      0
03/15/1990      0      0      0      0      0      0      0      0      0      0      0      0      0   0.00   0.00      0   0.00      3   0.00      0   0.00      0      0      0      0      0
03/22/1990      0      0      0      0      0      0      0      0      0      0      0      0      0   0.00   0.00      0   0.00      3   0.00      0   0.00      0      0      0      0      0
03/29/1990      0      0      0      0      0      0      0      0      0      0      0      0      0   0.00   0.00      0   0.00      3   0.00      0   0.00      0      0      0      0      0
04/05/1990      0      0      0      0      0      0      0      0      0      0      0      0      0   0.00   0.00      0   0.00      3   0.00      0   0.00      0      0      0      0      0
04/12/1990      0      0      0      0      0      0      0      0      0      0      0      0      0   0.00   0.00      0   0.00      3   0.00      0   0.00      0      0      0      0      0
04/19/1990      0      0      0      0      0      0      0      0      0      0      0      0      0   0.00   0.00      0   0.00      3   0.00      0   0.00      0      0      0      0      0
04/26/1990      0      0      0      0      0      0      0      0      0      0      0      0      0   0.00   0.00      0   0.00      3   0.00      0   0.00      0      0      0      0      0
05/03/1990      0      0      0      0      0      0      0      0      0      0      0      0      0   0.00   0.00      0   0.00      3   0.00      0   0.00      0      0      0      0      0
05/10/1990      0      0      0      0      0      0      0      0      0      0      0      0      0   0.00   0.00      0   0.00      3   0.00      0   0.00      0      0      0      0      0
05/17/1990      0      0      0      0      0      0      0      0      0      0      0      0      0   0.00   0.00      0   0.00      3   0.00      0   0.00      0      0      0      0      0
05/24/1990      0      0      0      0      0      0      0      0      0      0      0      0      0   0.00   0.00      0   0.00      3   0.00      0   0.00      0      0      0      0      0
05/31/1990      0      0      0      0      0      0      0      0      0      0      0      0      0   0.00   0.00      0   0.00      3   0.00      0   0.00      0      0      0      0      0
06/07/1990      0      0      0      0      0      0      0      0      0      0      0      0      0   0.00   0.00      0   0.00      3   0.00      0   0.00      0      0      0      0      0
06/14/1990      0      0      0      0      0      0      0      0      0      0      0      0      0   0.00   0.00      0   0.00      3   0.00      0   0.00      0      0      0      0      0
06/21/1990      0      0      0      0      0      0      0      0      0      0      0      0      0   0.00   0.00      0   0.00      3   0.00      0   0.00      0      0      0      0      0
06/28/1990      0      0      0      0      0      0      0      0      0      0      0      0      0   0.00   0.00      0   0.00      3   0.00      0   0.00      0      0      0      0      0
07/05/1990      0      0      0      0      0      0      0      0      0      0      0      0      0   0.00   0.00      0   0.00      3   0.00      0   0.00      0      0      0      0      0
07/12/1990      0      0      0      0      0      0      0      0      0      0      0      0      0   0.00   0.00      0   0.00      3   0.00      0   0.00      0      0      0      0      0
07/19/1990      0      0      0      0      0      0      0      0      0      0      0      0      0   0.00   0.00      0   0.00      3   0.00      0   0.00      0      0      0      0      0
07/26/1990      0      0      0      0      0      0      0      0      0      0      0      0      0   0.00   0.00      0   0.00      3   0.00      0   0.00      0      0      0      0      0
08/02/1990      0      0      0      0      0      0      0      0      0      0      0      0      0   0.00   0.00      0   0.00      3   0.00      0   0.00      0      0      0      0      0
08/09/1990      0      0      0      0      0      0      0      0      0      0      0      0      0   0.00   0.00      0   0.00      3   0.00      0   0.00      0      0      0      0      0
08/16/1990      0      0      0      0      0      0      0      0      0      0      0      0      0   0.00   0.00      0   0.00      3   0.00      0   0.00      0      0      0      0      0
08/23/1990      0      0      0      0      0      0      0      0      0      0      0      0      0   0.00   0.00      0   0.00      3   0.00      0   0.00      0      0      0      0      0
08/30/1990      0      0      0      0      0      0      0      0      0      0      0      0      0   0.00   0.00      0   0.00      3   0.00      0   0.00      0      0      0      0      0
09/06/1990      0      0      0      0      0      0      0      0      0      0      0      0      0   0.00   0.00      0   0.00      3   0.00      0   0.00      0      0      0      0      0
09/13/1990      0      0      0      0      0      0      0      0      0      0      0      0      0   0.00   0.00      0   0.00      3   0.00      0   0.00      0      0      0      0      0
09/20/1990      0      0      0      0      0      0      0      0      0      0      0      0      0   0.00   0.00      0   0.00      3   0.00      0   0.00      0      0      0      0      0
09/27/1990      0      0      0      0      0      0      0      0      0      0      0      0      0   0.00   0.00      0   0.00      3   0.00      0   0.00      0      0      0      0      0
10/04/1990      0      0      0      0      0      0      0      0      0      0      0      0      0   0.00   0.00      0   0.00      3   0.00      0   0.00      0      0      0      0      0
10/11/1990      0      0      0      0      0      0      0      0      0      0      0      0      0   0.00   0.00      0   0.00      3   0.00      0   0.00      0      0      0      0      0
10/18/1990      0      0      0      0      0      0      0      0      0      0      0      0      0   0.00   0.00      0   0.00      3   0.00      0   0.00      0      0      0      0      0
10/25/1990      0      0      0      0      0      0      0      0      0      0      0      0      0   0.00   0.00      0   0.00      3   0.00      0   0.00      0      0      0      0      0
11/01/1990      0      0      0      0      0      0      0      0      0      0      0      0      0   0.00   0.00      0   0.00      3   0.00      0   0.00      0      0      0      0      0
11/08/1990      0      0      0      0      0      0      0      0      0      0      0      0      0   0.00   0.00      0   0.00      3   0.00      0   0.00      0      0      0      0      0
11/15/1990      0      0      0      0      0      0      0      0      0      0      0      0      0   0.00   0.00      0   0.00      3   0.00      0   0.00      0      0      0      0      0
11/22/1990      0      0      0      0      0      0      0      0      0      0      0      0      0   0.00   0.00      0   0.00      3   0.00      0   0.00      0      0      0      0      0
11/29/1990      0      0      0      0      0      0      0      0      0      0      0      0      0   0.00   0.00      0   0.00      3   0.00      0   0.00      0      0      0      0      0
12/06/1990      0      0      0      0      0      0      0      0      0      0      0      0      0   0.00   0.00      0   0.00      3   0.00      0   0.00      0      0      0      0      0
12/13/1990      0      0      0      0      0      0      0      0      0      0      0      0      0   0.00   0.00      0   0.00      3   0.00      0   0.00      0      0      0      0      0
12/20/1990      0      0      0      0      0      0      0      0      0      0      0      0      0   0.00   0.00      0   0.00      3   0.00      0   0.00      0      0      0      0      0
12/27/1990      0      0      0      0      0      0      0      0      0      0      0      0      0   0.00   0.00      0   0.00      3   0.00      0   0.00      0      0      0      0      0
