Varroa Population Simulation - Dec 10,2015  02:38:09 PM
VarroaPop Version 3.2.5.5  March, 2015

                                        Capped  Capped                                                                      Prop                                                                 
            Colony  Adult  Adult         Drone   Wkr    Drone  Wkr    Drone  Wkr  Free   DBrood WBrood DMite  WMite  Mites  Mites  Colony Pollen Colony Nectar   Dead   Dead   Dead   Dead   Dead
     Date   Size   Drones   Wkr   Forgrs Brood  Brood   Larv   Larv    Eggs  Eggs Mites  Mites  Mites  /Cell  /Cell  Dying  Dying  Pollen  Pest  Nectar  Pest    DLarv  WLarv  DAdlt  WAdlt  Forgrs
Initial     10000      0   6363   3637      0      0      0      0      0      0      0      0      0   0.00   0.00      0   0.00      0   0.00      0   0.00      0      0      0      0      0
01/07/1988   9913      0   4242   5671      0      0      3    874      4    771      0      0      0   0.00   0.00      0   0.00      0   0.00      0   0.00      0      0      0      0      0
01/14/1988   9817      0   2121   7696      3   1431     13   1510      7    848      0      0      0   0.00   0.00      0   0.00      0   0.00      0   0.00      0      0      0      0      0
01/21/1988   9712      0      0   9712     16   3469     22   1744      7    725      0      0      0   0.00   0.00      0   0.00      0   0.00      0   0.00      0      0      0      0      0
01/28/1988   9041      3   1645   7393     35   4115     25   1676     15   1445      0      0      0   0.00   0.00      0   0.00      3   0.00      0   0.00      0      0      0      0      0
02/04/1988   4094     16   3789    289     47   4559     28   2005      6    838      0      0      0   0.00   0.00      0   0.00      4   0.00      0   0.00      0      0      0      0      0
02/11/1988   5976     38   5938      0     53   4981      6    311      0      0      0      0      0   0.00   0.00      0   0.00      4   0.00      0   0.00      0      0      0      0      0
02/18/1988   8913     60   7236   1617     34   2349      0    150      0    448      0      0      0   0.00   0.00      0   0.00      4   0.00      0   0.00      0      0      0      0      0
02/25/1988  10966     75   7402   3489      6    467      0   1136      2   1076      0      0      0   0.00   0.00      0   0.00      4   0.00      0   0.00      0      0      0      0      0
03/03/1988   9935     59   5292   4584      0   2252     10   2115      5   1064      0      0      0   0.00   0.00      0   0.00      4   0.00      0   0.00      0      0      0      0      0
03/10/1988   8812     34   2947   5831     10   4442     16   2156      9   1304      0      0      0   0.00   0.00      0   0.00      5   0.00      0   0.00      0      0      0      0      0
03/17/1988   7507      6   2679   4822     26   5535     23   1973     10   1349      0      0      0   0.00   0.00      0   0.00      7   0.00      0   0.00      0      0      0      0      0
03/24/1988   6802     10   5431   1361     39   5607     21   2485      1   1067      0      0      0   0.00   0.00      0   0.00      8   0.00      0   0.00      0      0      0      0      0
03/31/1988   8505     26   7902    577     44   5805      1   1106      0    269      0      0      0   0.00   0.00      0   0.00      8   0.00      0   0.00      0      0      0      0      0
04/07/1988  11518     49   8857   2612     22   4085      0    882      0   1077      0      0      0   0.00   0.00      0   0.00      8   0.00      0   0.00      0      0      0      0      0
04/14/1988  13870     60   9159   4651      1   2552      6   2346      8   1412      0      0      0   0.00   0.00      0   0.00      8   0.00      0   0.00      0      0      0      0      0
04/21/1988  13085     45   7180   5860      6   4869     21   2268     11   1439      0      0      0   0.00   0.00      0   0.00      9   0.00      0   0.00      0      0      0      0      0
04/28/1988  12132     22   6044   6066     27   6219     29   2528     16   1896      0      0      0   0.00   0.00      0   0.00     11   0.00      0   0.00      0      0      0      0      0
05/05/1988  12056      7   6310   5739     50   6694     34   2719     13   1522      0      0      0   0.00   0.00      0   0.00     12   0.00      0   0.00      0      0      0      0      0
05/12/1988  12285     27   8576   3682     63   7186     29   2409     14   1909      0      0      0   0.00   0.00      0   0.00     13   0.00      0   0.00      0      0      0      0      0
05/19/1988  13125     56  10643   2426     63   6966     19   2565      0   1222      0      0      0   0.00   0.00      0   0.00     14   0.00      0   0.00      0      0      0      0      0
05/26/1988  15923     84  10935   4904     48   6654      4   2605     11   1811      0      0      0   0.00   0.00      0   0.00     14   0.00      0   0.00      0      0      0      0      0
06/02/1988  17484     92  11504   5888     23   6539     30   2891     17   2129      0      0      0   0.00   0.00      0   0.00     15   0.00      0   0.00      0      0      0      0      0
06/09/1988  17267     82  10753   6432     34   7620     38   3154     16   1853      0      0      0   0.00   0.00      0   0.00     17   0.00      0   0.00      0      0      0      0      0
06/16/1988  17799     52  11070   6677     68   7971     45   3701     24   2490      0      0      0   0.00   0.00      0   0.00     18   0.00      0   0.00      0      0      0      0      0
06/23/1988  18117     53  11559   6505     83   8960     54   4067     22   2414      0      0      0   0.00   0.00      0   0.00     20   0.00      0   0.00      0      0      0      0      0
06/30/1988  18868     72  12627   6169     99  10356     54   4094     21   2345      0      0      0   0.00   0.00      0   0.00     21   0.00      0   0.00      0      0      0      0      0
07/07/1988  20391    113  14162   6116    108  10494     50   4034     20   2323      0      0      0   0.00   0.00      0   0.00     22   0.00      0   0.00      0      0      0      0      0
07/14/1988  22929    137  15441   7351    104  10346     51   4151     25   2470      0      0      0   0.00   0.00      0   0.00     24   0.00      0   0.00      0      0      0      0      0
07/21/1988  24390    153  16795   7442    101  10520     64   4440     30   2739      0      0      0   0.00   0.00      0   0.00     25   0.00      0   0.00      0      0      0      0      0
07/28/1988  25447    158  16851   8438    115  11228     73   4625     33   2840      0      0      0   0.00   0.00      0   0.00     27   0.00      0   0.00      0      0      0      0      0
08/04/1988  26858    155  16967   9736    137  11932     78   4772     35   2824      0      0      0   0.00   0.00      0   0.00     29   0.00      0   0.00      0      0      0      0      0
08/11/1988  27538    165  17699   9674    151  12245     81   4604     35   2813      0      0      0   0.00   0.00      0   0.00     31   0.00      0   0.00      0      0      0      0      0
08/18/1988  28416    188  18693   9535    159  12208     79   4311     35   2815      0      0      0   0.00   0.00      0   0.00     34   0.00      0   0.00      0      0      0      0      0
08/25/1988  29451    215  19528   9708    160  11738     83   4713     36   2895      0      0      0   0.00   0.00      0   0.00     36   0.00      0   0.00      0      0      0      0      0
09/01/1988  30373    232  19662  10479    162  11909     88   4989     42   3066      0      0      0   0.00   0.00      0   0.00     38   0.00      0   0.00      0      0      0      0      0
09/08/1988  30704    238  19334  11132    171  12719     99   5141     43   3004      0      0      0   0.00   0.00      0   0.00     40   0.00      0   0.00      0      0      0      0      0
09/15/1988  30945    243  19346  11356    187  13233     95   4638     39   2757      0      0      0   0.00   0.00      0   0.00     43   0.00      0   0.00      0      0      0      0      0
09/22/1988  31396    250  19964  11182    194  12620     88   4455     33   2470      0      0      0   0.00   0.00      0   0.00     46   0.00      0   0.00      0      0      0      0      0
09/29/1988  32015    270  20864  10881    183  11580     79   4183     34   2585      0      0      0   0.00   0.00      0   0.00     48   0.00      0   0.00      0      0      0      0      0
10/06/1988  32097    282  20628  11187    167  11033     82   4451     34   2538      0      0      0   0.00   0.00      0   0.00     50   0.00      0   0.00      0      0      0      0      0
10/13/1988  31655    282  19545  11828    161  11203     80   4173     33   2400      0      0      0   0.00   0.00      0   0.00     53   0.00      0   0.00      0      0      0      0      0
10/20/1988  30810    262  18348  12200    162  11064     80   4073     39   2669      0      0      0   0.00   0.00      0   0.00     56   0.00      0   0.00      0      0      0      0      0
10/27/1988  29770    249  18022  11499    160  10824     87   4287     32   2289      0      0      0   0.00   0.00      0   0.00     59   0.00      0   0.00      0      0      0      0      0
11/03/1988  28565    241  17776  10548    167  10941     69   3359     29   2112      0      0      0   0.00   0.00      0   0.00     61   0.00      0   0.00      0      0      0      0      0
11/10/1988  28113    242  17806  10065    156   9740     66   3443     23   1815      0      0      0   0.00   0.00      0   0.00     64   0.00      0   0.00      0      0      0      0      0
11/17/1988  31214    247  17400  13567    135   8646     50   2898     18   1438      0      0      0   0.00   0.00      0   0.00     65   0.00      0   0.00      0      0      0      0      0
11/24/1988  31729    236  16412  15081    116   7745     44   2270     26   1682      0      0      0   0.00   0.00      0   0.00     67   0.00      0   0.00      0      0      0      0      0
12/01/1988  32842    222  14998  17622     94   6670     54   2352     24   1422      0      0      0   0.00   0.00      0   0.00     70   0.00      0   0.00      0      0      0      0      0
12/08/1988  35433    185  12982  22266     98   6348     55   2220     19   1136      0      0      0   0.00   0.00      0   0.00     70   0.00      0   0.00      0      0      0      0      0
12/15/1988  32931    160  11697  21074    109   5866     52   2122     20   1195      0      0      0   0.00   0.00      0   0.00     71   0.00      0   0.00      0      0      0      0      0
12/22/1988  36055    148  10444  25463    107   5538     55   2233     24   1291      0      0      0   0.00   0.00      0   0.00     70   0.00      0   0.00      0      0      0      0      0
12/29/1988  38819    153   9704  28962    107   5830     49   1598     11    628      0      0      0   0.00   0.00      0   0.00     70   0.00      0   0.00      0      0      0      0      0
01/05/1989  41600    161   9183  32256    104   4882     32   1310     16    777      0      0      0   0.00   0.00      0   0.00     70   0.00      0   0.00      0      0      0      0      0
01/12/1989  44573    162   9062  35349     81   3415     33   1311     22    998      0      0      0   0.00   0.00      0   0.00     69   0.00      0   0.00      0      0      0      0      0
01/19/1989  46281    156   8056  38069     65   3517     45   1378     23   1045      0      0      0   0.00   0.00      0   0.00     69   0.00      0   0.00      0      0      0      0      0
01/26/1989  45535    136   6969  38430     78   3648     69   2431     32   1354      0      0      0   0.00   0.00      0   0.00     75   0.00      0   0.00      0      0      0      0      0
02/02/1989  34173    114   5724  28335    114   5053     77   2424     34   1553      0      0      0   0.00   0.00      0   0.00     82   0.00      0   0.00      0      0      0      0      0
02/09/1989  36121    110   5940  30071    146   6446     50   1335     18    923      0      0      0   0.00   0.00      0   0.00     82   0.00      0   0.00      0      0      0      0      0
02/16/1989  37302    147   7433  29722    127   4791     54   2234     33   1492      0      0      0   0.00   0.00      0   0.00     84   0.00      0   0.00      0      0      0      0      0
02/23/1989  17086    191   9030   7865    104   4412     62   2635     16   1535      0      0      0   0.00   0.00      0   0.00     87   0.00      0   0.00      0      0      0      0      0
03/02/1989  12606    196   8704   3706    116   6284     32   2371      0    799      0      0      0   0.00   0.00      0   0.00     88   0.00      0   0.00      0      0      0      0      0
03/09/1989  14382    181   8517   5684     94   6004      6   1557     12   1532      0      0      0   0.00   0.00      0   0.00     88   0.00      0   0.00      0      0      0      0      0
03/16/1989  16300    166   8582   7552     38   4991     29   2430     11   1198      0      0      0   0.00   0.00      0   0.00     90   0.00      0   0.00      0      0      0      0      0
03/23/1989  13997    148   9454   4395     35   5550     25   2122      8   1333      0      0      0   0.00   0.00      0   0.00     91   0.00      0   0.00      0      0      0      0      0
03/30/1989  13672    100   9093   4479     54   5740     16   1890      6   1244      0      0      0   0.00   0.00      0   0.00     92   0.00      0   0.00      0      0      0      0      0
04/06/1989  14578     67   8619   5892     41   5349     18   2166     14   1699      0      0      0   0.00   0.00      0   0.00     93   0.00      0   0.00      0      0      0      0      0
04/13/1989  14259     60   9005   5194     34   5528     34   3110     15   1716      0      0      0   0.00   0.00      0   0.00     95   0.00      0   0.00      0      0      0      0      0
04/20/1989  13429     70   8874   4485     52   7096     28   2620      9   1531      0      0      0   0.00   0.00      0   0.00     96   0.00      0   0.00      0      0      0      0      0
04/27/1989  14723     59   9214   5450     62   7282     18   2116      8   1227      0      0      0   0.00   0.00      0   0.00     97   0.00      0   0.00      0      0      0      0      0
05/04/1989  15587     68  10354   5165     46   5969     24   2491     14   1712      0      0      0   0.00   0.00      0   0.00     98   0.00      0   0.00      0      0      0      0      0
05/11/1989  16686     80  11247   5359     42   5997     33   3000      9   1267      0      0      0   0.00   0.00      0   0.00     99   0.00      0   0.00      0      0      0      0      0
05/18/1989  16845     80  10625   6140     57   7024     25   2378     15   1682      0      0      0   0.00   0.00      0   0.00    100   0.00      0   0.00      0      0      0      0      0
05/25/1989  17471     70  10172   7229     58   6804     35   2723     16   1586      0      0      0   0.00   0.00      0   0.00    101   0.00      0   0.00      0      0      0      0      0
06/01/1989  16914     75  10264   6575     60   6884     44   2796     26   1826      0      0      0   0.00   0.00      0   0.00    103   0.00      0   0.00      0      0      0      0      0
06/08/1989  16547     82  11084   5381     79   7200     63   3006     27   1679      0      0      0   0.00   0.00      0   0.00    104   0.00      0   0.00      0      0      0      0      0
06/15/1989  16940     93  11113   5734    107   7543     65   2700     34   1768      0      0      0   0.00   0.00      0   0.00    106   0.00      0   0.00      0      0      0      0      0
06/22/1989  18037    104  11506   6427    128   7346     89   3031     51   1893      0      0      0   0.00   0.00      0   0.00    107   0.00      0   0.00      0      0      0      0      0
06/29/1989  18132    142  11885   6105    154   7584    119   3035     52   1645      0      0      0   0.00   0.00      0   0.00    108   0.00      0   0.00      0      0      0      0      0
07/06/1989  18654    172  12011   6471    208   7822    130   2803     69   1857      0      0      0   0.00   0.00      0   0.00    110   0.00      0   0.00      0      0      0      0      0
07/13/1989  19220    217  12270   6733    249   7526    175   3133     82   1800      0      0      0   0.00   0.00      0   0.00    111   0.00      0   0.00      0      0      0      0      0
07/20/1989  19437    273  12264   6900    305   7831    200   3007    103   1923      0      0      0   0.00   0.00      0   0.00    113   0.00      0   0.00      0      0      0      0      0
07/27/1989  19495    338  12482   6675    375   7990    252   3162    113   1793      0      0      0   0.00   0.00      0   0.00    114   0.00      0   0.00      0      0      0      0      0
08/03/1989  20047    424  12459   7164    452   8052    268   2878    123   1691      0      0      0   0.00   0.00      0   0.00    116   0.00      0   0.00      0      0      0      0      0
08/10/1989  20426    505  12761   7160    520   7712    311   2984    152   1804      0      0      0   0.00   0.00      0   0.00    118   0.00      0   0.00      0      0      0      0      0
08/17/1989  20519    627  12945   6947    579   7585    358   2899    157   1654      0      0      0   0.00   0.00      0   0.00    119   0.00      0   0.00      0      0      0      0      0
08/24/1989  20660    720  12621   7319    669   7646    370   2636    166   1556      0      0      0   0.00   0.00      0   0.00    121   0.00      0   0.00      0      0      0      0      0
08/31/1989  20670    831  12500   7339    728   7121    406   2643    177   1486      0      0      0   0.00   0.00      0   0.00    123   0.00      0   0.00      0      0      0      0      0
09/07/1989  20523    937  12138   7448    776   6796    445   2633    201   1516      0      0      0   0.00   0.00      0   0.00    124   0.00      0   0.00      0      0      0      0      0
09/14/1989  19903   1039  11838   7026    851   6814    473   2402    220   1514      0      0      0   0.00   0.00      0   0.00    126   0.00      0   0.00      0      0      0      0      0
09/21/1989  20566   1134  11250   8182    918   6596    484   2248    208   1299      0      0      0   0.00   0.00      0   0.00    127   0.00      0   0.00      0      0      0      0      0
09/28/1989  20327   1221  10945   8161    957   6023    533   2413    236   1350      0      0      0   0.00   0.00      0   0.00    129   0.00      0   0.00      0      0      0      0      0
10/05/1989  18534   1324  10730   6480   1017   5892    522   2011    198   1064      0      0      0   0.00   0.00      0   0.00    131   0.00      0   0.00      0      0      0      0      0
10/12/1989  17772   1402  10143   6227   1055   5562    500   1943    234   1169      0      0      0   0.00   0.00      0   0.00    132   0.00      0   0.00      0      0      0      0      0
10/19/1989  17486   1490   9786   6210   1022   4992    517   1764    235   1104      0      0      0   0.00   0.00      0   0.00    134   0.00      0   0.00      0      0      0      0      0
10/26/1989  17095   1539   8967   6589   1017   4842    545   1778    185    813      0      0      0   0.00   0.00      0   0.00    135   0.00      0   0.00      0      0      0      0      0
11/02/1989  15707   1555   8674   5478   1062   4458    413   1224    169    719      0      0      0   0.00   0.00      0   0.00    137   0.00      0   0.00      0      0      0      0      0
11/09/1989  14690   1539   7860   5291    958   3682    402   1212    163    666      0      0      0   0.00   0.00      0   0.00    138   0.00      0   0.00      0      0      0      0      0
11/16/1989  14346   1562   7433   5351    815   3124    401   1174    134    532      0      0      0   0.00   0.00      0   0.00    139   0.00      0   0.00      0      0      0      0      0
11/23/1989  12742   1475   6401   4866    803   2967    353    999    151    579      0      0      0   0.00   0.00      0   0.00    140   0.00      0   0.00      0      0      0      0      0
11/30/1989  12042   1360   5560   5122    754   2730    332    851    116    429      0      0      0   0.00   0.00      0   0.00    141   0.00      0   0.00      0      0      0      0      0
12/07/1989  10663   1216   4830   4617    685   2378    268    699    130    468      0      0      0   0.00   0.00      0   0.00    142   0.00      0   0.00      0      0      0      0      0
12/14/1989  10595   1156   4545   4894    600   1972    265    636     75    270      0      0      0   0.00   0.00      0   0.00    143   0.00      0   0.00      0      0      0      0      0
12/21/1989  10492   1086   4010   5396    533   1680    175    451     57    200      0      0      0   0.00   0.00      0   0.00    143   0.00      0   0.00      0      0      0      0      0
12/28/1989  11290    953   3545   6792    440   1246    121    284     73    248      0      0      0   0.00   0.00      0   0.00    143   0.00      0   0.00      0      0      0      0      0
01/04/1990  11525    865   2878   7782    296    927    195    508     90    302      0      0      0   0.00   0.00      0   0.00    143   0.00      0   0.00      0      0      0      0      0
01/11/1990  10197    708   2331   7158    316   1097    247    600    162    519      0      0      0   0.00   0.00      0   0.00    145   0.00      0   0.00      0      0      0      0      0
01/18/1990  10427    561   1778   8088    442   1556    397    942     91    288      0      0      0   0.00   0.00      0   0.00    145   0.00      0   0.00      0      0      0      0      0
01/25/1990  10975    491   1737   8747    644   1987    213    470     79    244      0      0      0   0.00   0.00      0   0.00    145   0.00      0   0.00      0      0      0      0      0
02/01/1990  10419    563   2216   7640    610   1563    234    580    136    419      0      0      0   0.00   0.00      0   0.00    146   0.00      0   0.00      0      0      0      0      0
02/08/1990   8498    839   2786   4873    447   1387    287    593     85    257      0      0      0   0.00   0.00      0   0.00    146   0.00      0   0.00      0      0      0      0      0
02/15/1990   7258    857   2701   3700    521   1533    238    542     46    145      0      0      0   0.00   0.00      0   0.00    146   0.00      0   0.00      0      0      0      0      0
02/22/1990   7959    844   2562   4553    525   1289    140    319    101    300      0      0      0   0.00   0.00      0   0.00    146   0.00      0   0.00      0      0      0      0      0
03/01/1990   5644    734   2237   2673    378   1078    286    661    126    372      0      0      0   0.00   0.00      0   0.00    147   0.00      0   0.00      0      0      0      0      0
03/08/1990   4548    759   2220   1569    426   1385    264    526     97    284      0      0      0   0.00   0.00      0   0.00    148   0.00      0   0.00      0      0      0      0      0
03/15/1990   4156    665   1908   1583    550   1537    173    296     61    180      0      0      0   0.00   0.00      0   0.00    148   0.00      0   0.00      0      0      0      0      0
03/22/1990   4304    664   2111   1529    437   1031    188    435     96    274      0      0      0   0.00   0.00      0   0.00    148   0.00      0   0.00      0      0      0      0      0
03/29/1990   3870    690   2195    985    361    955    205    409     68    194      0      0      0   0.00   0.00      0   0.00    149   0.00      0   0.00      0      0      0      0      0
04/05/1990   3672    723   2013    936    393   1092    153    304     67    193      0      0      0   0.00   0.00      0   0.00    149   0.00      0   0.00      0      0      0      0      0
04/12/1990   3706    625   1740   1341    358    884    147    292     85    238      0      0      0   0.00   0.00      0   0.00    149   0.00      0   0.00      0      0      0      0      0
04/19/1990   3451    566   1558   1327    300    819    204    413     84    231      0      0      0   0.00   0.00      0   0.00    150   0.00      0   0.00      0      0      0      0      0
04/26/1990   3123    546   1589    988    351    953    182    346     69    187      0      0      0   0.00   0.00      0   0.00    150   0.00      0   0.00      0      0      0      0      0
05/03/1990   2894    505   1414    975    386    952    154    301     67    184      0      0      0   0.00   0.00      0   0.00    150   0.00      0   0.00      0      0      0      0      0
05/10/1990   2939    504   1463    972    336    809    170    344     64    174      0      0      0   0.00   0.00      0   0.00    150   0.00      0   0.00      0      0      0      0      0
05/17/1990   2789    533   1486    770    324    819    143    262     53    147      0      0      0   0.00   0.00      0   0.00    150   0.00      0   0.00      0      0      0      0      0
05/24/1990   2818    540   1437    841    313    762    115    214     46    121      0      0      0   0.00   0.00      0   0.00    151   0.00      0   0.00      0      0      0      0      0
05/31/1990   2924    506   1327   1091    258    607    114    219     56    150      0      0      0   0.00   0.00      0   0.00    151   0.00      0   0.00      0      0      0      0      0
06/07/1990   2713    467   1228   1018    229    569    143    277     68    178      0      0      0   0.00   0.00      0   0.00    151   0.00      0   0.00      0      0      0      0      0
06/14/1990   2256    428   1097    731    257    680    148    265     46    117      0      0      0   0.00   0.00      0   0.00    151   0.00      0   0.00      0      0      0      0      0
06/21/1990   2087    372    976    739    291    696    108    192     52    133      0      0      0   0.00   0.00      0   0.00    151   0.00      0   0.00      0      0      0      0      0
06/28/1990   2064    372   1024    668    256    570    118    209     46    117      0      0      0   0.00   0.00      0   0.00    152   0.00      0   0.00      0      0      0      0      0
07/05/1990   2006    405   1062    539    226    533    101    179     34     88      0      0      0   0.00   0.00      0   0.00    152   0.00      0   0.00      0      0      0      0      0
07/12/1990   1958    399   1021    538    219    483     78    140     33     86      0      0      0   0.00   0.00      0   0.00    152   0.00      0   0.00      0      0      0      0      0
07/19/1990   1914    374    896    644    179    399     77    146     35     93      0      0      0   0.00   0.00      0   0.00    152   0.00      0   0.00      0      0      0      0      0
07/26/1990   1752    327    800    625    155    376     85    161     33     84      0      0      0   0.00   0.00      0   0.00    152   0.00      0   0.00      0      0      0      0      0
08/02/1990   1504    297    709    498    162    395     76    136     28     69      0      0      0   0.00   0.00      0   0.00    152   0.00      0   0.00      0      0      0      0      0
08/09/1990   1388    256    638    494    161    368     61    110     24     66      0      0      0   0.00   0.00      0   0.00    152   0.00      0   0.00      0      0      0      0      0
08/16/1990   1290    240    621    429    137    309     55    103     17     49      0      0      0   0.00   0.00      0   0.00    152   0.00      0   0.00      0      0      0      0      0
08/23/1990   1191    238    600    353    116    268     37     72     15     39      0      0      0   0.00   0.00      0   0.00    153   0.00      0   0.00      0      0      0      0      0
08/30/1990   1118    222    544    352     92    212     31     55     12     33      0      0      0   0.00   0.00      0   0.00    153   0.00      0   0.00      0      0      0      0      0
09/06/1990   1047    192    461    394     68    159     28     55     12     33      0      0      0   0.00   0.00      0   0.00    153   0.00      0   0.00      0      0      0      0      0
09/13/1990    889    153    379    357     59    141     28     53     10     29      0      0      0   0.00   0.00      0   0.00    153   0.00      0   0.00      0      0      0      0      0
09/20/1990    698    123    300    275     56    139     19     35      6     15      0      0      0   0.00   0.00      0   0.00    153   0.00      0   0.00      0      0      0      0      0
09/27/1990    583     96    247    240     47    107     11     25      3     12      0      0      0   0.00   0.00      0   0.00    153   0.00      0   0.00      0      0      0      0      0
10/04/1990    493     87    223    183     30     69      6     19      0      9      0      0      0   0.00   0.00      0   0.00    153   0.00      0   0.00      0      0      0      0      0
10/11/1990    404     75    189    140     17     53      0     10      0      4      0      0      0   0.00   0.00      0   0.00    153   0.00      0   0.00      0      0      0      0      0
10/18/1990    333     58    144    131      6     34      0      5      0      0      0      0      0   0.00   0.00      0   0.00    153   0.00      0   0.00      0      0      0      0      0
10/25/1990    259     36     97    126      0     15      0      0      0      0      0      0      0   0.00   0.00      0   0.00    153   0.00      0   0.00      0      0      0      0      0
11/01/1990    163     17     67     79      0      4      0      0      0      0      0      0      0   0.00   0.00      0   0.00    153   0.00      0   0.00      0      0      0      0      0
11/08/1990     52      6     39      7      0      0      0      0      0      0      0      0      0   0.00   0.00      0   0.00    153   0.00      0   0.00      0      0      0      0      0
11/15/1990     18      0     15      3      0      0      0      0      0      0      0      0      0   0.00   0.00      0   0.00    153   0.00      0   0.00      0      0      0      0      0
11/22/1990      4      0      4      0      0      0      0      0      0      0      0      0      0   0.00   0.00      0   0.00    153   0.00      0   0.00      0      0      0      0      0
11/29/1990      0      0      0      0      0      0      0      0      0      0      0      0      0   0.00   0.00      0   0.00    153   0.00      0   0.00      0      0      0      0      0
12/06/1990      0      0      0      0      0      0      0      0      0      0      0      0      0   0.00   0.00      0   0.00    153   0.00      0   0.00      0      0      0      0      0
12/13/1990      0      0      0      0      0      0      0      0      0      0      0      0      0   0.00   0.00      0   0.00    153   0.00      0   0.00      0      0      0      0      0
12/20/1990      0      0      0      0      0      0      0      0      0      0      0      0      0   0.00   0.00      0   0.00    153   0.00      0   0.00      0      0      0      0      0
12/27/1990      0      0      0      0      0      0      0      0      0      0      0      0      0   0.00   0.00      0   0.00    153   0.00      0   0.00      0      0      0      0      0
